tree
version=v4
num_class=1
num_tree_per_iteration=1
label_index=0
max_feature_idx=17
objective=quantile
feature_names=Column_0 Column_1 Column_2 Column_3 Column_4 Column_5 Column_6 Column_7 Column_8 Column_9 Column_10 Column_11 Column_12 Column_13 Column_14 Column_15 Column_16 Column_17
feature_infos=[0:8.5515947341918945] [0:9.1901378631591797] [0:9.959773063659668] [0:8.6385250091552734] [0:9.9772491455078125] [0:10.099835395812988] [0:12.820775032043457] [0:12.820775032043457] [0:12.820775032043457] [0.28768208622932434:12.141283988952637] [0.59690970182418823:11.90333366394043] [9.3299360275268555:11.670945167541504] [-0.97492790222167969:0.97492790222167969] [-0.90096884965896606:1] [0:1] none [-1:1] [-0.5:1]
tree_sizes=564 586 586 586 492 586 490 492 585 601 603 493 600 595 587 585 691 586 597 665 665 595 662 663 694 679 665 525 508 665 525 506 665 612 668 507 523 685 599 522 522 494 490 696 586 681 680 680 493 666 507 503 591 493 511 489 565 587 586 648 701 603 701 699 744 587 664 664 664 663 679 523 590 681 505 584 604 492 491 492 491 492 491 493 491 492 492 492 492 491 511 492 491 505 604 492 492 492 492 491 493 493 493 492 491 493 495 492 490 589 510 510 508 510 511 509 511 494 496 510

Tree=0
num_leaves=5
num_cat=0
split_feature=9 17 4 5
split_gain=0.816695 0.699158 0.595163 0.501998
threshold=10.898285388946535 0.68301269412040722 5.8998634815216073 8.5271887779235858
decision_type=2 2 2 2
left_child=1 3 -3 -1
right_child=-2 2 -4 -5
leaf_value=6564.1417786891607 6835.3230541798739 6489.4596305828227 6904.9256592299789 6842.3975694670498
leaf_weight=105 20 20 65 13.999999999999998
leaf_count=105 20 20 65 14
internal_value=6667.07 6667.07 6667.07 6667.07
internal_weight=224 204 85 119
internal_count=224 204 85 119
is_linear=0
shrinkage=1


Tree=1
num_leaves=5
num_cat=0
split_feature=9 17 4 5
split_gain=0.855633 0.568086 0.506368 0.501998
threshold=10.898285388946535 0.68301269412040722 5.8998634815216073 8.5271887779235858
decision_type=2 2 2 2
left_child=1 3 -3 -1
right_child=-2 2 -4 -5
leaf_value=-99.326977510272428 162.36295333826595 -171.39525043288901 229.52946721161717 169.18986059039068
leaf_weight=105 20 20 65 13.999999999999998
leaf_count=105 20 20 65 14
internal_value=-6.22231e-05 -0.00075122 0.00142442 -0.00230417
internal_weight=224 204 85 119
internal_count=224 204 85 119
is_linear=0
shrinkage=0.035


Tree=2
num_leaves=5
num_cat=0
split_feature=9 17 4 5
split_gain=0.855633 0.568086 0.506368 0.501998
threshold=10.898285388946535 0.68301269412040722 5.8998634815216073 8.5271887779235858
decision_type=2 2 2 2
left_child=1 3 -3 -1
right_child=-2 2 -4 -5
leaf_value=-95.850533297412881 156.68024997142663 -165.39641666773792 221.49593585921059 163.26821546972701
leaf_weight=105 20 20 65 13.999999999999998
leaf_count=105 20 20 65 14
internal_value=-6.22231e-05 -0.00075122 0.00142442 -0.00230417
internal_weight=224 204 85 119
internal_count=224 204 85 119
is_linear=0
shrinkage=0.035


Tree=3
num_leaves=5
num_cat=0
split_feature=9 17 4 5
split_gain=0.855633 0.568086 0.506368 0.501998
threshold=10.898285388946535 0.68301269412040722 5.8998634815216073 8.5271887779235858
decision_type=2 2 2 2
left_child=1 3 -3 -1
right_child=-2 2 -4 -5
leaf_value=-92.495764632003429 151.19644122242667 -159.60754208436708 213.74357810413821 157.55382792828655
leaf_weight=105 20 20 65 13.999999999999998
leaf_count=105 20 20 65 14
internal_value=-6.22231e-05 -0.00075122 0.00142442 -0.00230417
internal_weight=224 204 85 119
internal_count=224 204 85 119
is_linear=0
shrinkage=0.035


Tree=4
num_leaves=4
num_cat=0
split_feature=9 17 10
split_gain=0.816695 0.622991 0.640403
threshold=10.898285388946535 0.25000000000000011 9.0537886619567889
decision_type=2 2 2
left_child=1 -1 -3
right_child=-2 2 -4
leaf_value=-105.65652216080578 145.90456577964173 90.148053333920245 -24.656455480473333
leaf_weight=63 20 21 120
leaf_count=63 20 21 120
internal_value=9.33325e-05 -0.000580489 0.000714788
internal_weight=224 204 141
internal_count=224 204 141
is_linear=0
shrinkage=0.035


Tree=5
num_leaves=5
num_cat=0
split_feature=9 17 4 5
split_gain=0.855633 0.568086 0.506368 0.501998
threshold=10.898285388946535 0.68301269412040722 5.8998634815216073 8.5271887779235858
decision_type=2 2 2 2
left_child=1 3 -3 -1
right_child=-2 2 -4 -5
leaf_value=-86.062088851590019 140.79790597735428 -153.15830216959765 207.12552881230994 151.69697130465744
leaf_weight=105 20 20 65 13.999999999999998
leaf_count=105 20 20 65 14
internal_value=-6.22231e-05 -0.00075122 0.00142442 -0.00230417
internal_weight=224 204 85 119
internal_count=224 204 85 119
is_linear=0
shrinkage=0.035


Tree=6
num_leaves=4
num_cat=0
split_feature=9 17 10
split_gain=0.855633 0.55114 0.698999
threshold=10.898285388946535 0.25000000000000011 9.0537886619567889
decision_type=2 2 2
left_child=1 -1 -3
right_child=-2 2 -4
leaf_value=-99.734358167257881 135.86997926814689 90.005039683942428 -30.01674549918674
leaf_weight=63 20 21 120
leaf_count=63 20 21 120
internal_value=-6.22231e-05 -0.00075122 0.000468309
internal_weight=224 204 141
internal_count=224 204 141
is_linear=0
shrinkage=0.035


Tree=7
num_leaves=4
num_cat=0
split_feature=9 17 10
split_gain=0.895438 0.483617 0.476425
threshold=10.898285388946535 0.25000000000000011 10.095809459686281
decision_type=2 2 2
left_child=1 -1 -3
right_child=-2 2 -4
leaf_value=-96.243655631403868 131.11452999376172 109.87210034137794 -75.321095548945848
leaf_weight=63 20 108 33
leaf_count=63 20 108 33
internal_value=-0.000217779 -0.000921952 0.00022183
internal_weight=224 204 141
internal_count=224 204 141
is_linear=0
shrinkage=0.035


Tree=8
num_leaves=5
num_cat=0
split_feature=9 17 4 5
split_gain=0.855633 0.568086 0.506368 0.501998
threshold=10.898285388946535 0.68301269412040722 5.8998634815216073 8.5271887779235858
decision_type=2 2 2 2
left_child=1 3 -3 -1
right_child=-2 2 -4 -5
leaf_value=-79.963382315214673 126.52552144398008 -144.75911040638556 197.0811978844024 142.33240984309316
leaf_weight=105 20 20 65 13.999999999999998
leaf_count=105 20 20 65 14
internal_value=-6.22231e-05 -0.00075122 0.00142442 -0.00230417
internal_weight=224 204 85 119
internal_count=224 204 85 119
is_linear=0
shrinkage=0.035


Tree=9
num_leaves=5
num_cat=0
split_feature=9 0 10 17
split_gain=0.941183 0.608747 0.428144 0.213403
threshold=10.707588672637941 4.5798392295837411 8.7750520706176776 0.68301269412040722
decision_type=2 2 2 2
left_child=2 -2 -1 -4
right_child=1 -3 3 -5
leaf_value=78.23563407355752 -90.782122398153362 200.04147414594044 -75.87825924205444 -5.8651783807911153
leaf_weight=11.999999999999998 12.999999999999998 19 102 78
leaf_count=12 13 19 102 78
internal_value=-0.000373334 0.00509091 -0.0013057 -0.00174033
internal_weight=224 32 192 180
internal_count=224 32 192 180
is_linear=0
shrinkage=0.035


Tree=10
num_leaves=5
num_cat=0
split_feature=9 0 10 17
split_gain=0.941183 0.608747 0.428144 0.213403
threshold=10.707588672637941 4.5798392295837411 8.7750520706176776 0.68301269412040722
decision_type=2 2 2 2
left_child=2 -2 -1 -4
right_child=1 -3 3 -5
leaf_value=75.497386880983015 -87.604748114217983 193.04002255083253 -73.22252016858252 -5.6598971374634344
leaf_weight=11.999999999999998 12.999999999999998 19 102 78
leaf_count=12 13 19 102 78
internal_value=-0.000373334 0.00509091 -0.0013057 -0.00174033
internal_weight=224 32 192 180
internal_count=224 32 192 180
is_linear=0
shrinkage=0.035


Tree=11
num_leaves=4
num_cat=0
split_feature=9 17 10
split_gain=0.895438 0.483617 0.476425
threshold=10.898285388946535 0.25000000000000011 10.095809459686281
decision_type=2 2 2
left_child=1 -1 -3
right_child=-2 2 -4
leaf_value=-86.560158882497248 108.33927580905372 104.24407977121267 -78.499072905082684
leaf_weight=63 20 108 33
leaf_count=63 20 108 33
internal_value=-0.000217779 -0.000921952 0.00022183
internal_weight=224 204 141
internal_count=224 204 141
is_linear=0
shrinkage=0.035


Tree=12
num_leaves=5
num_cat=0
split_feature=9 8 10 17
split_gain=0.654799 0.673193 0.428144 0.213403
threshold=10.707588672637941 10.606494426727297 8.7750520706176776 0.68301269412040722
decision_type=2 2 2 2
left_child=2 -2 -1 -4
right_child=1 -3 3 -5
leaf_value=69.206435548156165 222.31636154022328 2.320274848172494 -68.433303603627976 -7.1915521684868331
leaf_weight=11.999999999999998 11.999999999999998 20 102 78
leaf_count=12 12 20 102 78
internal_value=-0.00052889 0.0040303 -0.0013057 -0.00174033
internal_weight=224 32 192 180
internal_count=224 32 192 180
is_linear=0
shrinkage=0.035


Tree=13
num_leaves=5
num_cat=0
split_feature=9 8 8 2
split_gain=0.654799 0.673193 0.334691 0.232241
threshold=10.707588672637941 10.606494426727297 6.9520614147186288 6.1831169128417978
decision_type=2 2 2 2
left_child=2 -2 -1 -4
right_child=1 -3 3 -5
leaf_value=133.78268891007008 214.5352888863155 2.2390652284864521 -129.93035017815916 -20.996709862697518
leaf_weight=13.999999999999998 11.999999999999998 20 84 94
leaf_count=14 12 20 84 94
internal_value=-0.00052889 0.0040303 -0.0013057 -0.00172067
internal_weight=224 32 192 178
internal_count=224 32 192 178
is_linear=0
shrinkage=0.035


Tree=14
num_leaves=5
num_cat=0
split_feature=9 8 17 10
split_gain=0.568968 0.673193 0.432733 0.42601
threshold=10.707588672637941 10.606494426727297 0.25000000000000011 9.0537886619567889
decision_type=2 2 2 2
left_child=2 -2 -1 -4
right_child=1 -3 3 -5
leaf_value=-80.733945624314543 207.02655377529442 2.1606979454894191 69.674241125569012 -57.083996048142339
leaf_weight=58 11.999999999999998 20 21 113
leaf_count=58 12 20 21 113
internal_value=-0.000217779 0.0040303 -0.000943006 0.000155555
internal_weight=224 32 192 134
internal_count=224 32 192 134
is_linear=0
shrinkage=0.035


Tree=15
num_leaves=5
num_cat=0
split_feature=9 8 17 9
split_gain=0.528264 0.673193 0.497733 0.489515
threshold=10.707588672637941 10.606494426727297 0.25000000000000011 10.244544029235842
decision_type=2 2 2 2
left_child=2 -2 -1 -4
right_child=1 -3 3 -5
leaf_value=-77.908257527463533 199.78062439315912 2.0850735173972681 67.235540645269609 -97.290680291781769
leaf_weight=58 11.999999999999998 20 91 43
leaf_count=58 12 20 91 43
internal_value=-6.22231e-05 0.0040303 -0.000761659 0.000414814
internal_weight=224 32 192 134
internal_count=224 32 192 134
is_linear=0
shrinkage=0.035


Tree=16
num_leaves=6
num_cat=0
split_feature=9 8 7 4 11
split_gain=0.611147 0.673193 0.457037 0.40041 0.246041
threshold=10.707588672637941 10.606494426727297 8.7864570617675799 5.5131361484527597 9.9052801132202166
decision_type=2 2 2 2 2
left_child=2 -2 3 -1 -4
right_child=1 -3 4 -5 -6
leaf_value=-124.19159270649259 192.78830253939853 2.012095944288367 109.44780863999738 544.8471378184048 -79.45243664603062
leaf_weight=14.000000000000002 11.999999999999998 20 31 11.999999999999998 135
leaf_count=14 12 20 31 12 135
internal_value=-0.000373334 0.0040303 -0.00112435 0.00311111 -0.0018024
internal_weight=224 32 192 26 166
internal_count=224 32 192 26 166
is_linear=0
shrinkage=0.035


Tree=17
num_leaves=5
num_cat=0
split_feature=9 8 17 10
split_gain=0.568968 0.673193 0.432733 0.571495
threshold=10.707588672637941 10.606494426727297 0.25000000000000011 9.3973851203918475
decision_type=2 2 2 2
left_child=2 -2 -1 -4
right_child=1 -3 3 -5
leaf_value=-74.794420425623315 186.04071195051961 1.9416725862382738 72.784970746042731 -69.090687078758094
leaf_weight=58 11.999999999999998 20 46 88
leaf_count=58 12 20 46 88
internal_value=-0.000217779 0.0040303 -0.000943006 0.000155555
internal_weight=224 32 192 134
internal_count=224 32 192 134
is_linear=0
shrinkage=0.035


Tree=18
num_leaves=5
num_cat=0
split_feature=9 8 8 2
split_gain=0.611147 0.673193 0.311384 0.306031
threshold=10.707588672637941 10.606494426727297 6.9520614147186288 6.1831169128417978
decision_type=2 2 2 2
left_child=2 -2 -1 -4
right_child=1 -3 3 -5
leaf_value=123.48909684207267 179.5292870322514 1.8737140457199624 -121.97399031307417 -12.072920374945486
leaf_weight=13.999999999999998 11.999999999999998 20 84 94
leaf_count=14 12 20 84 94
internal_value=-0.000373334 0.0040303 -0.00112435 -0.00152514
internal_weight=224 32 192 178
internal_count=224 32 192 178
is_linear=0
shrinkage=0.035


Tree=19
num_leaves=6
num_cat=0
split_feature=9 8 10 9 17
split_gain=0.568968 0.673193 0.38347 0.416956 0.258814
threshold=10.707588672637941 10.606494426727297 9.0537886619567889 9.8707509040832537 0.68301269412040722
decision_type=2 2 2 2 2
left_child=2 -2 3 -1 -4
right_child=1 -3 4 -5 -6
leaf_value=65.916445095270248 173.24576198612257 1.8081340541197735 -81.609416876906394 -47.079546173086477 -24.082163812875951
leaf_weight=18 11.999999999999998 20 82 18 74
leaf_count=18 12 20 82 18 74
internal_value=-0.000217779 0.0040303 -0.000943006 0.00227027 -0.00169427
internal_weight=224 32 192 36 156
internal_count=224 32 192 36 156
is_linear=0
shrinkage=0.035


Tree=20
num_leaves=6
num_cat=0
split_feature=9 8 10 17 9
split_gain=0.528264 0.673193 0.371262 0.450011 0.234199
threshold=10.707588672637941 10.606494426727297 9.3973851203918475 0.25000000000000011 10.21040725708008
decision_type=2 2 2 2 2
left_child=2 -2 3 -1 -4
right_child=1 -3 4 -5 -6
leaf_value=-46.559499000516084 167.18216031660828 1.7448493622255956 -63.929493638086683 65.980633012942732 -92.296755313826139
leaf_weight=29 11.999999999999998 20 55 46 62
leaf_count=29 12 20 55 46 62
internal_value=-6.22231e-05 0.0040303 -0.000761659 0.00115131 -0.00198729
internal_weight=224 32 192 75 117
internal_count=224 32 192 75 117
is_linear=0
shrinkage=0.035


Tree=21
num_leaves=5
num_cat=0
split_feature=9 8 8 2
split_gain=0.611147 0.673193 0.311384 0.306031
threshold=10.707588672637941 10.606494426727297 6.9520614147186288 6.1831169128417978
decision_type=2 2 2 2
left_child=2 -2 -1 -4
right_child=1 -3 3 -5
leaf_value=118.16496273676378 161.33078470552698 1.6837796345477183 -115.2935620224995 -9.92168060673756
leaf_weight=13.999999999999998 11.999999999999998 20 84 94
leaf_count=14 12 20 84 94
internal_value=-0.000373334 0.0040303 -0.00112435 -0.00152514
internal_weight=224 32 192 178
internal_count=224 32 192 178
is_linear=0
shrinkage=0.035


Tree=22
num_leaves=6
num_cat=0
split_feature=9 8 10 9 17
split_gain=0.568968 0.673193 0.38347 0.416956 0.258814
threshold=10.707588672637941 10.606494426727297 9.0537886619567889 9.8707509040832537 0.68301269412040722
decision_type=2 2 2 2 2
left_child=2 -2 3 -1 -4
right_child=1 -3 4 -5 -6
leaf_value=58.50918160377779 155.6842072408335 1.6248473473385368 -74.977569493835546 -42.34851751070461 -17.635549191701941
leaf_weight=18 11.999999999999998 20 82 18 74
leaf_count=18 12 20 82 18 74
internal_value=-0.000217779 0.0040303 -0.000943006 0.00227027 -0.00169427
internal_weight=224 32 192 36 156
internal_count=224 32 192 36 156
is_linear=0
shrinkage=0.035


Tree=23
num_leaves=6
num_cat=0
split_feature=9 8 10 17 9
split_gain=0.528264 0.673193 0.371262 0.450011 0.234199
threshold=10.707588672637941 10.606494426727297 9.3973851203918475 0.25000000000000011 10.21040725708008
decision_type=2 2 2 2 2
left_child=2 -2 3 -1 -4
right_child=1 -3 4 -5 -6
leaf_value=-42.36285889349341 150.23525998740436 1.5679776901816787 -61.410301345720619 59.72922725430994 -83.703945343634601
leaf_weight=29 11.999999999999998 20 55 46 62
leaf_count=29 12 20 55 46 62
internal_value=-6.22231e-05 0.0040303 -0.000761659 0.00115131 -0.00198729
internal_weight=224 32 192 75 117
internal_count=224 32 192 75 117
is_linear=0
shrinkage=0.035


Tree=24
num_leaves=6
num_cat=0
split_feature=9 8 7 4 2
split_gain=0.528264 0.673193 0.382773 0.40041 0.266394
threshold=10.707588672637941 10.606494426727297 8.7864570617675799 5.5131361484527597 6.8684933185577401
decision_type=2 2 2 2 2
left_child=2 -2 3 -1 -4
right_child=1 -3 4 -5 -6
leaf_value=-97.953830333405335 144.9770258878452 1.5130984710253235 -20.219883403951144 532.85574043998577 -66.61760866995985
leaf_weight=14.000000000000002 11.999999999999998 20 114 11.999999999999998 52
leaf_count=14 12 20 114 12 52
internal_value=-6.22231e-05 0.0040303 -0.000761659 0.00311111 -0.00138323
internal_weight=224 32 192 26 166
internal_count=224 32 192 26 166
is_linear=0
shrinkage=0.035


Tree=25
num_leaves=6
num_cat=0
split_feature=9 8 9 2 10
split_gain=0.568968 0.673193 0.29888 0.454521 0.0577184
threshold=10.707588672637941 10.606494426727297 10.23167133331299 6.1831169128417978 9.7088456153869647
decision_type=2 2 2 2 2
left_child=2 -2 3 -1 -4
right_child=1 -3 4 -5 -6
leaf_value=-71.684706562973602 139.90282998177062 1.4601400245394509 -41.983867008307151 115.35981675373787 -82.16144156192702
leaf_weight=68 11.999999999999998 20 12.999999999999998 61 50
leaf_count=68 12 20 13 61 50
internal_value=-0.000217779 0.0040303 -0.000943006 2.69222e-05 -0.00289844
internal_weight=224 32 192 129 63
internal_count=224 32 192 129 63
is_linear=0
shrinkage=0.035


Tree=26
num_leaves=6
num_cat=0
split_feature=9 8 10 9 17
split_gain=0.568968 0.673193 0.38347 0.416956 0.258814
threshold=10.707588672637941 10.606494426727297 9.0537886619567889 9.8707509040832537 0.68301269412040722
decision_type=2 2 2 2 2
left_child=2 -2 3 -1 -4
right_child=1 -3 4 -5 -6
leaf_value=46.806518251764786 135.00623093240864 1.4090351236805783 -67.044021301901225 -39.612807235159714 -24.403732253893352
leaf_weight=18 11.999999999999998 20 82 18 74
leaf_count=18 12 20 82 18 74
internal_value=-0.000217779 0.0040303 -0.000943006 0.00227027 -0.00169427
internal_weight=224 32 192 36 156
internal_count=224 32 192 36 156
is_linear=0
shrinkage=0.035


Tree=27
num_leaves=4
num_cat=0
split_feature=9 10 10
split_gain=0.569905 0.361859 0.680508
threshold=11.194859027862551 10.095809459686281 9.9923605918884295
decision_type=2 2 2
left_child=1 2 -1
right_child=-2 -3 -4
leaf_value=-24.877925212805057 78.858915938042699 -61.188842353157625 523.20513614667539
leaf_weight=144 13.999999999999998 54 11.999999999999998
leaf_count=144 14 54 12
internal_value=-0.00052889 -0.000995261 -0.000133759
internal_weight=224 210 156
internal_count=224 210 156
is_linear=0
shrinkage=0.035


Tree=28
num_leaves=4
num_cat=0
split_feature=9 10 10
split_gain=0.670106 0.446859 0.60411
threshold=11.004576206207277 10.095809459686281 9.9923605918884295
decision_type=2 2 2
left_child=1 2 -1
right_child=-2 -3 -4
leaf_value=-24.007197830356873 51.914159149288274 -69.503571073568992 504.89295638154175
leaf_weight=144 17 51 11.999999999999998
leaf_count=144 17 51 12
internal_value=-6.22231e-05 -0.000622597 0.000312101
internal_weight=224 207 156
internal_count=224 207 156
is_linear=0
shrinkage=0.035


Tree=29
num_leaves=6
num_cat=0
split_feature=9 8 10 17 9
split_gain=0.528264 0.673193 0.371262 0.450011 0.234199
threshold=10.707588672637941 10.606494426727297 9.3973851203918475 0.25000000000000011 10.21040725708008
decision_type=2 2 2 2 2
left_child=2 -2 3 -1 -4
right_child=1 -3 4 -5 -6
leaf_value=-38.886291863892346 121.16158431967352 1.1941678729021699 -56.165798757601102 49.336361962252148 -68.051097291499403
leaf_weight=29 11.999999999999998 20 55 46 62
leaf_count=29 12 20 55 46 62
internal_value=-6.22231e-05 0.0040303 -0.000761659 0.00115131 -0.00198729
internal_weight=224 32 192 75 117
internal_count=224 32 192 75 117
is_linear=0
shrinkage=0.035


Tree=30
num_leaves=4
num_cat=0
split_feature=9 10 10
split_gain=0.569905 0.361859 0.680508
threshold=11.194859027862551 10.095809459686281 9.9923605918884295
decision_type=2 2 2
left_child=1 2 -1
right_child=-2 -3 -4
leaf_value=-21.805925691058153 74.240062434434563 -54.524008766453342 488.56685839622492
leaf_weight=144 13.999999999999998 54 11.999999999999998
leaf_count=144 14 54 12
internal_value=-0.00052889 -0.000995261 -0.000133759
internal_weight=224 210 156
internal_count=224 210 156
is_linear=0
shrinkage=0.035


Tree=31
num_leaves=4
num_cat=0
split_feature=9 10 10
split_gain=0.702491 0.395009 0.641782
threshold=11.004576206207277 10.095809459686281 9.9923605918884295
decision_type=2 2 2
left_child=1 2 -1
right_child=-2 -3 -4
leaf_value=-21.042718291871111 47.45696551830639 -62.780820103077026 471.467018352357
leaf_weight=144 17 51 11.999999999999998
leaf_count=144 17 51 12
internal_value=-0.000217779 -0.000790866 8.91711e-05
internal_weight=224 207 156
internal_count=224 207 156
is_linear=0
shrinkage=0.035


Tree=32
num_leaves=6
num_cat=0
split_feature=9 8 10 17 9
split_gain=0.528264 0.673193 0.371262 0.450011 0.234199
threshold=10.707588672637941 10.606494426727297 9.3973851203918475 0.25000000000000011 10.21040725708008
decision_type=2 2 2 2 2
left_child=2 -2 3 -1 -4
right_child=1 -3 4 -5 -6
leaf_value=-36.025569109253581 83.319743182284526 0.94904630336582652 -51.136716734142382 49.109291832975856 -61.56363987586338
leaf_weight=29 11.999999999999998 20 55 46 62
leaf_count=29 12 20 55 46 62
internal_value=-6.22231e-05 0.0040303 -0.000761659 0.00115131 -0.00198729
internal_weight=224 32 192 75 117
internal_count=224 32 192 75 117
is_linear=0
shrinkage=0.035


Tree=33
num_leaves=5
num_cat=0
split_feature=9 7 4 7
split_gain=0.54355 0.39085 0.40041 0.279292
threshold=11.194859027862551 8.7864570617675799 5.5131361484527597 9.7057948112487811
decision_type=2 2 2 2
left_child=1 2 -1 -3
right_child=-2 3 -4 -5
leaf_value=-78.071888376544578 69.947449835470835 -59.739276322269973 451.50348784149486 -11.033644680256797
leaf_weight=14.000000000000002 13.999999999999998 56 11.999999999999998 128
leaf_count=14 14 56 12 128
internal_value=-0.000373334 -0.000829385 0.00311111 -0.0014
internal_weight=224 210 26 184
internal_count=224 210 26 184
is_linear=0
shrinkage=0.035


Tree=34
num_leaves=6
num_cat=0
split_feature=17 10 16 1 5
split_gain=0.409324 0.377812 0.70914 0.502912 0.140591
threshold=0.25000000000000011 9.3973851203918475 -0.68301269412040699 4.8559212684631357 8.0753726959228533
decision_type=2 2 2 2 2
left_child=4 2 -2 -3 -1
right_child=1 3 -4 -5 -6
leaf_value=-56.53260499452638 53.183675481612177 -95.83109432340261 -3.3062468990908034 91.236697369945631 1.0185746996939398
leaf_weight=53 11.999999999999998 42 34 63 20
leaf_count=53 12 42 34 63 20
internal_value=-0.000373334 0.000667762 0.00327659 -0.000495284 -0.00250676
internal_weight=224 151 46 105 73
internal_count=224 151 46 105 73
is_linear=0
shrinkage=0.035


Tree=35
num_leaves=4
num_cat=0
split_feature=1 9 17
split_gain=0.340812 0.544408 0.399468
threshold=6.7196021080017099 10.898285388946535 0.25000000000000011
decision_type=2 2 2
left_child=1 2 -1
right_child=-2 -3 -4
leaf_value=-56.014902668901499 -42.493806891145177 72.99909735568707 14.838595711156179
leaf_weight=56 40 12.999999999999998 115
leaf_count=56 40 13 115
internal_value=-0.00052889 0.000113513 -0.000427326
internal_weight=224 184 171
internal_count=224 184 171
is_linear=0
shrinkage=0.035


Tree=36
num_leaves=4
num_cat=0
split_feature=9 10 2
split_gain=0.569905 0.384343 0.338425
threshold=11.194859027862551 8.7750520706176776 6.4480974674224862
decision_type=2 2 2
left_child=1 -1 -3
right_child=-2 2 -4
leaf_value=48.61663473372046 62.698327542560143 -89.125627039363138 -0.36378827952566239
leaf_weight=11.999999999999998 13.999999999999998 101 97
leaf_count=12 14 101 97
internal_value=-0.00052889 -0.000995261 -0.00137186
internal_weight=224 210 198
internal_count=224 210 198
is_linear=0
shrinkage=0.035


Tree=37
num_leaves=6
num_cat=0
split_feature=17 1 6 8 5
split_gain=0.298879 0.337895 0.820464 0.244673 0.140591
threshold=0.25000000000000011 4.6200466156005868 9.4211163520813006 9.1896448135375994 8.0753726959228533
decision_type=2 2 2 2 2
left_child=4 3 -3 -2 -1
right_child=1 2 -4 -5 -6
leaf_value=-50.438247089277496 34.208640756452333 536.74336685647688 -0.35105508261538282 -81.767986143404229 -0.97660117392211632
leaf_weight=53 11.999999999999998 12.999999999999998 87 39 20
leaf_count=53 12 13 87 39 20
internal_value=-0.000684445 0.000207236 0.00138614 -0.00208654 -0.00250676
internal_weight=224 151 100 51 73
internal_count=224 151 100 51 73
is_linear=0
shrinkage=0.035


Tree=38
num_leaves=5
num_cat=0
split_feature=9 10 8 2
split_gain=0.385369 0.403651 0.383049 0.269265
threshold=10.707588672637941 8.7750520706176776 10.921458244323732 6.1831169128417978
decision_type=2 2 2 2
left_child=1 -1 -2 -3
right_child=2 3 -4 -5
leaf_value=46.123669350276764 38.094416411956281 -83.144349959424375 -29.642084706575137 -12.073525534153884
leaf_weight=11.999999999999998 17 81 14.999999999999998 99
leaf_count=12 17 81 15 99
internal_value=-0.00052889 -0.00112435 0.0029697 -0.00154696
internal_weight=224 192 32 180
internal_count=224 192 32 180
is_linear=0
shrinkage=0.035


Tree=39
num_leaves=4
num_cat=0
split_feature=10 9 2
split_gain=0.363011 0.316432 0.25909
threshold=8.7750520706176776 11.194859027862551 6.4480974674224862
decision_type=2 2 2
left_child=-1 2 -2
right_child=1 -3 -4
leaf_value=44.509340923017078 -80.234299825935139 47.690172704300515 -0.61854253651512714
leaf_weight=11.999999999999998 101 13.999999999999998 97
leaf_count=12 101 14 97
internal_value=-0.000840001 -0.0011831 -0.00154774
internal_weight=224 212 198
internal_count=224 212 198
is_linear=0
shrinkage=0.035


Tree=40
num_leaves=4
num_cat=0
split_feature=8 1 4
split_gain=0.29194 0.420368 0.534939
threshold=6.9520614147186288 4.8559212684631357 6.1526510715484628
decision_type=2 2 2
left_child=-1 -2 -3
right_child=1 2 -4
leaf_value=109.89748412313396 -77.942700705203279 227.10562554482914 -2.2164334983096468
leaf_weight=13.999999999999998 73 13.999999999999998 123
leaf_count=14 73 14 123
internal_value=-0.000995556 -0.00132702 -0.000177537
internal_weight=224 210 137
internal_count=224 210 137
is_linear=0
shrinkage=0.035


Tree=41
num_leaves=4
num_cat=0
split_feature=10 17 6
split_gain=0.557454 0.374714 0.353499
threshold=8.8733882904052752 0.25000000000000011 9.2955808639526385
decision_type=2 2 2
left_child=-1 -2 -3
right_child=1 2 -4
leaf_value=16.002302188807789 -37.836156254594783 -92.234846794237001 36.716567645127633
leaf_weight=21 64 32 107
leaf_count=21 64 32 107
internal_value=-0.000684445 -0.00125245 -0.000225001
internal_weight=224 203 139
internal_count=224 203 139
is_linear=0
shrinkage=0.035


Tree=42
num_leaves=4
num_cat=0
split_feature=10 7 2
split_gain=0.525454 0.306805 0.233685
threshold=8.8733882904052752 8.7864570617675799 6.7900872230529794
decision_type=2 2 2
left_child=-1 -2 -3
right_child=1 2 -4
leaf_value=15.442221612199534 20.172621254234564 -5.2249095435741824 -39.908940310617389
leaf_weight=21 22 104 77
leaf_count=21 22 104 77
internal_value=-0.00052889 -0.00108088 -0.00155769
internal_weight=224 203 181
internal_count=224 203 181
is_linear=0
shrinkage=0.035


Tree=43
num_leaves=6
num_cat=0
split_feature=9 7 4 8 10
split_gain=0.352079 0.419098 0.40041 0.365501 0.276087
threshold=10.707588672637941 8.7864570617675799 5.5131361484527597 10.606494426727297 8.8733882904052752
decision_type=2 2 2 2 2
left_child=1 2 -1 -2 -3
right_child=3 4 -4 -5 -6
leaf_value=-56.123754712843137 75.125113085900992 6.451104423758026 430.67711189621764 -1.5997271778289393 -41.727391240708876
leaf_weight=14.000000000000002 11.999999999999998 17 11.999999999999998 20 149
leaf_count=14 12 17 12 20 149
internal_value=-0.000373334 -0.000943006 0.00311111 0.0029697 -0.00159282
internal_weight=224 192 26 32 166
internal_count=224 192 26 32 166
is_linear=0
shrinkage=0.035


Tree=44
num_leaves=5
num_cat=0
split_feature=10 2 2 10
split_gain=0.363011 0.269114 0.706163 0.180384
threshold=8.7750520706176776 6.4480974674224862 6.8684933185577401 9.870206832885744
decision_type=2 2 2 2
left_child=-1 3 -3 -2
right_child=1 2 -4 -5
leaf_value=40.407304918062003 -91.267710742259254 138.19697182248339 -12.596168594138566 -18.77990161363288
leaf_weight=11.999999999999998 70 30 79 33
leaf_count=12 70 30 79 33
internal_value=-0.000840001 -0.0011831 3.18174e-05 -0.00245673
internal_weight=224 212 109 103
internal_count=224 212 109 103
is_linear=0
shrinkage=0.035


Tree=45
num_leaves=6
num_cat=0
split_feature=10 17 1 8 9
split_gain=0.314287 0.250582 0.52803 0.242222 0.22438
threshold=9.0537886619567889 0.68301269412040722 4.8559212684631357 9.9573035240173358 10.898285388946535
decision_type=2 2 2 2 2
left_child=3 4 -3 -1 -2
right_child=1 2 -4 -5 -6
leaf_value=6.9871868012930785 -64.514371101237842 -78.668038567238739 152.74395485405111 -42.471305070068844 1.0871438023360049
leaf_weight=21 88 32 55 14.999999999999998 12.999999999999998
leaf_count=21 88 32 55 15 13
internal_value=-0.000684445 -0.00125926 0.000119317 0.00227027 -0.00243628
internal_weight=224 188 87 36 101
internal_count=224 188 87 36 101
is_linear=0
shrinkage=0.035


Tree=46
num_leaves=6
num_cat=0
split_feature=10 17 1 8 9
split_gain=0.314287 0.250582 0.52803 0.242222 0.22438
threshold=9.0537886619567889 0.68301269412040722 4.8559212684631357 9.9573035240173358 10.898285388946535
decision_type=2 2 2 2 2
left_child=3 4 -3 -1 -2
right_child=1 2 -4 -5 -6
leaf_value=6.7426352632478439 -62.25636811269451 -75.914657217385368 147.39791643415933 -40.984809392616441 1.0490937692542146
leaf_weight=21 88 32 55 14.999999999999998 12.999999999999998
leaf_count=21 88 32 55 15 13
internal_value=-0.000684445 -0.00125926 0.000119317 0.00227027 -0.00243628
internal_weight=224 188 87 36 101
internal_count=224 188 87 36 101
is_linear=0
shrinkage=0.035


Tree=47
num_leaves=6
num_cat=0
split_feature=10 17 1 8 9
split_gain=0.314287 0.250582 0.52803 0.242222 0.22438
threshold=9.0537886619567889 0.68301269412040722 4.8559212684631357 9.9573035240173358 10.898285388946535
decision_type=2 2 2 2 2
left_child=3 4 -3 -1 -2
right_child=1 2 -4 -5 -6
leaf_value=6.5066430290341533 -60.077395228750191 -73.257644214776889 142.23898935896375 -39.55034106387486 1.0123754873303286
leaf_weight=21 88 32 55 14.999999999999998 12.999999999999998
leaf_count=21 88 32 55 15 13
internal_value=-0.000684445 -0.00125926 0.000119317 0.00227027 -0.00243628
internal_weight=224 188 87 36 101
internal_count=224 188 87 36 101
is_linear=0
shrinkage=0.035


Tree=48
num_leaves=4
num_cat=0
split_feature=1 5 12
split_gain=0.305064 0.673317 0.385546
threshold=6.7196021080017099 8.222391605377199 0.87837970256805431
decision_type=2 2 2
left_child=1 2 -1
right_child=-2 -3 -4
leaf_value=-8.9210413621922395 -46.832082590131158 74.106429428800197 53.447204345416502
leaf_weight=142 40 23 19
leaf_count=142 40 23 19
internal_value=-0.000684445 -7.56765e-05 -0.000885803
internal_weight=224 184 161
internal_count=224 184 161
is_linear=0
shrinkage=0.035


Tree=49
num_leaves=6
num_cat=0
split_feature=10 17 1 8 4
split_gain=0.34798 0.322353 0.52803 0.242222 0.178989
threshold=9.0537886619567889 0.68301269412040722 4.8559212684631357 9.9573035240173358 5.5131361484527597
decision_type=2 2 2 2 2
left_child=3 4 -3 -1 -2
right_child=1 2 -4 -5 -6
leaf_value=3.6851868786803665 -3.1784225393496528 -71.044885403595615 136.69970292878773 -37.853842678962515 -30.505962553013173
leaf_weight=21 18 32 55 14.999999999999998 83
leaf_count=21 18 32 55 15 83
internal_value=-0.000840001 -0.00144445 0.000119317 0.00227027 -0.00277941
internal_weight=224 188 87 36 101
internal_count=224 188 87 36 101
is_linear=0
shrinkage=0.035


Tree=50
num_leaves=4
num_cat=0
split_feature=1 1 17
split_gain=0.340812 0.629108 0.421314
threshold=6.7196021080017099 6.4550490379333505 0.25000000000000011
decision_type=2 2 2
left_child=1 2 -1
right_child=-2 -3 -4
leaf_value=-34.62707528486029 -49.392234914361758 74.834445327356065 2.6160985293757539
leaf_weight=58 40 11.999999999999998 114
leaf_count=58 40 12 114
internal_value=-0.00052889 0.000113513 -0.000445088
internal_weight=224 184 172
internal_count=224 184 172
is_linear=0
shrinkage=0.035


Tree=51
num_leaves=4
num_cat=0
split_feature=9 10 2
split_gain=0.54355 0.412718 0.467918
threshold=11.194859027862551 10.095809459686281 6.1831169128417978
decision_type=2 2 2
left_child=1 2 -1
right_child=-2 -3 -4
leaf_value=-72.934768184642223 39.6651661115705 -49.933506504358348 37.648508052909264
leaf_weight=71 13.999999999999998 54 85
leaf_count=71 14 54 85
internal_value=-0.000373334 -0.000829385 8.91711e-05
internal_weight=224 210 156
internal_count=224 210 156
is_linear=0
shrinkage=0.035


Tree=52
num_leaves=5
num_cat=0
split_feature=10 17 1 1
split_gain=0.525454 0.259842 0.324628 0.0646502
threshold=8.8733882904052752 0.25000000000000011 6.7196021080017099 6.6783349514007577
decision_type=2 2 2 2
left_child=-1 3 -3 -2
right_child=1 2 -4 -5
leaf_value=8.9385485391306094 -33.154279733394262 12.947111545383688 -54.916012271488341 -9.0882151108729161
leaf_weight=21 52 109 30 11.999999999999998
leaf_count=21 52 109 30 12
internal_value=-0.00052889 -0.00108088 -0.000225001 -0.00290769
internal_weight=224 203 139 64
internal_count=224 203 139 64
is_linear=0
shrinkage=0.035


Tree=53
num_leaves=4
num_cat=0
split_feature=10 9 10
split_gain=0.464199 0.436193 0.283795
threshold=8.8733882904052752 11.004576206207277 10.095809459686281
decision_type=2 2 2
left_child=-1 2 -2
right_child=1 -3 -4
leaf_value=8.6256993402610469 -2.3910317762104603 22.249339230164431 -48.859368747573804
leaf_weight=21 135 17 51
leaf_count=21 135 17 51
internal_value=-0.000217779 -0.000737746 -0.00123529
internal_weight=224 203 186
internal_count=224 203 186
is_linear=0
shrinkage=0.035


Tree=54
num_leaves=4
num_cat=0
split_feature=10 7 17
split_gain=0.464199 0.352396 0.217192
threshold=8.8733882904052752 11.441295623779299 0.25000000000000011
decision_type=2 2 2
left_child=-1 2 -2
right_child=1 -3 -4
leaf_value=8.323799863351903 -56.534898460140155 0.071306130194489586 -1.1468155147703936
leaf_weight=21 59 11.999999999999998 132
leaf_count=21 59 12 132
internal_value=-0.000217779 -0.000737746 -0.00111198
internal_weight=224 203 191
internal_count=224 203 191
is_linear=0
shrinkage=0.035


Tree=55
num_leaves=4
num_cat=0
split_feature=9 10 10
split_gain=0.816695 0.541589 0.279012
threshold=10.898285388946535 8.8733882904052752 10.095809459686281
decision_type=2 2 2
left_child=1 -1 -3
right_child=-2 2 -4
leaf_value=8.032466868134577 6.7717012852604963 -1.4478368739520979 -51.0234521228655
leaf_weight=21 20 134 49
leaf_count=21 20 134 49
internal_value=9.33325e-05 -0.000580489 -0.00119837
internal_weight=224 204 183
internal_count=224 204 183
is_linear=0
shrinkage=0.035


Tree=56
num_leaves=5
num_cat=0
split_feature=9 9 1 7
split_gain=0.350995 0.35657 0.452166 0.13261
threshold=11.004576206207277 10.244544029235842 5.7899415493011483 10.734682559967043
decision_type=2 2 2 2
left_child=1 2 -1 -3
right_child=-2 3 -4 -5
leaf_value=-4.2719007389916115 22.153349909706257 -53.107073975214355 102.11443667003 -0.16687193896887509
leaf_weight=93 17 54 39 21
leaf_count=93 17 54 39 21
internal_value=-0.000217779 -0.000622597 0.000473683 -0.0025329
internal_weight=224 207 132 75
internal_count=224 207 132 75
is_linear=0
shrinkage=0.035


Tree=57
num_leaves=5
num_cat=0
split_feature=10 17 5 9
split_gain=0.525454 0.29506 0.480081 0.225872
threshold=8.8733882904052752 0.68301269412040722 7.7553207874298105 9.7617106437683123
decision_type=2 2 2 2
left_child=-1 3 -3 -2
right_child=1 2 -4 -5
leaf_value=4.958826088219717 0.55128586978320893 154.76619583486703 -59.770348402408942 -22.265514457064576
leaf_weight=21 11.999999999999998 51 38 102
leaf_count=21 12 51 38 102
internal_value=-0.00052889 -0.00108088 0.000427777 -0.00225217
internal_weight=224 203 89 114
internal_count=224 203 89 114
is_linear=0
shrinkage=0.035


Tree=58
num_leaves=5
num_cat=0
split_feature=9 10 17 3
split_gain=0.545215 0.453621 0.331699 0.276755
threshold=10.898285388946535 9.031102657318117 0.68301269412040722 4.9452011585235605
decision_type=2 2 2 2
left_child=1 3 -3 -1
right_child=-2 2 -4 -5
leaf_value=12.220001443731711 6.5386174994339488 -47.578161276882433 1.2129831611881423 -45.153205764246088
leaf_weight=19 20 91 80 13.999999999999998
leaf_count=19 20 91 80 14
internal_value=-0.000373334 -0.000921952 -0.00164826 0.00277941
internal_weight=224 204 171 33
internal_count=224 204 171 33
is_linear=0
shrinkage=0.035


Tree=59
num_leaves=6
num_cat=0
split_feature=10 5 1 1 4
split_gain=0.366247 0.736958 0.438991 0.773557 0.344398
threshold=9.3973851203918475 7.8428673744201669 4.8559212684631357 6.7196021080017099 6.0517373085021982
decision_type=2 2 2 2 2
left_child=1 4 -2 -4 -1
right_child=2 -3 3 -5 -6
leaf_value=8.0749255823128614 -65.930798462643921 5.1608058631640183 57.998103580972028 -43.037773438103208 -67.634832633990342
leaf_weight=20 53 22 59 37 33
leaf_count=20 53 22 59 37 33
internal_value=9.33325e-05 0.00207237 -0.000910001 0.000505154 -0.000194445
internal_weight=224 75 149 96 53
internal_count=224 75 149 96 53
is_linear=0
shrinkage=0.035


Tree=60
num_leaves=6
num_cat=0
split_feature=10 8 1 6 5
split_gain=0.644437 0.583745 0.308561 0.565858 0.0640666
threshold=9.0537886619567889 9.9573035240173358 4.8559212684631357 9.4211163520813006 7.7336835861206064
decision_type=2 2 2 2 2
left_child=1 -1 4 -4 -2
right_child=2 -3 3 -5 -6
leaf_value=4.0749440369723233 -63.579903045258483 -33.091313968677277 483.73279118054643 -1.7994224344447314 -65.379592788712586
leaf_weight=21 50 14.999999999999998 12.999999999999998 113 11.999999999999998
leaf_count=21 50 15 13 113 12
internal_value=-6.22231e-05 0.00416216 -0.00088889 0.000110235 -0.00288889
internal_weight=224 36 188 126 62
internal_count=224 36 188 126 62
is_linear=0
shrinkage=0.035


Tree=61
num_leaves=5
num_cat=0
split_feature=10 8 6 6
split_gain=0.598045 0.583745 0.283927 1.08168
threshold=9.0537886619567889 9.9573035240173358 9.2955808639526385 9.5106415748596209
decision_type=2 2 2 2
left_child=1 -1 -2 -4
right_child=2 -3 3 -5
leaf_value=3.9323209956782939 -76.306704346051816 -31.933117979773574 466.80214348922732 -9.6473448248209461
leaf_weight=21 37 14.999999999999998 12.999999999999998 138
leaf_count=21 37 15 13 138
internal_value=9.33325e-05 0.00416216 -0.000703705 -2.30271e-05
internal_weight=224 36 188 151
internal_count=224 36 188 151
is_linear=0
shrinkage=0.035


Tree=62
num_leaves=6
num_cat=0
split_feature=10 8 1 6 5
split_gain=0.644437 0.583745 0.308561 0.565858 0.0640666
threshold=9.0537886619567889 9.9573035240173358 4.8559212684631357 9.4211163520813006 7.7336835861206064
decision_type=2 2 2 2 2
left_child=1 -1 4 -4 -2
right_child=2 -3 3 -5 -6
leaf_value=3.7946897608295531 -61.016949369805708 -30.815458850481495 450.46406846710437 -1.3987855803704399 -62.753649972238932
leaf_weight=21 50 14.999999999999998 12.999999999999998 113 11.999999999999998
leaf_count=21 50 15 13 113 12
internal_value=-6.22231e-05 0.00416216 -0.00088889 0.000110235 -0.00288889
internal_weight=224 36 188 126 62
internal_count=224 36 188 126 62
is_linear=0
shrinkage=0.035


Tree=63
num_leaves=6
num_cat=0
split_feature=10 8 1 6 5
split_gain=0.644437 0.583745 0.308561 0.565858 0.0640666
threshold=9.0537886619567889 9.9573035240173358 4.8559212684631357 9.4211163520813006 7.7336835861206064
decision_type=2 2 2 2 2
left_child=1 -1 4 -4 -2
right_child=2 -3 3 -5 -6
leaf_value=3.6618756192005226 -58.881356141862504 -29.736917790714642 434.6978260707557 -1.3498280850574966 -60.55727222321056
leaf_weight=21 50 14.999999999999998 12.999999999999998 113 11.999999999999998
leaf_count=21 50 15 13 113 12
internal_value=-6.22231e-05 0.00416216 -0.00088889 0.000110235 -0.00288889
internal_weight=224 36 188 126 62
internal_count=224 36 188 126 62
is_linear=0
shrinkage=0.035


Tree=64
num_leaves=7
num_cat=0
split_feature=10 5 3 17 1 6
split_gain=0.706715 0.612787 0.469608 0.232023 0.355843 0.0671023
threshold=9.3973851203918475 7.8428673744201669 4.9089105129241952 0.68301269412040722 4.8559212684631357 10.921458244323732
decision_type=2 2 2 2 2 2
left_child=1 2 -1 5 -5 -2
right_child=3 -3 -4 4 -6 -7
leaf_value=3.3103849803367722 -27.148747596578897 8.9855290099415726 -71.79596757882554 -56.928714851368625 76.30370771530076 -0.58038912461344372
leaf_weight=22 62 22 31 27 48 11.999999999999998
leaf_count=22 62 22 31 27 48 12
internal_value=-0.000217779 0.00253289 0.000453703 -0.00161 -0.000230264 -0.00298667
internal_weight=224 75 53 149 75 74
internal_count=224 75 53 149 75 74
is_linear=0
shrinkage=0.035


Tree=65
num_leaves=5
num_cat=0
split_feature=10 2 2 8
split_gain=0.494369 0.327024 1.02284 0.125494
threshold=8.8733882904052752 6.4480974674224862 6.6025648117065439 9.7214388847351092
decision_type=2 2 2 2
left_child=-1 3 -3 -2
right_child=1 2 -4 -5
leaf_value=9.4841936232435273 -50.618306076382247 184.01904174797187 -0.86180797132987019 -45.809863614034469
leaf_weight=21 40 12.999999999999998 94 56
leaf_count=21 40 13 94 56
internal_value=-0.000373334 -0.000909315 0.000421295 -0.00238144
internal_weight=224 203 107 96
internal_count=224 203 107 96
is_linear=0
shrinkage=0.035


Tree=66
num_leaves=6
num_cat=0
split_feature=10 3 2 2 8
split_gain=0.570849 0.44852 0.33046 0.565717 0.0981107
threshold=9.031102657318117 4.9452011585235605 6.4480974674224862 7.4927563667297372 9.5106015205383319
decision_type=2 2 2 2 2
left_child=1 -1 4 -4 -2
right_child=2 -3 3 -5 -6
leaf_value=10.520634682251018 -66.940403737165937 -41.847656300359908 49.425500456947326 -47.078448308484589 -51.395570001374196
leaf_weight=19 27 13.999999999999998 69 34 61
leaf_count=19 27 14 69 34 61
internal_value=-0.000373334 0.00380882 -0.00111198 0.000235576 -0.00267416
internal_weight=224 33 191 103 88
internal_count=224 33 191 103 88
is_linear=0
shrinkage=0.035


Tree=67
num_leaves=6
num_cat=0
split_feature=10 3 17 1 5
split_gain=0.613821 0.44852 0.259994 0.52803 0.299015
threshold=9.031102657318117 4.9452011585235605 0.68301269412040722 4.8559212684631357 8.1592164039611834
decision_type=2 2 2 2 2
left_child=1 -1 4 -4 -2
right_child=2 -3 3 -5 -6
leaf_value=10.15241246837223 -21.747584981448661 -40.382988329847322 -53.494184034558629 118.78287002181906 -0.25899397591947926
leaf_weight=19 81 13.999999999999998 32 55 23
leaf_count=19 81 14 32 55 23
internal_value=-0.00052889 0.00380882 -0.00129427 0.000119317 -0.00246667
internal_weight=224 33 191 87 104
internal_count=224 33 191 87 104
is_linear=0
shrinkage=0.035


Tree=68
num_leaves=6
num_cat=0
split_feature=10 3 2 2 8
split_gain=0.570849 0.44852 0.33046 0.565683 0.0981107
threshold=9.031102657318117 4.9452011585235605 6.4480974674224862 6.7900872230529794 9.5106015205383319
decision_type=2 2 2 2 2
left_child=1 -1 4 -4 -2
right_child=2 -3 3 -5 -6
leaf_value=9.7970780319792006 -62.725193165155588 -38.969583738302653 139.97070107004777 -13.094039097642876 -48.835557987489793
leaf_weight=19 27 13.999999999999998 25 78 61
leaf_count=19 27 14 25 78 61
internal_value=-0.000373334 0.00380882 -0.00111198 0.000235576 -0.00267416
internal_weight=224 33 191 103 88
internal_count=224 33 191 103 88
is_linear=0
shrinkage=0.035


Tree=69
num_leaves=6
num_cat=0
split_feature=10 2 2 3 8
split_gain=0.356836 0.33046 0.565683 0.276755 0.0981107
threshold=9.031102657318117 6.4480974674224862 6.7900872230529794 4.9452011585235605 9.5106015205383319
decision_type=2 2 2 2 2
left_child=3 4 -3 -1 -2
right_child=1 2 -4 -5 -6
leaf_value=9.4541803008599263 -60.529811404375153 135.0717265325961 -12.635747729225372 -37.605648307462069 -47.126313457927651
leaf_weight=19 27 25 78 13.999999999999998 61
leaf_count=19 27 25 78 14 61
internal_value=-0.00052889 -0.00111198 0.000235576 0.00277941 -0.00267416
internal_weight=224 191 103 33 88
internal_count=224 191 103 33 88
is_linear=0
shrinkage=0.035


Tree=70
num_leaves=6
num_cat=0
split_feature=10 2 2 3 3
split_gain=0.293253 0.318214 0.509004 0.276755 0.212944
threshold=9.031102657318117 6.4480974674224862 7.5326063632965097 4.9452011585235605 2.0126758217811589
decision_type=2 2 2 2 2
left_child=3 4 -3 -1 -2
right_child=1 2 -4 -5 -6
leaf_value=9.123283990329826 -6.8116530863947027 18.375104224680353 -47.40988888745354 -36.289450616700911 -50.025147782038708
leaf_weight=19 12.999999999999998 75 28 13.999999999999998 75
leaf_count=19 13 75 28 14 75
internal_value=-0.000217779 -0.000747397 0.000572115 0.00277941 -0.0022809
internal_weight=224 191 103 33 88
internal_count=224 191 103 33 88
is_linear=0
shrinkage=0.035


Tree=71
num_leaves=4
num_cat=0
split_feature=11 4 5
split_gain=0.306448 0.29795 0.439416
threshold=9.6210389137268084 5.6222093105316171 6.9603257179260263
decision_type=2 2 2
left_child=-1 -2 -3
right_child=1 2 -4
leaf_value=34.752982733242945 -42.588175662215278 1.2515674971119657 -1.470759250570596
leaf_weight=11.999999999999998 39 14.999999999999998 158
leaf_count=12 39 15 158
internal_value=-0.000373334 -0.000690142 -6.03457e-05
internal_weight=224 212 173
internal_count=224 212 173
is_linear=0
shrinkage=0.035


Tree=72
num_leaves=5
num_cat=0
split_feature=10 17 5 2
split_gain=0.250409 0.231922 0.480081 0.448156
threshold=8.8733882904052752 0.68301269412040722 7.7553207874298105 7.4584596157073983
decision_type=2 2 2 2
left_child=-1 3 -3 -2
right_child=1 2 -4 -5
leaf_value=16.032055755435273 -20.239490403296642 135.97983584113709 -45.699068395540003 0.65412680970706705
leaf_weight=21 100 51 38 13.999999999999998
leaf_count=21 100 51 38 14
internal_value=-0.00052889 -0.000909315 0.000427777 -0.00194783
internal_weight=224 203 89 114
internal_count=224 203 89 114
is_linear=0
shrinkage=0.035


Tree=73
num_leaves=6
num_cat=0
split_feature=10 2 2 3 3
split_gain=0.293253 0.318214 0.509004 0.276755 0.212944
threshold=9.031102657318117 6.4480974674224862 7.5326063632965097 4.9452011585235605 2.0126758217811589
decision_type=2 2 2 2 2
left_child=3 4 -3 -1 -2
right_child=1 2 -4 -5 -6
leaf_value=8.7448014255622191 -6.5398285766888842 14.918726179005043 -44.459821694915135 -35.528965222786638 -51.257653984389165
leaf_weight=19 12.999999999999998 75 28 13.999999999999998 75
leaf_count=19 13 75 28 14 75
internal_value=-0.000217779 -0.000747397 0.000572115 0.00277941 -0.0022809
internal_weight=224 191 103 33 88
internal_count=224 191 103 33 88
is_linear=0
shrinkage=0.035


Tree=74
num_leaves=4
num_cat=0
split_feature=0 4 11
split_gain=0.366747 0.483733 0.308482
threshold=5.6346302032470712 7.5673446655273446 9.6441540718078631
decision_type=2 2 2
left_child=1 2 -1
right_child=-2 -3 -4
leaf_value=32.849885426048054 -12.32917149867583 27.10214567476552 -10.922529626695734
leaf_weight=11.999999999999998 39 19 154
leaf_count=12 39 19 154
internal_value=-0.000373334 0.000282257 -0.00033533
internal_weight=224 185 166
internal_count=224 185 166
is_linear=0
shrinkage=0.035


Tree=75
num_leaves=5
num_cat=0
split_feature=9 10 3 17
split_gain=0.374491 0.421124 0.276755 0.254123
threshold=11.004576206207277 9.031102657318117 4.9452011585235605 0.68301269412040722
decision_type=2 2 2 2
left_child=1 2 -1 -3
right_child=-2 3 -4 -5
leaf_value=8.5146156647105737 1.4482604651261408 -33.372078587962093 -33.888393148139642 -1.9872665855304026
leaf_weight=19 17 93 13.999999999999998 81
leaf_count=19 17 93 14 81
internal_value=-0.000373334 -0.000790866 0.00277941 -0.00148
internal_weight=224 207 33 174
internal_count=224 207 33 174
is_linear=0
shrinkage=0.035


Tree=76
num_leaves=5
num_cat=0
split_feature=9 7 7 10
split_gain=0.328226 0.321197 0.40041 0.337589
threshold=11.004576206207277 8.7864570617675799 6.9520614147186288 10.082610607147219
decision_type=2 2 2 2
left_child=1 2 -1 -3
right_child=-2 3 -4 -5
leaf_value=-104.74757667705535 1.3975713488467407 -0.25139631911612065 370.41181237940731 -37.942989385302191
leaf_weight=14.000000000000002 17 132 11.999999999999998 49
leaf_count=14 17 132 12 49
internal_value=-6.22231e-05 -0.000454328 0.00311111 -0.00098077
internal_weight=224 207 26 181
internal_count=224 207 26 181
is_linear=0
shrinkage=0.035


Tree=77
num_leaves=4
num_cat=0
split_feature=9 10 0
split_gain=0.374491 0.395009 0.288328
threshold=11.004576206207277 10.095809459686281 5.3411884307861337
decision_type=2 2 2
left_child=1 2 -1
right_child=-2 -3 -4
leaf_value=1.2057490014989769 1.3486563516370915 -34.378264604543439 -14.665456123694049
leaf_weight=132 17 51 24
leaf_count=132 17 51 24
internal_value=-0.000373334 -0.000790866 8.91711e-05
internal_weight=224 207 156
internal_count=224 207 156
is_linear=0
shrinkage=0.035


Tree=78
num_leaves=4
num_cat=0
split_feature=9 10 0
split_gain=0.374491 0.395009 0.288328
threshold=11.004576206207277 10.095809459686281 5.3411884307861337
decision_type=2 2 2
left_child=1 2 -1
right_child=-2 -3 -4
leaf_value=1.1635477864465105 1.3014533793298233 -33.175025343384405 -14.15216515936477
leaf_weight=132 17 51 24
leaf_count=132 17 51 24
internal_value=-0.000373334 -0.000790866 8.91711e-05
internal_weight=224 207 156
internal_count=224 207 156
is_linear=0
shrinkage=0.035


Tree=79
num_leaves=4
num_cat=0
split_feature=9 10 0
split_gain=0.374491 0.395009 0.288328
threshold=11.004576206207277 10.095809459686281 5.3411884307861337
decision_type=2 2 2
left_child=1 2 -1
right_child=-2 -3 -4
leaf_value=1.1228236139208814 1.2559025110532638 -32.013899456365941 -13.656839378787001
leaf_weight=132 17 51 24
leaf_count=132 17 51 24
internal_value=-0.000373334 -0.000790866 8.91711e-05
internal_weight=224 207 156
internal_count=224 207 156
is_linear=0
shrinkage=0.035


Tree=80
num_leaves=4
num_cat=0
split_feature=9 10 0
split_gain=0.374491 0.395009 0.288328
threshold=11.004576206207277 10.095809459686281 5.3411884307861337
decision_type=2 2 2
left_child=1 2 -1
right_child=-2 -3 -4
leaf_value=1.0835247874336498 1.211945923166404 -30.893412975393133 -13.178850000529449
leaf_weight=132 17 51 24
leaf_count=132 17 51 24
internal_value=-0.000373334 -0.000790866 8.91711e-05
internal_weight=224 207 156
internal_count=224 207 156
is_linear=0
shrinkage=0.035


Tree=81
num_leaves=4
num_cat=0
split_feature=9 10 0
split_gain=0.374491 0.395009 0.288328
threshold=11.004576206207277 10.095809459686281 5.3411884307861337
decision_type=2 2 2
left_child=1 2 -1
right_child=-2 -3 -4
leaf_value=1.0456014198734662 1.1695278158555538 -29.812143521254363 -12.717590250510915
leaf_weight=132 17 51 24
leaf_count=132 17 51 24
internal_value=-0.000373334 -0.000790866 8.91711e-05
internal_weight=224 207 156
internal_count=224 207 156
is_linear=0
shrinkage=0.035


Tree=82
num_leaves=4
num_cat=0
split_feature=9 10 0
split_gain=0.374491 0.395009 0.288328
threshold=11.004576206207277 10.095809459686281 5.3411884307861337
decision_type=2 2 2
left_child=1 2 -1
right_child=-2 -3 -4
leaf_value=1.009005370177894 1.1285943423006302 -28.768718498010465 -12.272474591743025
leaf_weight=132 17 51 24
leaf_count=132 17 51 24
internal_value=-0.000373334 -0.000790866 8.91711e-05
internal_weight=224 207 156
internal_count=224 207 156
is_linear=0
shrinkage=0.035


Tree=83
num_leaves=4
num_cat=0
split_feature=9 10 0
split_gain=0.374491 0.395009 0.288328
threshold=11.004576206207277 10.095809459686281 5.3411884307861337
decision_type=2 2 2
left_child=1 2 -1
right_child=-2 -3 -4
leaf_value=0.97369018222166848 1.0890935403201001 -27.761813350580098 -11.842937981032041
leaf_weight=132 17 51 24
leaf_count=132 17 51 24
internal_value=-0.000373334 -0.000790866 8.91711e-05
internal_weight=224 207 156
internal_count=224 207 156
is_linear=0
shrinkage=0.035


Tree=84
num_leaves=4
num_cat=0
split_feature=0 0 10
split_gain=0.330216 0.631895 0.344055
threshold=5.6346302032470712 4.9452011585235605 10.095809459686281
decision_type=2 2 2
left_child=1 2 -1
right_child=-2 -3 -4
leaf_value=0.14001098212867982 -9.2902942627727061 13.573204576967099 -28.06796849397778
leaf_weight=121 39 23 41
leaf_count=121 39 23 41
internal_value=-0.00052889 9.40852e-05 -0.000687117
internal_weight=224 185 162
internal_count=224 185 162
is_linear=0
shrinkage=0.035


Tree=85
num_leaves=4
num_cat=0
split_feature=9 10 0
split_gain=0.514299 0.387364 0.29251
threshold=10.898285388946535 10.095809459686281 5.3411884307861337
decision_type=2 2 2
left_child=1 2 -1
right_child=-2 -3 -4
leaf_value=0.53726535375599771 0.55763715171750761 -27.016091868568786 -11.103274852498874
leaf_weight=131 20 49 24
leaf_count=131 20 49 24
internal_value=-0.000217779 -0.00075122 0.000112179
internal_weight=224 204 155
internal_count=224 204 155
is_linear=0
shrinkage=0.035


Tree=86
num_leaves=4
num_cat=0
split_feature=9 10 0
split_gain=0.514299 0.387364 0.29251
threshold=10.898285388946535 10.095809459686281 5.3411884307861337
decision_type=2 2 2
left_child=1 2 -1
right_child=-2 -3 -4
leaf_value=0.51846106637453471 0.53811985140737228 -26.070528653168878 -10.714660232661403
leaf_weight=131 20 49 24
leaf_count=131 20 49 24
internal_value=-0.000217779 -0.00075122 0.000112179
internal_weight=224 204 155
internal_count=224 204 155
is_linear=0
shrinkage=0.035


Tree=87
num_leaves=4
num_cat=0
split_feature=9 10 0
split_gain=0.514299 0.387364 0.29251
threshold=10.898285388946535 10.095809459686281 5.3411884307861337
decision_type=2 2 2
left_child=1 2 -1
right_child=-2 -3 -4
leaf_value=0.50031492905142427 0.51928565660809833 -25.158060150307954 -10.339647124518264
leaf_weight=131 20 49 24
leaf_count=131 20 49 24
internal_value=-0.000217779 -0.00075122 0.000112179
internal_weight=224 204 155
internal_count=224 204 155
is_linear=0
shrinkage=0.035


Tree=88
num_leaves=4
num_cat=0
split_feature=9 10 0
split_gain=0.514299 0.387364 0.29251
threshold=10.898285388946535 10.095809459686281 5.3411884307861337
decision_type=2 2 2
left_child=1 2 -1
right_child=-2 -3 -4
leaf_value=0.48280390653462329 0.50111065862681159 -24.277528045047163 -9.9777594751601306
leaf_weight=131 20 49 24
leaf_count=131 20 49 24
internal_value=-0.000217779 -0.00075122 0.000112179
internal_weight=224 204 155
internal_count=224 204 155
is_linear=0
shrinkage=0.035


Tree=89
num_leaves=4
num_cat=0
split_feature=9 10 0
split_gain=0.514299 0.387364 0.29251
threshold=10.898285388946535 10.095809459686281 5.3411884307861337
decision_type=2 2 2
left_child=1 2 -1
right_child=-2 -3 -4
leaf_value=0.46590576980591136 0.4835717855748945 -23.427814563470523 -9.6285378935295398
leaf_weight=131 20 49 24
leaf_count=131 20 49 24
internal_value=-0.000217779 -0.00075122 0.000112179
internal_weight=224 204 155
internal_count=224 204 155
is_linear=0
shrinkage=0.035


Tree=90
num_leaves=4
num_cat=0
split_feature=9 11 10
split_gain=0.484251 0.332944 0.331204
threshold=10.898285388946535 9.6210389137268084 10.095809459686281
decision_type=2 2 2
left_child=1 -1 -3
right_child=-2 2 -4
leaf_value=34.526878422584076 0.4666467730797732 -0.89998230309913752 -23.516377630773405
leaf_weight=11.999999999999998 20 144 48
leaf_count=12 20 144 48
internal_value=-6.22231e-05 -0.000580489 -0.000943006
internal_weight=224 204 192
internal_count=224 204 192
is_linear=0
shrinkage=0.035


Tree=91
num_leaves=4
num_cat=0
split_feature=9 10 0
split_gain=0.514299 0.387364 0.29251
threshold=10.898285388946535 10.095809459686281 5.3411884307861337
decision_type=2 2 2
left_child=1 2 -1
right_child=-2 -3 -4
leaf_value=0.48109844847117117 0.45031413602196074 -21.784767836671971 -9.2600396866475254
leaf_weight=131 20 49 24
leaf_count=131 20 49 24
internal_value=-0.000217779 -0.00075122 0.000112179
internal_weight=224 204 155
internal_count=224 204 155
is_linear=0
shrinkage=0.035


Tree=92
num_leaves=4
num_cat=0
split_feature=9 10 0
split_gain=0.514299 0.387364 0.29251
threshold=10.898285388946535 10.095809459686281 5.3411884307861337
decision_type=2 2 2
left_child=1 2 -1
right_child=-2 -3 -4
leaf_value=0.4642600027746816 0.43455314126119365 -21.022300962388464 -8.9359382976148698
leaf_weight=131 20 49 24
leaf_count=131 20 49 24
internal_value=-0.000217779 -0.00075122 0.000112179
internal_weight=224 204 155
internal_count=224 204 155
is_linear=0
shrinkage=0.035


Tree=93
num_leaves=4
num_cat=0
split_feature=9 0 3
split_gain=0.455069 0.342225 0.60744
threshold=10.898285388946535 5.3411884307861337 6.2205822467803964
decision_type=2 2 2
left_child=1 2 -1
right_child=-2 -3 -4
leaf_value=-5.6027114625920067 0.4193437813170286 -16.977525134605376 22.673296521511688
leaf_weight=155 20 37 11.999999999999998
leaf_count=155 20 37 12
internal_value=9.33325e-05 -0.000409757 0.000270833
internal_weight=224 204 167
internal_count=224 204 167
is_linear=0
shrinkage=0.035


Tree=94
num_leaves=5
num_cat=0
split_feature=9 7 12 10
split_gain=0.484251 0.344876 1.0281 0.287009
threshold=10.898285388946535 8.7864570617675799 0.6078576147556306 9.3973851203918475
decision_type=2 2 2 2
left_child=1 2 -1 -3
right_child=-2 3 -4 -5
leaf_value=-79.305779026748326 0.40466674897092081 0.30001855393668303 362.28521968499717 -20.159925256057932
leaf_weight=14.000000000000002 20 67 11.999999999999998 111
leaf_count=14 20 67 12 111
internal_value=-6.22231e-05 -0.000580489 0.00311111 -0.00113408
internal_weight=224 204 26 178
internal_count=224 204 26 178
is_linear=0
shrinkage=0.035


Tree=95
num_leaves=4
num_cat=0
split_feature=9 10 0
split_gain=0.514299 0.387364 0.29251
threshold=10.898285388946535 10.095809459686281 5.3411884307861337
decision_type=2 2 2
left_child=1 2 -1
right_child=-2 -3 -4
leaf_value=0.37661754014661114 0.39050341275693345 -19.384828143552099 -6.1661277460236192
leaf_weight=131 20 49 24
leaf_count=131 20 49 24
internal_value=-0.000217779 -0.00075122 0.000112179
internal_weight=224 204 155
internal_count=224 204 155
is_linear=0
shrinkage=0.035


Tree=96
num_leaves=4
num_cat=0
split_feature=9 10 0
split_gain=0.514299 0.387364 0.29251
threshold=10.898285388946535 10.095809459686281 5.3411884307861337
decision_type=2 2 2
left_child=1 2 -1
right_child=-2 -3 -4
leaf_value=0.36343592624148274 0.37683579331045541 -18.706359158527775 -5.9503132749127765
leaf_weight=131 20 49 24
leaf_count=131 20 49 24
internal_value=-0.000217779 -0.00075122 0.000112179
internal_weight=224 204 155
internal_count=224 204 155
is_linear=0
shrinkage=0.035


Tree=97
num_leaves=4
num_cat=0
split_feature=9 10 0
split_gain=0.514299 0.387364 0.29251
threshold=10.898285388946535 10.095809459686281 5.3411884307861337
decision_type=2 2 2
left_child=1 2 -1
right_child=-2 -3 -4
leaf_value=0.35071566882303246 0.36364654054455886 -18.051636587979313 -5.7420523102908447
leaf_weight=131 20 49 24
leaf_count=131 20 49 24
internal_value=-0.000217779 -0.00075122 0.000112179
internal_weight=224 204 155
internal_count=224 204 155
is_linear=0
shrinkage=0.035


Tree=98
num_leaves=4
num_cat=0
split_feature=9 10 0
split_gain=0.514299 0.387364 0.29251
threshold=10.898285388946535 10.095809459686281 5.3411884307861337
decision_type=2 2 2
left_child=1 2 -1
right_child=-2 -3 -4
leaf_value=0.33844062041423145 0.35091891162547573 -17.419829307400036 -5.5410804794306818
leaf_weight=131 20 49 24
leaf_count=131 20 49 24
internal_value=-0.000217779 -0.00075122 0.000112179
internal_weight=224 204 155
internal_count=224 204 155
is_linear=0
shrinkage=0.035


Tree=99
num_leaves=4
num_cat=0
split_feature=9 10 0
split_gain=0.514299 0.387364 0.29251
threshold=10.898285388946535 10.095809459686281 5.3411884307861337
decision_type=2 2 2
left_child=1 2 -1
right_child=-2 -3 -4
leaf_value=0.3265951986997388 0.33863674971860663 -16.810135281641049 -5.3471426626506249
leaf_weight=131 20 49 24
leaf_count=131 20 49 24
internal_value=-0.000217779 -0.00075122 0.000112179
internal_weight=224 204 155
internal_count=224 204 155
is_linear=0
shrinkage=0.035


Tree=100
num_leaves=4
num_cat=0
split_feature=9 10 0
split_gain=0.514299 0.387364 0.29251
threshold=10.898285388946535 10.095809459686281 5.3411884307861337
decision_type=2 2 2
left_child=1 2 -1
right_child=-2 -3 -4
leaf_value=0.31516436674525355 0.32678446347845158 -16.221780546783609 -5.1599926694578402
leaf_weight=131 20 49 24
leaf_count=131 20 49 24
internal_value=-0.000217779 -0.00075122 0.000112179
internal_weight=224 204 155
internal_count=224 204 155
is_linear=0
shrinkage=0.035


Tree=101
num_leaves=4
num_cat=0
split_feature=9 10 0
split_gain=0.514299 0.387364 0.29251
threshold=10.898285388946535 10.095809459686281 5.3411884307861337
decision_type=2 2 2
left_child=1 2 -1
right_child=-2 -3 -4
leaf_value=0.30413361390917176 0.31534700725667708 -15.654018227646185 -4.9793929260268097
leaf_weight=131 20 49 24
leaf_count=131 20 49 24
internal_value=-0.000217779 -0.00075122 0.000112179
internal_weight=224 204 155
internal_count=224 204 155
is_linear=0
shrinkage=0.035


Tree=102
num_leaves=4
num_cat=0
split_feature=9 10 0
split_gain=0.514299 0.387364 0.29251
threshold=10.898285388946535 10.095809459686281 5.3411884307861337
decision_type=2 2 2
left_child=1 2 -1
right_child=-2 -3 -4
leaf_value=0.29348893742235621 0.30430986200266408 -15.106127589678582 -4.8051141736158725
leaf_weight=131 20 49 24
leaf_count=131 20 49 24
internal_value=-0.000217779 -0.00075122 0.000112179
internal_weight=224 204 155
internal_count=224 204 155
is_linear=0
shrinkage=0.035


Tree=103
num_leaves=4
num_cat=0
split_feature=9 10 0
split_gain=0.514299 0.387364 0.29251
threshold=10.898285388946535 10.095809459686281 5.3411884307861337
decision_type=2 2 2
left_child=1 2 -1
right_child=-2 -3 -4
leaf_value=0.2832168246125738 0.29365901683259754 -14.577413124039847 -4.6369351775393142
leaf_weight=131 20 49 24
leaf_count=131 20 49 24
internal_value=-0.000217779 -0.00075122 0.000112179
internal_weight=224 204 155
internal_count=224 204 155
is_linear=0
shrinkage=0.035


Tree=104
num_leaves=4
num_cat=0
split_feature=9 10 0
split_gain=0.514299 0.387364 0.29251
threshold=10.898285388946535 10.095809459686281 5.3411884307861337
decision_type=2 2 2
left_child=1 2 -1
right_child=-2 -3 -4
leaf_value=0.273304235751128 0.28338095124347917 -14.067203664698461 -4.4746424463254408
leaf_weight=131 20 49 24
leaf_count=131 20 49 24
internal_value=-0.000217779 -0.00075122 0.000112179
internal_weight=224 204 155
internal_count=224 204 155
is_linear=0
shrinkage=0.035


Tree=105
num_leaves=4
num_cat=0
split_feature=9 10 0
split_gain=0.514299 0.387364 0.29251
threshold=10.898285388946535 10.095809459686281 5.3411884307861337
decision_type=2 2 2
left_child=1 2 -1
right_child=-2 -3 -4
leaf_value=0.26373858749983209 0.27346261794997107 -13.574851536434018 -4.3180299607040684
leaf_weight=131 20 49 24
leaf_count=131 20 49 24
internal_value=-0.000217779 -0.00075122 0.000112179
internal_weight=224 204 155
internal_count=224 204 155
is_linear=0
shrinkage=0.035


Tree=106
num_leaves=4
num_cat=0
split_feature=9 10 0
split_gain=0.374491 0.395009 0.288328
threshold=11.004576206207277 10.095809459686281 5.3411884307861337
decision_type=2 2 2
left_child=1 2 -1
right_child=-2 -3 -4
leaf_value=0.25285034788124833 0.28216738081924614 -12.821743818487192 -4.1668989120794073
leaf_weight=132 17 51 24
leaf_count=132 17 51 24
internal_value=-0.000373334 -0.000790866 8.91711e-05
internal_weight=224 207 156
internal_count=224 207 156
is_linear=0
shrinkage=0.035


Tree=107
num_leaves=4
num_cat=0
split_feature=9 10 0
split_gain=0.514299 0.387364 0.29251
threshold=10.898285388946535 10.095809459686281 5.3411884307861337
decision_type=2 2 2
left_child=1 2 -1
right_child=-2 -3 -4
leaf_value=0.24565797476149184 0.32194627869318349 -12.65097069901177 -4.0210574501566381
leaf_weight=131 20 49 24
leaf_count=131 20 49 24
internal_value=-0.000217779 -0.00075122 0.000112179
internal_weight=224 204 155
internal_count=224 204 155
is_linear=0
shrinkage=0.035


Tree=108
num_leaves=4
num_cat=0
split_feature=0 0 2
split_gain=0.366747 0.588013 0.319316
threshold=5.6346302032470712 4.9452011585235605 6.1831169128417978
decision_type=2 2 2
left_child=1 2 -1
right_child=-2 -3 -4
leaf_value=-9.7543375304722986 -2.7538324304695623 12.208862394100656 16.349481189434812
leaf_weight=88 39 23 74
leaf_count=88 39 23 74
internal_value=-0.000373334 0.000282257 -0.000472393
internal_weight=224 185 162
internal_count=224 185 162
is_linear=0
shrinkage=0.035


Tree=109
num_leaves=5
num_cat=0
split_feature=10 17 1 9
split_gain=0.319743 0.27598 0.497951 0.257413
threshold=8.8733882904052752 0.68301269412040722 4.8559212684631357 9.7617106437683123
decision_type=2 2 2 2
left_child=-1 3 -3 -2
right_child=1 2 -4 -5
leaf_value=14.759376977344706 0.32853017403298612 -42.43555615141161 91.762909633430894 -6.6870914953424059
leaf_weight=21 11.999999999999998 32 57 102
leaf_count=21 12 32 57 102
internal_value=-0.000995556 -0.00142402 3.88881e-05 -0.00255652
internal_weight=224 203 89 114
internal_count=224 203 89 114
is_linear=0
shrinkage=0.035


Tree=110
num_leaves=4
num_cat=0
split_feature=9 10 8
split_gain=0.545215 0.339559 0.284364
threshold=10.898285388946535 10.095809459686281 8.4196133613586444
decision_type=2 2 2
left_child=1 2 -1
right_child=-2 -3 -4
leaf_value=107.92504119727306 0.12622389201442763 -12.445978052395452 -1.1481317025607147
leaf_weight=11.999999999999998 20 49 143
leaf_count=12 20 49 143
internal_value=-0.000373334 -0.000921952 -0.00011218
internal_weight=224 204 155
internal_count=224 204 155
is_linear=0
shrinkage=0.035


Tree=111
num_leaves=4
num_cat=0
split_feature=9 10 8
split_gain=0.545215 0.339559 0.284364
threshold=10.898285388946535 10.095809459686281 8.4196133613586444
decision_type=2 2 2
left_child=1 2 -1
right_child=-2 -3 -4
leaf_value=104.14766475536848 0.12180605579389099 -12.010368820561608 -1.1079470929710824
leaf_weight=11.999999999999998 20 49 143
leaf_count=12 20 49 143
internal_value=-0.000373334 -0.000921952 -0.00011218
internal_weight=224 204 155
internal_count=224 204 155
is_linear=0
shrinkage=0.035


Tree=112
num_leaves=4
num_cat=0
split_feature=9 10 8
split_gain=0.545215 0.339559 0.284364
threshold=10.898285388946535 10.095809459686281 8.4196133613586444
decision_type=2 2 2
left_child=1 2 -1
right_child=-2 -3 -4
leaf_value=100.5024964889306 0.11754284384113395 -11.590005911841951 -1.069168944717092
leaf_weight=11.999999999999998 20 49 143
leaf_count=12 20 49 143
internal_value=-0.000373334 -0.000921952 -0.00011218
internal_weight=224 204 155
internal_count=224 204 155
is_linear=0
shrinkage=0.035


Tree=113
num_leaves=4
num_cat=0
split_feature=9 10 8
split_gain=0.545215 0.339559 0.284364
threshold=10.898285388946535 10.095809459686281 8.4196133613586444
decision_type=2 2 2
left_child=1 2 -1
right_child=-2 -3 -4
leaf_value=96.984909111818027 0.11342884430666833 -11.184355704927482 -1.0317480316519887
leaf_weight=11.999999999999998 20 49 143
leaf_count=12 20 49 143
internal_value=-0.000373334 -0.000921952 -0.00011218
internal_weight=224 204 155
internal_count=224 204 155
is_linear=0
shrinkage=0.035


Tree=114
num_leaves=4
num_cat=0
split_feature=9 10 8
split_gain=0.545215 0.339559 0.284364
threshold=10.898285388946535 10.095809459686281 8.4196133613586444
decision_type=2 2 2
left_child=1 2 -1
right_child=-2 -3 -4
leaf_value=93.590437292904411 0.10945883475594688 -10.792903255255021 -0.99563685054416773
leaf_weight=11.999999999999998 20 49 143
leaf_count=12 20 49 143
internal_value=-0.000373334 -0.000921952 -0.00011218
internal_weight=224 204 155
internal_count=224 204 155
is_linear=0
shrinkage=0.035


Tree=115
num_leaves=4
num_cat=0
split_feature=9 10 8
split_gain=0.545215 0.339559 0.284364
threshold=10.898285388946535 10.095809459686281 8.4196133613586444
decision_type=2 2 2
left_child=1 2 -1
right_child=-2 -3 -4
leaf_value=90.31477198765279 0.1056277755395198 -10.415151641321099 -0.96078956077512156
leaf_weight=11.999999999999998 20 49 143
leaf_count=12 20 49 143
internal_value=-0.000373334 -0.000921952 -0.00011218
internal_weight=224 204 155
internal_count=224 204 155
is_linear=0
shrinkage=0.035


Tree=116
num_leaves=4
num_cat=0
split_feature=9 10 8
split_gain=0.545215 0.339559 0.284364
threshold=10.898285388946535 10.095809459686281 8.4196133613586444
decision_type=2 2 2
left_child=1 2 -1
right_child=-2 -3 -4
leaf_value=87.153754968084954 0.10193080339563072 -10.050621333874863 -0.92716192614799364
leaf_weight=11.999999999999998 20 49 143
leaf_count=12 20 49 143
internal_value=-0.000373334 -0.000921952 -0.00011218
internal_weight=224 204 155
internal_count=224 204 155
is_linear=0
shrinkage=0.035


Tree=117
num_leaves=4
num_cat=0
split_feature=9 10 0
split_gain=0.514299 0.387364 0.29251
threshold=10.898285388946535 10.095809459686281 5.3411884307861337
decision_type=2 2 2
left_child=1 2 -1
right_child=-2 -3 -4
leaf_value=0.31530395277694501 0.098363225276785093 -9.6988495871892404 -5.7084907963039146
leaf_weight=131 20 49 24
leaf_count=131 20 49 24
internal_value=-0.000217779 -0.00075122 0.000112179
internal_weight=224 204 155
internal_count=224 204 155
is_linear=0
shrinkage=0.035


Tree=118
num_leaves=4
num_cat=0
split_feature=9 10 17
split_gain=0.514299 0.285358 0.28622
threshold=10.898285388946535 8.8733882904052752 0.68301269412040722
decision_type=2 2 2
left_child=1 -1 -3
right_child=-2 2 -4
leaf_value=0.44628959063602452 0.09492051239207773 -9.0368755888019603 -0.28199764446706371
leaf_weight=21 20 101 82
leaf_count=21 20 101 82
internal_value=-0.000217779 -0.00075122 -0.00119837
internal_weight=224 204 183
internal_count=224 204 183
is_linear=0
shrinkage=0.035


Tree=119
num_leaves=4
num_cat=0
split_feature=9 0 3
split_gain=0.484251 0.304409 0.642605
threshold=10.898285388946535 5.3411884307861337 6.2205822467803964
decision_type=2 2 2
left_child=1 2 -1
right_child=-2 -3 -4
leaf_value=-2.8755449554867019 0.091598294458340529 -7.9033305034024686 19.123938248720073
leaf_weight=155 20 37 11.999999999999998
leaf_count=155 20 37 12
internal_value=-6.22231e-05 -0.000580489 6.24992e-05
internal_weight=224 204 167
internal_count=224 204 167
is_linear=0
shrinkage=0.035


end of trees

feature_importances:
Column_10=103
Column_9=101
Column_8=43
Column_17=42
Column_0=37
Column_2=26
Column_1=22
Column_5=18
Column_4=15
Column_3=13
Column_7=11
Column_6=8
Column_11=4
Column_12=2
Column_16=1

parameters:
[boosting: gbdt]
[objective: quantile]
[metric: quantile]
[tree_learner: serial]
[device_type: cpu]
[data_sample_strategy: bagging]
[data: ]
[valid: ]
[num_iterations: 120]
[learning_rate: 0.035]
[num_leaves: 7]
[num_threads: 1]
[seed: 20260901]
[deterministic: 1]
[force_col_wise: 0]
[force_row_wise: 0]
[histogram_pool_size: -1]
[max_depth: 3]
[min_data_in_leaf: 12]
[min_sum_hessian_in_leaf: 0.001]
[bagging_fraction: 1]
[pos_bagging_fraction: 1]
[neg_bagging_fraction: 1]
[bagging_freq: 0]
[bagging_seed: 12992]
[bagging_by_query: 0]
[feature_fraction: 1]
[feature_fraction_bynode: 1]
[feature_fraction_seed: 30141]
[extra_trees: 0]
[extra_seed: 31421]
[early_stopping_round: 0]
[early_stopping_min_delta: 0]
[first_metric_only: 0]
[max_delta_step: 0]
[lambda_l1: 0]
[lambda_l2: 1]
[linear_lambda: 0]
[min_gain_to_split: 0]
[drop_rate: 0.1]
[max_drop: 50]
[skip_drop: 0.5]
[xgboost_dart_mode: 0]
[uniform_drop: 0]
[drop_seed: 11049]
[top_rate: 0.2]
[other_rate: 0.1]
[min_data_per_group: 100]
[max_cat_threshold: 32]
[cat_l2: 10]
[cat_smooth: 10]
[max_cat_to_onehot: 4]
[top_k: 20]
[monotone_constraints: ]
[monotone_constraints_method: basic]
[monotone_penalty: 0]
[feature_contri: ]
[forcedsplits_filename: ]
[refit_decay_rate: 0.9]
[cegb_tradeoff: 1]
[cegb_penalty_split: 0]
[cegb_penalty_feature_lazy: ]
[cegb_penalty_feature_coupled: ]
[path_smooth: 0]
[interaction_constraints: ]
[verbosity: -1]
[saved_feature_importance_type: 0]
[use_quantized_grad: 0]
[num_grad_quant_bins: 4]
[quant_train_renew_leaf: 0]
[stochastic_rounding: 1]
[linear_tree: 0]
[max_bin: 255]
[max_bin_by_feature: ]
[min_data_in_bin: 3]
[bin_construct_sample_cnt: 200000]
[data_random_seed: 5023]
[is_enable_sparse: 1]
[enable_bundle: 1]
[use_missing: 1]
[zero_as_missing: 0]
[feature_pre_filter: 1]
[pre_partition: 0]
[two_round: 0]
[header: 0]
[label_column: ]
[weight_column: ]
[group_column: ]
[ignore_column: ]
[categorical_feature: ]
[forcedbins_filename: ]
[precise_float_parser: 0]
[parser_config_file: ]
[objective_seed: 6921]
[num_class: 1]
[is_unbalance: 0]
[scale_pos_weight: 1]
[sigmoid: 1]
[boost_from_average: 1]
[reg_sqrt: 0]
[alpha: 0.9]
[fair_c: 1]
[poisson_max_delta_step: 0.7]
[tweedie_variance_power: 1.5]
[lambdarank_truncation_level: 30]
[lambdarank_norm: 1]
[label_gain: ]
[lambdarank_position_bias_regularization: 0]
[eval_at: ]
[multi_error_top_k: 1]
[auc_mu_weights: ]
[num_machines: 1]
[local_listen_port: 12400]
[time_out: 120]
[machine_list_filename: ]
[machines: ]
[gpu_platform_id: -1]
[gpu_device_id: -1]
[gpu_use_dp: 0]
[num_gpu: 1]

end of parameters

pandas_categorical:null
