tree
version=v4
num_class=1
num_tree_per_iteration=1
label_index=0
max_feature_idx=17
objective=quantile
feature_names=Column_0 Column_1 Column_2 Column_3 Column_4 Column_5 Column_6 Column_7 Column_8 Column_9 Column_10 Column_11 Column_12 Column_13 Column_14 Column_15 Column_16 Column_17
feature_infos=[0:8.5515947341918945] [0:9.1901378631591797] [0:9.959773063659668] [0:8.6385250091552734] [0:9.9772491455078125] [0:10.099835395812988] [0:12.820775032043457] [0:12.820775032043457] [0:12.820775032043457] [0.28768208622932434:12.141283988952637] [0.59690970182418823:11.90333366394043] [9.3299360275268555:11.670945167541504] [-0.97492790222167969:0.97492790222167969] [-0.90096884965896606:1] [0:1] none [-1:1] [-0.5:1]
tree_sizes=724 674 751 675 752 754 767 738 757 759 770 721 658 655 656 659 799 654 751 637 732 773 675 735 736 737 748 752 747 771 772 771 699 759 601 616 679 615 524 506 600 601 502 600 603 587 619 503 521 506 508 588 508 524 588 509 509 581 510 591 599 524 618 507 745 508 588 605 603 527 529 530 530 527 531 531 525 530 509 509 613 586 632 608 509 615 527 494 605 533 533 533 532 533 533 533 533 533 532 533 534 534 534 496 496 621 495 526 496 589 593 527 591 590 590 593 592 592 593 534

Tree=0
num_leaves=7
num_cat=0
split_feature=1 17 7 6 5 4
split_gain=8.69991 1.72231 1.84547 1.40131 1.05033 0.297863
threshold=5.7492103576660165 1.0000000180025095e-35 10.203170776367189 9.9612402915954608 7.7137842178344735 5.9492979049682626
decision_type=2 2 2 2 2 2
left_child=1 5 -3 -2 -5 -1
right_child=3 2 -4 4 -6 -7
leaf_value=856.26337872743602 882.53575836181642 859.13109878540035 906.78634704589842 947.62051208496098 911.53356384277345 859.42850158691408
leaf_weight=12.000000000000002 13.999999999999998 67 30 19 65 17
leaf_count=12 14 67 30 19 65 17
internal_value=886.78 886.774 886.776 886.788 886.79 886.767
internal_weight=224 126 97 98 84 29
internal_count=224 126 97 98 84 29
is_linear=0
shrinkage=1


Tree=1
num_leaves=6
num_cat=0
split_feature=1 7 6 17 5
split_gain=8.16576 1.63229 1.58949 1.01774 0.999811
threshold=5.7492103576660165 10.734682559967043 10.037477016448976 0.25000000000000011 8.6222734451293963
decision_type=2 2 2 2 2
left_child=1 3 -2 -1 -4
right_child=2 -3 4 -5 -6
leaf_value=-26.39434203796387 -1.4828658058166515 21.861512887573245 48.966230062866224 -23.542740007781983 4.6094333282470705
leaf_weight=33 20 13.999999999999998 66 79 11.999999999999998
leaf_count=33 20 14 66 79 12
internal_value=-0.000466667 -0.00633858 0.00707071 -0.00774336 0.0093038
internal_weight=224 126 98 112 78
internal_count=224 126 98 112 78
is_linear=0
shrinkage=0.035


Tree=2
num_leaves=7
num_cat=0
split_feature=1 17 7 6 5 4
split_gain=7.83365 1.72231 1.84547 1.58949 0.999811 0.297863
threshold=5.7492103576660165 1.0000000180025095e-35 10.203170776367189 10.037477016448976 8.6222734451293963 5.9492979049682626
decision_type=2 2 2 2 2 2
left_child=1 5 -3 -2 -5 -1
right_child=3 2 -4 4 -6 -7
leaf_value=-28.5248836260314 -1.4309655026130674 -25.857339841152193 19.335400304559709 47.252412010665893 4.4481031617584232 -25.470540066635134
leaf_weight=12.000000000000002 20 67 30 66 11.999999999999998 17
leaf_count=12 20 67 30 66 12 17
internal_value=-0.000311111 -0.00606299 -0.00375 0.00707071 0.0093038 -0.0134167
internal_weight=224 126 97 98 78 29
internal_count=224 126 97 98 78 29
is_linear=0
shrinkage=0.035


Tree=3
num_leaves=6
num_cat=0
split_feature=1 7 6 17 5
split_gain=8.16576 1.63229 1.58949 1.01774 0.999811
threshold=5.7492103576660165 10.734682559967043 10.037477016448976 0.25000000000000011 8.6222734451293963
decision_type=2 2 2 2 2
left_child=1 3 -2 -1 -4
right_child=2 -3 4 -5 -6
leaf_value=-24.579071164302903 -1.3808817100216106 20.419620925848594 45.598577590292585 -21.813737213069288 4.2924195510968763
leaf_weight=33 20 13.999999999999998 66 79 11.999999999999998
leaf_count=33 20 14 66 79 12
internal_value=-0.000466667 -0.00633858 0.00707071 -0.00774336 0.0093038
internal_weight=224 126 98 112 78
internal_count=224 126 98 112 78
is_linear=0
shrinkage=0.035


Tree=4
num_leaves=7
num_cat=0
split_feature=1 17 7 6 5 4
split_gain=7.83365 1.72231 1.84547 1.58949 0.999811 0.297863
threshold=5.7492103576660165 1.0000000180025095e-35 10.203170776367189 10.037477016448976 8.6222734451293963 5.9492979049682626
decision_type=2 2 2 2 2 2
left_child=1 5 -3 -2 -5 -1
right_child=3 2 -4 4 -6 -7
leaf_value=-26.666245208369698 -1.3325508501708534 -24.18885214425444 18.683058328926485 44.002627374632354 4.1421848668084875 -23.718803673552301
leaf_weight=12.000000000000002 20 67 30 66 11.999999999999998 17
leaf_count=12 20 67 30 66 12 17
internal_value=-0.000311111 -0.00606299 -0.00375 0.00707071 0.0093038 -0.0134167
internal_weight=224 126 97 98 78 29
internal_count=224 126 97 98 78 29
is_linear=0
shrinkage=0.035


Tree=5
num_leaves=7
num_cat=0
split_feature=1 17 7 6 0 4
split_gain=7.01264 1.72231 1.84547 1.34451 0.818439 0.297863
threshold=5.7492103576660165 1.0000000180025095e-35 10.203170776367189 10.037477016448976 3.2384861707687382 5.9492979049682626
decision_type=2 2 2 2 2 2
left_child=1 5 -3 -2 -5 -1
right_child=3 2 -4 4 -6 -7
leaf_value=-25.732926626076761 -1.2859115704148742 -23.342242319205532 18.029151287414059 18.961600675309281 37.301385514176467 -22.888645544977969
leaf_weight=12.000000000000002 20 67 30 11.999999999999998 66 17
leaf_count=12 20 67 30 12 66 17
internal_value=-0.000622222 -0.00606299 -0.00375 0.00636364 0.00841772 -0.0134167
internal_weight=224 126 97 98 78 29
internal_count=224 126 97 98 78 29
is_linear=0
shrinkage=0.035


Tree=6
num_leaves=7
num_cat=0
split_feature=1 7 8 9 17 6
split_gain=6.53344 1.63229 1.30747 1.90811 1.01774 0.221538
threshold=5.7492103576660165 10.734682559967043 10.591188907623293 9.9695901870727557 0.25000000000000011 10.921458244323732
decision_type=2 2 2 2 2 2
left_child=1 4 3 -2 -1 -4
right_child=2 -3 5 -5 -6 -7
leaf_value=-22.775530408711742 35.183423703309202 18.420006856871975 30.991598026368283 -0.073093655089243162 -19.386668104390761 123.66857748748889
leaf_weight=33 21 13.999999999999998 12.000000000000002 53 79 11.999999999999998
leaf_count=33 21 14 12 53 79 12
internal_value=-0.00108889 -0.00633858 0.00565657 0.00326667 -0.00774336 0.0126
internal_weight=224 126 98 74 112 24
internal_count=224 126 98 74 112 24
is_linear=0
shrinkage=0.035


Tree=7
num_leaves=7
num_cat=0
split_feature=1 17 7 8 9 4
split_gain=6.23688 1.72231 1.84547 1.30747 1.90811 0.297863
threshold=5.7492103576660165 1.0000000180025095e-35 10.203170776367189 10.591188907623293 9.9695901870727557 5.9492979049682626
decision_type=2 2 2 2 2 2
left_child=1 5 -3 4 -2 -1
right_child=3 2 -4 -5 -6 -7
leaf_value=-24.035130629859164 33.952003873693378 -21.84673045437966 17.415047564186146 57.373488051250298 -0.070535377161120336 -21.290399386598832
leaf_weight=12.000000000000002 21 67 30 24 53 17
leaf_count=12 21 67 30 24 53 17
internal_value=-0.000933333 -0.00606299 -0.00375 0.00565657 0.00326667 -0.0134167
internal_weight=224 126 97 98 74 29
internal_count=224 126 97 98 74 29
is_linear=0
shrinkage=0.035


Tree=8
num_leaves=7
num_cat=0
split_feature=1 8 9 17 0 4
split_gain=6.62715 1.5077 1.74312 1.26714 1.5576 0.270433
threshold=5.6052544116973886 10.591188907623293 9.9695901870727557 1.0000000180025095e-35 2.6020033359527592 5.9492979049682626
decision_type=2 2 2 2 2 2
left_child=3 2 -2 5 -5 -1
right_child=1 -3 -4 4 -6 -7
leaf_value=-23.193901057814095 32.763683738114104 36.788372283476768 -0.068066638960480083 -24.439430938152313 -9.9489251649744332 -20.545235408067875
leaf_weight=12.000000000000002 23 25 57 29 63 14.999999999999998
leaf_count=12 23 25 57 29 63 15
internal_value=-0.000933333 0.00544811 0.00302469 -0.0065625 -0.00451613 -0.013125
internal_weight=224 105 80 119 92 27
internal_count=224 105 80 119 92 27
is_linear=0
shrinkage=0.035


Tree=9
num_leaves=7
num_cat=0
split_feature=1 7 8 9 17 5
split_gain=5.78515 1.63229 1.0602 1.87153 1.01774 0.0553846
threshold=5.7492103576660165 10.734682559967043 10.591188907623293 9.9501557350158709 0.25000000000000011 8.0753726959228533
decision_type=2 2 2 2 2 2
left_child=1 4 3 -2 -1 -4
right_child=2 -3 5 -5 -6 -7
leaf_value=-22.007920759441877 31.616954807280109 17.513992332909051 26.611226983729946 -0.065684306596861017 -17.595286774059691 116.04451216371135
leaf_weight=33 17 13.999999999999998 12.000000000000002 57 79 11.999999999999998
leaf_count=33 17 14 12 57 79 12
internal_value=-0.0014 -0.00633858 0.00494949 0.0028 -0.00774336 0.0112
internal_weight=224 126 98 74 112 24
internal_count=224 126 98 74 112 24
is_linear=0
shrinkage=0.035


Tree=10
num_leaves=7
num_cat=0
split_feature=1 2 17 0 17 0
split_gain=4.6389 1.46879 1.35455 0.982929 1.43491 0.766484
threshold=5.7492103576660165 6.4480974674224862 0.68301269412040722 5.1498887538909921 0.25000000000000011 3.6762205362319951
decision_type=2 2 2 2 2 2
left_child=1 2 -1 4 -2 -3
right_child=3 5 -4 -5 -6 -7
leaf_value=-22.110922729853929 -8.3865975373845192 -10.852711777250803 -11.853049759428538 34.569386309124532 24.783348132189367 67.962575025722401
leaf_weight=62 14.999999999999998 13.000000000000002 39 49 34 11.999999999999998
leaf_count=62 15 13 39 49 34 12
internal_value=-0.00108889 -0.00551181 -0.00737745 0.00459596 0.00105 0.00201923
internal_weight=224 126 101 98 49 25
internal_count=224 126 101 98 49 25
is_linear=0
shrinkage=0.035


Tree=11
num_leaves=7
num_cat=0
split_feature=1 2 17 0 17 10
split_gain=5.00364 1.05473 1.1759 0.896657 1.40388 0.78481
threshold=5.6052544116973886 6.4480974674224862 0.68301269412040722 5.1498887538909921 0.25000000000000011 9.9447727203369158
decision_type=2 2 2 2 2 2
left_child=1 2 -1 4 -2 -5
right_child=3 -3 -4 5 -6 -7
leaf_value=-21.352022378851423 -8.093066623576064 15.0618779735579 -13.858326646693753 4.9661407746684771 18.686061245414301 58.694272195092026
leaf_weight=58 17 23 38 21 37 30
leaf_count=58 17 23 38 21 37 30
internal_value=-0.00108889 -0.00597917 -0.00757732 0.00445755 0.00127273 0.00774038
internal_weight=224 119 96 105 54 51
internal_count=224 119 96 105 54 51
is_linear=0
shrinkage=0.035


Tree=12
num_leaves=6
num_cat=0
split_feature=1 6 2 10 5
split_gain=4.4239 1.56271 1.36102 1.23497 1.41098
threshold=5.9229099750518808 10.037477016448976 7.1712639331817636 10.390078544616701 8.0990986824035662
decision_type=2 2 2 2 2
left_child=3 -2 -3 4 -1
right_child=1 2 -4 -5 -6
leaf_value=-20.464827976754176 -13.150191346555106 50.031876393676704 13.099437436281637 6.7759451293528681 15.437888395868683
leaf_weight=103 17 33 39 19 12.999999999999998
leaf_count=103 17 33 39 19 13
internal_value=-0.00155556 0.00447222 0.00671233 -0.00553309 -0.00688034
internal_weight=224 89 72 135 116
internal_count=224 89 72 135 116
is_linear=0
shrinkage=0.035


Tree=13
num_leaves=6
num_cat=0
split_feature=1 7 9 8 17
split_gain=4.56699 1.47564 0.884636 1.32028 0.861415
threshold=5.7492103576660165 10.734682559967043 9.9501557350158709 10.591188907623293 0.25000000000000011
decision_type=2 2 2 2 2
left_child=1 4 -2 -4 -1
right_child=2 -3 3 -5 -6
leaf_value=-19.000171474870331 27.058087549828432 18.51716975465791 -1.5325500126115368 68.000765323166632 -15.077149863718292
leaf_weight=33 18 13.999999999999998 57 23 79
leaf_count=33 18 14 57 23 79
internal_value=-0.0014 -0.0057874 0.00424242 0.00259259 -0.00712389
internal_weight=224 126 98 80 112
internal_count=224 126 98 80 112
is_linear=0
shrinkage=0.035


Tree=14
num_leaves=6
num_cat=0
split_feature=1 7 9 8 17
split_gain=4.56699 1.47564 0.884636 1.32028 0.861415
threshold=5.7492103576660165 10.734682559967043 9.9501557350158709 10.591188907623293 0.25000000000000011
decision_type=2 2 2 2 2
left_child=1 4 -2 -4 -1
right_child=2 -3 3 -5 -6
leaf_value=-18.335165473249873 26.111054485584432 17.869068813244883 -1.4789107621701296 65.620738536855796 -14.549449618488152
leaf_weight=33 18 13.999999999999998 57 23 79
leaf_count=33 18 14 57 23 79
internal_value=-0.0014 -0.0057874 0.00424242 0.00259259 -0.00712389
internal_weight=224 126 98 80 112
internal_count=224 126 98 80 112
is_linear=0
shrinkage=0.035


Tree=15
num_leaves=6
num_cat=0
split_feature=1 7 9 5 17
split_gain=4.25022 1.47564 0.981157 1.46918 0.861415
threshold=5.7492103576660165 10.734682559967043 9.9501557350158709 8.382174491882326 0.25000000000000011
decision_type=2 2 2 2 2
left_child=1 4 -2 -4 -1
right_child=2 -3 3 -5 -6
leaf_value=-17.693434681686128 25.197167578588978 17.243651404781318 25.699226520370846 -9.5476960847080949 -14.040218881841069
leaf_weight=33 18 13.999999999999998 61 19 79
leaf_count=33 18 14 61 19 79
internal_value=-0.00155556 -0.0057874 0.00388889 0.00216049 -0.00712389
internal_weight=224 126 98 80 112
internal_count=224 126 98 80 112
is_linear=0
shrinkage=0.035


Tree=16
num_leaves=7
num_cat=0
split_feature=0 17 1 9 4 5
split_gain=3.63001 1.49887 1.72168 0.694139 0.510446 0.743257
threshold=5.3411884307861337 1.0000000180025095e-35 1.0000000180025095e-35 10.141265392303469 7.6831729412078866 8.0753726959228533
decision_type=2 2 2 2 2 2
left_child=1 3 -3 -1 5 -2
right_child=4 2 -4 -5 -6 -7
leaf_value=-8.4753304474832341 24.951566909358565 -19.233321783880665 -0.4292280817650721 -14.892395877170735 8.9569177294994056 68.790807252631907
leaf_weight=25 20 12.999999999999998 128 12.999999999999998 12.999999999999998 11.999999999999998
leaf_count=25 20 13 128 13 13 12
internal_value=-0.00155556 -0.00379167 -0.00209507 -0.00987179 0.00722826 0.00954545
internal_weight=224 179 141 38 45 32
internal_count=224 179 141 38 45 32
is_linear=0
shrinkage=0.035


Tree=17
num_leaves=6
num_cat=0
split_feature=1 10 5 6 2
split_gain=4.19952 1.15918 1.33406 0.970624 1.08383
threshold=5.9229099750518808 10.390078544616701 8.0990986824035662 10.037477016448976 7.1712639331817636
decision_type=2 2 2 2 2
left_child=1 2 -1 -2 -5
right_child=3 -3 -4 4 -6
leaf_value=-17.641143210271146 -15.417732503053962 4.6767638836433472 16.440923927616719 47.50171190166418 8.6434256089669308
leaf_weight=103 17 19 12.999999999999998 33 39
leaf_count=103 17 19 13 33 39
internal_value=-0.0014 -0.00527574 -0.0065812 0.00447222 0.00623288
internal_weight=224 135 116 89 72
internal_count=224 135 116 89 72
is_linear=0
shrinkage=0.035


Tree=18
num_leaves=7
num_cat=0
split_feature=1 2 1 9 5 0
split_gain=3.55563 1.2633 1.28131 0.981157 1.46918 0.766484
threshold=5.7492103576660165 6.4480974674224862 4.6395599842071542 9.9501557350158709 8.382174491882326 3.6762205362319951
decision_type=2 2 2 2 2 2
left_child=1 2 -1 -2 -5 -3
right_child=3 5 -4 4 -6 -7
leaf_value=-15.505089016564616 22.223565867297232 -8.122961976972233 -16.908475412503162 24.094627649751942 -9.5010236351953719 68.273430761447756
leaf_weight=56 18 13.000000000000002 45 61 19 11.999999999999998
leaf_count=56 18 13 45 61 19 12
internal_value=-0.00108889 -0.00496063 -0.00669118 0.00388889 0.00216049 0.00201923
internal_weight=224 126 101 98 80 25
internal_count=224 126 101 98 80 25
is_linear=0
shrinkage=0.035


Tree=19
num_leaves=6
num_cat=0
split_feature=1 6 10 3 2
split_gain=3.66096 1.43729 1.08577 1.2683 1.08383
threshold=5.9229099750518808 10.037477016448976 10.390078544616701 3.3807864189147954 7.1712639331817636
decision_type=2 2 2 2 2
left_child=2 -2 3 -1 -3
right_child=1 4 -4 -5 -6
leaf_value=-17.400037393505588 -15.655936670802483 44.995840017364621 5.1048737871534371 -8.1370852523991122 7.5630809072976808
leaf_weight=22 17 33 19 94 39
leaf_count=22 17 33 19 94 39
internal_value=-0.0014 0.00408333 -0.00501838 -0.00628205 0.00623288
internal_weight=224 89 135 116 72
internal_count=224 89 135 116 72
is_linear=0
shrinkage=0.035


Tree=20
num_leaves=7
num_cat=0
split_feature=2 3 17 2 7 0
split_gain=3.12078 1.68917 1.47481 2.21075 1.63798 1.29094
threshold=6.2402586936950692 5.2755572795867929 0.68301269412040722 5.4402484893798837 10.190338134765627 3.8284050226211552
decision_type=2 2 2 2 2 2
left_child=2 5 3 -1 -4 -2
right_child=1 -3 4 -5 -6 -7
leaf_value=-9.26350022040846 10.656680584043826 23.897744841880581 -14.845690732895038 -16.662053770913545 18.990135942436471 -10.179596402090363
leaf_weight=25 30 79 26 32 14.999999999999998 17
leaf_count=25 30 79 26 32 15 17
internal_value=-0.00171111 0.00192913 -0.00636364 -0.0099569 -0.00125 -0.00328125
internal_weight=224 126 98 57 41 47
internal_count=224 126 98 57 41 47
is_linear=0
shrinkage=0.035


Tree=21
num_leaves=7
num_cat=0
split_feature=1 7 5 2 17 8
split_gain=2.50835 1.25531 1.20825 1.01208 0.830949 0.559524
threshold=5.7492103576660165 10.734682559967043 8.382174491882326 6.9474508762359628 0.25000000000000011 9.9573035240173358
decision_type=2 2 2 2 2 2
left_child=1 4 3 -2 -1 -4
right_child=2 -3 5 -5 -6 -7
leaf_value=-14.475724094513097 0.039057677694177645 17.435407942263691 -13.806223846549907 47.784510621700527 -11.520154426832461 1.2822927712356529
leaf_weight=33 35 13.999999999999998 13.000000000000002 37 79 12.999999999999998
leaf_count=33 35 14 13 37 79 13
internal_value=-0.00171111 -0.00496063 0.00247475 0.00479452 -0.00619469 -0.00388889
internal_weight=224 126 98 72 112 26
internal_count=224 126 98 72 112 26
is_linear=0
shrinkage=0.035


Tree=22
num_leaves=6
num_cat=0
split_feature=1 7 9 5 17
split_gain=2.7532 1.25531 0.932557 1.43125 0.830949
threshold=5.7492103576660165 10.734682559967043 9.9150867462158221 8.382174491882326 0.25000000000000011
decision_type=2 2 2 2 2
left_child=1 4 -2 -4 -1
right_child=2 -3 3 -5 -6
leaf_value=-13.969073751205139 19.629452044918434 16.825168664284462 21.634524054822595 -5.7936616316649969 -11.116949021893323
leaf_weight=33 15.999999999999998 13.999999999999998 62 20 79
leaf_count=33 16 14 62 20 79
internal_value=-0.00155556 -0.00496063 0.00282828 0.00126506 -0.00619469
internal_weight=224 126 98 82 112
internal_count=224 126 98 82 112
is_linear=0
shrinkage=0.035


Tree=23
num_leaves=7
num_cat=0
split_feature=2 17 2 8 2 7
split_gain=2.47604 1.78073 2.21075 1.62756 1.7776 1.35227
threshold=6.2402586936950692 0.68301269412040722 5.4402484893798837 9.9573035240173358 7.0383448600769052 10.190338134765627
decision_type=2 2 2 2 2 2
left_child=1 2 -1 4 -2 -3
right_child=3 5 -4 -5 -6 -7
leaf_value=-8.1469790919887615 18.219318556717564 -13.533792936538307 -15.083313964331431 27.154422456956468 -10.38681123107172 17.126361003222002
leaf_weight=25 27 26 32 72 27 14.999999999999998
leaf_count=25 27 26 32 72 27 15
internal_value=-0.00186667 -0.0060101 -0.0099569 0.00137795 -0.00318182 -0.000416667
internal_weight=224 98 57 126 54 41
internal_count=224 98 57 126 54 41
is_linear=0
shrinkage=0.035


Tree=24
num_leaves=7
num_cat=0
split_feature=2 17 2 8 2 7
split_gain=2.47604 1.78073 2.21075 1.62756 1.7776 1.35227
threshold=6.2402586936950692 0.68301269412040722 5.4402484893798837 9.9573035240173358 7.0383448600769052 10.190338134765627
decision_type=2 2 2 2 2 2
left_child=1 2 -1 4 -2 -3
right_child=3 5 -4 -5 -6 -7
leaf_value=-7.8618348237691533 17.581642407232451 -13.060110183759468 -14.555397975579831 26.204017670962997 -10.023272837984209 16.526938368109231
leaf_weight=25 27 26 32 72 27 14.999999999999998
leaf_count=25 27 26 32 72 27 15
internal_value=-0.00186667 -0.0060101 -0.0099569 0.00137795 -0.00318182 -0.000416667
internal_weight=224 98 57 126 54 41
internal_count=224 98 57 126 54 41
is_linear=0
shrinkage=0.035


Tree=25
num_leaves=7
num_cat=0
split_feature=1 7 5 6 17 3
split_gain=2.41289 1.178 1.58015 1.23797 0.959129 1.77181
threshold=5.6052544116973886 9.9433898925781268 7.7137842178344735 10.156046867370607 0.25000000000000011 4.29036569595337
decision_type=2 2 2 2 2 2
left_child=4 3 -3 -2 -1 -6
right_child=1 2 -4 -5 5 -7
leaf_value=-13.158860521404668 -6.7798814909894833 16.444514748314749 -3.4419283130786589 60.338082151680027 -15.114206469261667 2.4418574971617875
leaf_weight=34 12.999999999999998 19 51 22 29 56
leaf_count=34 13 19 51 22 29 56
internal_value=-0.00171111 0.00214623 -0.000492958 0.00729167 -0.00510417 -0.00305233
internal_weight=224 105 70 35 119 85
internal_count=224 105 70 35 119 85
is_linear=0
shrinkage=0.035


Tree=26
num_leaves=7
num_cat=0
split_feature=1 5 5 17 3 4
split_gain=1.99201 1.30468 1.39192 0.959129 1.77181 0.895982
threshold=5.6052544116973886 8.382174491882326 8.1375122070312518 0.25000000000000011 4.29036569595337 5.8462340831756601
decision_type=2 2 2 2 2 2
left_child=3 2 -2 5 -5 -1
right_child=1 -3 -4 4 -6 -7
leaf_value=-12.631022621564684 8.8402488530038728 -2.4162996075116276 64.331479811964769 -14.585209242837509 2.3563924847611255 -13.486128060688644
leaf_weight=14.999999999999998 66 26 12.999999999999998 29 56 19
leaf_count=15 66 26 13 29 56 19
internal_value=-0.00202222 0.00148585 0.00371875 -0.00510417 -0.00305233 -0.01
internal_weight=224 105 79 119 85 34
internal_count=224 105 79 119 85 34
is_linear=0
shrinkage=0.035


Tree=27
num_leaves=7
num_cat=0
split_feature=2 17 2 12 8 7
split_gain=1.90561 1.56234 2.31233 1.50118 1.42813 1.35227
threshold=6.2402586936950692 0.68301269412040722 5.6612212657928476 0.6078576147556306 10.202630519866945 10.190338134765627
decision_type=2 2 2 2 2 2
left_child=1 2 -1 -2 -5 -3
right_child=3 5 -4 4 -6 -7
leaf_value=-7.7546093543045354 -1.6027006819266014 -12.370245614350782 -13.225683091080803 -6.8519943486599875 98.416550685000516 16.987975075148878
leaf_weight=31 92 26 26 14.999999999999998 19 14.999999999999998
leaf_count=31 92 26 26 15 19 15
internal_value=-0.00202222 -0.00565657 -0.00935345 0.000826772 0.007 -0.000416667
internal_weight=224 98 57 126 34 41
internal_count=224 98 57 126 34 41
is_linear=0
shrinkage=0.035


Tree=28
num_leaves=7
num_cat=0
split_feature=3 10 13 9 1 0
split_gain=1.84169 1.09091 1.61647 1.31858 0.980147 1.3718
threshold=5.3636121749877939 9.9447727203369158 1.0000000180025095e-35 9.9695901870727557 1.0000000180025095e-35 2.9174053668975835
decision_type=2 2 2 2 2 2
left_child=4 3 -3 -2 -1 -6
right_child=1 2 -4 -5 5 -7
leaf_value=-13.697218437330397 20.748266970185473 62.135972542413434 -1.2062256961026601 -8.8807769124758966 2.6850957223202458 -9.1139351536574189
leaf_weight=12.999999999999998 22 27 17 32 34 79
leaf_count=13 22 27 17 32 34 79
internal_value=-0.00217778 0.00141414 0.00544444 -0.00190909 -0.00496063 -0.00383772
internal_weight=224 98 44 54 126 113
internal_count=224 98 44 54 126 113
is_linear=0
shrinkage=0.035


Tree=29
num_leaves=7
num_cat=0
split_feature=1 5 3 7 6 17
split_gain=2.0526 1.28765 1.34918 1.25531 0.908929 0.830949
threshold=5.7492103576660165 7.7137842178344735 5.9648563861846933 10.734682559967043 10.186676025390627 0.25000000000000011
decision_type=2 2 2 2 2 2
left_child=3 4 -3 5 -2 -1
right_child=1 2 -4 -5 -6 -7
leaf_value=-10.728340013076963 0.21475714747266808 -6.7803709456330221 17.226244685609057 15.214521016843117 27.404391160878539 -9.2130616194036481
leaf_weight=33 13.000000000000002 29 42 13.999999999999998 13.999999999999998 79
leaf_count=33 13 29 42 14 14 79
internal_value=-0.00202222 0.00176768 -0.000729167 -0.00496063 0.008125 -0.00619469
internal_weight=224 98 71 126 27 112
internal_count=224 98 71 126 27 112
is_linear=0
shrinkage=0.035


Tree=30
num_leaves=7
num_cat=0
split_feature=2 10 9 1 1 2
split_gain=2.04154 1.5466 2.52549 0.972321 1.62054 0.399044
threshold=6.1537683010101327 10.724733352661135 10.640652656555178 4.6395599842071542 1.0000000180025095e-35 5.881904363632203
decision_type=2 2 2 2 2 2
left_child=3 2 -2 4 -1 -5
right_child=1 -3 -4 5 -6 -7
leaf_value=-12.895358635344705 -0.41497760305791165 -12.025977274687257 97.473430205757282 -11.821258623801535 0.42415295907143902 -12.869987178783353
leaf_weight=12.999999999999998 98 14.999999999999998 22 22 42 11.999999999999998
leaf_count=13 98 15 22 22 42 12
internal_value=-0.00233333 0.000386029 0.00173554 -0.00641667 -0.0034375 -0.011
internal_weight=224 135 120 89 55 34
internal_count=224 135 120 89 55 34
is_linear=0
shrinkage=0.035


Tree=31
num_leaves=7
num_cat=0
split_feature=1 5 6 7 6 17
split_gain=1.84169 1.43412 1.26413 1.25531 0.908929 0.830949
threshold=5.7492103576660165 7.7137842178344735 10.594670772552492 10.734682559967043 10.186676025390627 0.25000000000000011
decision_type=2 2 2 2 2 2
left_child=3 4 -3 5 -2 -1
right_child=1 2 -4 -5 -6 -7
leaf_value=-10.338323896512241 0.22176486341814897 -10.995134686327427 25.459103854050333 14.667167427686106 26.459761686354817 -8.4768604108914651
leaf_weight=33 13.000000000000002 34 37 13.999999999999998 13.999999999999998 79
leaf_count=33 13 34 37 14 14 79
internal_value=-0.00217778 0.00141414 -0.00121528 -0.00496063 0.008125 -0.00619469
internal_weight=224 98 71 126 27 112
internal_count=224 98 71 126 27 112
is_linear=0
shrinkage=0.035


Tree=32
num_leaves=6
num_cat=0
split_feature=2 10 9 1 1
split_gain=2.11952 1.70448 2.25368 0.789971 1.98384
threshold=6.1537683010101327 10.724733352661135 10.640652656555178 1.0000000180025095e-35 3.7256208658218388
decision_type=2 2 2 2 2
left_child=3 2 -2 -1 -5
right_child=1 -3 -4 4 -6
leaf_value=-12.147330968726441 -0.015623672929425255 -11.220238356051745 93.359650401125378 16.082495383874562 -10.988303244298649
leaf_weight=12.999999999999998 98 14.999999999999998 22 13.999999999999998 62
leaf_count=13 98 15 22 14 62
internal_value=-0.00186667 0.000900735 0.00231405 -0.00602778 -0.00454545
internal_weight=224 135 120 89 76
internal_count=224 135 120 89 76
is_linear=0
shrinkage=0.035


Tree=33
num_leaves=7
num_cat=0
split_feature=2 10 9 17 2 7
split_gain=2.04056 1.66453 2.19618 0.911779 1.62107 1.38454
threshold=6.1537683010101327 10.897946357727053 10.640652656555178 0.68301269412040722 5.4402484893798837 10.190338134765627
decision_type=2 2 2 2 2 2
left_child=3 2 -2 4 -1 -5
right_child=1 -3 -4 5 -6 -7
leaf_value=-7.2204948398170847 -0.015076844376894487 -12.82949963263839 85.464298899005541 -11.248235500085908 -11.531162949791245 14.064668205274511
leaf_weight=25 98 11.999999999999998 25 23 27 13.999999999999998
leaf_count=25 98 12 25 23 27 14
internal_value=-0.00155556 0.00115809 0.00239919 -0.00563889 -0.00858491 -0.00138158
internal_weight=224 135 123 89 52 37
internal_count=224 135 123 89 52 37
is_linear=0
shrinkage=0.035


Tree=34
num_leaves=5
num_cat=0
split_feature=5 10 9 9
split_gain=1.86118 2.12186 2.89305 0.669997
threshold=6.6431365013122567 10.724733352661135 10.640652656555178 9.9972848892211932
decision_type=2 2 2 2
left_child=3 2 -2 -1
right_child=1 -3 -4 -5
leaf_value=-11.452020181176284 -2.4410071748710718 -9.9880200862829174 87.100812175620803 -5.7071751696134285
leaf_weight=20 154 15.999999999999998 22 11.999999999999998
leaf_count=20 154 16 22 12
internal_value=-0.00186667 -0.000544041 0.00059322 -0.00954545
internal_weight=224 192 176 32
internal_count=224 192 176 32
is_linear=0
shrinkage=0.035


Tree=35
num_leaves=5
num_cat=0
split_feature=5 10 6 9
split_gain=1.78634 2.05734 2.21281 0.669997
threshold=6.6431365013122567 10.724733352661135 11.255623340606691 9.9972848892211932
decision_type=2 2 2 2
left_child=3 2 -2 -1
right_child=1 -3 -4 -5
leaf_value=-11.051199474835114 -1.5238965990446389 -9.638439383263016 128.20137963980881 -5.5074240386769588
leaf_weight=20 163 15.999999999999998 12.999999999999998 11.999999999999998
leaf_count=20 163 16 13 12
internal_value=-0.00202222 -0.000725389 0.00039548 -0.00954545
internal_weight=224 192 176 32
internal_count=224 192 176 32
is_linear=0
shrinkage=0.035


Tree=36
num_leaves=6
num_cat=0
split_feature=5 9 7 6 9
split_gain=1.93749 1.17557 1.63368 1.43074 0.669997
threshold=6.6431365013122567 9.8707509040832537 9.3281135559082049 11.255623340606691 9.9972848892211932
decision_type=2 2 2 2 2
left_child=4 2 -2 -3 -1
right_child=1 3 -4 -5 -6
leaf_value=-10.664407493215883 -6.8290058883364368 -3.3147300608128254 30.639650714887566 81.703955003770474 -5.3146641973232649
leaf_weight=20 14.999999999999998 139 20 18 11.999999999999998
leaf_count=20 15 139 20 18 12
internal_value=-0.00171111 -0.000362694 0.00534722 -0.00166139 -0.00954545
internal_weight=224 192 35 157 32
internal_count=224 192 35 157 32
is_linear=0
shrinkage=0.035


Tree=37
num_leaves=5
num_cat=0
split_feature=5 10 6 9
split_gain=1.78634 1.39334 2.27854 0.669997
threshold=6.6431365013122567 10.724733352661135 11.255623340606691 9.9972848892211932
decision_type=2 2 2 2
left_child=3 2 -2 -1
right_child=1 -3 -4 -5
leaf_value=-10.291153230953327 -1.3545446659496272 -9.1850784527203668 120.85469292728355 -5.12865095041695
leaf_weight=20 163 15.999999999999998 12.999999999999998 11.999999999999998
leaf_count=20 163 16 13 12
internal_value=-0.00202222 -0.000725389 0.00019774 -0.00954545
internal_weight=224 192 176 32
internal_count=224 192 176 32
is_linear=0
shrinkage=0.035


Tree=38
num_leaves=4
num_cat=0
split_feature=1 10 6
split_gain=1.72001 0.94622 2.44927
threshold=1.0000000180025095e-35 10.724733352661135 11.255623340606691
decision_type=2 2 2
left_child=-1 2 -2
right_child=1 -3 -4
leaf_value=-9.807428829011684 -2.3664306640903536 -8.4731232667104841 116.62477867482863
leaf_weight=12.999999999999998 181 17 12.999999999999998
leaf_count=13 181 17 13
internal_value=-0.00186667 -0.00107311 -0.000358974
internal_weight=224 211 194
internal_count=224 211 194
is_linear=0
shrinkage=0.035


Tree=39
num_leaves=4
num_cat=0
split_feature=1 7 9
split_gain=1.67493 0.924996 1.70018
threshold=1.0000000180025095e-35 8.944097042083742 9.7430677413940447
decision_type=2 2 2
left_child=-1 -2 -3
right_child=1 2 -4
leaf_value=-9.4641688199962744 27.657084865142185 20.133548186720478 -3.1068261379425612
leaf_weight=12.999999999999998 21 21 169
leaf_count=13 21 21 169
internal_value=-0.00202222 -0.00123821 -0.00201571
internal_weight=224 211 190
internal_count=224 211 190
is_linear=0
shrinkage=0.035


Tree=40
num_leaves=5
num_cat=0
split_feature=1 17 10 16
split_gain=1.67493 1.01308 1.49521 1.317
threshold=1.0000000180025095e-35 1.0000000180025095e-35 8.9941067695617694 -0.25000000000000006
decision_type=2 2 2 2
left_child=-1 2 -2 -3
right_child=1 3 -4 -5
leaf_value=-9.1329229112964043 0.43587508973102901 11.834799552331871 -9.8662627320926344 -2.1477573338033316
leaf_weight=12.999999999999998 12.999999999999998 54 30 114
leaf_count=13 13 54 30 114
internal_value=-0.00202222 -0.00123821 -0.00596591 0
internal_weight=224 211 43 168
internal_count=224 211 43 168
is_linear=0
shrinkage=0.035


Tree=41
num_leaves=5
num_cat=0
split_feature=1 11 0 3
split_gain=1.63041 0.979415 1.31544 1.08319
threshold=1.0000000180025095e-35 9.9052801132202166 5.3411884307861337 4.6249246597290048
decision_type=2 2 2 2
left_child=-1 3 -3 -2
right_child=1 2 -4 -5
leaf_value=-8.8132706094010302 -7.7704259125453747 -6.5627211225595152 14.169034302618909 27.339301249936959
leaf_weight=12.999999999999998 14.999999999999998 132 43 21
leaf_count=13 15 132 43 21
internal_value=-0.00217778 -0.0014033 -0.0024858 0.00378378
internal_weight=224 211 175 36
internal_count=224 211 175 36
is_linear=0
shrinkage=0.035


Tree=42
num_leaves=4
num_cat=0
split_feature=1 7 9
split_gain=1.63041 0.969943 1.768
threshold=1.0000000180025095e-35 8.944097042083742 9.7430677413940447
decision_type=2 2 2
left_child=-1 -2 -3
right_child=1 2 -4
leaf_value=-8.5048061380719933 26.50456414982018 18.817690885196555 -3.6856176739440913
leaf_weight=12.999999999999998 21 21 169
leaf_count=13 21 21 169
internal_value=-0.00217778 -0.0014033 -0.00219895
internal_weight=224 211 190
internal_count=224 211 190
is_linear=0
shrinkage=0.035


Tree=43
num_leaves=5
num_cat=0
split_feature=1 17 10 16
split_gain=1.67493 1.01308 1.49521 1.317
threshold=1.0000000180025095e-35 1.0000000180025095e-35 8.9941067695617694 -0.25000000000000006
decision_type=2 2 2 2
left_child=-1 2 -2 -3
right_child=1 3 -4 -5
leaf_value=-8.2071379232394737 0.66962294596689453 10.035566514848655 -9.1622516785917636 -1.8270260762571651
leaf_weight=12.999999999999998 12.999999999999998 54 30 114
leaf_count=13 13 54 30 114
internal_value=-0.00202222 -0.00123821 -0.00596591 0
internal_weight=224 211 43 168
internal_count=224 211 43 168
is_linear=0
shrinkage=0.035


Tree=44
num_leaves=5
num_cat=0
split_feature=1 17 10 16
split_gain=1.67493 1.01308 1.49521 0.967589
threshold=1.0000000180025095e-35 1.0000000180025095e-35 8.9941067695617694 -0.25000000000000006
decision_type=2 2 2 2
left_child=-1 2 -2 -3
right_child=1 3 -4 -5
leaf_value=-7.9198880959260913 0.64618614285805231 9.6843216868289552 -8.8415728698410518 -1.7630801635881672
leaf_weight=12.999999999999998 12.999999999999998 54 30 114
leaf_count=13 13 54 30 114
internal_value=-0.00202222 -0.00123821 -0.00596591 0
internal_weight=224 211 43 168
internal_count=224 211 43 168
is_linear=0
shrinkage=0.035


Tree=45
num_leaves=5
num_cat=0
split_feature=1 3 1 0
split_gain=1.72001 0.973922 1.87883 0.990567
threshold=1.0000000180025095e-35 5.2755572795867929 4.6200466156005868 4.3241107463836679
decision_type=2 2 2 2
left_child=-1 2 -2 -3
right_child=1 3 -4 -5
leaf_value=-7.6426920125686779 1.3655798207184979 -6.9533254333354817 -7.8266433688763914 13.927768439009881
leaf_weight=12.999999999999998 40 31 67 73
leaf_count=13 40 31 67 73
internal_value=-0.00186667 -0.00107311 -0.00340278 0.00133333
internal_weight=224 211 107 104
internal_count=224 211 107 104
is_linear=0
shrinkage=0.035


Tree=46
num_leaves=5
num_cat=0
split_feature=1 12 6 11
split_gain=1.63041 1.03384 1.86818 1.37355
threshold=1.0000000180025095e-35 0.87837970256805431 10.156046867370607 9.8740911483764666
decision_type=2 2 2 2
left_child=-1 3 -3 -2
right_child=1 2 -4 -5
leaf_value=-7.3751977921287741 34.696835322917245 -5.9688748651411707 60.981612133487118 -3.7738445903800373
leaf_weight=12.999999999999998 17 14.000000000000002 15.999999999999998 164
leaf_count=13 17 14 16 164
internal_value=-0.00217778 -0.0014033 0.00451613 -0.00240385
internal_weight=224 211 30 181
internal_count=224 211 30 181
is_linear=0
shrinkage=0.035


Tree=47
num_leaves=4
num_cat=0
split_feature=1 11 11
split_gain=1.58642 1.01593 1.09866
threshold=1.0000000180025095e-35 9.8740911483764666 10.134436130523683
decision_type=2 2 2
left_child=-1 -2 -3
right_child=1 2 -4
leaf_value=-7.117065869404267 33.482446086615141 -6.3497924499946521 0.1963381743586024
leaf_weight=12.999999999999998 21 91 99
leaf_count=13 21 91 99
internal_value=-0.00233333 -0.0015684 -0.0023822
internal_weight=224 211 190
internal_count=224 211 190
is_linear=0
shrinkage=0.035


Tree=48
num_leaves=4
num_cat=0
split_feature=1 7 9
split_gain=1.63041 0.969943 1.65011
threshold=1.0000000180025095e-35 8.944097042083742 9.6954321861267108
decision_type=2 2 2
left_child=-1 -2 -3
right_child=1 2 -4
leaf_value=-6.8679685639751185 24.964125748353354 38.973157251279353 -3.5340745798931046
leaf_weight=12.999999999999998 21 15.999999999999998 174
leaf_count=13 21 16 174
internal_value=-0.00217778 -0.0014033 -0.00219895
internal_weight=224 211 190
internal_count=224 211 190
is_linear=0
shrinkage=0.035


Tree=49
num_leaves=4
num_cat=0
split_feature=1 11 3
split_gain=1.67493 0.924996 1.2241
threshold=1.0000000180025095e-35 9.8740911483764666 5.2755572795867929
decision_type=2 2 2
left_child=-1 -2 -3
right_child=1 2 -4
leaf_value=-6.6275896642359884 32.434253083879874 -6.5092684776715686 0.21332699611406428
leaf_weight=12.999999999999998 21 92 98
leaf_count=13 21 92 98
internal_value=-0.00202222 -0.00123821 -0.00201571
internal_weight=224 211 190
internal_count=224 211 190
is_linear=0
shrinkage=0.035


Tree=50
num_leaves=4
num_cat=0
split_feature=1 11 11
split_gain=1.72001 0.881086 1.23731
threshold=1.0000000180025095e-35 9.8740911483764666 10.134436130523683
decision_type=2 2 2
left_child=-1 -2 -3
right_child=1 2 -4
leaf_value=-6.3956240259877291 31.299054225944079 -6.0113235488125722 0.31599057763335114
leaf_weight=12.999999999999998 21 91 99
leaf_count=13 21 91 99
internal_value=-0.00186667 -0.00107311 -0.00183246
internal_weight=224 211 190
internal_count=224 211 190
is_linear=0
shrinkage=0.035


Tree=51
num_leaves=5
num_cat=0
split_feature=1 13 9 8
split_gain=1.76563 0.847831 1.35406 1.24336
threshold=1.0000000180025095e-35 1.0000000180025095e-35 10.402953147888185 9.7892260551452654
decision_type=2 2 2 2
left_child=-1 3 -3 -2
right_child=1 2 -4 -5
leaf_value=-6.1717771850781586 10.97133048525976 -8.4312217643464749 1.7340072934915931 -1.0477456807440213
leaf_weight=12.999999999999998 33 65 25 88
leaf_count=13 33 65 25 88
internal_value=-0.00171111 -0.000908019 -0.00346154 0.0010041
internal_weight=224 211 90 121
internal_count=224 211 90 121
is_linear=0
shrinkage=0.035


Tree=52
num_leaves=4
num_cat=0
split_feature=1 11 0
split_gain=1.67493 0.924996 1.09213
threshold=1.0000000180025095e-35 9.8740911483764666 5.1498887538909921
decision_type=2 2 2
left_child=-1 -2 -3
right_child=1 2 -4
leaf_value=-5.9557649836004236 30.498680089788163 -5.5800591636322512 13.707346862246432
leaf_weight=12.999999999999998 21 141 49
leaf_count=13 21 141 49
internal_value=-0.00202222 -0.00123821 -0.00201571
internal_weight=224 211 190
internal_count=224 211 190
is_linear=0
shrinkage=0.035


Tree=53
num_leaves=4
num_cat=0
split_feature=1 7 7
split_gain=1.76563 0.838213 1.58838
threshold=1.0000000180025095e-35 8.944097042083742 9.2198643684387225
decision_type=2 2 2
left_child=-1 -2 -3
right_child=1 2 -4
leaf_value=-5.7473132091744077 24.539119243215488 -7.8693020613982636 -1.0494690665607573
leaf_weight=12.999999999999998 21 11.999999999999998 178
leaf_count=13 21 12 178
internal_value=-0.00171111 -0.000908019 -0.00164921
internal_weight=224 211 190
internal_count=224 211 190
is_linear=0
shrinkage=0.035


Tree=54
num_leaves=5
num_cat=0
split_feature=1 13 9 8
split_gain=1.76563 0.847831 1.35406 1.24336
threshold=1.0000000180025095e-35 1.0000000180025095e-35 10.402953147888185 9.7892260551452654
decision_type=2 2 2 2
left_child=-1 3 -3 -2
right_child=1 2 -4 -5
leaf_value=-5.546157246853304 9.5566115324627035 -7.6654013597182793 1.9053505262761408 -0.9972236219044448
leaf_weight=12.999999999999998 33 65 25 88
leaf_count=13 33 65 25 88
internal_value=-0.00171111 -0.000908019 -0.00346154 0.0010041
internal_weight=224 211 90 121
internal_count=224 211 90 121
is_linear=0
shrinkage=0.035


Tree=55
num_leaves=4
num_cat=0
split_feature=1 11 10
split_gain=1.72001 0.881086 1.41348
threshold=1.0000000180025095e-35 9.8740911483764666 9.9447727203369158
decision_type=2 2 2
left_child=-1 -2 -3
right_child=1 2 -4
leaf_value=-5.3520417432134382 29.736246751565343 -4.4032391007358767 1.1602384440504903
leaf_weight=12.999999999999998 21 112 78
leaf_count=13 21 112 78
internal_value=-0.00186667 -0.00107311 -0.00183246
internal_weight=224 211 190
internal_count=224 211 190
is_linear=0
shrinkage=0.035


Tree=56
num_leaves=4
num_cat=0
split_feature=1 11 10
split_gain=1.72001 0.881086 1.41348
threshold=1.0000000180025095e-35 9.8740911483764666 9.9447727203369158
decision_type=2 2 2
left_child=-1 -2 -3
right_child=1 2 -4
leaf_value=-5.1647202822009675 28.695478115260553 -4.2491257322101221 1.1196300985087231
leaf_weight=12.999999999999998 21 112 78
leaf_count=13 21 112 78
internal_value=-0.00186667 -0.00107311 -0.00183246
internal_weight=224 211 190
internal_count=224 211 190
is_linear=0
shrinkage=0.035


Tree=57
num_leaves=5
num_cat=0
split_feature=1 3 1 0
split_gain=1.8585 0.849294 1.49538 1.12567
threshold=1.0000000180025095e-35 5.2755572795867929 4.6200466156005868 4.4358930587768564
decision_type=2 2 2 2
left_child=-1 2 -2 -3
right_child=1 3 -4 -5
leaf_value=-4.9839550723239343 2.3450089043154114 -5.2850647519195011 -6.6014171177398051 13.602056735317197
leaf_weight=12.999999999999998 40 33 67 71
leaf_count=13 40 33 67 71
internal_value=-0.0014 -0.00057783 -0.00275463 0.00166667
internal_weight=224 211 107 104
internal_count=224 211 107 104
is_linear=0
shrinkage=0.035


Tree=58
num_leaves=4
num_cat=0
split_feature=1 11 10
split_gain=1.67493 0.924996 1.21493
threshold=1.0000000180025095e-35 9.8740911483764666 9.9447727203369158
decision_type=2 2 2
left_child=-1 -2 -3
right_child=1 2 -4
leaf_value=-4.8095166447925966 27.529624072751211 -3.9715442388242721 0.84024417229396853
leaf_weight=12.999999999999998 21 112 78
leaf_count=13 21 112 78
internal_value=-0.00202222 -0.00123821 -0.00201571
internal_weight=224 211 190
internal_count=224 211 190
is_linear=0
shrinkage=0.035


Tree=59
num_leaves=5
num_cat=0
split_feature=1 13 9 9
split_gain=1.72001 1.00002 0.991425 0.921799
threshold=1.0000000180025095e-35 1.0000000180025095e-35 10.402953147888185 9.7617106437683123
decision_type=2 2 2 2
left_child=-1 3 -3 -2
right_child=1 2 -4 -5
leaf_value=-4.641183562224855 34.166422240692846 -7.0373508062672192 1.8985231042999342 -0.21015562834275758
leaf_weight=12.999999999999998 19 65 25 102
leaf_count=13 19 65 25 102
internal_value=-0.00186667 -0.00107311 -0.00384615 0.0010041
internal_weight=224 211 90 121
internal_count=224 211 90 121
is_linear=0
shrinkage=0.035


Tree=60
num_leaves=5
num_cat=0
split_feature=1 17 10 10
split_gain=1.67493 1.01308 1.25822 1.19659
threshold=1.0000000180025095e-35 1.0000000180025095e-35 10.724733352661135 9.031102657318117
decision_type=2 2 2 2
left_child=-1 3 -3 -2
right_child=1 2 -4 -5
leaf_value=-4.4787421375469849 2.5254957608410304 0.52840538159287465 -6.3358968605807817 -6.1534687864298476
leaf_weight=12.999999999999998 13.999999999999998 151 17 29
leaf_count=13 14 151 17 29
internal_value=-0.00202222 -0.00123821 0 -0.00596591
internal_weight=224 211 168 43
internal_count=224 211 168 43
is_linear=0
shrinkage=0.035


Tree=61
num_leaves=4
num_cat=0
split_feature=1 10 6
split_gain=1.72001 0.94622 2.44927
threshold=1.0000000180025095e-35 10.724733352661135 11.255623340606691
decision_type=2 2 2
left_child=-1 2 -2
right_child=1 -3 -4
leaf_value=-4.3219861627328404 -1.4540284437829767 -6.1141404704604545 110.4814747407152
leaf_weight=12.999999999999998 181 17 12.999999999999998
leaf_count=13 181 17 13
internal_value=-0.00186667 -0.00107311 -0.000358974
internal_weight=224 211 194
internal_count=224 211 194
is_linear=0
shrinkage=0.035


Tree=62
num_leaves=5
num_cat=0
split_feature=1 12 6 5
split_gain=1.67493 0.977447 1.86818 1.25713
threshold=1.0000000180025095e-35 0.87837970256805431 10.156046867370607 7.5693635940551767
decision_type=2 2 2 2
left_child=-1 3 -3 -2
right_child=1 2 -4 -5
leaf_value=-4.1707166470371906 0.37834677000801381 -4.0158456848575499 52.31790204661889 -3.5084937301836434
leaf_weight=12.999999999999998 88 14.000000000000002 15.999999999999998 93
leaf_count=13 88 14 16 93
internal_value=-0.00202222 -0.00123821 0.00451613 -0.00221154
internal_weight=224 211 30 181
internal_count=224 211 30 181
is_linear=0
shrinkage=0.035


Tree=63
num_leaves=4
num_cat=0
split_feature=1 7 7
split_gain=1.67493 0.924996 1.30415
threshold=1.0000000180025095e-35 8.944097042083742 10.203170776367189
decision_type=2 2 2
left_child=-1 -2 -3
right_child=1 2 -4
leaf_value=-4.0247415643908893 23.550383757017073 -3.2667589646702915 0.95427854142245061
leaf_weight=12.999999999999998 21 106 84
leaf_count=13 21 106 84
internal_value=-0.00202222 -0.00123821 -0.00201571
internal_weight=224 211 190
internal_count=224 211 190
is_linear=0
shrinkage=0.035


Tree=64
num_leaves=7
num_cat=0
split_feature=3 12 2 9 0 1
split_gain=1.88812 1.21806 1.08826 1.05308 1.92985 0.929414
threshold=5.3636121749877939 0.87837970256805431 7.5326063632965097 10.057101726531984 3.7726949453353886 1.0000000180025095e-35
decision_type=2 2 2 2 2 2
left_child=3 2 -2 5 -5 -1
right_child=1 -3 -4 4 -6 -7
leaf_value=-4.007409648495484 0.7382294348554993 40.775666019379365 -5.789078453364664 2.535303614999648 -8.1315738209163548 -4.8331631699439619
leaf_weight=11.999999999999998 64 15.999999999999998 18 36 22 56
leaf_count=12 64 16 18 36 22 56
internal_value=-0.00186667 0.00176768 0 -0.00468504 -0.00118644 -0.0076087
internal_weight=224 98 82 126 58 68
internal_count=224 98 82 126 58 68
is_linear=0
shrinkage=0.035


Tree=65
num_leaves=4
num_cat=0
split_feature=1 10 9
split_gain=1.58642 0.827498 2.10178
threshold=1.0000000180025095e-35 10.724733352661135 10.530126094818117
decision_type=2 2 2
left_child=-1 2 -2
right_child=1 -3 -4
leaf_value=-3.743616271939866 -2.7171243287866425 -5.5261429386556262 49.465379179549004
leaf_weight=12.999999999999998 158 17 36
leaf_count=13 158 17 36
internal_value=-0.00233333 -0.0015684 -0.000897436
internal_weight=224 211 194
internal_count=224 211 194
is_linear=0
shrinkage=0.035


Tree=66
num_leaves=5
num_cat=0
split_feature=1 3 6 0
split_gain=1.72001 0.973922 1.45272 0.990567
threshold=1.0000000180025095e-35 5.2755572795867929 9.7892260551452654 4.3241107463836679
decision_type=2 2 2 2
left_child=-1 2 -2 -3
right_child=1 3 -4 -5
leaf_value=-3.6125897024219706 0.52052402785201257 -6.4953638205153377 -5.4085431721249551 13.463399905002829
leaf_weight=12.999999999999998 59 31 48 73
leaf_count=13 59 31 48 73
internal_value=-0.00186667 -0.00107311 -0.00340278 0.00133333
internal_weight=224 211 107 104
internal_count=224 211 107 104
is_linear=0
shrinkage=0.035


Tree=67
num_leaves=5
num_cat=0
split_feature=1 10 10 2
split_gain=1.50009 0.826295 1.71696 1.51565
threshold=1.0000000180025095e-35 9.9447727203369158 10.724733352661135 5.2932541370391855
decision_type=2 2 2 2
left_child=-1 3 -3 -2
right_child=1 2 -4 -5
leaf_value=-3.4861490628372014 13.901556322907544 22.714265709529197 -5.3151804010658035 -3.9968263321246345
leaf_weight=12.999999999999998 15.999999999999998 65 17 113
leaf_count=13 16 65 17 113
internal_value=-0.00264444 -0.00189858 0.000843373 -0.00363462
internal_weight=224 211 82 129
internal_count=224 211 82 129
is_linear=0
shrinkage=0.035


Tree=68
num_leaves=5
num_cat=0
split_feature=1 3 4 10
split_gain=1.41594 0.958822 1.30177 0.84324
threshold=1.0000000180025095e-35 5.6952996253967294 5.1782996654510507 9.9447727203369158
decision_type=2 2 2 2
left_child=-1 2 -2 -3
right_child=1 3 -4 -5
leaf_value=-3.3641338456378995 2.684287424214411 -2.1936310522099949 -4.0189814944616957 39.047524529102354
leaf_weight=12.999999999999998 14.999999999999998 40 120 36
leaf_count=13 15 40 120 36
internal_value=-0.00295556 -0.00222877 -0.00398897 0.000909091
internal_weight=224 211 135 76
internal_count=224 211 135 76
is_linear=0
shrinkage=0.035


Tree=69
num_leaves=4
num_cat=0
split_feature=1 17 9
split_gain=1.50009 1.06884 0.735758
threshold=1.0000000180025095e-35 -0.25000000000000006 10.530126094818117
decision_type=2 2 2
left_child=-1 -2 -3
right_child=1 2 -4
leaf_value=-3.2463891610405731 -4.8317645723144604 -1.2518240284794002 14.939405438295861
leaf_weight=12.999999999999998 12.999999999999998 145 53
leaf_count=13 13 145 53
internal_value=-0.00264444 -0.00189858 -0.00123116
internal_weight=224 211 198
internal_count=224 211 198
is_linear=0
shrinkage=0.035


Tree=70
num_leaves=4
num_cat=0
split_feature=1 17 10
split_gain=1.50009 1.06884 0.913109
threshold=1.0000000180025095e-35 -0.25000000000000006 10.724733352661135
decision_type=2 2 2
left_child=-1 -2 -3
right_child=1 2 -4
leaf_value=-3.132765540404153 -4.6626528122834543 -0.11351517893956499 -6.1205673291045386
leaf_weight=12.999999999999998 12.999999999999998 181 17
leaf_count=13 13 181 17
internal_value=-0.00264444 -0.00189858 -0.00123116
internal_weight=224 211 198
internal_count=224 211 198
is_linear=0
shrinkage=0.035


Tree=71
num_leaves=4
num_cat=0
split_feature=1 17 10
split_gain=1.50009 1.06884 0.913109
threshold=1.0000000180025095e-35 -0.25000000000000006 10.724733352661135
decision_type=2 2 2
left_child=-1 -2 -3
right_child=1 2 -4
leaf_value=-3.0231187464900078 -4.4994599638535329 -0.10954214767668419 -5.9063474725858818
leaf_weight=12.999999999999998 12.999999999999998 181 17
leaf_count=13 13 181 17
internal_value=-0.00264444 -0.00189858 -0.00123116
internal_weight=224 211 198
internal_count=224 211 198
is_linear=0
shrinkage=0.035


Tree=72
num_leaves=4
num_cat=0
split_feature=1 17 10
split_gain=1.50009 1.06884 0.913109
threshold=1.0000000180025095e-35 -0.25000000000000006 10.724733352661135
decision_type=2 2 2
left_child=-1 -2 -3
right_child=1 2 -4
leaf_value=-2.9173095903628576 -4.3419788651186586 -0.10570817250800248 -5.6996253110453781
leaf_weight=12.999999999999998 12.999999999999998 181 17
leaf_count=13 13 181 17
internal_value=-0.00264444 -0.00189858 -0.00123116
internal_weight=224 211 198
internal_count=224 211 198
is_linear=0
shrinkage=0.035


Tree=73
num_leaves=4
num_cat=0
split_feature=1 17 9
split_gain=1.54298 1.10729 0.664098
threshold=1.0000000180025095e-35 -0.25000000000000006 10.530126094818117
decision_type=2 2 2
left_child=-1 -2 -3
right_child=1 2 -4
leaf_value=-2.8152037547001574 -4.1900096048395055 -1.1965033950132784 15.036955151901255
leaf_weight=12.999999999999998 12.999999999999998 145 53
leaf_count=13 13 145 53
internal_value=-0.00248889 -0.00173349 -0.00105528
internal_weight=224 211 198
internal_count=224 211 198
is_linear=0
shrinkage=0.035


Tree=74
num_leaves=4
num_cat=0
split_feature=1 17 10
split_gain=1.54298 1.10729 0.956458
threshold=1.0000000180025095e-35 -0.25000000000000006 10.724733352661135
decision_type=2 2 2
left_child=-1 -2 -3
right_child=1 2 -4
leaf_value=-2.7166716232856514 -4.0433592686701214 -0.060130767644759553 -6.0264318554753382
leaf_weight=12.999999999999998 12.999999999999998 181 17
leaf_count=13 13 181 17
internal_value=-0.00248889 -0.00173349 -0.00105528
internal_weight=224 211 198
internal_count=224 211 198
is_linear=0
shrinkage=0.035


Tree=75
num_leaves=4
num_cat=0
split_feature=1 17 10
split_gain=1.54298 1.10729 0.956458
threshold=1.0000000180025095e-35 -0.25000000000000006 10.724733352661135
decision_type=2 2 2
left_child=-1 -2 -3
right_child=1 2 -4
leaf_value=-2.6215881164706536 -3.9018416942666665 -0.058026190777193287 -5.8155067405337038
leaf_weight=12.999999999999998 12.999999999999998 181 17
leaf_count=13 13 181 17
internal_value=-0.00248889 -0.00173349 -0.00105528
internal_weight=224 211 198
internal_count=224 211 198
is_linear=0
shrinkage=0.035


Tree=76
num_leaves=4
num_cat=0
split_feature=1 17 9
split_gain=1.58642 1.14635 0.596087
threshold=1.0000000180025095e-35 -0.25000000000000006 10.530126094818117
decision_type=2 2 2
left_child=-1 -2 -3
right_child=1 2 -4
leaf_value=-2.529832532394181 -3.765277234967332 -1.1504902826430499 14.925129572445021
leaf_weight=12.999999999999998 12.999999999999998 145 53
leaf_count=13 13 145 53
internal_value=-0.00233333 -0.0015684 -0.000879397
internal_weight=224 211 198
internal_count=224 211 198
is_linear=0
shrinkage=0.035


Tree=77
num_leaves=4
num_cat=0
split_feature=1 17 10
split_gain=1.54298 1.10729 0.956458
threshold=1.0000000180025095e-35 -0.25000000000000006 10.724733352661135
decision_type=2 2 2
left_child=-1 -2 -3
right_child=1 2 -4
leaf_value=-2.4412883937603849 -3.6334925317434745 -0.015728114207481669 -6.134343539650601
leaf_weight=12.999999999999998 12.999999999999998 181 17
leaf_count=13 13 181 17
internal_value=-0.00248889 -0.00173349 -0.00105528
internal_weight=224 211 198
internal_count=224 211 198
is_linear=0
shrinkage=0.035


Tree=78
num_leaves=4
num_cat=0
split_feature=1 10 9
split_gain=1.58642 0.827498 2.10178
threshold=1.0000000180025095e-35 10.724733352661135 10.530126094818117
decision_type=2 2 2
left_child=-1 2 -2
right_child=1 -3 -4
leaf_value=-2.3558432999787713 -2.0961138157779198 -5.9196415157628275 43.545849867556484
leaf_weight=12.999999999999998 158 17 36
leaf_count=13 158 17 36
internal_value=-0.00233333 -0.0015684 -0.000897436
internal_weight=224 211 194
internal_count=224 211 194
is_linear=0
shrinkage=0.035


Tree=79
num_leaves=4
num_cat=0
split_feature=1 10 9
split_gain=1.76563 0.98744 1.72171
threshold=1.0000000180025095e-35 10.724733352661135 10.530126094818117
decision_type=2 2 2
left_child=-1 2 -2
right_child=1 -3 -4
leaf_value=-2.273388784479514 -2.0227498322256925 -5.7124540627111289 42.021745122192002
leaf_weight=12.999999999999998 158 17 36
leaf_count=13 158 17 36
internal_value=-0.00171111 -0.000908019 -0.000179487
internal_weight=224 211 194
internal_count=224 211 194
is_linear=0
shrinkage=0.035


Tree=80
num_leaves=5
num_cat=0
split_feature=1 11 3 3
split_gain=1.81179 0.92879 1.00914 0.129231
threshold=1.0000000180025095e-35 9.878110885620119 5.2755572795867929 4.9697892665863046
decision_type=2 2 2 2
left_child=-1 3 -3 -2
right_child=1 2 -4 -5
leaf_value=-2.1938201770227312 79.906119751338039 -3.9923863663287871 0.12059951902708918 4.8545937970834832
leaf_weight=12.999999999999998 12.000000000000002 90 97 11.999999999999998
leaf_count=13 12 90 97 12
internal_value=-0.00155556 -0.000742925 -0.00158245 0.0056
internal_weight=224 211 187 24
internal_count=224 211 187 24
is_linear=0
shrinkage=0.035


Tree=81
num_leaves=5
num_cat=0
split_feature=1 3 6 0
split_gain=1.76563 0.84534 1.20933 0.990567
threshold=1.0000000180025095e-35 5.2755572795867929 9.7892260551452654 4.3241107463836679
decision_type=2 2 2 2
left_child=-1 2 -2 -3
right_child=1 3 -4 -5
leaf_value=-2.1170364708269358 0.27401587957758239 -5.822700180554401 -4.9823072075300594 13.490937551019735
leaf_weight=12.999999999999998 59 31 48 73
leaf_count=13 59 31 48 73
internal_value=-0.00171111 -0.000908019 -0.0030787 0.00133333
internal_weight=224 211 107 104
internal_count=224 211 107 104
is_linear=0
shrinkage=0.035


Tree=82
num_leaves=5
num_cat=0
split_feature=1 11 17 3
split_gain=1.54298 1.2383 1.31751 0.129231
threshold=1.0000000180025095e-35 9.878110885620119 -0.25000000000000006 4.9697892665863046
decision_type=2 2 2 2
left_child=-1 3 -3 -2
right_child=1 2 -4 -5
leaf_value=-2.0429401943479926 77.191800658280371 -3.7238392346501907 -1.4419162085248014 4.8884775205049671
leaf_weight=12.999999999999998 12.000000000000002 11.999999999999998 175 11.999999999999998
leaf_count=13 12 12 175 12
internal_value=-0.00248889 -0.00173349 -0.00269947 0.0056
internal_weight=224 211 187 24
internal_count=224 211 187 24
is_linear=0
shrinkage=0.035


Tree=83
num_leaves=5
num_cat=0
split_feature=1 17 10 10
split_gain=1.50009 1.07148 1.43295 1.08655
threshold=1.0000000180025095e-35 1.0000000180025095e-35 9.031102657318117 10.724733352661135
decision_type=2 2 2 2
left_child=-1 2 -2 -3
right_child=1 3 -4 -5
leaf_value=-1.971437287545813 2.5402241460174606 0.3148923910907388 -4.1670098556547899 -5.1479368281328099
leaf_weight=12.999999999999998 13.999999999999998 151 29 17
leaf_count=13 14 151 29 17
internal_value=-0.00264444 -0.00189858 -0.00676136 -0.000621302
internal_weight=224 211 43 168
internal_count=224 211 43 168
is_linear=0
shrinkage=0.035


Tree=84
num_leaves=4
num_cat=0
split_feature=1 10 9
split_gain=1.58642 0.827498 2.10178
threshold=1.0000000180025095e-35 10.724733352661135 10.530126094818117
decision_type=2 2 2
left_child=-1 2 -2
right_child=1 -3 -4
leaf_value=-1.9024369824817096 -1.6946071610795579 -4.9677590391481639 40.114026079073831
leaf_weight=12.999999999999998 158 17 36
leaf_count=13 158 17 36
internal_value=-0.00233333 -0.0015684 -0.000897436
internal_weight=224 211 194
internal_count=224 211 194
is_linear=0
shrinkage=0.035


Tree=85
num_leaves=5
num_cat=0
split_feature=1 11 9 3
split_gain=1.72001 1.02714 1.25892 0.129231
threshold=1.0000000180025095e-35 9.878110885620119 10.079642772674562 4.9697892665863046
decision_type=2 2 2 2
left_child=-1 3 -3 -2
right_child=1 2 -4 -5
leaf_value=-1.8358516880948497 74.499434346478949 -3.1447267049441776 0.029053763487351749 4.7656708242369037
leaf_weight=12.999999999999998 12.000000000000002 71 116 11.999999999999998
leaf_count=13 12 71 116 12
internal_value=-0.00186667 -0.00107311 -0.00195479 0.0056
internal_weight=224 211 187 24
internal_count=224 211 187 24
is_linear=0
shrinkage=0.035


Tree=86
num_leaves=4
num_cat=0
split_feature=1 17 9
split_gain=1.72001 0.720934 0.6689
threshold=1.0000000180025095e-35 -0.25000000000000006 9.9972848892211932
decision_type=2 2 2
left_child=-1 -2 -3
right_child=1 2 -4
leaf_value=-1.77159687901153 -3.1635582029249103 -1.4824501829879346 0.091971787294788221
leaf_weight=12.999999999999998 12.999999999999998 67 131
leaf_count=13 13 67 131
internal_value=-0.00186667 -0.00107311 -0.000527638
internal_weight=224 211 198
internal_count=224 211 198
is_linear=0
shrinkage=0.035


Tree=87
num_leaves=4
num_cat=0
split_feature=1 10 9
split_gain=1.8585 0.622773 1.65053
threshold=1.0000000180025095e-35 10.724733352661135 10.640652656555178
decision_type=2 2 2
left_child=-1 2 -2
right_child=1 -3 -4
leaf_value=-1.7095909882461264 -1.3749208028567865 -4.7981233670553545 57.502586665405779
leaf_weight=12.999999999999998 170 17 24
leaf_count=13 170 17 24
internal_value=-0.0014 -0.00057783 0
internal_weight=224 211 194
internal_count=224 211 194
is_linear=0
shrinkage=0.035


Tree=88
num_leaves=5
num_cat=0
split_feature=1 12 6 2
split_gain=1.90575 0.718791 1.32514 1.14907
threshold=1.0000000180025095e-35 0.87837970256805431 10.136932373046877 7.5326063632965097
decision_type=2 2 2 2
left_child=-1 3 -3 -2
right_child=1 2 -4 -5
leaf_value=-1.6497553036575119 -0.063713459791134436 -2.9215574142088165 36.630170412332447 -10.719956554498927
leaf_weight=12.999999999999998 160 13.000000000000002 17 21
leaf_count=13 160 13 17 21
internal_value=-0.00124444 -0.000412736 0.00451613 -0.00125
internal_weight=224 211 30 181
internal_count=224 211 30 181
is_linear=0
shrinkage=0.035


Tree=89
num_leaves=4
num_cat=0
split_feature=1 17 10
split_gain=1.81179 0.784506 0.709871
threshold=1.0000000180025095e-35 -0.25000000000000006 10.724733352661135
decision_type=2 2 2
left_child=-1 -2 -3
right_child=1 2 -4
leaf_value=-1.5920138680294988 -3.0024814666298614 0.082623417474746649 -4.6279590781157278
leaf_weight=12.999999999999998 12.999999999999998 181 17
leaf_count=13 13 181 17
internal_value=-0.00155556 -0.000742925 -0.000175879
internal_weight=224 211 198
internal_count=224 211 198
is_linear=0
shrinkage=0.035


Tree=90
num_leaves=4
num_cat=0
split_feature=1 17 10
split_gain=1.81179 0.784506 0.709871
threshold=1.0000000180025095e-35 -0.25000000000000006 10.724733352661135
decision_type=2 2 2
left_child=-1 -2 -3
right_child=1 2 -4
leaf_value=-1.5362933826484666 -2.8973946152978161 0.079731597863130915 -4.4659805103816774
leaf_weight=12.999999999999998 12.999999999999998 181 17
leaf_count=13 13 181 17
internal_value=-0.00155556 -0.000742925 -0.000175879
internal_weight=224 211 198
internal_count=224 211 198
is_linear=0
shrinkage=0.035


Tree=91
num_leaves=4
num_cat=0
split_feature=1 17 10
split_gain=1.81179 0.784506 0.709871
threshold=1.0000000180025095e-35 -0.25000000000000006 10.724733352661135
decision_type=2 2 2
left_child=-1 -2 -3
right_child=1 2 -4
leaf_value=-1.4825231142557702 -2.7959858037623926 0.076940991937920852 -4.3096711925183158
leaf_weight=12.999999999999998 12.999999999999998 181 17
leaf_count=13 13 181 17
internal_value=-0.00155556 -0.000742925 -0.000175879
internal_weight=224 211 198
internal_count=224 211 198
is_linear=0
shrinkage=0.035


Tree=92
num_leaves=4
num_cat=0
split_feature=1 17 10
split_gain=1.81179 0.784506 0.709871
threshold=1.0000000180025095e-35 -0.25000000000000006 10.724733352661135
decision_type=2 2 2
left_child=-1 -2 -3
right_child=1 2 -4
leaf_value=-1.4306348052568183 -2.698126300630709 0.074248057220093255 -4.1588327007801711
leaf_weight=12.999999999999998 12.999999999999998 181 17
leaf_count=13 13 181 17
internal_value=-0.00155556 -0.000742925 -0.000175879
internal_weight=224 211 198
internal_count=224 211 198
is_linear=0
shrinkage=0.035


Tree=93
num_leaves=4
num_cat=0
split_feature=1 17 10
split_gain=1.81179 0.784506 0.709871
threshold=1.0000000180025095e-35 -0.25000000000000006 10.724733352661135
decision_type=2 2 2
left_child=-1 -2 -3
right_child=1 2 -4
leaf_value=-1.3805625870728297 -2.6036918801086344 0.071649375217390635 -4.0132735562528685
leaf_weight=12.999999999999998 12.999999999999998 181 17
leaf_count=13 13 181 17
internal_value=-0.00155556 -0.000742925 -0.000175879
internal_weight=224 211 198
internal_count=224 211 198
is_linear=0
shrinkage=0.035


Tree=94
num_leaves=4
num_cat=0
split_feature=1 17 10
split_gain=1.81179 0.784506 0.709871
threshold=1.0000000180025095e-35 -0.25000000000000006 10.724733352661135
decision_type=2 2 2
left_child=-1 -2 -3
right_child=1 2 -4
leaf_value=-1.3322428965252806 -2.5125626643048324 0.069141647084780974 -3.8728089817840172
leaf_weight=12.999999999999998 12.999999999999998 181 17
leaf_count=13 13 181 17
internal_value=-0.00155556 -0.000742925 -0.000175879
internal_weight=224 211 198
internal_count=224 211 198
is_linear=0
shrinkage=0.035


Tree=95
num_leaves=4
num_cat=0
split_feature=1 17 10
split_gain=1.81179 0.784506 0.709871
threshold=1.0000000180025095e-35 -0.25000000000000006 10.724733352661135
decision_type=2 2 2
left_child=-1 -2 -3
right_child=1 2 -4
leaf_value=-1.2856143951468959 -2.4246229710541631 0.066721689436813281 -3.7372606674215803
leaf_weight=12.999999999999998 12.999999999999998 181 17
leaf_count=13 13 181 17
internal_value=-0.00155556 -0.000742925 -0.000175879
internal_weight=224 211 198
internal_count=224 211 198
is_linear=0
shrinkage=0.035


Tree=96
num_leaves=4
num_cat=0
split_feature=1 17 10
split_gain=1.81179 0.784506 0.709871
threshold=1.0000000180025095e-35 -0.25000000000000006 10.724733352661135
decision_type=2 2 2
left_child=-1 -2 -3
right_child=1 2 -4
leaf_value=-1.2406178913167545 -2.3397611670672673 0.064386430306525147 -3.6064565440618224
leaf_weight=12.999999999999998 12.999999999999998 181 17
leaf_count=13 13 181 17
internal_value=-0.00155556 -0.000742925 -0.000175879
internal_weight=224 211 198
internal_count=224 211 198
is_linear=0
shrinkage=0.035


Tree=97
num_leaves=4
num_cat=0
split_feature=1 17 10
split_gain=1.81179 0.784506 0.709871
threshold=1.0000000180025095e-35 -0.25000000000000006 10.724733352661135
decision_type=2 2 2
left_child=-1 -2 -3
right_child=1 2 -4
leaf_value=-1.1971962651206682 -2.2578695262199129 0.062132905245797197 -3.4802305650196605
leaf_weight=12.999999999999998 12.999999999999998 181 17
leaf_count=13 13 181 17
internal_value=-0.00155556 -0.000742925 -0.000175879
internal_weight=224 211 198
internal_count=224 211 198
is_linear=0
shrinkage=0.035


Tree=98
num_leaves=4
num_cat=0
split_feature=1 17 10
split_gain=1.81179 0.784506 0.709871
threshold=1.0000000180025095e-35 -0.25000000000000006 10.724733352661135
decision_type=2 2 2
left_child=-1 -2 -3
right_child=1 2 -4
leaf_value=-1.155294395841445 -2.1788440928022159 0.059958253562194565 -3.3584224952439743
leaf_weight=12.999999999999998 12.999999999999998 181 17
leaf_count=13 13 181 17
internal_value=-0.00155556 -0.000742925 -0.000175879
internal_weight=224 211 198
internal_count=224 211 198
is_linear=0
shrinkage=0.035


Tree=99
num_leaves=4
num_cat=0
split_feature=1 17 10
split_gain=1.81179 0.784506 0.709871
threshold=1.0000000180025095e-35 -0.25000000000000006 10.724733352661135
decision_type=2 2 2
left_child=-1 -2 -3
right_child=1 2 -4
leaf_value=-1.1148590919869943 -2.1025845495541384 0.057859714687518542 -3.2408777079104349
leaf_weight=12.999999999999998 12.999999999999998 181 17
leaf_count=13 13 181 17
internal_value=-0.00155556 -0.000742925 -0.000175879
internal_weight=224 211 198
internal_count=224 211 198
is_linear=0
shrinkage=0.035


Tree=100
num_leaves=4
num_cat=0
split_feature=1 17 10
split_gain=1.81179 0.784506 0.709871
threshold=1.0000000180025095e-35 -0.25000000000000006 10.724733352661135
decision_type=2 2 2
left_child=-1 -2 -3
right_child=1 2 -4
leaf_value=-1.0758390237674496 -2.0289940903197436 0.055834624673454701 -3.1274469881335714
leaf_weight=12.999999999999998 12.999999999999998 181 17
leaf_count=13 13 181 17
internal_value=-0.00155556 -0.000742925 -0.000175879
internal_weight=224 211 198
internal_count=224 211 198
is_linear=0
shrinkage=0.035


Tree=101
num_leaves=4
num_cat=0
split_feature=1 17 10
split_gain=1.81179 0.784506 0.709871
threshold=1.0000000180025095e-35 -0.25000000000000006 10.724733352661135
decision_type=2 2 2
left_child=-1 -2 -3
right_child=1 2 -4
leaf_value=-1.0381846579355889 -1.9579792971585526 0.053880412809882906 -3.0179863435488929
leaf_weight=12.999999999999998 12.999999999999998 181 17
leaf_count=13 13 181 17
internal_value=-0.00155556 -0.000742925 -0.000175879
internal_weight=224 211 198
internal_count=224 211 198
is_linear=0
shrinkage=0.035


Tree=102
num_leaves=4
num_cat=0
split_feature=1 17 10
split_gain=1.81179 0.784506 0.709871
threshold=1.0000000180025095e-35 -0.25000000000000006 10.724733352661135
decision_type=2 2 2
left_child=-1 -2 -3
right_child=1 2 -4
leaf_value=-1.0018481949078433 -1.8894500217580033 0.051994598361537789 -2.9123568215246793
leaf_weight=12.999999999999998 12.999999999999998 181 17
leaf_count=13 13 181 17
internal_value=-0.00155556 -0.000742925 -0.000175879
internal_weight=224 211 198
internal_count=224 211 198
is_linear=0
shrinkage=0.035


Tree=103
num_leaves=4
num_cat=0
split_feature=1 10 9
split_gain=1.8585 0.622773 1.65053
threshold=1.0000000180025095e-35 10.724733352661135 10.640652656555178
decision_type=2 2 2
left_child=-1 2 -2
right_child=1 -3 -4
leaf_value=-0.96678350808606872 -1.3559784962103132 -2.8104243327713121 55.646261727310758
leaf_weight=12.999999999999998 170 17 24
leaf_count=13 170 17 24
internal_value=-0.0014 -0.00057783 0
internal_weight=224 211 194
internal_count=224 211 194
is_linear=0
shrinkage=0.035


Tree=104
num_leaves=4
num_cat=0
split_feature=1 10 9
split_gain=1.8585 0.622773 1.65053
threshold=1.0000000180025095e-35 10.724733352661135 10.640652656555178
decision_type=2 2 2
left_child=-1 2 -2
right_child=1 -3 -4
leaf_value=-0.93294608530305634 -1.3085192488429509 -2.7120594811243133 53.698642566854872
leaf_weight=12.999999999999998 170 17 24
leaf_count=13 170 17 24
internal_value=-0.0014 -0.00057783 0
internal_weight=224 211 194
internal_count=224 211 194
is_linear=0
shrinkage=0.035


Tree=105
num_leaves=5
num_cat=0
split_feature=1 11 8 3
split_gain=1.90575 0.835253 1.01821 0.129231
threshold=1.0000000180025095e-35 9.878110885620119 9.1896448135375994 4.9697892665863046
decision_type=2 2 2 2
left_child=-1 3 -3 -2
right_child=1 2 -4 -5
leaf_value=-0.90029297231744942 72.662673309683981 -5.5405594584798479 -0.0082435336922907256 4.7343667075269327
leaf_weight=12.999999999999998 12.000000000000002 28 159 11.999999999999998
leaf_count=13 12 28 159 12
internal_value=-0.00124444 -0.000412736 -0.00121011 0.0056
internal_weight=224 211 187 24
internal_count=224 211 187 24
is_linear=0
shrinkage=0.035


Tree=106
num_leaves=4
num_cat=0
split_feature=1 10 9
split_gain=1.8585 0.622773 1.65053
threshold=1.0000000180025095e-35 10.724733352661135 10.640652656555178
decision_type=2 2 2
left_child=-1 2 -2
right_child=1 -3 -4
leaf_value=-0.8687827182863388 -1.2624325514542172 -2.6168488756057311 51.819478600694183
leaf_weight=12.999999999999998 170 17 24
leaf_count=13 170 17 24
internal_value=-0.0014 -0.00057783 0
internal_weight=224 211 194
internal_count=224 211 194
is_linear=0
shrinkage=0.035


Tree=107
num_leaves=4
num_cat=0
split_feature=1 1 2
split_gain=1.90575 0.723297 1.01404
threshold=1.0000000180025095e-35 3.7256208658218388 6.047347068786622
decision_type=2 2 2
left_child=-1 -2 -3
right_child=1 2 -4
leaf_value=-0.8383753231463168 6.0481684415895769 -4.2941579472313745 0.16079414166248002
leaf_weight=12.999999999999998 13.999999999999998 56 141
leaf_count=13 14 56 141
internal_value=-0.00124444 -0.000412736 -0.000972222
internal_weight=224 211 197
internal_count=224 211 197
is_linear=0
shrinkage=0.035


Tree=108
num_leaves=4
num_cat=0
split_feature=1 10 9
split_gain=1.8585 0.622773 1.65053
threshold=1.0000000180025095e-35 10.724733352661135 10.640652656555178
decision_type=2 2 2
left_child=-1 2 -2
right_child=1 -3 -4
leaf_value=-0.80903218683619582 -1.1738443147593751 -2.5308869599177219 50.000169054711705
leaf_weight=12.999999999999998 170 17 24
leaf_count=13 170 17 24
internal_value=-0.0014 -0.00057783 0
internal_weight=224 211 194
internal_count=224 211 194
is_linear=0
shrinkage=0.035


Tree=109
num_leaves=5
num_cat=0
split_feature=1 0 5 17
split_gain=1.90575 0.711461 1.62879 1.12306
threshold=1.0000000180025095e-35 4.5798392295837411 7.6833858489990243 0.68301269412040722
decision_type=2 2 2 2
left_child=-1 3 -3 -2
right_child=1 2 -4 -5
leaf_value=-0.78071606029692897 -2.5980530472467955 32.414282947121848 -1.7587993060711145 2.8221011499159347
leaf_weight=12.999999999999998 79 21 53 58
leaf_count=13 79 21 53 58
internal_value=-0.00124444 -0.000412736 0.00233333 -0.00190217
internal_weight=224 211 74 137
internal_count=224 211 74 137
is_linear=0
shrinkage=0.035


Tree=110
num_leaves=5
num_cat=0
split_feature=1 13 1 8
split_gain=1.76563 0.611838 1.44163 0.963062
threshold=1.0000000180025095e-35 1.0000000180025095e-35 6.3348970413208017 10.063963890075685
decision_type=2 2 2 2
left_child=-1 3 -3 -2
right_child=1 2 -4 -5
leaf_value=-0.75339099818653643 4.1617731927368959 -4.1645500501678532 16.31357970341562 -1.0418279070891578
leaf_weight=12.999999999999998 53 68 22 68
leaf_count=13 53 68 22 68
internal_value=-0.00171111 -0.000908019 -0.00307692 0.000717213
internal_weight=224 211 90 121
internal_count=224 211 90 121
is_linear=0
shrinkage=0.035


Tree=111
num_leaves=4
num_cat=0
split_feature=1 7 7
split_gain=1.72001 0.881086 0.908326
threshold=1.0000000180025095e-35 8.944097042083742 9.2198643684387225
decision_type=2 2 2
left_child=-1 -2 -3
right_child=1 2 -4
leaf_value=-0.72702231325000777 22.815268835515823 -2.8804206366748115 -0.86675482822080097
leaf_weight=12.999999999999998 21 11.999999999999998 178
leaf_count=13 21 12 178
internal_value=-0.00186667 -0.00107311 -0.00183246
internal_weight=224 211 190
internal_count=224 211 190
is_linear=0
shrinkage=0.035


Tree=112
num_leaves=5
num_cat=0
split_feature=1 9 10 8
split_gain=1.67493 0.722528 1.77803 1.37328
threshold=1.0000000180025095e-35 10.530126094818117 10.724733352661135 10.356104373931887
decision_type=2 2 2 2
left_child=-1 3 -3 -2
right_child=1 2 -4 -5
leaf_value=-0.70157653228625749 -0.51089339203683981 32.043912683496707 -2.2845736639311145 -10.125198184148804
leaf_weight=12.999999999999998 128 36 17 30
leaf_count=13 128 36 17 30
internal_value=-0.00202222 -0.00123821 0.00226852 -0.00242138
internal_weight=224 211 53 158
internal_count=224 211 53 158
is_linear=0
shrinkage=0.035


Tree=113
num_leaves=5
num_cat=0
split_feature=1 9 10 8
split_gain=1.67493 0.722528 1.77803 1.37328
threshold=1.0000000180025095e-35 10.530126094818117 10.724733352661135 10.356104373931887
decision_type=2 2 2 2
left_child=-1 3 -3 -2
right_child=1 2 -4 -5
leaf_value=-0.6770213536562385 -0.49301212331555011 30.922375739574324 -2.2046135856935281 -9.7708162477035945
leaf_weight=12.999999999999998 128 36 17 30
leaf_count=13 128 36 17 30
internal_value=-0.00202222 -0.00123821 0.00226852 -0.00242138
internal_weight=224 211 53 158
internal_count=224 211 53 158
is_linear=0
shrinkage=0.035


Tree=114
num_leaves=5
num_cat=0
split_feature=1 9 10 8
split_gain=1.67493 0.722528 1.77803 1.37328
threshold=1.0000000180025095e-35 10.530126094818117 10.724733352661135 10.356104373931887
decision_type=2 2 2 2
left_child=-1 3 -3 -2
right_child=1 2 -4 -5
leaf_value=-0.65332560627827008 -0.47575669899950529 29.84009258868922 -2.1274521101942541 -9.4288376790339701
leaf_weight=12.999999999999998 128 36 17 30
leaf_count=13 128 36 17 30
internal_value=-0.00202222 -0.00123821 0.00226852 -0.00242138
internal_weight=224 211 53 158
internal_count=224 211 53 158
is_linear=0
shrinkage=0.035


Tree=115
num_leaves=5
num_cat=0
split_feature=1 13 9 6
split_gain=1.76563 0.847831 1.28327 0.934952
threshold=1.0000000180025095e-35 1.0000000180025095e-35 10.568128108978273 9.9798316955566424
decision_type=2 2 2 2
left_child=-1 3 -3 -2
right_child=1 2 -4 -5
leaf_value=-0.63045921005853067 2.8352353385316977 -4.4741977382206208 7.5354207822661312 -0.77764535962588111
leaf_weight=12.999999999999998 45 69 21 76
leaf_count=13 45 69 21 76
internal_value=-0.00171111 -0.000908019 -0.00346154 0.0010041
internal_weight=224 211 90 121
internal_count=224 211 90 121
is_linear=0
shrinkage=0.035


Tree=116
num_leaves=5
num_cat=0
split_feature=1 13 9 8
split_gain=1.76563 0.847831 1.28327 0.83424
threshold=1.0000000180025095e-35 1.0000000180025095e-35 10.568128108978273 9.7892260551452654
decision_type=2 2 2 2
left_child=-1 3 -3 -2
right_child=1 2 -4 -5
leaf_value=-0.60839313770648218 6.1476190706984024 -4.3176008173828988 7.2716810548868178 -0.75042777203897559
leaf_weight=12.999999999999998 33 69 21 88
leaf_count=13 33 69 21 88
internal_value=-0.00171111 -0.000908019 -0.00346154 0.0010041
internal_weight=224 211 90 121
internal_count=224 211 90 121
is_linear=0
shrinkage=0.035


Tree=117
num_leaves=5
num_cat=0
split_feature=1 13 1 8
split_gain=1.81179 0.708188 1.44163 0.83424
threshold=1.0000000180025095e-35 1.0000000180025095e-35 6.3348970413208017 9.7892260551452654
decision_type=2 2 2 2
left_child=-1 3 -3 -2
right_child=1 2 -4 -5
leaf_value=-0.58709937788675526 5.9324524032239543 -3.5902236405151449 15.718006545616859 -0.72416280001761169
leaf_weight=12.999999999999998 33 68 22 88
leaf_count=13 33 68 22 88
internal_value=-0.00155556 -0.000742925 -0.00307692 0.0010041
internal_weight=224 211 90 121
internal_count=224 211 90 121
is_linear=0
shrinkage=0.035


Tree=118
num_leaves=5
num_cat=0
split_feature=1 13 9 6
split_gain=1.72001 0.742047 1.28327 1.07504
threshold=1.0000000180025095e-35 1.0000000180025095e-35 10.568128108978273 9.9798316955566424
decision_type=2 2 2 2
left_child=-1 3 -3 -2
right_child=1 2 -4 -5
leaf_value=-0.56655089966071881 2.5534529142939904 -4.0408269613564674 7.1428300453838034 -0.69881710201699532
leaf_weight=12.999999999999998 45 69 21 76
leaf_count=13 45 69 21 76
internal_value=-0.00186667 -0.00107311 -0.00346154 0.000717213
internal_weight=224 211 90 121
internal_count=224 211 90 121
is_linear=0
shrinkage=0.035


Tree=119
num_leaves=4
num_cat=0
split_feature=1 17 13
split_gain=1.63041 1.18603 0.681124
threshold=1.0000000180025095e-35 -0.25000000000000006 1.0000000180025095e-35
decision_type=2 2 2
left_child=-1 -2 -3
right_child=1 2 -4
leaf_value=-0.54672161817259368 -1.0247129441662934 1.6233242857980295 -2.7468757211902859
leaf_weight=12.999999999999998 12.999999999999998 113 85
leaf_count=13 13 113 85
internal_value=-0.00217778 -0.0014033 -0.000703518
internal_weight=224 211 198
internal_count=224 211 198
is_linear=0
shrinkage=0.035


end of trees

feature_importances:
Column_1=119
Column_17=61
Column_10=58
Column_9=48
Column_7=32
Column_2=26
Column_6=26
Column_5=24
Column_3=19
Column_8=19
Column_0=17
Column_11=15
Column_13=10
Column_4=9
Column_12=5
Column_16=3

parameters:
[boosting: gbdt]
[objective: quantile]
[metric: quantile]
[tree_learner: serial]
[device_type: cpu]
[data_sample_strategy: bagging]
[data: ]
[valid: ]
[num_iterations: 120]
[learning_rate: 0.035]
[num_leaves: 7]
[num_threads: 1]
[seed: 20260901]
[deterministic: 1]
[force_col_wise: 0]
[force_row_wise: 0]
[histogram_pool_size: -1]
[max_depth: 3]
[min_data_in_leaf: 12]
[min_sum_hessian_in_leaf: 0.001]
[bagging_fraction: 1]
[pos_bagging_fraction: 1]
[neg_bagging_fraction: 1]
[bagging_freq: 0]
[bagging_seed: 12992]
[bagging_by_query: 0]
[feature_fraction: 1]
[feature_fraction_bynode: 1]
[feature_fraction_seed: 30141]
[extra_trees: 0]
[extra_seed: 31421]
[early_stopping_round: 0]
[early_stopping_min_delta: 0]
[first_metric_only: 0]
[max_delta_step: 0]
[lambda_l1: 0]
[lambda_l2: 1]
[linear_lambda: 0]
[min_gain_to_split: 0]
[drop_rate: 0.1]
[max_drop: 50]
[skip_drop: 0.5]
[xgboost_dart_mode: 0]
[uniform_drop: 0]
[drop_seed: 11049]
[top_rate: 0.2]
[other_rate: 0.1]
[min_data_per_group: 100]
[max_cat_threshold: 32]
[cat_l2: 10]
[cat_smooth: 10]
[max_cat_to_onehot: 4]
[top_k: 20]
[monotone_constraints: ]
[monotone_constraints_method: basic]
[monotone_penalty: 0]
[feature_contri: ]
[forcedsplits_filename: ]
[refit_decay_rate: 0.9]
[cegb_tradeoff: 1]
[cegb_penalty_split: 0]
[cegb_penalty_feature_lazy: ]
[cegb_penalty_feature_coupled: ]
[path_smooth: 0]
[interaction_constraints: ]
[verbosity: -1]
[saved_feature_importance_type: 0]
[use_quantized_grad: 0]
[num_grad_quant_bins: 4]
[quant_train_renew_leaf: 0]
[stochastic_rounding: 1]
[linear_tree: 0]
[max_bin: 255]
[max_bin_by_feature: ]
[min_data_in_bin: 3]
[bin_construct_sample_cnt: 200000]
[data_random_seed: 5023]
[is_enable_sparse: 1]
[enable_bundle: 1]
[use_missing: 1]
[zero_as_missing: 0]
[feature_pre_filter: 1]
[pre_partition: 0]
[two_round: 0]
[header: 0]
[label_column: ]
[weight_column: ]
[group_column: ]
[ignore_column: ]
[categorical_feature: ]
[forcedbins_filename: ]
[precise_float_parser: 0]
[parser_config_file: ]
[objective_seed: 6921]
[num_class: 1]
[is_unbalance: 0]
[scale_pos_weight: 1]
[sigmoid: 1]
[boost_from_average: 1]
[reg_sqrt: 0]
[alpha: 0.5]
[fair_c: 1]
[poisson_max_delta_step: 0.7]
[tweedie_variance_power: 1.5]
[lambdarank_truncation_level: 30]
[lambdarank_norm: 1]
[label_gain: ]
[lambdarank_position_bias_regularization: 0]
[eval_at: ]
[multi_error_top_k: 1]
[auc_mu_weights: ]
[num_machines: 1]
[local_listen_port: 12400]
[time_out: 120]
[machine_list_filename: ]
[machines: ]
[gpu_platform_id: -1]
[gpu_device_id: -1]
[gpu_use_dp: 0]
[num_gpu: 1]

end of parameters

pandas_categorical:null
