tree
version=v4
num_class=1
num_tree_per_iteration=1
label_index=0
max_feature_idx=17
objective=quantile
feature_names=Column_0 Column_1 Column_2 Column_3 Column_4 Column_5 Column_6 Column_7 Column_8 Column_9 Column_10 Column_11 Column_12 Column_13 Column_14 Column_15 Column_16 Column_17
feature_infos=[0:8.5515947341918945] [0:9.1901378631591797] [0:9.959773063659668] [0:8.6385250091552734] [0:9.9772491455078125] [0:10.099835395812988] [0:12.820775032043457] [0:12.820775032043457] [0:12.820775032043457] [0.28768208622932434:12.141283988952637] [0.59690970182418823:11.90333366394043] [9.3299360275268555:11.670945167541504] [-0.97492790222167969:0.97492790222167969] [-0.90096884965896606:1] [0:1] none [-1:1] [-0.5:1]
tree_sizes=725 673 749 672 751 657 734 763 751 748 732 765 748 753 736 736 735 757 744 786 775 723 745 759 759 759 765 766 793 595 696 736 679 599 764 763 687 762 599 765 763 676 758 748 597 738 736 754 599 765 740 684 754 685 761 611 614 611 507 602 510 587 510 511 510 507 508 619 529 589 525 591 589 591 591 589 525 581 609 506 604 590 592 593 620 507 588 587 606 600 586 588 590 608 511 609 604 592 507 711 712 712 717 791 709 803 775 712 805 732 757 490 617 737 757 728 723 489 761 731

Tree=0
num_leaves=7
num_cat=0
split_feature=1 6 17 7 5 4
split_gain=8.43242 1.75324 1.72231 1.84547 0.913613 0.297863
threshold=5.7492103576660165 10.037477016448976 1.0000000180025095e-35 10.203170776367189 8.6222734451293963 5.9492979049682626
decision_type=2 2 2 2 2 2
left_child=2 -2 5 -4 -3 -1
right_child=1 4 3 -5 -6 -7
leaf_value=860.61135632753371 890.63569259643555 941.5922500610352 863.47907638549805 911.13432464599612 902.70686126708983 863.77647918701177
leaf_weight=12.000000000000002 20 66 67 30 12.999999999999998 17
leaf_count=12 20 66 67 30 13 17
internal_value=891.286 891.293 891.28 891.282 891.296 891.272
internal_weight=225 99 126 97 79 29
internal_count=225 99 126 97 79 29
is_linear=0
shrinkage=1


Tree=1
num_leaves=6
num_cat=0
split_feature=1 7 6 17 5
split_gain=8.7779 1.63229 1.33079 1.01774 0.651245
threshold=5.7492103576660165 10.724491596221926 9.9612402915954608 0.25000000000000011 7.7137842178344735
decision_type=2 2 2 2 2
left_child=1 3 -2 -1 -4
right_child=2 -3 4 -5 -6
leaf_value=-26.546521253967288 -4.3793369483947755 21.709333671569826 58.921937263488772 -23.694919223785401 24.855019233703615
leaf_weight=33 13.999999999999998 13.999999999999998 19 79 66
leaf_count=33 14 14 19 79 66
internal_value=-0.000232301 -0.00633858 0.007525 -0.00774336 0.00915698
internal_weight=225 126 99 112 85
internal_count=225 126 99 112 85
is_linear=0
shrinkage=0.035


Tree=2
num_leaves=7
num_cat=0
split_feature=1 17 7 6 5 4
split_gain=8.00357 1.72231 1.84547 1.62324 0.821822 0.297863
threshold=5.7492103576660165 1.0000000180025095e-35 10.203170776367189 10.037477016448976 8.6222734451293963 5.9492979049682626
decision_type=2 2 2 2 2 2
left_child=1 5 -3 -2 -5 -1
right_child=3 2 -4 4 -6 -7
leaf_value=-28.6717365694747 -1.5818758193874358 -26.004192784595492 19.188547361116409 47.079600900764468 10.15137178012848 -25.617393010078434
leaf_weight=12.000000000000002 20 67 30 66 12.999999999999998 17
leaf_count=12 20 67 30 66 13 17
internal_value=-0.000232301 -0.00606299 -0.00375 0.007175 0.00940625 -0.0134167
internal_weight=225 126 97 99 79 29
internal_count=225 126 97 99 79 29
is_linear=0
shrinkage=0.035


Tree=3
num_leaves=6
num_cat=0
split_feature=1 7 6 17 5
split_gain=8.3402 1.63229 1.62324 1.01774 0.821822
threshold=5.7492103576660165 10.724491596221926 10.037477016448976 0.25000000000000011 8.6222734451293963
decision_type=2 2 2 2 2
left_child=1 3 -2 -1 -4
right_child=2 -3 4 -5 -6
leaf_value=-24.72078425472569 -1.5265101657088771 20.277907835425804 45.431814869237712 -21.955450303492071 9.7960737678239855
leaf_weight=33 20 13.999999999999998 66 79 12.999999999999998
leaf_count=33 20 14 66 79 13
internal_value=-0.000387168 -0.00633858 0.007175 -0.00774336 0.00940625
internal_weight=225 126 99 112 79
internal_count=225 126 99 112 79
is_linear=0
shrinkage=0.035


Tree=4
num_leaves=7
num_cat=0
split_feature=1 17 7 6 5 4
split_gain=8.00357 1.72231 1.84547 1.62324 0.821822 0.297863
threshold=5.7492103576660165 1.0000000180025095e-35 10.203170776367189 10.037477016448976 8.6222734451293963 5.9492979049682626
decision_type=2 2 2 2 2 2
left_child=1 5 -3 -2 -5 -1
right_child=3 2 -4 4 -6 -7
leaf_value=-26.802998340627688 -1.473082309909068 -24.325605276512427 18.546305196668492 43.841701348814389 9.4532111859501473 -23.855556805810291
leaf_weight=12.000000000000002 20 67 30 66 12.999999999999998 17
leaf_count=12 20 67 30 66 13 17
internal_value=-0.000232301 -0.00606299 -0.00375 0.007175 0.00940625 -0.0134167
internal_weight=225 126 97 99 79 29
internal_count=225 126 97 99 79 29
is_linear=0
shrinkage=0.035


Tree=5
num_leaves=6
num_cat=0
split_feature=1 7 6 17 17
split_gain=7.094 1.63229 1.26324 1.01774 0.949816
threshold=5.7492103576660165 10.724491596221926 10.037477016448976 0.25000000000000011 0.25000000000000011
decision_type=2 2 2 2 2
left_child=1 3 -2 -1 -4
right_child=2 -3 4 -5 -6
leaf_value=-23.020612317606933 -1.4215244290622515 18.919060379302501 28.894683406983084 -20.335613358191914 38.242913073368747
leaf_weight=33 20 13.999999999999998 29 79 50
leaf_count=33 20 14 29 79 50
internal_value=-0.00085177 -0.00633858 0.006125 -0.00774336 0.00809375
internal_weight=225 126 99 112 79
internal_count=225 126 99 112 79
is_linear=0
shrinkage=0.035


Tree=6
num_leaves=7
num_cat=0
split_feature=1 17 7 8 9 4
split_gain=6.39967 1.72231 1.84547 1.25763 1.81669 0.297863
threshold=5.7492103576660165 1.0000000180025095e-35 10.203170776367189 10.580719470977785 9.9695901870727557 5.9492979049682626
decision_type=2 2 2 2 2 2
left_child=1 5 -3 4 -2 -1
right_child=3 2 -4 -5 -6 -7
leaf_value=-25.059171967589474 35.030527152540174 -22.762462624297775 17.921974191915659 59.891794043256731 0.25634603598312172 -22.214890886490689
leaf_weight=12.000000000000002 21 67 30 24 54 17
leaf_count=12 21 67 30 24 54 17
internal_value=-0.00085177 -0.00606299 -0.00375 0.005775 0.00345395 -0.0134167
internal_weight=225 126 97 99 75 29
internal_count=225 126 97 99 75 29
is_linear=0
shrinkage=0.035


Tree=7
num_leaves=7
num_cat=0
split_feature=1 7 8 9 17 6
split_gain=6.70091 1.63229 1.25763 1.81669 1.01774 0.221538
threshold=5.7492103576660165 10.724491596221926 10.580719470977785 9.9695901870727557 0.25000000000000011 10.921458244323732
decision_type=2 2 2 2 2 2
left_child=1 4 3 -2 -1 -4
right_child=2 -3 5 -5 -6 -7
leaf_value=-22.098024551882016 33.804458702201273 17.629624169309864 28.585136468566841 0.24737392472371172 -18.827180698804774 121.51236110693354
leaf_weight=33 21 13.999999999999998 12.000000000000002 54 79 11.999999999999998
leaf_count=33 21 14 12 54 79 12
internal_value=-0.00100664 -0.00633858 0.005775 0.00345395 -0.00774336 0.0126
internal_weight=225 126 99 75 112 24
internal_count=225 126 99 75 112 24
is_linear=0
shrinkage=0.035


Tree=8
num_leaves=7
num_cat=0
split_feature=1 17 7 6 9 4
split_gain=6.02658 1.72231 1.84547 1.04824 0.775962 0.297863
threshold=5.7492103576660165 1.0000000180025095e-35 10.203170776367189 10.037477016448976 9.9695901870727557 5.9492979049682626
decision_type=2 2 2 2 2 2
left_child=1 5 -3 -2 -5 -1
right_child=3 2 -4 4 -6 -7
leaf_value=-23.408670089407973 -2.5851984258154168 -21.306825107989184 17.012587323384022 32.621302647624226 35.022551894803719 -20.663938846147644
leaf_weight=12.000000000000002 20 67 30 14.999999999999998 64 17
leaf_count=12 20 67 30 15 64 17
internal_value=-0.00100664 -0.00606299 -0.00375 0.005425 0.00721875 -0.0134167
internal_weight=225 126 97 99 79 29
internal_count=225 126 97 99 79 29
is_linear=0
shrinkage=0.035


Tree=9
num_leaves=7
num_cat=0
split_feature=1 2 8 9 1 5
split_gain=5.76794 1.69527 1.19129 1.59726 1.157 0.0741758
threshold=5.6052544116973886 6.4480974674224862 10.580719470977785 9.9501557350158709 4.6395599842071542 8.0753726959228533
decision_type=2 2 2 2 2 2
left_child=1 4 3 -2 -1 -4
right_child=2 -3 5 -5 -6 -7
leaf_value=-19.637368158225676 31.479557054957379 15.14217045414005 26.358867375848874 0.17077121804247442 -23.030838179218236 115.67952198939388
leaf_weight=56 19 23 12.000000000000002 62 40 12.999999999999998
leaf_count=56 19 23 12 62 40 13
internal_value=-0.00100664 -0.00627083 0.00490654 0.00277439 -0.00829897 0.0114423
internal_weight=225 119 106 81 96 25
internal_count=225 119 106 81 96 25
is_linear=0
shrinkage=0.035


Tree=10
num_leaves=7
num_cat=0
split_feature=1 17 7 0 17 3
split_gain=5.31383 1.72231 1.5927 1.04603 1.43491 0.888009
threshold=5.7492103576660165 1.0000000180025095e-35 10.190338134765627 5.1498887538909921 0.25000000000000011 6.6852347850799569
decision_type=2 2 2 2 2 2
left_child=1 -1 -3 4 -2 -5
right_child=3 2 -4 5 -6 -7
leaf_value=-21.409093538657331 -10.113303325988031 -20.348341955309909 16.214381410415978 57.972376982856446 24.615408772480887 18.644866208625483
leaf_weight=29 14.999999999999998 66 31 25 34 25
leaf_count=29 15 66 31 25 34 25
internal_value=-0.00131637 -0.00606299 -0.00375 0.004725 0.00105 0.00823529
internal_weight=225 126 97 99 49 50
internal_count=225 126 97 99 49 50
is_linear=0
shrinkage=0.035


Tree=11
num_leaves=7
num_cat=0
split_feature=1 7 0 17 5 3
split_gain=4.97419 1.55299 0.855049 1.43491 0.840799 0.646682
threshold=5.7492103576660165 10.724491596221926 5.1498887538909921 0.25000000000000011 7.819033384323121 6.6852347850799569
decision_type=2 2 2 2 2 2
left_child=1 4 3 -2 -1 -4
right_child=2 -3 5 -5 -6 -7
leaf_value=-21.597758242820017 -9.7593377095784515 16.536951303238915 55.943343788456467 23.753869465444058 6.3558430731117364 17.992295891323593
leaf_weight=96 14.999999999999998 13.999999999999998 25 34 15.999999999999998 25
leaf_count=96 15 14 25 34 16 25
internal_value=-0.00147124 -0.00606299 0.004375 0.00105 -0.00743363 0.00754902
internal_weight=225 126 99 49 112 50
internal_count=225 126 99 49 112 50
is_linear=0
shrinkage=0.035


Tree=12
num_leaves=7
num_cat=0
split_feature=2 17 7 8 11 4
split_gain=4.25765 1.91403 1.63798 1.57004 2.09815 1.47266
threshold=6.2402586936950692 0.68301269412040722 10.190338134765627 9.953794479370119 9.9529695510864276 7.4696536064147958
decision_type=2 2 2 2 2 2
left_child=1 -1 -3 4 -2 -5
right_child=3 2 -4 5 -6 -7
leaf_value=-20.917351596489219 55.959494487723482 -17.956510377391474 16.84823124981305 19.938130545854644 -10.296602311900529 71.395366967571604
leaf_weight=57 13.999999999999998 26 14.999999999999998 45 40 28
leaf_count=57 14 26 15 45 40 28
internal_value=-0.00162611 -0.00707071 -0.00125 0.00259766 -0.00190909 0.00591216
internal_weight=225 98 41 127 54 73
internal_count=225 98 41 127 54 73
is_linear=0
shrinkage=0.035


Tree=13
num_leaves=7
num_cat=0
split_feature=2 17 7 2 3 11
split_gain=4.57445 1.59513 1.53155 1.38847 1.20291 1.3595
threshold=6.2402586936950692 0.68301269412040722 10.203170776367189 5.4402484893798837 5.2755572795867929 9.9529695510864276
decision_type=2 2 2 2 2 2
left_child=1 3 -3 -1 5 -2
right_child=4 2 -4 -5 -6 -7
leaf_value=-12.044760076026012 21.594275596065899 -15.929750831560643 17.228975584206381 -20.525130238418036 31.329194231277395 -9.1740504563744896
leaf_weight=25 13.999999999999998 27 13.999999999999998 32 80 33
leaf_count=25 14 27 14 32 80 33
internal_value=-0.00178097 -0.00742424 -0.00208333 -0.0111638 0.00259766 -0.00182292
internal_weight=225 98 41 57 127 47
internal_count=225 98 41 57 127 47
is_linear=0
shrinkage=0.035


Tree=14
num_leaves=7
num_cat=0
split_feature=2 17 7 0 11 2
split_gain=3.72309 1.68728 1.63798 1.23852 1.57188 1.13038
threshold=6.2402586936950692 0.68301269412040722 10.190338134765627 5.3411884307861337 9.9529695510864276 5.4402484893798837
decision_type=2 2 2 2 2 2
left_child=1 5 -3 4 -2 -1
right_child=3 2 -4 -5 -6 -7
leaf_value=-11.623193473365101 27.698370921364528 -16.770491235078151 15.655529010622367 41.149082062433266 -6.9405099896749451 -19.806750680073399
leaf_weight=25 22 26 14.999999999999998 44 61 32
leaf_count=25 22 26 15 44 61 32
internal_value=-0.00162611 -0.00671717 -0.00125 0.00232422 -0.000208333 -0.0105603
internal_weight=225 98 41 127 83 57
internal_count=225 98 41 127 83 57
is_linear=0
shrinkage=0.035


Tree=15
num_leaves=7
num_cat=0
split_feature=2 17 7 0 11 2
split_gain=4.01968 1.38858 1.53155 1.23852 1.57188 1.13038
threshold=6.2402586936950692 0.68301269412040722 10.203170776367189 5.3411884307861337 9.9529695510864276 5.4402484893798837
decision_type=2 2 2 2 2 2
left_child=1 5 -3 4 -2 -1
right_child=3 2 -4 -5 -6 -7
leaf_value=-11.216381701797324 26.728927939116769 -14.785242359228285 16.078017923387375 39.7088641902481 -6.697592140036325 -19.113514406270838
leaf_weight=25 22 27 13.999999999999998 44 61 32
leaf_count=25 22 27 14 44 61 32
internal_value=-0.00178097 -0.00707071 -0.00208333 0.00232422 -0.000208333 -0.0105603
internal_weight=225 98 41 127 83 57
internal_count=225 98 41 127 83 57
is_linear=0
shrinkage=0.035


Tree=16
num_leaves=7
num_cat=0
split_feature=2 17 7 0 11 2
split_gain=3.72309 1.68728 1.63798 1.23852 1.57188 1.13038
threshold=6.2402586936950692 0.68301269412040722 10.190338134765627 5.3411884307861337 9.9529695510864276 5.4402484893798837
decision_type=2 2 2 2 2 2
left_child=1 5 -3 4 -2 -1
right_child=3 2 -4 -5 -6 -7
leaf_value=-10.823808342234418 25.79341546124768 -15.666040559277427 14.544854867932029 38.319053943589417 -6.4631764151350568 -18.444541402051353
leaf_weight=25 22 26 14.999999999999998 44 61 32
leaf_count=25 22 26 15 44 61 32
internal_value=-0.00162611 -0.00671717 -0.00125 0.00232422 -0.000208333 -0.0105603
internal_weight=225 98 41 127 83 57
internal_count=225 98 41 127 83 57
is_linear=0
shrinkage=0.035


Tree=17
num_leaves=7
num_cat=0
split_feature=2 17 0 2 17 10
split_gain=3.71632 1.3162 1.7508 1.25707 1.20784 1.19813
threshold=6.1831169128417978 0.68301269412040722 2.6020033359527592 5.4402484893798837 1.0000000180025095e-35 10.878529548645021
decision_type=2 2 2 2 2 2
left_child=1 3 -3 -1 -2 -6
right_child=4 2 -4 -5 5 -7
leaf_value=-10.444975050256213 -6.4755976142747702 -18.894994649475318 15.976649803827984 -17.84375448664786 22.665597310825852 -17.270776655411044
leaf_weight=25 21 13.999999999999998 25 28 99 12.999999999999998
leaf_count=25 21 14 25 28 99 13
internal_value=-0.00178097 -0.00715054 -0.0021875 -0.0106944 0.00195896 0.00340708
internal_weight=225 92 39 53 133 112
internal_count=225 92 39 53 133 112
is_linear=0
shrinkage=0.035


Tree=18
num_leaves=7
num_cat=0
split_feature=1 5 2 1 7 6
split_gain=3.40479 1.43578 1.2633 1.28131 1.14818 1.05762
threshold=5.7492103576660165 8.382174491882326 6.4480974674224862 4.6395599842071542 10.195726394653322 10.80034112930298
decision_type=2 2 2 2 2 2
left_child=2 5 3 -1 -3 -2
right_child=1 4 -4 -5 -6 -7
leaf_value=-14.930788315573494 15.243936494235799 4.5898608139660455 8.2462735522553565 -16.704010313836442 -8.0411416172173418 97.884441230160149
leaf_weight=56 53 15.000000000000002 25 45 11.999999999999998 19
leaf_count=56 53 15 25 45 12 19
internal_value=-0.0011615 0.003675 -0.00496063 -0.00669118 -0.003125 0.00623288
internal_weight=225 99 126 101 27 72
internal_count=225 99 126 101 27 72
is_linear=0
shrinkage=0.035


Tree=19
num_leaves=7
num_cat=0
split_feature=1 5 6 7 1 1
split_gain=2.96238 1.00321 1.2777 1.14818 0.88807 1.77325
threshold=5.6052544116973886 8.382174491882326 10.594670772552492 10.195726394653322 1.0000000180025095e-35 3.7256208658218388
decision_type=2 2 2 2 2 2
left_child=4 2 -2 -3 -1 -6
right_child=1 3 -4 -5 5 -7
leaf_value=-17.771233911336104 8.1136954416561036 4.4292156854772369 80.427243093528759 -7.7597016606147342 14.079538981414791 -12.319338053993816
leaf_weight=12.999999999999998 52 15.000000000000002 27 11.999999999999998 13.999999999999998 92
leaf_count=13 52 15 27 12 14 92
internal_value=-0.00162611 0.00261682 0.00459375 -0.003125 -0.00539583 -0.00425234
internal_weight=225 106 79 27 119 106
internal_count=225 106 79 27 119 106
is_linear=0
shrinkage=0.035


Tree=20
num_leaves=7
num_cat=0
split_feature=2 10 6 17 2 7
split_gain=2.36409 1.27518 2.32052 1.08788 1.96878 1.38454
threshold=6.1537683010101327 10.878529548645021 11.172760009765627 0.68301269412040722 5.4402484893798837 10.190338134765627
decision_type=2 2 2 2 2 2
left_child=3 2 -2 4 -1 -5
right_child=1 -3 -4 5 -6 -7
leaf_value=-9.1256465005623912 0.42756398061532652 -16.981967149952165 130.79082112256478 -16.059376372584769 -16.216433664263928 13.078303037048135
leaf_weight=25 107 12.999999999999998 15.999999999999998 23 27 13.999999999999998
leaf_count=25 107 13 16 23 27 14
internal_value=-0.00162611 0.00127737 0.00239919 -0.00602778 -0.00924528 -0.00138158
internal_weight=225 136 123 89 52 37
internal_count=225 136 123 89 52 37
is_linear=0
shrinkage=0.035


Tree=21
num_leaves=7
num_cat=0
split_feature=2 12 8 11 17 2
split_gain=2.45042 1.29664 1.25462 1.18725 0.837587 1.96878
threshold=6.1537683010101327 0.6078576147556306 10.207788944244387 10.639815807342531 0.68301269412040722 5.4402484893798837
decision_type=2 2 2 2 2 2
left_child=4 3 -3 -2 5 -1
right_child=1 2 -4 -5 -6 -7
leaf_value=-8.8062488730427084 -2.3949652259569456 4.0162536902972112 104.71726410998757 42.744341631641589 -6.1644018143514305 -15.64885848601469
leaf_weight=25 76 18 18 24 37 27
leaf_count=25 76 18 18 24 37 27
internal_value=-0.00193584 0.0010219 0.00662162 -0.0010396 -0.00641667 -0.00924528
internal_weight=225 136 36 100 89 52
internal_count=225 136 36 100 89 52
is_linear=0
shrinkage=0.035


Tree=22
num_leaves=7
num_cat=0
split_feature=2 17 2 7 12 8
split_gain=2.57034 1.78073 2.21075 1.35227 1.18761 1.17895
threshold=6.2402586936950692 0.68301269412040722 5.4402484893798837 10.190338134765627 0.6078576147556306 10.207788944244387
decision_type=2 2 2 2 2 2
left_child=1 2 -1 -3 -2 -6
right_child=4 3 -4 -5 5 -7
leaf_value=-8.4980301624862129 -0.70632475150637741 -13.766020408576313 -15.088120661481373 14.1883700845609 3.8756848111368103 101.052159866138
leaf_weight=25 93 26 32 14.999999999999998 15.999999999999998 18
leaf_count=25 93 26 32 15 16 18
internal_value=-0.00178097 -0.0060101 -0.0099569 -0.000416667 0.00150391 0.007
internal_weight=225 98 57 41 127 34
internal_count=225 98 57 41 127 34
is_linear=0
shrinkage=0.035


Tree=23
num_leaves=7
num_cat=0
split_feature=2 10 9 17 2 0
split_gain=2.6223 1.27518 2.19618 0.837587 1.96878 1.76261
threshold=6.1537683010101327 10.878529548645021 10.640652656555178 0.68301269412040722 5.4402484893798837 2.6020033359527592
decision_type=2 2 2 2 2 2
left_child=3 2 -2 4 -1 -5
right_child=1 -3 -4 5 -6 -7
leaf_value=-8.2005991067991957 -0.073548754305573144 -16.663816147254028 94.522127653492404 -15.850728330060596 -14.573064215852328 14.708681291635543
leaf_weight=25 98 12.999999999999998 25 13.999999999999998 27 23
leaf_count=25 98 13 25 14 27 23
internal_value=-0.00178097 0.00127737 0.00239919 -0.00641667 -0.00924528 -0.00230263
internal_weight=225 136 123 89 52 37
internal_count=225 136 123 89 52 37
is_linear=0
shrinkage=0.035


Tree=24
num_leaves=7
num_cat=0
split_feature=2 10 9 17 2 7
split_gain=2.36409 1.27518 2.19618 1.08788 1.96878 1.38454
threshold=6.1537683010101327 10.878529548645021 10.640652656555178 0.68301269412040722 5.4402484893798837 10.190338134765627
decision_type=2 2 2 2 2 2
left_child=3 2 -2 4 -1 -5
right_child=1 -3 -4 5 -6 -7
leaf_value=-7.9135781380612249 -0.070974547904877464 -16.080582582100138 91.213853185620181 -14.860883397309173 -14.063006968297495 11.824919696086882
leaf_weight=25 98 12.999999999999998 25 23 27 13.999999999999998
leaf_count=25 98 13 25 23 27 14
internal_value=-0.00162611 0.00127737 0.00239919 -0.00602778 -0.00924528 -0.00138158
internal_weight=225 136 123 89 52 37
internal_count=225 136 123 89 52 37
is_linear=0
shrinkage=0.035


Tree=25
num_leaves=7
num_cat=0
split_feature=2 10 9 17 2 0
split_gain=2.6223 1.27518 2.19618 0.837587 1.96878 1.76261
threshold=6.1537683010101327 10.878529548645021 10.640652656555178 0.68301269412040722 5.4402484893798837 2.6020033359527592
decision_type=2 2 2 2 2 2
left_child=3 2 -2 4 -1 -5
right_child=1 -3 -4 5 -6 -7
leaf_value=-7.6366029032290825 -0.068490438728208577 -15.517762191726634 88.021368324123472 -14.775821919602654 -13.570801724407083 13.780005257065255
leaf_weight=25 98 12.999999999999998 25 13.999999999999998 27 23
leaf_count=25 98 13 25 14 27 23
internal_value=-0.00178097 0.00127737 0.00239919 -0.00641667 -0.00924528 -0.00230263
internal_weight=225 136 123 89 52 37
internal_count=225 136 123 89 52 37
is_linear=0
shrinkage=0.035


Tree=26
num_leaves=7
num_cat=0
split_feature=1 5 17 1 5 8
split_gain=2.35624 2.1467 1.52472 1.87944 0.894765 0.646761
threshold=6.3348970413208017 8.382174491882326 1.0000000180025095e-35 1.0000000180025095e-35 7.819033384323121 10.186676025390627
decision_type=2 2 2 2 2 2
left_child=2 4 5 -4 -2 -1
right_child=1 -3 3 -5 -6 -7
leaf_value=-11.815341651023461 15.171594246286674 -7.0314872112412381 -14.297537595952367 -0.33801322632541092 60.813887786056029 -8.6216092182366726
leaf_weight=25 19 18 12.999999999999998 113 25 11.999999999999998
leaf_count=25 19 18 13 113 25 12
internal_value=-0.00131637 0.00444444 -0.00352134 -0.00165354 0.00855556 -0.00967105
internal_weight=225 62 163 126 44 37
internal_count=225 62 163 126 44 37
is_linear=0
shrinkage=0.035


Tree=27
num_leaves=7
num_cat=0
split_feature=1 17 1 5 6 8
split_gain=2.35624 1.52472 1.87944 1.41688 0.985397 0.646761
threshold=6.3348970413208017 1.0000000180025095e-35 1.0000000180025095e-35 8.382174491882326 10.594670772552492 10.186676025390627
decision_type=2 2 2 2 2 2
left_child=1 5 -3 4 -2 -1
right_child=3 2 -4 -5 -6 -7
leaf_value=-11.40180469323764 13.519778821228394 -13.797123780094035 -0.32618276340402136 -6.7853851588477943 71.192235180729199 -8.3198528955983875
leaf_weight=25 24 12.999999999999998 113 18 20 11.999999999999998
leaf_count=25 24 13 113 18 20 12
internal_value=-0.00131637 -0.00352134 -0.00165354 0.00444444 0.00777778 -0.00967105
internal_weight=225 163 126 62 44 37
internal_count=225 163 126 62 44 37
is_linear=0
shrinkage=0.035


Tree=28
num_leaves=7
num_cat=0
split_feature=2 10 6 7 17 7
split_gain=2.11926 1.99177 1.78354 1.05502 1.2 1.16705
threshold=6.1537683010101327 10.878529548645021 11.255623340606691 10.190338134765627 0.68301269412040722 9.6471977233886737
decision_type=2 2 2 2 2 2
left_child=3 2 -2 5 -5 -1
right_child=1 -3 -4 4 -6 -7
leaf_value=-12.176234713775267 0.55184673107838822 -14.491049982063087 132.48368392954268 -10.550220257247089 10.951994182367077 -13.356035548990164
leaf_weight=46 109 12.999999999999998 13.999999999999998 14.000000000000002 13.999999999999998 14.999999999999998
leaf_count=46 109 13 14 14 14 15
internal_value=-0.00147124 0.00127737 0.00268145 -0.00563889 0 -0.00818548
internal_weight=225 136 123 89 28 61
internal_count=225 136 123 89 28 61
is_linear=0
shrinkage=0.035


Tree=29
num_leaves=5
num_cat=0
split_feature=5 7 7 9
split_gain=2.21725 1.52781 1.13513 0.669997
threshold=6.6431365013122567 8.944097042083742 10.203170776367189 9.9972848892211932
decision_type=2 2 2 2
left_child=3 -2 -3 -1
right_child=1 2 -4 -5
leaf_value=-13.837065243586185 36.12522807282668 -7.0896602392977748 1.2151955439530771 -7.9889522330810365
leaf_weight=20 15.999999999999998 96 81 11.999999999999998
leaf_count=20 16 96 81 12
internal_value=-0.0011615 0.000270619 -0.000688202 -0.00954545
internal_weight=225 193 177 32
internal_count=225 193 177 32
is_linear=0
shrinkage=0.035


Tree=30
num_leaves=6
num_cat=0
split_feature=5 17 10 0 9
split_gain=2.0565 1.21635 1.49575 1.17879 0.669997
threshold=6.6431365013122567 1.0000000180025095e-35 10.878529548645021 4.5798392295837411 9.9972848892211932
decision_type=2 2 2 2 2
left_child=4 3 -3 -2 -1
right_child=1 2 -4 -5 -6
leaf_value=-13.352767960060669 -11.072632341972509 8.4795847080568816 -8.9123781715814037 0.62463471903347512 -7.7093389049232002
leaf_weight=20 22 145 13.999999999999998 11.999999999999998 11.999999999999998
leaf_count=20 22 145 14 12 12
internal_value=-0.00147124 -9.02062e-05 0.00120313 -0.006 -0.00954545
internal_weight=225 193 159 34 32
internal_count=225 193 159 34 32
is_linear=0
shrinkage=0.035


Tree=31
num_leaves=7
num_cat=0
split_feature=2 5 12 7 7 13
split_gain=2.11926 1.33214 1.74402 1.05502 1.16705 0.837054
threshold=6.1537683010101327 7.3749420642852792 0.87837970256805431 10.190338134765627 9.6471977233886737 1.0000000180025095e-35
decision_type=2 2 2 2 2 2
left_child=3 -2 -3 4 -1 -5
right_child=1 2 -4 5 -6 -7
leaf_value=-11.018077481326818 34.453157699790694 -2.8875495723084801 66.727344698140797 8.7475430260981977 -12.765314181201019 -11.56895554506937
leaf_weight=46 19 96 21 15 14.999999999999998 13
leaf_count=46 19 96 21 15 15 13
internal_value=-0.00147124 0.00127737 -0.000148305 -0.00563889 -0.00818548 0
internal_weight=225 136 117 89 61 28
internal_count=225 136 117 89 61 28
is_linear=0
shrinkage=0.035


Tree=32
num_leaves=6
num_cat=0
split_feature=5 17 0 9 9
split_gain=2.0565 1.21635 1.17879 0.974151 0.669997
threshold=6.6431365013122567 1.0000000180025095e-35 4.5798392295837411 9.8707509040832537 9.9972848892211932
decision_type=2 2 2 2 2
left_child=4 2 -2 -3 -1
right_child=1 3 -4 -5 -6
leaf_value=-12.499788369612109 -10.344214936709848 20.409704763675286 0.518662142931263 -0.40022317421712361 -7.0442389652889563
leaf_weight=20 22 30 11.999999999999998 129 11.999999999999998
leaf_count=20 22 30 12 129 12
internal_value=-0.00147124 -9.02062e-05 -0.006 0.00120313 -0.00954545
internal_weight=225 193 34 159 32
internal_count=225 193 34 159 32
is_linear=0
shrinkage=0.035


Tree=33
num_leaves=5
num_cat=0
split_feature=5 7 9 9
split_gain=1.90158 1.14632 1.53615 0.669997
threshold=6.6431365013122567 8.944097042083742 9.7430677413940447 9.9972848892211932
decision_type=2 2 2 2
left_child=3 -2 -3 -1
right_child=1 2 -4 -5
leaf_value=-12.062295776675683 34.821415910031966 23.059327367588747 -2.7669152743198113 -6.7976906015038416
leaf_weight=20 15.999999999999998 19 158 11.999999999999998
leaf_count=20 16 19 158 12
internal_value=-0.00178097 -0.000451031 -0.00127809 -0.00954545
internal_weight=225 193 177 32
internal_count=225 193 177 32
is_linear=0
shrinkage=0.035


Tree=34
num_leaves=7
num_cat=0
split_feature=2 7 12 7 8 17
split_gain=1.99019 1.63481 1.43462 1.32965 1.17895 1.12399
threshold=6.2402586936950692 10.190338134765627 0.6078576147556306 9.6471977233886737 10.207788944244387 0.68301269412040722
decision_type=2 2 2 2 2 2
left_child=1 3 -2 -1 -4 -3
right_child=2 5 4 -5 -6 -7
leaf_value=-10.357832839512474 -1.072428136908016 -10.705152543605903 1.5315404610043333 -11.925282683852057 83.561705103755415 11.386096507256395
leaf_weight=50 93 15.000000000000002 15.999999999999998 18 18 14.999999999999998
leaf_count=50 93 15 16 18 18 15
internal_value=-0.00193584 -0.00565657 0.000957031 -0.00862319 0.007 0.00112903
internal_weight=225 98 127 68 34 30
internal_count=225 98 127 68 34 30
is_linear=0
shrinkage=0.035


Tree=35
num_leaves=7
num_cat=0
split_feature=9 8 4 10 10 3
split_gain=1.982 1.59809 1.33204 1.16257 1.2852 0.574359
threshold=10.371785163879396 10.354312896728517 6.8895866870880136 10.878529548645021 10.375314712524416 5.198481798171998
decision_type=2 2 2 2 2 2
left_child=1 2 -1 4 -2 -3
right_child=3 5 -4 -5 -6 -7
leaf_value=-9.8546433795964123 7.4996328733617617 -12.314349324418149 8.5508038493713183 -3.5276489173206214 69.396461404505573 -4.7684340021284459
leaf_weight=85 39 14.000000000000002 39 14.999999999999998 21 11.999999999999998
leaf_count=85 39 14 39 15 21 12
internal_value=-0.00162611 -0.0039404 -0.00224 0.00299342 0.00516393 -0.0116667
internal_weight=225 150 124 75 60 26
internal_count=225 150 124 75 60 26
is_linear=0
shrinkage=0.035


Tree=36
num_leaves=6
num_cat=0
split_feature=5 17 16 3 9
split_gain=1.82632 1.41342 0.995585 0.862987 0.669997
threshold=6.6431365013122567 1.0000000180025095e-35 -0.25000000000000006 5.2755572795867929 9.9972848892211932
decision_type=2 2 2 2 2
left_child=4 3 -3 -2 -1
right_child=1 2 -4 -5 -6
leaf_value=-10.889633902788843 -9.7346445811369016 15.588426941185492 -1.1457515447016842 -0.68998063383036257 -5.9352653320664501
leaf_weight=20 12.999999999999998 50 109 21 11.999999999999998
leaf_count=20 13 50 109 21 12
internal_value=-0.00193584 -0.000631443 0.000765625 -0.007 -0.00954545
internal_weight=225 193 159 34 32
internal_count=225 193 159 34 32
is_linear=0
shrinkage=0.035


Tree=37
num_leaves=7
num_cat=0
split_feature=2 12 8 10 2 17
split_gain=2.2585 1.5666 1.17895 1.16286 1.0961 2.32903
threshold=6.2402586936950692 0.6078576147556306 10.207788944244387 9.0537886619567889 5.6612212657928476 0.68301269412040722
decision_type=2 2 2 2 2 2
left_child=4 3 -3 -2 -1 -6
right_child=1 2 -4 -5 5 -7
leaf_value=-8.3942282381031266 43.919758478174131 1.6911606688502945 79.039761187369891 -1.8829625684909594 -10.629626717866381 5.1694796977690398
leaf_weight=56 11.999999999999998 15.999999999999998 18 81 26 15.999999999999998
leaf_count=56 12 16 18 81 26 16
internal_value=-0.00240044 0.000683594 0.007 -0.00167553 -0.00636364 -0.0105814
internal_weight=225 127 34 93 98 42
internal_count=225 127 34 93 98 42
is_linear=0
shrinkage=0.035


Tree=38
num_leaves=5
num_cat=0
split_feature=5 7 9 9
split_gain=1.82632 1.19404 1.60215 0.669997
threshold=6.6431365013122567 8.944097042083742 9.7430677413940447 9.9972848892211932
decision_type=2 2 2 2
left_child=3 -2 -3 -1
right_child=1 2 -4 -5
leaf_value=-10.214698727857623 33.222404119343295 21.510816506742618 -2.7893638686562356 -5.3946135837146585
leaf_weight=20 15.999999999999998 19 158 11.999999999999998
leaf_count=20 16 19 158 12
internal_value=-0.00193584 -0.000631443 -0.00147472 -0.00954545
internal_weight=225 193 177 32
internal_count=225 193 177 32
is_linear=0
shrinkage=0.035


Tree=39
num_leaves=7
num_cat=0
split_feature=2 12 7 8 10 4
split_gain=2.03771 1.5666 1.26921 1.17895 1.16286 0.798201
threshold=6.2402586936950692 0.6078576147556306 10.190338134765627 10.207788944244387 9.0537886619567889 6.4591214656829843
decision_type=2 2 2 2 2 2
left_child=2 4 5 -3 -2 -1
right_child=1 3 -4 -5 -6 -7
leaf_value=-8.9512201156394084 42.480194666841008 1.7295977808435021 -0.14137395618116758 76.370997281214898 -1.7194311431908091 -9.3691955500827664
leaf_weight=55 11.999999999999998 15.999999999999998 30 18 81 12.999999999999998
leaf_count=55 12 16 30 18 81 13
internal_value=-0.00224558 0.000683594 -0.0060101 0.007 -0.00167553 -0.00862319
internal_weight=225 127 98 34 93 68
internal_count=225 127 98 34 93 68
is_linear=0
shrinkage=0.035


Tree=40
num_leaves=7
num_cat=0
split_feature=2 12 7 8 10 4
split_gain=2.03771 1.5666 1.26921 1.17895 1.16286 0.798201
threshold=6.2402586936950692 0.6078576147556306 10.190338134765627 10.207788944244387 9.0537886619567889 6.4591214656829843
decision_type=2 2 2 2 2 2
left_child=2 4 5 -3 -2 -1
right_child=1 3 -4 -5 -6 -7
leaf_value=-8.6379274115920275 40.993387853501567 1.6690618585139796 -0.13642586771482515 73.698012376372375 -1.65925105317913 -9.0412737058298696
leaf_weight=55 11.999999999999998 15.999999999999998 30 18 81 12.999999999999998
leaf_count=55 12 16 30 18 81 13
internal_value=-0.00224558 0.000683594 -0.0060101 0.007 -0.00167553 -0.00862319
internal_weight=225 127 98 34 93 68
internal_count=225 127 98 34 93 68
is_linear=0
shrinkage=0.035


Tree=41
num_leaves=6
num_cat=0
split_feature=5 9 10 7 9
split_gain=1.75251 0.967553 1.51187 1.29241 0.669997
threshold=6.6431365013122567 9.8707509040832537 9.9447727203369158 9.3281135559082049 9.9972848892211932
decision_type=2 2 2 2 2
left_child=4 3 -3 -2 -1
right_child=1 2 -4 -5 -6
leaf_value=-9.2415641089295057 -6.0612795372679535 -8.3501141922118514 2.0682172355027921 22.12123442405705 -4.8931305296399161
leaf_weight=20 14.999999999999998 83 75 20 11.999999999999998
leaf_count=20 15 83 75 20 12
internal_value=-0.00209071 -0.000811856 -0.00198113 0.004375 -0.00954545
internal_weight=225 193 158 35 32
internal_count=225 193 158 35 32
is_linear=0
shrinkage=0.035


Tree=42
num_leaves=7
num_cat=0
split_feature=2 12 7 6 8 1
split_gain=1.8733 1.65862 1.03622 0.969046 0.877999 0.86593
threshold=6.3732483386993417 0.6078576147556306 10.190338134765627 9.7735838890075701 10.207788944244387 4.6200466156005868
decision_type=2 2 2 2 2 2
left_child=2 -2 5 -4 -3 -1
right_child=1 4 3 -5 -6 -7
leaf_value=-7.8483166132334041 -0.89625254170662527 6.5060741900454371 1.9958296322601941 -10.078556028797832 83.078268967914198 -9.3107294620633301
leaf_weight=37 89 14.999999999999998 21 11.999999999999998 17 34
leaf_count=37 89 15 21 12 17 34
internal_value=-0.00224558 0.000717213 -0.00566667 -0.000514706 0.00742424 -0.00802083
internal_weight=225 121 104 33 32 71
internal_count=225 121 104 33 32 71
is_linear=0
shrinkage=0.035


Tree=43
num_leaves=7
num_cat=0
split_feature=2 12 8 10 7 1
split_gain=1.82827 1.5666 1.17895 1.16286 1.12429 0.955562
threshold=6.2402586936950692 0.6078576147556306 10.207788944244387 9.0537886619567889 10.190338134765627 4.6200466156005868
decision_type=2 2 2 2 2 2
left_child=4 3 -3 -2 5 -1
right_child=1 2 -4 -5 -6 -7
leaf_value=-7.5736255317702348 39.882242114316156 1.6751860935418164 68.13845492607976 -1.6421960306007248 -0.27389260271650784 -8.931582702782249
leaf_weight=37 11.999999999999998 15.999999999999998 18 81 30 31
leaf_count=37 12 16 18 81 30 31
internal_value=-0.00209071 0.000683594 0.007 -0.00167553 -0.00565657 -0.00811594
internal_weight=225 127 34 93 98 68
internal_count=225 127 34 93 98 68
is_linear=0
shrinkage=0.035


Tree=44
num_leaves=5
num_cat=0
split_feature=5 7 9 9
split_gain=1.75251 1.24269 1.66949 0.669997
threshold=6.6431365013122567 8.944097042083742 9.7430677413940447 9.9972848892211932
decision_type=2 2 2 2
left_child=3 -2 -3 -1
right_child=1 2 -4 -5
leaf_value=-8.349593516221665 32.850797029624651 20.19079430106833 -2.5769582171306178 -4.4327643962347372
leaf_weight=20 15.999999999999998 19 158 11.999999999999998
leaf_count=20 16 19 158 12
internal_value=-0.00209071 -0.000811856 -0.00167135 -0.00954545
internal_weight=225 193 177 32
internal_count=225 193 177 32
is_linear=0
shrinkage=0.035


Tree=45
num_leaves=7
num_cat=0
split_feature=2 12 8 4 0 5
split_gain=2.04637 1.52055 1.41696 1.95941 1.81688 1.37525
threshold=6.3732483386993417 0.6078576147556306 9.7442717552185076 6.1810464859008798 2.8617925643920903 7.4803366661071786
decision_type=2 2 2 2 2 2
left_child=2 5 4 -4 -1 -2
right_child=1 -3 3 -5 -6 -7
leaf_value=-7.1801414602308888 46.620884052808222 39.702507777605618 -5.4334450534430063 -9.4158405746967606 8.3007607418008131 -2.2790719853924375
leaf_weight=19 12.999999999999998 32 30 24 31 76
leaf_count=19 13 32 30 24 31 76
internal_value=-0.00209071 0.0010041 -0.00566667 -0.00954545 -0.00137255 -0.00136111
internal_weight=225 121 104 54 50 89
internal_count=225 121 104 54 50 89
is_linear=0
shrinkage=0.035


Tree=46
num_leaves=7
num_cat=0
split_feature=2 12 8 4 0 8
split_gain=2.07389 1.65862 1.18167 1.95941 1.53134 0.877999
threshold=6.3732483386993417 0.6078576147556306 9.7442717552185076 6.1810464859008798 2.8617925643920903 10.207788944244387
decision_type=2 2 2 2 2 2
left_child=2 -2 4 -4 -1 -3
right_child=1 5 3 -5 -6 -7
leaf_value=-6.9288365091228084 -0.93381816071624613 4.9203358455032529 -5.2432744765725019 -9.0862861545823748 8.0102341158377861 76.486289397007795
leaf_weight=19 89 14.999999999999998 30 24 31 17
leaf_count=19 89 15 30 24 31 17
internal_value=-0.00240044 0.000717213 -0.006 -0.00954545 -0.00205882 0.00742424
internal_weight=225 121 104 54 50 32
internal_count=225 121 104 54 50 32
is_linear=0
shrinkage=0.035


Tree=47
num_leaves=7
num_cat=0
split_feature=2 12 7 6 8 0
split_gain=1.84713 1.52055 1.35051 1.24177 0.877999 0.875496
threshold=6.3732483386993417 0.6078576147556306 10.190338134765627 9.7735838890075701 10.207788944244387 5.1498887538909921
decision_type=2 2 2 2 2 2
left_child=2 5 -1 -4 -3 -2
right_child=1 4 3 -5 -6 -7
leaf_value=-6.6863272313035091 -7.8295354986706771 4.7481240909106353 2.1102774187053956 -9.5876819813415519 73.809269268112516 8.6744397234297335
leaf_weight=71 55 14.999999999999998 21 11.999999999999998 17 34
leaf_count=71 55 15 21 12 17 34
internal_value=-0.00193584 0.0010041 -0.00533333 0.000514706 0.00742424 -0.00136111
internal_weight=225 121 104 33 32 89
internal_count=225 121 104 33 32 89
is_linear=0
shrinkage=0.035


Tree=48
num_leaves=5
num_cat=0
split_feature=5 7 9 9
split_gain=1.75251 1.24269 1.66949 0.669997
threshold=6.6431365013122567 8.944097042083742 9.7430677413940447 9.9972848892211932
decision_type=2 2 2 2
left_child=3 -2 -3 -1
right_child=1 2 -4 -5
leaf_value=-7.3895865838193249 31.437010332523812 19.870601398098216 -1.8628838870257203 -3.6869069611083973
leaf_weight=20 15.999999999999998 19 158 11.999999999999998
leaf_count=20 16 19 158 12
internal_value=-0.00209071 -0.000811856 -0.00167135 -0.00954545
internal_weight=225 193 177 32
internal_count=225 193 177 32
is_linear=0
shrinkage=0.035


Tree=49
num_leaves=7
num_cat=0
split_feature=2 12 7 6 8 5
split_gain=1.8733 1.65862 1.50844 1.24177 0.877999 0.857792
threshold=6.3732483386993417 0.6078576147556306 10.190338134765627 9.7735838890075701 10.207788944244387 7.4803366661071786
decision_type=2 2 2 2 2 2
left_child=2 5 -1 -4 -3 -2
right_child=1 4 3 -5 -6 -7
leaf_value=-6.19367024777421 44.783432292310863 4.6471406837746638 2.101618645096607 -9.1869121759486951 71.291145779774482 -2.1162057181660145
leaf_weight=71 12.999999999999998 14.999999999999998 21 11.999999999999998 17 76
leaf_count=71 13 15 21 12 17 76
internal_value=-0.00224558 0.000717213 -0.00566667 0.000514706 0.00742424 -0.00175
internal_weight=225 121 104 33 32 89
internal_count=225 121 104 33 32 89
is_linear=0
shrinkage=0.035


Tree=50
num_leaves=7
num_cat=0
split_feature=2 12 8 4 0 8
split_gain=1.8733 1.65862 1.41696 1.95941 1.81688 0.877999
threshold=6.3732483386993417 0.6078576147556306 9.7442717552185076 6.1810464859008798 2.8617925643920903 10.207788944244387
decision_type=2 2 2 2 2 2
left_child=2 -2 4 -4 -1 -3
right_child=1 5 3 -5 -6 -7
leaf_value=-5.9768917891021127 -0.87523643873275891 4.4844907598425472 -4.3503244276910671 -8.2522652913583681 8.3097175771899767 68.795955677482368
leaf_weight=19 89 14.999999999999998 30 24 31 17
leaf_count=19 89 15 30 24 31 17
internal_value=-0.00224558 0.000717213 -0.00566667 -0.00954545 -0.00137255 0.00742424
internal_weight=225 121 104 54 50 32
internal_count=225 121 104 54 50 32
is_linear=0
shrinkage=0.035


Tree=51
num_leaves=6
num_cat=0
split_feature=5 9 10 7 9
split_gain=1.75251 0.960619 1.44503 1.36 0.669997
threshold=6.6431365013122567 9.7430677413940447 9.9447727203369158 9.3697872161865252 9.9972848892211932
decision_type=2 2 2 2 2
left_child=4 3 -3 -2 -1
right_child=1 2 -4 -5 -6
leaf_value=-6.723324741204042 -7.4697566664896851 -4.9677855445332746 1.0743045766646053 57.090726493615001 -3.2657089943393807
leaf_weight=20 12.000000000000002 93 76 11.999999999999998 11.999999999999998
leaf_count=20 12 93 76 12 12
internal_value=-0.00209071 -0.000811856 -0.00175 0.0056 -0.00954545
internal_weight=225 193 169 24 32
internal_count=225 193 169 24 32
is_linear=0
shrinkage=0.035


Tree=52
num_leaves=7
num_cat=0
split_feature=2 12 7 6 8 0
split_gain=2.04637 1.52055 1.50844 1.24177 0.877999 0.875496
threshold=6.3732483386993417 0.6078576147556306 10.190338134765627 9.7735838890075701 10.207788944244387 5.1498887538909921
decision_type=2 2 2 2 2 2
left_child=2 5 -1 -4 -3 -2
right_child=1 4 3 -5 -6 -7
leaf_value=-5.5731241066286517 -7.2117278506211804 4.5014060773067168 2.1427226873041509 -8.6925031707338807 66.350496568587232 8.7146082387057078
leaf_weight=71 55 14.999999999999998 21 11.999999999999998 17 34
leaf_count=71 55 15 21 12 17 34
internal_value=-0.00209071 0.0010041 -0.00566667 0.000514706 0.00742424 -0.00136111
internal_weight=225 121 104 33 32 89
internal_count=225 121 104 33 32 89
is_linear=0
shrinkage=0.035


Tree=53
num_leaves=6
num_cat=0
split_feature=5 17 16 3 9
split_gain=1.68016 1.25813 1.22172 0.862987 0.669997
threshold=6.6431365013122567 1.0000000180025095e-35 -0.25000000000000006 5.2755572795867929 9.9972848892211932
decision_type=2 2 2 2 2
left_child=4 3 -3 -2 -1
right_child=1 2 -4 -5 -6
leaf_value=-6.2929490315298979 -8.1232740079556827 8.9721790136577386 -1.1048859748597171 -2.2830692888841311 -3.0913771546993241
leaf_weight=20 12.999999999999998 50 109 21 11.999999999999998
leaf_count=20 13 50 109 21 12
internal_value=-0.00224558 -0.000992268 0.000328125 -0.007 -0.00954545
internal_weight=225 193 159 34 32
internal_count=225 193 159 34 32
is_linear=0
shrinkage=0.035


Tree=54
num_leaves=7
num_cat=0
split_feature=2 10 6 10 4 8
split_gain=1.85934 1.10279 2.16397 1.04013 1.66603 1.61273
threshold=6.4480974674224862 10.714118957519533 11.255623340606691 9.8445615768432635 5.9492979049682626 9.9843349456787127
decision_type=2 2 2 2 2 2
left_child=3 2 -2 5 -5 -1
right_child=1 -3 -4 4 -6 -7
leaf_value=-4.6431327659707398 -0.53647159073530482 -2.1657758317758105 108.87404591555367 12.643264357241234 -5.3393937537765588 -7.0485631195781107
leaf_weight=43 86 12.999999999999998 13.999999999999998 17 19 33
leaf_count=43 86 13 14 17 19 33
internal_value=-0.00271018 0.000460526 0.00173267 -0.00588496 -0.000945946 -0.00818182
internal_weight=225 113 100 112 36 76
internal_count=225 113 100 112 36 76
is_linear=0
shrinkage=0.035


Tree=55
num_leaves=5
num_cat=0
split_feature=1 17 6 10
split_gain=1.56714 1.1858 1.02788 0.988715
threshold=1.0000000180025095e-35 1.0000000180025095e-35 11.255623340606691 8.9941067695617694
decision_type=2 2 2 2
left_child=-1 3 -3 -2
right_child=1 2 -4 -5
leaf_value=-4.9545620038968714 0.12519345584709043 -0.32096320864288946 66.046470424914929 -6.9422482932447505
leaf_weight=12.999999999999998 12.999999999999998 151 18 30
leaf_count=13 13 151 18 30
internal_value=-0.00240044 -0.00164319 -0.000308824 -0.00676136
internal_weight=225 212 169 43
internal_count=225 212 169 43
is_linear=0
shrinkage=0.035


Tree=56
num_leaves=5
num_cat=0
split_feature=1 17 10 13
split_gain=1.56714 1.1858 0.988715 0.966671
threshold=1.0000000180025095e-35 1.0000000180025095e-35 8.9941067695617694 1.0000000180025095e-35
decision_type=2 2 2 2
left_child=-1 2 -2 -3
right_child=1 3 -4 -5
leaf_value=-4.7811523337604802 0.12081168489244307 8.1398630450677985 -6.6992696029811842 -5.9520625179362501
leaf_weight=12.999999999999998 12.999999999999998 97 30 72
leaf_count=13 13 97 30 72
internal_value=-0.00240044 -0.00164319 -0.00676136 -0.000308824
internal_weight=225 212 43 169
internal_count=225 212 43 169
is_linear=0
shrinkage=0.035


Tree=57
num_leaves=5
num_cat=0
split_feature=1 17 10 9
split_gain=1.52414 1.11074 0.988715 0.892619
threshold=1.0000000180025095e-35 1.0000000180025095e-35 8.9941067695617694 9.7430677413940447
decision_type=2 2 2 2
left_child=-1 2 -2 -3
right_child=1 3 -4 -5
leaf_value=-4.6138120020788636 0.116583275921208 17.416369516848082 -6.4647951668768426 -0.40157788755449475
leaf_weight=12.999999999999998 12.999999999999998 24 30 145
leaf_count=13 13 24 30 145
internal_value=-0.00255531 -0.00180751 -0.00676136 -0.000514706
internal_weight=225 212 43 169
internal_count=225 212 43 169
is_linear=0
shrinkage=0.035


Tree=58
num_leaves=4
num_cat=0
split_feature=1 11 9
split_gain=1.56714 1.03655 1.18724
threshold=1.0000000180025095e-35 9.8740911483764666 10.530126094818117
decision_type=2 2 2
left_child=-1 -2 -3
right_child=1 2 -4
leaf_value=-4.4523285820061043 35.388598175427745 -3.6789746559668726 6.1071676419996761
leaf_weight=12.999999999999998 21 137 54
leaf_count=13 21 137 54
internal_value=-0.00240044 -0.00164319 -0.00246094
internal_weight=225 212 191
internal_count=225 212 191
is_linear=0
shrinkage=0.035


Tree=59
num_leaves=5
num_cat=0
split_feature=1 11 9 3
split_gain=1.61069 1.00695 1.29013 1.08319
threshold=1.0000000180025095e-35 9.9052801132202166 10.530126094818117 4.6249246597290048
decision_type=2 2 2 2
left_child=-1 3 -3 -2
right_child=1 2 -4 -5
leaf_value=-4.2964970816358905 -3.5502105430080322 -4.8078137683113971 5.8934167745296868 21.705770683225982
leaf_weight=12.999999999999998 14.999999999999998 122 54 21
leaf_count=13 15 122 54 21
internal_value=-0.00224558 -0.00147887 -0.00257062 0.00378378
internal_weight=225 212 176 36
internal_count=225 212 176 36
is_linear=0
shrinkage=0.035


Tree=60
num_leaves=4
num_cat=0
split_feature=1 6 17
split_gain=1.61069 1.03763 1.01814
threshold=1.0000000180025095e-35 11.255623340606691 0.25000000000000011
decision_type=2 2 2
left_child=-1 2 -2
right_child=1 -3 -4
leaf_value=-4.1461196837786343 -4.606206447569579 57.837229474710867 -0.049951659161055491
leaf_weight=12.999999999999998 66 19 127
leaf_count=13 66 19 127
internal_value=-0.00224558 -0.00147887 -0.00225515
internal_weight=225 212 193
internal_count=225 212 193
is_linear=0
shrinkage=0.035


Tree=61
num_leaves=5
num_cat=0
split_feature=1 13 8 1
split_gain=1.61069 1.10845 2.47826 1.10553
threshold=1.0000000180025095e-35 1.0000000180025095e-35 9.7828001976013201 6.3348970413208017
decision_type=2 2 2 2
left_child=-1 2 -2 -3
right_child=1 3 -4 -5
leaf_value=-4.0010054948463818 12.533032462079472 -6.4044128824690221 -1.0008482884594925 17.954414061870203
leaf_weight=12.999999999999998 33 68 88 23
leaf_count=13 33 68 88 23
internal_value=-0.00224558 -0.00147887 0.000717213 -0.004375
internal_weight=225 212 121 91
internal_count=225 212 121 91
is_linear=0
shrinkage=0.035


Tree=62
num_leaves=4
num_cat=0
split_feature=1 11 11
split_gain=1.56714 1.03655 1.03176
threshold=1.0000000180025095e-35 9.8740911483764666 10.134436130523683
decision_type=2 2 2
left_child=-1 -2 -3
right_child=1 2 -4
leaf_value=-3.8609703025267583 33.42707326354158 -4.1698268967967724 -0.020138243288549199
leaf_weight=12.999999999999998 21 91 100
leaf_count=13 21 91 100
internal_value=-0.00240044 -0.00164319 -0.00246094
internal_weight=225 212 191
internal_count=225 212 191
is_linear=0
shrinkage=0.035


Tree=63
num_leaves=4
num_cat=0
split_feature=1 11 11
split_gain=1.56714 1.03655 1.03176
threshold=1.0000000180025095e-35 9.8740911483764666 10.134436130523683
decision_type=2 2 2
left_child=-1 -2 -3
right_child=1 2 -4
leaf_value=-3.7258363419383222 32.257125699317626 -4.0238829554088857 -0.019433404773449965
leaf_weight=12.999999999999998 21 91 100
leaf_count=13 21 91 100
internal_value=-0.00240044 -0.00164319 -0.00246094
internal_weight=225 212 191
internal_count=225 212 191
is_linear=0
shrinkage=0.035


Tree=64
num_leaves=4
num_cat=0
split_feature=1 11 12
split_gain=1.61069 0.990339 0.96682
threshold=1.0000000180025095e-35 9.8740911483764666 0.87837970256805431
decision_type=2 2 2
left_child=-1 -2 -3
right_child=1 2 -4
leaf_value=-3.5954320699704807 31.128126299841508 -2.3802072909174696 9.6013355067096828
leaf_weight=12.999999999999998 21 165 26
leaf_count=13 21 165 26
internal_value=-0.00224558 -0.00147887 -0.00227865
internal_weight=225 212 191
internal_count=225 212 191
is_linear=0
shrinkage=0.035


Tree=65
num_leaves=4
num_cat=0
split_feature=1 11 11
split_gain=1.56714 1.03655 0.880234
threshold=1.0000000180025095e-35 9.8740911483764666 10.639815807342531
decision_type=2 2 2
left_child=-1 -2 -3
right_child=1 2 -4
leaf_value=-3.469591947521514 30.03864187934705 -2.4464378865547198 1.7880698436026325
leaf_weight=12.999999999999998 21 152 39
leaf_count=13 21 152 39
internal_value=-0.00240044 -0.00164319 -0.00246094
internal_weight=225 212 191
internal_count=225 212 191
is_linear=0
shrinkage=0.035


Tree=66
num_leaves=4
num_cat=0
split_feature=1 11 9
split_gain=1.61069 0.990339 1.09078
threshold=1.0000000180025095e-35 9.8740911483764666 10.530126094818117
decision_type=2 2 2
left_child=-1 -2 -3
right_child=1 2 -4
leaf_value=-3.3481562293582612 28.987289413569904 -3.4826034361654647 5.9147012695989805
leaf_weight=12.999999999999998 21 137 54
leaf_count=13 21 137 54
internal_value=-0.00224558 -0.00147887 -0.00227865
internal_weight=225 212 191
internal_count=225 212 191
is_linear=0
shrinkage=0.035


Tree=67
num_leaves=5
num_cat=0
split_feature=1 11 3 3
split_gain=1.56714 1.07029 1.08319 0.999145
threshold=1.0000000180025095e-35 9.9052801132202166 4.6249246597290048 3.6755790710449223
decision_type=2 2 2 2
left_child=-1 2 -2 -3
right_child=1 3 -4 -5
leaf_value=-3.2309707613307217 -2.4629779511468843 5.3459769162102386 21.086764427515444 -2.3884592910788749
leaf_weight=12.999999999999998 14.999999999999998 12.999999999999998 21 163
leaf_count=13 15 13 21 163
internal_value=-0.00240044 -0.00164319 0.00378378 -0.00276836
internal_weight=225 212 36 176
internal_count=225 212 36 176
is_linear=0
shrinkage=0.035


Tree=68
num_leaves=4
num_cat=0
split_feature=1 4 17
split_gain=1.48168 0.776437 1.1052
threshold=1.0000000180025095e-35 5.1782996654510507 1.0000000180025095e-35
decision_type=2 2 2
left_child=-1 -2 -3
right_child=1 2 -4
leaf_value=-3.1178867846841465 3.1458295995989873 -4.0280426410003125 -0.39435865082096261
leaf_weight=12.999999999999998 14.999999999999998 40 157
leaf_count=13 15 40 157
internal_value=-0.00271018 -0.00197183 -0.00256313
internal_weight=225 212 197
internal_count=225 212 197
is_linear=0
shrinkage=0.035


Tree=69
num_leaves=5
num_cat=0
split_feature=1 8 1 1
split_gain=1.52414 0.782393 1.29409 1.20907
threshold=1.0000000180025095e-35 9.2198643684387225 5.2857098579406747 4.6200466156005868
decision_type=2 2 2 2
left_child=-1 2 -2 -3
right_child=1 3 -4 -5
leaf_value=-3.0087607472202014 -7.6565284951969925 9.9252314061743849 5.1726702769216155 -0.55985123566269523
leaf_weight=12.999999999999998 24 32 19 137
leaf_count=13 24 32 19 137
internal_value=-0.00255531 -0.00180751 -0.00596591 -0.000720588
internal_weight=225 212 43 169
internal_count=225 212 43 169
is_linear=0
shrinkage=0.035


Tree=70
num_leaves=4
num_cat=0
split_feature=1 4 17
split_gain=1.56714 0.710283 0.932662
threshold=1.0000000180025095e-35 5.1782996654510507 0.25000000000000011
decision_type=2 2 2
left_child=-1 -2 -3
right_child=1 2 -4
leaf_value=-2.9034541210674938 2.68834246439692 -3.8674663553171071 -0.36096130479402977
leaf_weight=12.999999999999998 14.999999999999998 70 127
leaf_count=13 15 70 127
internal_value=-0.00240044 -0.00164319 -0.0022096
internal_weight=225 212 197
internal_count=225 212 197
is_linear=0
shrinkage=0.035


Tree=71
num_leaves=5
num_cat=0
split_feature=1 13 8 9
split_gain=1.69939 0.802161 1.37119 1.08222
threshold=1.0000000180025095e-35 1.0000000180025095e-35 9.7828001976013201 10.568128108978273
decision_type=2 2 2 2
left_child=-1 2 -2 -3
right_child=1 3 -4 -5
leaf_value=-2.8018332268301314 7.5733879511741948 -5.8498691648688492 -0.55672623571139745 10.955339501128529
leaf_weight=12.999999999999998 33 69 88 22
leaf_count=13 33 69 88 22
internal_value=-0.00193584 -0.00115023 0.000717213 -0.00361413
internal_weight=225 212 121 91
internal_count=225 212 121 91
is_linear=0
shrinkage=0.035


Tree=72
num_leaves=5
num_cat=0
split_feature=1 8 1 1
split_gain=1.52414 0.782393 1.29409 1.20907
threshold=1.0000000180025095e-35 9.2198643684387225 5.2857098579406747 4.6200466156005868
decision_type=2 2 2 2
left_child=-1 2 -2 -3
right_child=1 3 -4 -5
leaf_value=-2.7037690638910772 -7.0484432546585882 9.5958717402145446 5.2090058836675617 -0.71523707253318214
leaf_weight=12.999999999999998 24 32 19 137
leaf_count=13 24 32 19 137
internal_value=-0.00255531 -0.00180751 -0.00596591 -0.000720588
internal_weight=225 212 43 169
internal_count=225 212 43 169
is_linear=0
shrinkage=0.035


Tree=73
num_leaves=5
num_cat=0
split_feature=1 13 5 1
split_gain=1.56714 0.730935 1.51089 0.982337
threshold=1.0000000180025095e-35 1.0000000180025095e-35 7.1623971462249765 6.3348970413208017
decision_type=2 2 2 2
left_child=-1 2 -2 -3
right_child=1 3 -4 -5
leaf_value=-2.6091371466548896 2.6764268550834243 -5.324582680274899 -0.30691570965961379 18.512925517625408
leaf_weight=12.999999999999998 23 68 98 23
leaf_count=13 23 68 98 23
internal_value=-0.00240044 -0.00164319 0.000143443 -0.00399457
internal_weight=225 212 121 91
internal_count=225 212 121 91
is_linear=0
shrinkage=0.035


Tree=74
num_leaves=5
num_cat=0
split_feature=1 13 5 1
split_gain=1.56714 0.730935 1.51089 0.982337
threshold=1.0000000180025095e-35 1.0000000180025095e-35 7.1623971462249765 6.3348970413208017
decision_type=2 2 2 2
left_child=-1 2 -2 -3
right_child=1 3 -4 -5
leaf_value=-2.5178173465219684 2.5827519151555038 -5.138222286465278 -0.29617365982153104 17.864973124508516
leaf_weight=12.999999999999998 23 68 98 23
leaf_count=13 23 68 98 23
internal_value=-0.00240044 -0.00164319 0.000143443 -0.00399457
internal_weight=225 212 121 91
internal_count=225 212 121 91
is_linear=0
shrinkage=0.035


Tree=75
num_leaves=5
num_cat=0
split_feature=1 8 1 1
split_gain=1.52414 0.782393 1.29409 1.20907
threshold=1.0000000180025095e-35 9.2198643684387225 5.2857098579406747 4.6200466156005868
decision_type=2 2 2 2
left_child=-1 2 -2 -3
right_child=1 3 -4 -5
leaf_value=-2.4296937393936995 -6.4355495669096321 9.3510796877458038 3.7534642252645121 -0.39710053114333282
leaf_weight=12.999999999999998 24 32 19 137
leaf_count=13 24 32 19 137
internal_value=-0.00255531 -0.00180751 -0.00596591 -0.000720588
internal_weight=225 212 43 169
internal_count=225 212 43 169
is_linear=0
shrinkage=0.035


Tree=76
num_leaves=4
num_cat=0
split_feature=1 4 17
split_gain=1.56714 0.710283 0.932662
threshold=1.0000000180025095e-35 5.1782996654510507 0.25000000000000011
decision_type=2 2 2
left_child=-1 -2 -3
right_child=1 2 -4
leaf_value=-2.34465445851492 2.5020507727707355 -3.4390107807112664 -0.22172248693131111
leaf_weight=12.999999999999998 14.999999999999998 70 127
leaf_count=13 15 70 127
internal_value=-0.00240044 -0.00164319 -0.0022096
internal_weight=225 212 197
internal_count=225 212 197
is_linear=0
shrinkage=0.035


Tree=77
num_leaves=5
num_cat=0
split_feature=1 1 7 5
split_gain=1.65477 0.729136 1.71524 1.33195
threshold=1.0000000180025095e-35 5.7492103576660165 10.190338134765627 8.382174491882326
decision_type=2 2 2 2
left_child=-1 2 -2 -3
right_child=1 3 -4 -5
leaf_value=-2.262591552466898 -3.9654324298149843 3.3654604736470648 0.36607109046502506 -7.7482620948298973
leaf_weight=12.999999999999998 73 72 40 27
leaf_count=13 73 72 40 27
internal_value=-0.00209071 -0.00131455 -0.00322368 0.000875
internal_weight=225 212 113 99
internal_count=225 212 113 99
is_linear=0
shrinkage=0.035


Tree=78
num_leaves=5
num_cat=0
split_feature=1 13 8 1
split_gain=1.74455 0.912374 0.890794 0.866395
threshold=1.0000000180025095e-35 1.0000000180025095e-35 11.092648029327394 6.3348970413208017
decision_type=2 2 2 2
left_child=-1 2 -2 -3
right_child=1 3 -4 -5
leaf_value=-2.1834008481305562 0.87109284311305468 -4.6585921571412214 -4.4445594104644908 17.25617184448798
leaf_weight=12.999999999999998 107 68 13.999999999999998 23
leaf_count=13 107 68 14 23
internal_value=-0.00178097 -0.000985915 0.0010041 -0.00361413
internal_weight=225 212 121 91
internal_count=225 212 121 91
is_linear=0
shrinkage=0.035


Tree=79
num_leaves=4
num_cat=0
split_feature=1 6 7
split_gain=1.69939 0.950752 0.907686
threshold=1.0000000180025095e-35 11.255623340606691 11.092648029327394
decision_type=2 2 2
left_child=-1 2 -2
right_child=1 -3 -4
leaf_value=-2.1069818184459868 -1.85233560581173 56.035566648653607 33.295563827169467
leaf_weight=12.999999999999998 173 19 20
leaf_count=13 173 19 20
internal_value=-0.00193584 -0.00115023 -0.00189433
internal_weight=225 212 193
internal_count=225 212 193
is_linear=0
shrinkage=0.035


Tree=80
num_leaves=5
num_cat=0
split_feature=1 12 6 7
split_gain=1.69939 0.947284 1.32514 1.02896
threshold=1.0000000180025095e-35 0.87837970256805431 10.136932373046877 10.203170776367189
decision_type=2 2 2 2
left_child=-1 3 -3 -2
right_child=1 2 -4 -5
leaf_value=-2.0332374548003775 -3.3040690404342743 -3.569291358977086 29.327841943743767 0.19990180519069442
leaf_weight=12.999999999999998 102 13.000000000000002 17 80
leaf_count=13 102 13 17 80
internal_value=-0.00193584 -0.00115023 0.00451613 -0.00210383
internal_weight=225 212 30 182
internal_count=225 212 30 182
is_linear=0
shrinkage=0.035


Tree=81
num_leaves=5
num_cat=0
split_feature=1 13 9 9
split_gain=1.74455 0.912374 1.08222 1.01665
threshold=1.0000000180025095e-35 1.0000000180025095e-35 10.568128108978273 9.9695901870727557
decision_type=2 2 2 2
left_child=-1 3 -3 -2
right_child=1 2 -4 -5
leaf_value=-1.9620741438823641 7.4446764204736162 -4.4846003456172765 9.5384527284636871 -0.98092592011902591
leaf_weight=12.999999999999998 41 69 22 80
leaf_count=13 41 69 22 80
internal_value=-0.00178097 -0.000985915 -0.00361413 0.0010041
internal_weight=225 212 91 121
internal_count=225 212 91 121
is_linear=0
shrinkage=0.035


Tree=82
num_leaves=5
num_cat=0
split_feature=1 13 1 5
split_gain=1.61069 0.836531 0.982337 0.916216
threshold=1.0000000180025095e-35 1.0000000180025095e-35 6.3348970413208017 7.1623971462249765
decision_type=2 2 2 2
left_child=-1 3 -3 -2
right_child=1 2 -4 -5
leaf_value=-1.8934015488464815 2.675486346590644 -4.2194257467245011 16.867002025049249 -0.20751646837698304
leaf_weight=12.999999999999998 23 68 23 98
leaf_count=13 23 68 23 98
internal_value=-0.00224558 -0.00147887 -0.00399457 0.000430328
internal_weight=225 212 91 121
internal_count=225 212 91 121
is_linear=0
shrinkage=0.035


Tree=83
num_leaves=5
num_cat=0
split_feature=1 13 1 5
split_gain=1.61069 0.836531 0.982337 0.916216
threshold=1.0000000180025095e-35 1.0000000180025095e-35 6.3348970413208017 7.1623971462249765
decision_type=2 2 2 2
left_child=-1 3 -3 -2
right_child=1 2 -4 -5
leaf_value=-1.8271324946368546 2.5818443244599725 -4.0717458455891435 16.276656954172523 -0.20025339198378875
leaf_weight=12.999999999999998 23 68 23 98
leaf_count=13 23 68 23 98
internal_value=-0.00224558 -0.00147887 -0.00399457 0.000430328
internal_weight=225 212 91 121
internal_count=225 212 91 121
is_linear=0
shrinkage=0.035


Tree=84
num_leaves=5
num_cat=0
split_feature=1 12 6 5
split_gain=1.61069 0.696926 1.44693 1.00397
threshold=1.0000000180025095e-35 0.87837970256805431 10.156046867370607 7.3749420642852792
decision_type=2 2 2 2
left_child=-1 3 -3 -2
right_child=1 2 -4 -5
leaf_value=-1.7631828573245645 0.29442896247899375 -3.5699948157048782 33.808037312431601 -3.6946825713366875
leaf_weight=12.999999999999998 70 14.000000000000002 15.999999999999998 112
leaf_count=13 70 14 16 112
internal_value=-0.00224558 -0.00147887 0.0033871 -0.00229508
internal_weight=225 212 30 182
internal_count=225 212 30 182
is_linear=0
shrinkage=0.035


Tree=85
num_leaves=4
num_cat=0
split_feature=1 7 9
split_gain=1.74455 0.857856 1.07507
threshold=1.0000000180025095e-35 8.944097042083742 9.7430677413940447
decision_type=2 2 2
left_child=-1 -2 -3
right_child=1 2 -4
leaf_value=-1.7014714573182048 19.621465275476695 20.845990714999914 -1.7870206659085575
leaf_weight=12.999999999999998 21 21 170
leaf_count=13 21 21 170
internal_value=-0.00178097 -0.000985915 -0.00173177
internal_weight=225 212 191
internal_count=225 212 191
is_linear=0
shrinkage=0.035


Tree=86
num_leaves=5
num_cat=0
split_feature=1 13 8 9
split_gain=1.74455 0.912374 1.24336 1.08222
threshold=1.0000000180025095e-35 1.0000000180025095e-35 9.7828001976013201 10.568128108978273
decision_type=2 2 2 2
left_child=-1 2 -2 -3
right_child=1 3 -4 -5
leaf_value=-1.6419199563120674 6.5980889058414522 -4.7718940516923123 -1.2598556856221905 8.891738515158373
leaf_weight=12.999999999999998 33 69 88 22
leaf_count=13 33 69 88 22
internal_value=-0.00178097 -0.000985915 0.0010041 -0.00361413
internal_weight=225 212 121 91
internal_count=225 212 121 91
is_linear=0
shrinkage=0.035


Tree=87
num_leaves=5
num_cat=0
split_feature=1 8 1 1
split_gain=1.61069 0.911363 1.29409 1.0505
threshold=1.0000000180025095e-35 9.2198643684387225 5.2857098579406747 4.6200466156005868
decision_type=2 2 2 2
left_child=-1 2 -2 -3
right_child=1 3 -4 -5
leaf_value=-1.5844527578411451 -4.981244381293858 8.5014433676261323 1.6950821408949128 -0.99402668259042237
leaf_weight=12.999999999999998 24 32 19 137
leaf_count=13 24 32 19 137
internal_value=-0.00224558 -0.00147887 -0.00596591 -0.000308824
internal_weight=225 212 43 169
internal_count=225 212 43 169
is_linear=0
shrinkage=0.035


Tree=88
num_leaves=5
num_cat=0
split_feature=1 13 1 8
split_gain=1.61069 1.10845 1.10553 0.828863
threshold=1.0000000180025095e-35 1.0000000180025095e-35 6.3348970413208017 11.092648029327394
decision_type=2 2 2 2
left_child=-1 3 -3 -2
right_child=1 2 -4 -5
leaf_value=-1.528996911316705 0.51706511785228404 -3.5362735249172963 16.100640799779963 -3.8858557244205625
leaf_weight=12.999999999999998 107 68 23 13.999999999999998
leaf_count=13 107 68 23 14
internal_value=-0.00224558 -0.00147887 -0.004375 0.000717213
internal_weight=225 212 91 121
internal_count=225 212 91 121
is_linear=0
shrinkage=0.035


Tree=89
num_leaves=5
num_cat=0
split_feature=1 1 10 7
split_gain=1.69939 0.859558 1.74747 1.24194
threshold=1.0000000180025095e-35 5.7492103576660165 10.714118957519533 10.190338134765627
decision_type=2 2 2 2
left_child=-1 3 -3 -2
right_child=1 2 -4 -5
leaf_value=-1.4754820194206204 -2.9053016348558911 1.8171872066473607 -9.6771050646131584 0.65053933069138403
leaf_weight=12.999999999999998 73 87 11.999999999999998 40
leaf_count=13 73 87 12 40
internal_value=-0.00193584 -0.00115023 0.001225 -0.00322368
internal_weight=225 212 99 113
internal_count=225 212 99 113
is_linear=0
shrinkage=0.035


Tree=90
num_leaves=5
num_cat=0
split_feature=1 13 1 8
split_gain=1.61069 1.10845 1.10553 0.9396
threshold=1.0000000180025095e-35 1.0000000180025095e-35 6.3348970413208017 9.7828001976013201
decision_type=2 2 2 2
left_child=-1 3 -3 -2
right_child=1 2 -4 -5
leaf_value=-1.4238401487408987 6.2261290878481894 -3.3730456112223117 15.473516819555009 -1.1111774404539638
leaf_weight=12.999999999999998 33 68 23 88
leaf_count=13 33 68 23 88
internal_value=-0.00224558 -0.00147887 -0.004375 0.000717213
internal_weight=225 212 91 121
internal_count=225 212 91 121
is_linear=0
shrinkage=0.035


Tree=91
num_leaves=5
num_cat=0
split_feature=1 8 1 8
split_gain=1.74455 1.12263 1.29409 0.891739
threshold=1.0000000180025095e-35 9.2198643684387225 5.2857098579406747 9.5323472023010272
decision_type=2 2 2 2
left_child=-1 2 -2 -3
right_child=1 3 -4 -5
leaf_value=-1.3740057435349673 -4.5256163178608055 9.326646018659142 0.4670571970542074 -0.54446179317301169
leaf_weight=12.999999999999998 24 23 19 146
leaf_count=13 24 23 19 146
internal_value=-0.00178097 -0.000985915 -0.00596591 0.000308824
internal_weight=225 212 43 169
internal_count=225 212 43 169
is_linear=0
shrinkage=0.035


Tree=92
num_leaves=5
num_cat=0
split_feature=1 8 1 10
split_gain=1.69939 1.04983 1.29409 0.973858
threshold=1.0000000180025095e-35 9.2198643684387225 5.2857098579406747 10.714118957519533
decision_type=2 2 2 2
left_child=-1 2 -2 -3
right_child=1 3 -4 -5
leaf_value=-1.3259155425112434 -4.3672197467356781 0.16083538506200967 0.45071019515731225 -7.6112143624591626
leaf_weight=12.999999999999998 24 151 19 18
leaf_count=13 24 151 19 18
internal_value=-0.00193584 -0.00115023 -0.00596591 0.000102941
internal_weight=225 212 43 169
internal_count=225 212 43 169
is_linear=0
shrinkage=0.035


Tree=93
num_leaves=5
num_cat=0
split_feature=1 13 9 8
split_gain=1.8365 0.876192 1.03328 0.95485
threshold=1.0000000180025095e-35 1.0000000180025095e-35 10.402953147888185 11.092648029327394
decision_type=2 2 2 2
left_child=-1 3 -3 -2
right_child=1 2 -4 -5
leaf_value=-1.2795084985233498 0.65297153064718516 -3.7812421821012205 0.25215778230732672 -3.5958470821461126
leaf_weight=12.999999999999998 107 65 26 13.999999999999998
leaf_count=13 107 65 26 14
internal_value=-0.00147124 -0.000657277 -0.0032337 0.00129098
internal_weight=225 212 91 121
internal_count=225 212 91 121
is_linear=0
shrinkage=0.035


Tree=94
num_leaves=4
num_cat=0
split_feature=1 6 10
split_gain=1.79025 0.867552 0.968448
threshold=1.0000000180025095e-35 11.255623340606691 9.3973851203918475
decision_type=2 2 2
left_child=-1 2 -2
right_child=1 -3 -4
leaf_value=-1.2347257010750325 0.56727881470034969 52.305178181192595 -2.3677190590316104
leaf_weight=12.999999999999998 71 19 122
leaf_count=13 71 19 122
internal_value=-0.00162611 -0.000821596 -0.00153351
internal_weight=225 212 193
internal_count=225 212 193
is_linear=0
shrinkage=0.035


Tree=95
num_leaves=5
num_cat=0
split_feature=1 13 9 8
split_gain=1.74455 0.912374 1.08222 0.890794
threshold=1.0000000180025095e-35 1.0000000180025095e-35 10.568128108978273 11.092648029327394
decision_type=2 2 2 2
left_child=-1 3 -3 -2
right_child=1 2 -4 -5
leaf_value=-1.1915103015374064 0.61026276856002293 -3.6687534642421902 8.1978104268312233 -3.3871222672048926
leaf_weight=12.999999999999998 107 69 22 13.999999999999998
leaf_count=13 107 69 22 14
internal_value=-0.00178097 -0.000985915 -0.00361413 0.0010041
internal_weight=225 212 91 121
internal_count=225 212 91 121
is_linear=0
shrinkage=0.035


Tree=96
num_leaves=5
num_cat=0
split_feature=1 3 10 4
split_gain=1.61069 0.925667 1.22586 1.10123
threshold=1.0000000180025095e-35 5.6952996253967294 9.9923605918884295 5.1782996654510507
decision_type=2 2 2 2
left_child=-1 3 -3 -2
right_child=1 2 -4 -5
leaf_value=-1.1498074409835972 3.4632401289804298 -0.60628766364508269 25.403846994816956 -2.0959721007042926
leaf_weight=12.999999999999998 14.999999999999998 42 35 120
leaf_count=13 15 42 35 120
internal_value=-0.00224558 -0.00147887 0.00157051 -0.00321691
internal_weight=225 212 77 135
internal_count=225 212 77 135
is_linear=0
shrinkage=0.035


Tree=97
num_leaves=5
num_cat=0
split_feature=1 13 1 5
split_gain=1.61069 0.836531 0.982337 0.916216
threshold=1.0000000180025095e-35 1.0000000180025095e-35 6.3348970413208017 7.1623971462249765
decision_type=2 2 2 2
left_child=-1 3 -3 -2
right_child=1 2 -4 -5
leaf_value=-1.1095641805491712 1.0847255354159109 -2.7299718801568593 14.75057829362566 -0.52478751197150875
leaf_weight=12.999999999999998 23 68 23 98
leaf_count=13 23 68 23 98
internal_value=-0.00224558 -0.00147887 -0.00399457 0.000430328
internal_weight=225 212 91 121
internal_count=225 212 91 121
is_linear=0
shrinkage=0.035


Tree=98
num_leaves=4
num_cat=0
split_feature=1 7 9
split_gain=1.74455 0.857856 1.07507
threshold=1.0000000180025095e-35 8.944097042083742 9.7430677413940447
decision_type=2 2 2
left_child=-1 -2 -3
right_child=1 2 -4
leaf_value=-1.0707294342299503 18.891215431138718 21.572890973096346 -1.4951441911893688
leaf_weight=12.999999999999998 21 21 170
leaf_count=13 21 21 170
internal_value=-0.00178097 -0.000985915 -0.00173177
internal_weight=225 212 191
internal_count=225 212 191
is_linear=0
shrinkage=0.035


Tree=99
num_leaves=6
num_cat=0
split_feature=0 2 2 10 9
split_gain=1.78118 1.11555 1.01933 0.841133 0.624122
threshold=2.6020033359527592 5.2932541370391855 6.2402586936950692 9.870206832885744 9.6437368392944354
decision_type=2 2 2 2 2
left_child=3 -2 -3 4 -1
right_child=1 2 -4 -5 -6
leaf_value=-1.9822629148094784 15.169396152725136 -2.5057358169608279 0.068947628363891914 -0.96437961715341214 -1.4656780330410093
leaf_weight=12.000000000000002 12.999999999999998 53 118 12.999999999999998 15.999999999999998
leaf_count=12 13 53 118 13 16
internal_value=-0.00224558 -0.000756757 -0.00152616 -0.00875 -0.012069
internal_weight=225 184 171 41 28
internal_count=225 184 171 41 28
is_linear=0
shrinkage=0.035


Tree=100
num_leaves=6
num_cat=0
split_feature=0 2 2 10 9
split_gain=1.78118 1.11555 1.01933 0.841133 0.624122
threshold=2.6020033359527592 5.2932541370391855 6.2402586936950692 9.870206832885744 9.6437368392944354
decision_type=2 2 2 2 2
left_child=3 -2 -3 4 -1
right_child=1 2 -4 -5 -6
leaf_value=-1.9128837127911467 14.638467287379758 -2.4180350633671988 0.066534461371153389 -0.93062633055304567 -1.4143793018845743
leaf_weight=12.000000000000002 12.999999999999998 53 118 12.999999999999998 15.999999999999998
leaf_count=12 13 53 118 13 16
internal_value=-0.00224558 -0.000756757 -0.00152616 -0.00875 -0.012069
internal_weight=225 184 171 41 28
internal_count=225 184 171 41 28
is_linear=0
shrinkage=0.035


Tree=101
num_leaves=6
num_cat=0
split_feature=0 2 2 10 9
split_gain=1.78118 1.11555 1.01933 0.841133 0.624122
threshold=2.6020033359527592 5.2932541370391855 6.2402586936950692 9.870206832885744 9.6437368392944354
decision_type=2 2 2 2 2
left_child=3 -2 -3 4 -1
right_child=1 2 -4 -5 -6
leaf_value=-1.8459327828434564 14.126120932321463 -2.3334038361493468 0.064205755223159716 -0.89805440898369182 -1.3648760263186139
leaf_weight=12.000000000000002 12.999999999999998 53 118 12.999999999999998 15.999999999999998
leaf_count=12 13 53 118 13 16
internal_value=-0.00224558 -0.000756757 -0.00152616 -0.00875 -0.012069
internal_weight=225 184 171 41 28
internal_count=225 184 171 41 28
is_linear=0
shrinkage=0.035


Tree=102
num_leaves=6
num_cat=0
split_feature=0 2 13 10 9
split_gain=1.86723 1.07199 1.05838 0.841133 0.624122
threshold=2.6020033359527592 5.2932541370391855 1.0000000180025095e-35 9.870206832885744 9.6437368392944354
decision_type=2 2 2 2 2
left_child=3 -2 -3 4 -1
right_child=1 2 -4 -5 -6
leaf_value=-1.7813251354439354 13.631706699690209 0.076702828958708558 -3.7539336889252897 -0.86662250466926494 -1.3171053653974625
leaf_weight=12.000000000000002 12.999999999999998 107 64 12.999999999999998 15.999999999999998
leaf_count=12 13 107 64 13 16
internal_value=-0.00209071 -0.000567568 -0.00132267 -0.00875 -0.012069
internal_weight=225 184 171 41 28
internal_count=225 184 171 41 28
is_linear=0
shrinkage=0.035


Tree=103
num_leaves=7
num_cat=0
split_feature=0 17 11 5 10 9
split_gain=1.86723 0.950167 2.24779 1.27441 0.841133 0.624122
threshold=2.6020033359527592 0.25000000000000011 10.729868888854982 7.7714855670928964 9.870206832885744 9.6437368392944354
decision_type=2 2 2 2 2 2
left_child=4 2 -2 -3 5 -1
right_child=1 3 -4 -5 -6 -7
leaf_value=-1.7189787557033978 -2.6460826591275461 3.6143043915020865 68.931056278747789 -1.2207244723935471 -0.83629071700583957 -1.2710066776085511
leaf_weight=12.000000000000002 54 61 12.999999999999998 56 12.999999999999998 15.999999999999998
leaf_count=12 54 61 13 56 13 16
internal_value=-0.00209071 -0.000567568 -0.00386029 0.00133475 -0.00875 -0.012069
internal_weight=225 184 67 117 41 28
internal_count=225 184 67 117 41 28
is_linear=0
shrinkage=0.035


Tree=104
num_leaves=6
num_cat=0
split_feature=0 10 0 3 9
split_gain=1.69708 0.841133 0.839134 1.14149 0.624122
threshold=2.6020033359527592 9.870206832885744 2.9700856208801274 5.3636121749877939 9.6437368392944354
decision_type=2 2 2 2 2
left_child=1 4 -2 -4 -1
right_child=2 -3 3 -5 -6
leaf_value=-1.6588144992537786 9.7085002796318349 -0.80702054191063677 -3.1373469458325003 1.0247506586312489 -1.2265214438922518
leaf_weight=12.000000000000002 13.999999999999998 12.999999999999998 75 95 15.999999999999998
leaf_count=12 14 13 75 95 16
internal_value=-0.00240044 -0.00875 -0.000945946 -0.00163743 -0.012069
internal_weight=225 41 184 170 28
internal_count=225 41 184 170 28
is_linear=0
shrinkage=0.035


Tree=105
num_leaves=7
num_cat=0
split_feature=0 12 7 4 10 9
split_gain=1.53478 0.895351 1.55012 1.0522 0.841133 0.624122
threshold=2.6020033359527592 0.87837970256805431 10.203170776367189 6.9805397987365732 9.870206832885744 9.6437368392944354
decision_type=2 2 2 2 2 2
left_child=4 2 -2 -3 5 -1
right_child=1 3 -4 -5 -6 -7
leaf_value=-1.6007559917798964 -3.1802342570411706 -3.156648280531388 0.90305400986374829 36.909700396567452 -0.7787748229437671 -1.1835931933560235
leaf_weight=12.000000000000002 85 12.000000000000002 74 12.999999999999998 12.999999999999998 15.999999999999998
leaf_count=12 85 12 74 13 13 16
internal_value=-0.00271018 -0.00132432 -0.00229688 0.00471154 -0.00875 -0.012069
internal_weight=225 184 159 25 41 28
internal_count=225 184 159 25 41 28
is_linear=0
shrinkage=0.035


Tree=106
num_leaves=7
num_cat=0
split_feature=3 9 0 5 17 11
split_gain=1.65773 0.88219 0.737946 1.16519 0.721145 0.5507
threshold=5.3636121749877939 10.556982994079592 4.3241107463836679 7.7137842178344735 0.25000000000000011 10.028401851654055
decision_type=2 2 2 2 2 2
left_child=1 4 5 -4 -1 -2
right_child=2 -3 3 -5 -6 -7
leaf_value=-2.3323544239575038 0.23028228273033735 3.6842359259038067 15.714935075463186 -0.016413299091917112 -1.7433762698991127 -5.4556404769950824
leaf_weight=26 13.000000000000002 15.999999999999998 19 51 84 15.999999999999998
leaf_count=26 13 16 19 51 84 16
internal_value=-0.00286504 -0.00551181 0.000525 0.00246479 -0.00662162 -0.00408333
internal_weight=225 126 99 70 110 29
internal_count=225 126 99 70 110 29
is_linear=0
shrinkage=0.035


Tree=107
num_leaves=6
num_cat=0
split_feature=0 2 2 10 9
split_gain=1.61495 1.20511 0.979457 0.841133 0.624122
threshold=2.6020033359527592 5.2932541370391855 6.3732483386993417 9.870206832885744 9.6437368392944354
decision_type=2 2 2 2 2
left_child=3 -2 -3 4 -1
right_child=1 2 -4 -5 -6
leaf_value=-1.4837113626211311 13.151570564795971 -1.7308614508075326 -0.14076399366554201 -0.69049953469427239 -1.0708421444460718
leaf_weight=12.000000000000002 12.999999999999998 59 112 12.999999999999998 15.999999999999998
leaf_count=12 13 59 112 13 16
internal_value=-0.00255531 -0.00113514 -0.00193314 -0.00875 -0.012069
internal_weight=225 184 171 41 28
internal_count=225 184 171 41 28
is_linear=0
shrinkage=0.035


Tree=108
num_leaves=7
num_cat=0
split_feature=0 2 2 10 9 4
split_gain=1.69708 1.11839 1.47261 0.841133 0.624122 0.590625
threshold=2.6020033359527592 5.6612212657928476 6.3732483386993417 9.870206832885744 9.6437368392944354 5.8462340831756601
decision_type=2 2 2 2 2 2
left_child=3 5 -3 4 -1 -2
right_child=1 2 -4 -5 -6 -7
leaf_value=-1.4317814649293912 0.028263279953573035 -2.9754558693364466 -0.13583725388724646 -0.6663320509799735 -1.0333626693904592 6.5973812195227008
leaf_weight=12.000000000000002 14.000000000000002 43 112 12.999999999999998 15.999999999999998 14.999999999999998
leaf_count=12 14 43 112 13 16 15
internal_value=-0.00240044 -0.000945946 -0.00213141 -0.00875 -0.012069 0.00525
internal_weight=225 184 155 41 28 29
internal_count=225 184 155 41 28 29
is_linear=0
shrinkage=0.035


Tree=109
num_leaves=7
num_cat=0
split_feature=3 0 9 2 0 10
split_gain=1.36825 1.15523 1.77267 0.970982 0.80385 1.23429
threshold=5.2755572795867929 3.7726949453353886 10.049209117889406 6.6339707374572763 4.3241107463836679 9.4289736747741717
decision_type=2 2 2 2 2 2
left_child=1 2 -1 -3 -2 -6
right_child=4 3 -4 -5 5 -7
leaf_value=-0.76623761326668838 -2.2012763151081862 -2.871314913909671 1.922399792357169 -15.673922689564032 14.866222040160018 -0.014548360541567008
leaf_weight=47 31 19 39 14.999999999999998 20 54
leaf_count=47 31 19 39 15 20 54
internal_value=-0.00209071 -0.0046281 -0.00241379 -0.01 0.000825472 0.0028
internal_weight=225 120 86 34 105 74
internal_count=225 120 86 34 105 74
is_linear=0
shrinkage=0.035


Tree=110
num_leaves=7
num_cat=0
split_feature=10 8 3 8 2 9
split_gain=1.36979 1.50502 1.51291 1.43595 0.908637 0.667582
threshold=9.9447727203369158 10.053908824920656 4.0689902305603036 9.7442717552185076 6.4480974674224862 10.362236022949221
decision_type=2 2 2 2 2 2
left_child=1 2 -1 5 -3 -2
right_child=3 4 -4 -5 -6 -7
leaf_value=-0.72490853128462673 -3.4606900108454322 -2.5391465103894908 1.4360812290491829 15.842278384070532 -1.130051241872476 -14.904480253411693
leaf_weight=20 12.000000000000002 33 65 59 23 12.999999999999998
leaf_count=20 12 33 65 59 23 13
internal_value=-0.00271018 -0.00480634 -0.0018314 0.000823529 -0.00921053 -0.00605769
internal_weight=225 141 85 84 56 25
internal_count=225 141 85 84 56 25
is_linear=0
shrinkage=0.035


Tree=111
num_leaves=4
num_cat=0
split_feature=6 7 12
split_gain=1.38785 0.888918 1.04517
threshold=11.255623340606691 11.092648029327394 -0.87837970256805409
decision_type=2 2 2
left_child=1 2 -1
right_child=-2 -3 -4
leaf_value=0.58520832183603178 47.93624004331884 29.829945699803414 -1.0597953548292049
leaf_weight=29 19 20 157
leaf_count=29 19 20 157
internal_value=-0.00271018 -0.00355072 -0.00430481
internal_weight=225 206 186
internal_count=225 206 186
is_linear=0
shrinkage=0.035


Tree=112
num_leaves=5
num_cat=0
split_feature=5 7 10 9
split_gain=1.10717 1.44656 1.13185 0.470862
threshold=6.6431365013122567 8.944097042083742 10.878529548645021 9.9972848892211932
decision_type=2 2 2 2
left_child=3 -2 -3 -1
right_child=1 2 -4 -5
leaf_value=-1.4879624807138869 25.579392084014511 -0.54403512714668523 -16.51996464591582 -1.8638933192147018
leaf_weight=20 15.999999999999998 163 13.999999999999998 11.999999999999998
leaf_count=20 16 163 14 12
internal_value=-0.00255531 -0.00153351 -0.00245787 -0.00848485
internal_weight=225 193 177 32
internal_count=225 193 177 32
is_linear=0
shrinkage=0.035


Tree=113
num_leaves=7
num_cat=0
split_feature=3 11 10 0 9 2
split_gain=1.36904 1.13868 1.46939 0.844273 2.13643 1.11937
threshold=5.3636121749877939 10.025194168090822 9.9447727203369158 3.7726949453353886 10.049209117889406 6.6339707374572763
decision_type=2 2 2 2 2 2
left_child=3 -2 -3 4 -1 -5
right_child=1 2 -4 5 -6 -7
leaf_value=-1.2131047162574302 18.483430766704547 -3.5127229187712179 16.473761561938218 -1.7569964110203742 2.0323740168734141 -15.958149482355809
leaf_weight=48 24 36 39 24 39 14.999999999999998
leaf_count=48 24 36 39 24 39 15
internal_value=-0.00255531 0.000525 -0.00161184 -0.00496063 -0.00298295 -0.0091875
internal_weight=225 99 75 126 87 39
internal_count=225 99 75 126 87 39
is_linear=0
shrinkage=0.035


Tree=114
num_leaves=7
num_cat=0
split_feature=10 8 3 8 7 9
split_gain=1.61982 1.43595 1.28012 1.7887 0.687751 0.667582
threshold=9.9447727203369158 9.7442717552185076 4.0689902305603036 10.053908824920656 10.836708068847658 10.362236022949221
decision_type=2 2 2 2 2 2
left_child=2 5 -1 -4 -3 -2
right_child=1 4 3 -5 -6 -7
leaf_value=-2.1468578200621247 -3.6360767305675306 17.709409556875865 1.5648977550586149 -1.6316090142196813 -1.2828709205223676 -14.903271032340962
leaf_weight=31 12.000000000000002 41 65 45 18 12.999999999999998
leaf_count=31 12 41 65 45 18 13
internal_value=-0.00301991 0.000823529 -0.0052993 -0.00346847 0.00379167 -0.00605769
internal_weight=225 84 141 110 59 25
internal_count=225 84 141 110 59 25
is_linear=0
shrinkage=0.035


Tree=115
num_leaves=7
num_cat=0
split_feature=3 10 13 10 0 9
split_gain=1.29259 0.896324 1.3753 1.15519 0.632212 1.50007
threshold=5.3636121749877939 9.9923605918884295 1.0000000180025095e-35 9.4702830314636248 3.7726949453353886 10.049209117889406
decision_type=2 2 2 2 2 2
left_child=4 3 -3 -2 5 -1
right_child=1 2 -4 -5 -6 -7
leaf_value=-1.1694786041531013 0.98247010582349026 35.964275445255879 -8.9434647669241034 -13.033880370798469 -3.5944480512046417 2.0885036118527087
leaf_weight=48 34 25 18 22 39 39
leaf_count=48 34 25 18 22 39 39
internal_value=-0.00317478 -0.000175 0.00357955 -0.00307018 -0.00551181 -0.00377841
internal_weight=225 99 43 56 126 87
internal_count=225 99 43 56 126 87
is_linear=0
shrinkage=0.035


Tree=116
num_leaves=7
num_cat=0
split_feature=2 5 8 2 17 0
split_gain=1.28228 1.508 1.56761 1.13696 1.67103 1.60702
threshold=6.1537683010101327 7.3749420642852792 9.953794479370119 5.4402484893798837 0.68301269412040722 2.6735538244247441
decision_type=2 2 2 2 2 2
left_child=3 -2 -3 5 -5 -1
right_child=1 2 -4 4 -6 -7
leaf_value=-0.87833749620885837 28.158327462474993 -11.682410416487199 1.8225417584757242 -2.6496831163464756 -0.14549418547348694 10.271187061853871
leaf_weight=26 19 51 66 27 18 18
leaf_count=26 19 51 66 27 18 18
internal_value=-0.00317478 -0.0010219 -0.00252119 -0.00641667 -0.0102717 -0.00233333
internal_weight=225 136 117 89 45 44
internal_count=225 136 117 89 45 44
is_linear=0
shrinkage=0.035


Tree=117
num_leaves=4
num_cat=0
split_feature=6 7 10
split_gain=1.48553 0.977167 0.94617
threshold=11.255623340606691 11.092648029327394 9.3973851203918475
decision_type=2 2 2
left_child=1 2 -1
right_child=-2 -3 -4
leaf_value=-0.2086783559931803 43.758563279963717 27.735490184642746 -2.4271630788566445
leaf_weight=75 19 20 111
leaf_count=75 19 20 111
internal_value=-0.00301991 -0.00388889 -0.00467914
internal_weight=225 206 186
internal_count=225 206 186
is_linear=0
shrinkage=0.035


Tree=118
num_leaves=7
num_cat=0
split_feature=2 5 8 9 1 3
split_gain=1.10371 0.972407 1.68677 0.801709 1.14331 1.12912
threshold=6.1537683010101327 7.3749420642852792 9.4211163520813006 9.7430677413940447 4.5849153995513925 4.3691272735595712
decision_type=2 2 2 2 2 2
left_child=3 -2 -3 5 -5 -1
right_child=1 2 -4 4 -6 -7
leaf_value=-1.0765448938424527 27.18008974374813 -11.188575344150161 -0.028801420568773894 -0.13793901048645951 -3.4409513910796874 48.534830178463359
leaf_weight=12.000000000000002 19 25 92 36 28 12.999999999999998
leaf_count=12 19 25 92 36 28 13
internal_value=-0.00301991 -0.0010219 -0.00222458 -0.00602778 -0.00807692 -0.000673077
internal_weight=225 136 117 89 64 25
internal_count=225 136 117 89 64 25
is_linear=0
shrinkage=0.035


Tree=119
num_leaves=7
num_cat=0
split_feature=4 11 2 1 5 5
split_gain=1.18532 1.53865 1.27454 1.18104 1.00064 1.04054
threshold=6.8895866870880136 10.123447418212892 6.4117844104766855 4.6395599842071542 7.7137842178344735 7.9339463710784921
decision_type=2 2 2 2 2 2
left_child=1 3 -3 -1 -2 -6
right_child=4 2 -4 -5 5 -7
leaf_value=-0.15466549993454148 26.092178949146394 -0.67070939249315153 44.586648347881919 -4.5437984049219713 -5.9639019279931684 3.2468258885730874
leaf_weight=39 15.999999999999998 36 18 43 24 49
leaf_count=39 16 36 18 43 24 49
internal_value=-0.00255531 -0.00459854 0 -0.00759036 0.000583333 -0.00118243
internal_weight=225 136 54 82 89 73
internal_count=225 136 54 82 89 73
is_linear=0
shrinkage=0.035


end of trees

feature_importances:
Column_1=91
Column_2=59
Column_9=55
Column_7=53
Column_8=45
Column_17=45
Column_10=41
Column_5=40
Column_0=31
Column_6=26
Column_11=21
Column_4=20
Column_12=20
Column_3=18
Column_13=18
Column_16=2

parameters:
[boosting: gbdt]
[objective: quantile]
[metric: quantile]
[tree_learner: serial]
[device_type: cpu]
[data_sample_strategy: bagging]
[data: ]
[valid: ]
[num_iterations: 120]
[learning_rate: 0.035]
[num_leaves: 7]
[num_threads: 1]
[seed: 20260901]
[deterministic: 1]
[force_col_wise: 0]
[force_row_wise: 0]
[histogram_pool_size: -1]
[max_depth: 3]
[min_data_in_leaf: 12]
[min_sum_hessian_in_leaf: 0.001]
[bagging_fraction: 1]
[pos_bagging_fraction: 1]
[neg_bagging_fraction: 1]
[bagging_freq: 0]
[bagging_seed: 12992]
[bagging_by_query: 0]
[feature_fraction: 1]
[feature_fraction_bynode: 1]
[feature_fraction_seed: 30141]
[extra_trees: 0]
[extra_seed: 31421]
[early_stopping_round: 0]
[early_stopping_min_delta: 0]
[first_metric_only: 0]
[max_delta_step: 0]
[lambda_l1: 0]
[lambda_l2: 1]
[linear_lambda: 0]
[min_gain_to_split: 0]
[drop_rate: 0.1]
[max_drop: 50]
[skip_drop: 0.5]
[xgboost_dart_mode: 0]
[uniform_drop: 0]
[drop_seed: 11049]
[top_rate: 0.2]
[other_rate: 0.1]
[min_data_per_group: 100]
[max_cat_threshold: 32]
[cat_l2: 10]
[cat_smooth: 10]
[max_cat_to_onehot: 4]
[top_k: 20]
[monotone_constraints: ]
[monotone_constraints_method: basic]
[monotone_penalty: 0]
[feature_contri: ]
[forcedsplits_filename: ]
[refit_decay_rate: 0.9]
[cegb_tradeoff: 1]
[cegb_penalty_split: 0]
[cegb_penalty_feature_lazy: ]
[cegb_penalty_feature_coupled: ]
[path_smooth: 0]
[interaction_constraints: ]
[verbosity: -1]
[saved_feature_importance_type: 0]
[use_quantized_grad: 0]
[num_grad_quant_bins: 4]
[quant_train_renew_leaf: 0]
[stochastic_rounding: 1]
[linear_tree: 0]
[max_bin: 255]
[max_bin_by_feature: ]
[min_data_in_bin: 3]
[bin_construct_sample_cnt: 200000]
[data_random_seed: 5023]
[is_enable_sparse: 1]
[enable_bundle: 1]
[use_missing: 1]
[zero_as_missing: 0]
[feature_pre_filter: 1]
[pre_partition: 0]
[two_round: 0]
[header: 0]
[label_column: ]
[weight_column: ]
[group_column: ]
[ignore_column: ]
[categorical_feature: ]
[forcedbins_filename: ]
[precise_float_parser: 0]
[parser_config_file: ]
[objective_seed: 6921]
[num_class: 1]
[is_unbalance: 0]
[scale_pos_weight: 1]
[sigmoid: 1]
[boost_from_average: 1]
[reg_sqrt: 0]
[alpha: 0.5]
[fair_c: 1]
[poisson_max_delta_step: 0.7]
[tweedie_variance_power: 1.5]
[lambdarank_truncation_level: 30]
[lambdarank_norm: 1]
[label_gain: ]
[lambdarank_position_bias_regularization: 0]
[eval_at: ]
[multi_error_top_k: 1]
[auc_mu_weights: ]
[num_machines: 1]
[local_listen_port: 12400]
[time_out: 120]
[machine_list_filename: ]
[machines: ]
[gpu_platform_id: -1]
[gpu_device_id: -1]
[gpu_use_dp: 0]
[num_gpu: 1]

end of parameters

pandas_categorical:null
