aidc_id,slot,p_min_kw,p_max_kw,wetbulb_c,rh_pct,slope,intercept_kw,maximum_error_kw,maximum_error_at_kw,minimum_conservatism_kw
AIDC01,0,8.332855716102744,52.15076843766912,5.677416381864079,75.75186021149318,1.0000000261738429,4.9822895117381645,6.855000407313128e-07,40.35804843747654,0.0
AIDC02,0,4.166427858051372,26.07538421883456,5.677416381864079,75.75186021149318,1.000000000597181,4.982289727022702,5.203919073437646e-09,18.206596160827644,0.0
AIDC03,0,8.332855716102744,52.15076843766912,5.677416381864079,75.75186021149318,1.0000000261738429,4.9822895117381645,6.855000407313128e-07,40.35804843747654,0.0
AIDC04,0,4.166427858051372,26.07538421883456,5.677416381864079,75.75186021149318,1.000000000597181,4.982289727022702,5.203919073437646e-09,18.206596160827644,0.0
AIDC05,0,10.41606964512843,65.18846054708641,5.677416381864079,75.75186021149318,1.0000001938458871,4.982287711005792,6.94355292552018e-06,52.0909738854387,0.0
AIDC06,0,8.332855716102744,52.15076843766912,5.677416381864079,75.75186021149318,1.0000000261738429,4.9822895117381645,6.855000407313128e-07,40.35804843747654,0.0
AIDC07,0,4.166427858051372,26.07538421883456,5.677416381864079,75.75186021149318,1.000000000597181,4.982289727022702,5.203919073437646e-09,18.206596160827644,0.0
AIDC08,0,8.332855716102744,52.15076843766912,5.677416381864079,75.75186021149318,1.0000000261738429,4.9822895117381645,6.855000407313128e-07,40.35804843747654,0.0
AIDC09,0,4.166427858051372,26.07538421883456,5.677416381864079,75.75186021149318,1.000000000597181,4.982289727022702,5.203919073437646e-09,18.206596160827644,0.0
AIDC10,0,8.332855716102744,52.15076843766912,5.677416381864079,75.75186021149318,1.0000000261738429,4.9822895117381645,6.855000407313128e-07,40.35804843747654,0.0
AIDC11,0,4.166427858051372,26.07538421883456,5.677416381864079,75.75186021149318,1.000000000597181,4.982289727022702,5.203919073437646e-09,18.206596160827644,0.0
AIDC12,0,8.332855716102744,52.15076843766912,5.677416381864079,75.75186021149318,1.0000000261738429,4.9822895117381645,6.855000407313128e-07,40.35804843747654,0.0
AIDC01,1,8.332855716102744,52.15076843766912,5.680325082003087,76.52336387185466,1.0000000258525954,4.98228951440711,6.770864899863227e-07,40.358048452816135,-7.105427357601002e-15
AIDC02,1,4.166427858051372,26.07538421883456,5.680325082003087,76.52336387185466,1.0000000005898513,4.982289727049329,5.140044834206492e-09,18.206594901780477,0.0
AIDC03,1,8.332855716102744,52.15076843766912,5.680325082003087,76.52336387185466,1.0000000258525954,4.98228951440711,6.770864899863227e-07,40.358048452816135,-7.105427357601002e-15
AIDC04,1,4.166427858051372,26.07538421883456,5.680325082003087,76.52336387185466,1.0000000005898513,4.982289727049329,5.140044834206492e-09,18.206594901780477,0.0
AIDC05,1,10.41606964512843,65.18846054708641,5.680325082003087,76.52336387185466,1.0000001914667056,4.982287735776147,6.858330763748199e-06,52.09097406809495,0.0
AIDC06,1,8.332855716102744,52.15076843766912,5.680325082003087,76.52336387185466,1.0000000258525954,4.98228951440711,6.770864899863227e-07,40.358048452816135,-7.105427357601002e-15
AIDC07,1,4.166427858051372,26.07538421883456,5.680325082003087,76.52336387185466,1.0000000005898513,4.982289727049329,5.140044834206492e-09,18.206594901780477,0.0
AIDC08,1,8.332855716102744,52.15076843766912,5.680325082003087,76.52336387185466,1.0000000258525954,4.98228951440711,6.770864899863227e-07,40.358048452816135,-7.105427357601002e-15
AIDC09,1,4.166427858051372,26.07538421883456,5.680325082003087,76.52336387185466,1.0000000005898513,4.982289727049329,5.140044834206492e-09,18.206594901780477,0.0
AIDC10,1,8.332855716102744,52.15076843766912,5.680325082003087,76.52336387185466,1.0000000258525954,4.98228951440711,6.770864899863227e-07,40.358048452816135,-7.105427357601002e-15
AIDC11,1,4.166427858051372,26.07538421883456,5.680325082003087,76.52336387185466,1.0000000005898513,4.982289727049329,5.140044834206492e-09,18.206594901780477,0.0
AIDC12,1,8.332855716102744,52.15076843766912,5.680325082003087,76.52336387185466,1.0000000258525954,4.98228951440711,6.770864899863227e-07,40.358048452816135,-7.105427357601002e-15
AIDC01,2,8.332855716102744,52.15076843766912,5.683233782142095,77.29486753221612,1.0000000255352908,4.982289517043297,6.687761882062659e-07,40.35804846379487,0.0
AIDC02,2,4.166427858051372,26.07538421883456,5.683233782142095,77.29486753221612,1.0000000005826117,4.982289727075629,5.0769592974120314e-09,18.206595521100425,0.0
AIDC03,2,8.332855716102744,52.15076843766912,5.683233782142095,77.29486753221612,1.0000000255352908,4.982289517043297,6.687761882062659e-07,40.35804846379487,0.0
AIDC04,2,4.166427858051372,26.07538421883456,5.683233782142095,77.29486753221612,1.0000000005826117,4.982289727075629,5.0769592974120314e-09,18.206595521100425,0.0
AIDC05,2,10.41606964512843,65.18846054708641,5.683233782142095,77.29486753221612,1.0000001891167245,4.982287760242487,6.774154549304967e-06,52.09097423161113,0.0
AIDC06,2,8.332855716102744,52.15076843766912,5.683233782142095,77.29486753221612,1.0000000255352908,4.982289517043297,6.687761882062659e-07,40.35804846379487,0.0
AIDC07,2,4.166427858051372,26.07538421883456,5.683233782142095,77.29486753221612,1.0000000005826117,4.982289727075629,5.0769592974120314e-09,18.206595521100425,0.0
AIDC08,2,8.332855716102744,52.15076843766912,5.683233782142095,77.29486753221612,1.0000000255352908,4.982289517043297,6.687761882062659e-07,40.35804846379487,0.0
AIDC09,2,4.166427858051372,26.07538421883456,5.683233782142095,77.29486753221612,1.0000000005826117,4.982289727075629,5.0769592974120314e-09,18.206595521100425,0.0
AIDC10,2,8.332855716102744,52.15076843766912,5.683233782142095,77.29486753221612,1.0000000255352908,4.982289517043297,6.687761882062659e-07,40.35804846379487,0.0
AIDC11,2,4.166427858051372,26.07538421883456,5.683233782142095,77.29486753221612,1.0000000005826117,4.982289727075629,5.0769592974120314e-09,18.206595521100425,0.0
AIDC12,2,8.332855716102744,52.15076843766912,5.683233782142095,77.29486753221612,1.0000000255352908,4.982289517043297,6.687761882062659e-07,40.35804846379487,0.0
AIDC01,3,8.332855716102744,52.15076843766912,5.686142482281102,78.06637119257758,1.0000000252218806,4.982289519647129,6.605678990467823e-07,40.35804846733251,0.0
AIDC02,3,4.166427858051372,26.07538421883456,5.686142482281102,78.06637119257758,1.0000000005754612,4.9822897271016044,5.014651804913228e-09,18.206598027420583,0.0
AIDC03,3,8.332855716102744,52.15076843766912,5.686142482281102,78.06637119257758,1.0000000252218806,4.982289519647129,6.605678990467823e-07,40.35804846733251,0.0
AIDC04,3,4.166427858051372,26.07538421883456,5.686142482281102,78.06637119257758,1.0000000005754612,4.9822897271016044,5.014651804913228e-09,18.206598027420583,0.0
AIDC05,3,10.41606964512843,65.18846054708641,5.686142482281102,78.06637119257758,1.0000001867955863,4.982287784408538,6.691011492421239e-06,52.09097440377434,0.0
AIDC06,3,8.332855716102744,52.15076843766912,5.686142482281102,78.06637119257758,1.0000000252218806,4.982289519647129,6.605678990467823e-07,40.35804846733251,0.0
AIDC07,3,4.166427858051372,26.07538421883456,5.686142482281102,78.06637119257758,1.0000000005754612,4.9822897271016044,5.014651804913228e-09,18.206598027420583,0.0
AIDC08,3,8.332855716102744,52.15076843766912,5.686142482281102,78.06637119257758,1.0000000252218806,4.982289519647129,6.605678990467823e-07,40.35804846733251,0.0
AIDC09,3,4.166427858051372,26.07538421883456,5.686142482281102,78.06637119257758,1.0000000005754612,4.9822897271016044,5.014651804913228e-09,18.206598027420583,0.0
AIDC10,3,8.332855716102744,52.15076843766912,5.686142482281102,78.06637119257758,1.0000000252218806,4.982289519647129,6.605678990467823e-07,40.35804846733251,0.0
AIDC11,3,4.166427858051372,26.07538421883456,5.686142482281102,78.06637119257758,1.0000000005754612,4.9822897271016044,5.014651804913228e-09,18.206598027420583,0.0
AIDC12,3,8.332855716102744,52.15076843766912,5.686142482281102,78.06637119257758,1.0000000252218806,4.982289519647129,6.605678990467823e-07,40.35804846733251,0.0
AIDC01,4,8.332855716102744,52.15076843766912,5.68905118242011,78.83787485293905,1.0000000249123173,4.9822895222189985,6.524603506363746e-07,40.35804852940433,0.0
AIDC02,4,4.166427858051372,26.07538421883456,5.68905118242011,78.83787485293905,1.0000000005683978,4.982289727127265,4.953097487714331e-09,18.206593131960133,-7.105427357601002e-15
AIDC03,4,8.332855716102744,52.15076843766912,5.68905118242011,78.83787485293905,1.0000000249123173,4.9822895222189985,6.524603506363746e-07,40.35804852940433,0.0
AIDC04,4,4.166427858051372,26.07538421883456,5.68905118242011,78.83787485293905,1.0000000005683978,4.982289727127265,4.953097487714331e-09,18.206593131960133,-7.105427357601002e-15
AIDC05,4,10.41606964512843,65.18846054708641,5.68905118242011,78.83787485293905,1.000000184502937,4.982287808277983,6.608888909909183e-06,52.09097457984625,0.0
AIDC06,4,8.332855716102744,52.15076843766912,5.68905118242011,78.83787485293905,1.0000000249123173,4.9822895222189985,6.524603506363746e-07,40.35804852940433,0.0
AIDC07,4,4.166427858051372,26.07538421883456,5.68905118242011,78.83787485293905,1.0000000005683978,4.982289727127265,4.953097487714331e-09,18.206593131960133,-7.105427357601002e-15
AIDC08,4,8.332855716102744,52.15076843766912,5.68905118242011,78.83787485293905,1.0000000249123173,4.9822895222189985,6.524603506363746e-07,40.35804852940433,0.0
AIDC09,4,4.166427858051372,26.07538421883456,5.68905118242011,78.83787485293905,1.0000000005683978,4.982289727127265,4.953097487714331e-09,18.206593131960133,-7.105427357601002e-15
AIDC10,4,8.332855716102744,52.15076843766912,5.68905118242011,78.83787485293905,1.0000000249123173,4.9822895222189985,6.524603506363746e-07,40.35804852940433,0.0
AIDC11,4,4.166427858051372,26.07538421883456,5.68905118242011,78.83787485293905,1.0000000005683978,4.982289727127265,4.953097487714331e-09,18.206593131960133,-7.105427357601002e-15
AIDC12,4,8.332855716102744,52.15076843766912,5.68905118242011,78.83787485293905,1.0000000249123173,4.9822895222189985,6.524603506363746e-07,40.35804852940433,0.0
AIDC01,5,8.332855716102744,52.15076843766912,5.701794355221348,79.66861211531261,1.000000024385544,4.982289526595466,6.386640123423604e-07,40.358048568873116,0.0
AIDC02,5,4.166427858051372,26.07538421883456,5.701794355221348,79.66861211531261,1.0000000005563792,4.982289727170925,4.848367041176971e-09,18.206595432676508,0.0
AIDC03,5,8.332855716102744,52.15076843766912,5.701794355221348,79.66861211531261,1.000000024385544,4.982289526595466,6.386640123423604e-07,40.358048568873116,0.0
AIDC04,5,4.166427858051372,26.07538421883456,5.701794355221348,79.66861211531261,1.0000000005563792,4.982289727170925,4.848367041176971e-09,18.206595432676508,0.0
AIDC05,5,10.41606964512843,65.18846054708641,5.701794355221348,79.66861211531261,1.0000001806016146,4.982287848895792,6.469143741583139e-06,52.09097486259077,0.0
AIDC06,5,8.332855716102744,52.15076843766912,5.701794355221348,79.66861211531261,1.000000024385544,4.982289526595466,6.386640123423604e-07,40.358048568873116,0.0
AIDC07,5,4.166427858051372,26.07538421883456,5.701794355221348,79.66861211531261,1.0000000005563792,4.982289727170925,4.848367041176971e-09,18.206595432676508,0.0
AIDC08,5,8.332855716102744,52.15076843766912,5.701794355221348,79.66861211531261,1.000000024385544,4.982289526595466,6.386640123423604e-07,40.358048568873116,0.0
AIDC09,5,4.166427858051372,26.07538421883456,5.701794355221348,79.66861211531261,1.0000000005563792,4.982289727170925,4.848367041176971e-09,18.206595432676508,0.0
AIDC10,5,8.332855716102744,52.15076843766912,5.701794355221348,79.66861211531261,1.000000024385544,4.982289526595466,6.386640123423604e-07,40.358048568873116,0.0
AIDC11,5,4.166427858051372,26.07538421883456,5.701794355221348,79.66861211531261,1.0000000005563792,4.982289727170925,4.848367041176971e-09,18.206595432676508,0.0
AIDC12,5,8.332855716102744,52.15076843766912,5.701794355221348,79.66861211531261,1.000000024385544,4.982289526595466,6.386640123423604e-07,40.358048568873116,0.0
AIDC01,6,8.332855716102744,52.15076843766912,5.714537528022586,80.49934937768619,1.0000000238699092,4.9822895308793935,6.251593944739398e-07,40.3580485478557,-7.105427357601002e-15
AIDC02,6,4.166427858051372,26.07538421883456,5.714537528022586,80.49934937768619,1.0000000005446146,4.982289727213664,4.7458499352615036e-09,18.20659653849436,0.0
AIDC03,6,8.332855716102744,52.15076843766912,5.714537528022586,80.49934937768619,1.0000000238699092,4.9822895308793935,6.251593944739398e-07,40.3580485478557,-7.105427357601002e-15
AIDC04,6,4.166427858051372,26.07538421883456,5.714537528022586,80.49934937768619,1.0000000005446146,4.982289727213664,4.7458499352615036e-09,18.20659653849436,0.0
AIDC05,6,10.41606964512843,65.18846054708641,5.714537528022586,80.49934937768619,1.0000001767827857,4.982287888654739,6.332353471805163e-06,52.09097514504913,0.0
AIDC06,6,8.332855716102744,52.15076843766912,5.714537528022586,80.49934937768619,1.0000000238699092,4.9822895308793935,6.251593944739398e-07,40.3580485478557,-7.105427357601002e-15
AIDC07,6,4.166427858051372,26.07538421883456,5.714537528022586,80.49934937768619,1.0000000005446146,4.982289727213664,4.7458499352615036e-09,18.20659653849436,0.0
AIDC08,6,8.332855716102744,52.15076843766912,5.714537528022586,80.49934937768619,1.0000000238699092,4.9822895308793935,6.251593944739398e-07,40.3580485478557,-7.105427357601002e-15
AIDC09,6,4.166427858051372,26.07538421883456,5.714537528022586,80.49934937768619,1.0000000005446146,4.982289727213664,4.7458499352615036e-09,18.20659653849436,0.0
AIDC10,6,8.332855716102744,52.15076843766912,5.714537528022586,80.49934937768619,1.0000000238699092,4.9822895308793935,6.251593944739398e-07,40.3580485478557,-7.105427357601002e-15
AIDC11,6,4.166427858051372,26.07538421883456,5.714537528022586,80.49934937768619,1.0000000005446146,4.982289727213664,4.7458499352615036e-09,18.20659653849436,0.0
AIDC12,6,8.332855716102744,52.15076843766912,5.714537528022586,80.49934937768619,1.0000000238699092,4.9822895308793935,6.251593944739398e-07,40.3580485478557,-7.105427357601002e-15
AIDC01,7,8.332855716102744,52.15076843766912,5.7272807008238225,81.33008664005976,1.0000000233651778,4.9822895350727325,6.119403437310211e-07,40.35804861415254,0.0
AIDC02,7,4.166427858051372,26.07538421883456,5.7272807008238225,81.33008664005976,1.0000000005330985,4.982289727255498,4.645492879262747e-09,18.20659441976605,-3.552713678800501e-15
AIDC03,7,8.332855716102744,52.15076843766912,5.7272807008238225,81.33008664005976,1.0000000233651778,4.9822895350727325,6.119403437310211e-07,40.35804861415254,0.0
AIDC04,7,4.166427858051372,26.07538421883456,5.7272807008238225,81.33008664005976,1.0000000005330985,4.982289727255498,4.645492879262747e-09,18.20659441976605,-3.552713678800501e-15
AIDC05,7,10.41606964512843,65.18846054708641,5.7272807008238225,81.33008664005976,1.000000173044706,4.9822879275729814,6.198455636763356e-06,52.090975417807286,0.0
AIDC06,7,8.332855716102744,52.15076843766912,5.7272807008238225,81.33008664005976,1.0000000233651778,4.9822895350727325,6.119403437310211e-07,40.35804861415254,0.0
AIDC07,7,4.166427858051372,26.07538421883456,5.7272807008238225,81.33008664005976,1.0000000005330985,4.982289727255498,4.645492879262747e-09,18.20659441976605,-3.552713678800501e-15
AIDC08,7,8.332855716102744,52.15076843766912,5.7272807008238225,81.33008664005976,1.0000000233651778,4.9822895350727325,6.119403437310211e-07,40.35804861415254,0.0
AIDC09,7,4.166427858051372,26.07538421883456,5.7272807008238225,81.33008664005976,1.0000000005330985,4.982289727255498,4.645492879262747e-09,18.20659441976605,-3.552713678800501e-15
AIDC10,7,8.332855716102744,52.15076843766912,5.7272807008238225,81.33008664005976,1.0000000233651778,4.9822895350727325,6.119403437310211e-07,40.35804861415254,0.0
AIDC11,7,4.166427858051372,26.07538421883456,5.7272807008238225,81.33008664005976,1.0000000005330985,4.982289727255498,4.645492879262747e-09,18.20659441976605,-3.552713678800501e-15
AIDC12,7,8.332855716102744,52.15076843766912,5.7272807008238225,81.33008664005976,1.0000000233651778,4.9822895350727325,6.119403437310211e-07,40.35804861415254,0.0
AIDC01,8,8.332855716102744,52.15076843766912,5.74002387362506,82.16082390243332,1.0000000228711188,4.9822895391774065,5.990008062894958e-07,40.35804861964753,0.0
AIDC02,8,4.166427858051372,26.07538421883456,5.74002387362506,82.16082390243332,1.0000000005218261,4.982289727296448,4.547263898757592e-09,18.20659557250562,0.0
AIDC03,8,8.332855716102744,52.15076843766912,5.74002387362506,82.16082390243332,1.0000000228711188,4.9822895391774065,5.990008062894958e-07,40.35804861964753,0.0
AIDC04,8,4.166427858051372,26.07538421883456,5.74002387362506,82.16082390243332,1.0000000005218261,4.982289727296448,4.547263898757592e-09,18.20659557250562,0.0
AIDC05,8,10.41606964512843,65.18846054708641,5.74002387362506,82.16082390243332,1.0000001693856677,4.9822879656683,6.06738905162274e-06,52.09097568516037,0.0
AIDC06,8,8.332855716102744,52.15076843766912,5.74002387362506,82.16082390243332,1.0000000228711188,4.9822895391774065,5.990008062894958e-07,40.35804861964753,0.0
AIDC07,8,4.166427858051372,26.07538421883456,5.74002387362506,82.16082390243332,1.0000000005218261,4.982289727296448,4.547263898757592e-09,18.20659557250562,0.0
AIDC08,8,8.332855716102744,52.15076843766912,5.74002387362506,82.16082390243332,1.0000000228711188,4.9822895391774065,5.990008062894958e-07,40.35804861964753,0.0
AIDC09,8,4.166427858051372,26.07538421883456,5.74002387362506,82.16082390243332,1.0000000005218261,4.982289727296448,4.547263898757592e-09,18.20659557250562,0.0
AIDC10,8,8.332855716102744,52.15076843766912,5.74002387362506,82.16082390243332,1.0000000228711188,4.9822895391774065,5.990008062894958e-07,40.35804861964753,0.0
AIDC11,8,4.166427858051372,26.07538421883456,5.74002387362506,82.16082390243332,1.0000000005218261,4.982289727296448,4.547263898757592e-09,18.20659557250562,0.0
AIDC12,8,8.332855716102744,52.15076843766912,5.74002387362506,82.16082390243332,1.0000000228711188,4.9822895391774065,5.990008062894958e-07,40.35804861964753,0.0
AIDC01,9,8.332855716102744,52.15076843766912,5.727788381852188,82.563859211183,1.0000000229881485,4.982289538205114,6.020658460670347e-07,40.358048559026926,-7.105427357601002e-15
AIDC02,9,4.166427858051372,26.07538421883456,5.727788381852188,82.563859211183,1.0000000005244962,4.982289727286747,4.5705306206400564e-09,18.206594878911936,0.0
AIDC03,9,8.332855716102744,52.15076843766912,5.727788381852188,82.563859211183,1.0000000229881485,4.982289538205114,6.020658460670347e-07,40.358048559026926,-7.105427357601002e-15
AIDC04,9,4.166427858051372,26.07538421883456,5.727788381852188,82.563859211183,1.0000000005244962,4.982289727286747,4.5705306206400564e-09,18.206594878911936,0.0
AIDC05,9,10.41606964512843,65.18846054708641,5.727788381852188,82.563859211183,1.0000001702524004,4.982287956644495,6.098435385126777e-06,52.09097562299689,0.0
AIDC06,9,8.332855716102744,52.15076843766912,5.727788381852188,82.563859211183,1.0000000229881485,4.982289538205114,6.020658460670347e-07,40.358048559026926,-7.105427357601002e-15
AIDC07,9,4.166427858051372,26.07538421883456,5.727788381852188,82.563859211183,1.0000000005244962,4.982289727286747,4.5705306206400564e-09,18.206594878911936,0.0
AIDC08,9,8.332855716102744,52.15076843766912,5.727788381852188,82.563859211183,1.0000000229881485,4.982289538205114,6.020658460670347e-07,40.358048559026926,-7.105427357601002e-15
AIDC09,9,4.166427858051372,26.07538421883456,5.727788381852188,82.563859211183,1.0000000005244962,4.982289727286747,4.5705306206400564e-09,18.206594878911936,0.0
AIDC10,9,8.332855716102744,52.15076843766912,5.727788381852188,82.563859211183,1.0000000229881485,4.982289538205114,6.020658460670347e-07,40.358048559026926,-7.105427357601002e-15
AIDC11,9,4.166427858051372,26.07538421883456,5.727788381852188,82.563859211183,1.0000000005244962,4.982289727286747,4.5705306206400564e-09,18.206594878911936,0.0
AIDC12,9,8.332855716102744,52.15076843766912,5.727788381852188,82.563859211183,1.0000000229881485,4.982289538205114,6.020658460670347e-07,40.358048559026926,-7.105427357601002e-15
AIDC01,10,8.332855716102744,52.15076843766912,5.715552890079316,82.96689451993268,1.0000000231057773,4.982289537227848,6.051465746281792e-07,40.35804856041318,-7.105427357601002e-15
AIDC02,10,4.166427858051372,26.07538421883456,5.715552890079316,82.96689451993268,1.00000000052718,4.982289727276998,4.593921687501279e-09,18.20659534610114,0.0
AIDC03,10,8.332855716102744,52.15076843766912,5.715552890079316,82.96689451993268,1.0000000231057773,4.982289537227848,6.051465746281792e-07,40.35804856041318,-7.105427357601002e-15
AIDC04,10,4.166427858051372,26.07538421883456,5.715552890079316,82.96689451993268,1.00000000052718,4.982289727276998,4.593921687501279e-09,18.20659534610114,0.0
AIDC05,10,10.41606964512843,65.18846054708641,5.715552890079316,82.96689451993268,1.000000171123568,4.9822879475745125,6.129640560459393e-06,52.09097555736898,0.0
AIDC06,10,8.332855716102744,52.15076843766912,5.715552890079316,82.96689451993268,1.0000000231057773,4.982289537227848,6.051465746281792e-07,40.35804856041318,-7.105427357601002e-15
AIDC07,10,4.166427858051372,26.07538421883456,5.715552890079316,82.96689451993268,1.00000000052718,4.982289727276998,4.593921687501279e-09,18.20659534610114,0.0
AIDC08,10,8.332855716102744,52.15076843766912,5.715552890079316,82.96689451993268,1.0000000231057773,4.982289537227848,6.051465746281792e-07,40.35804856041318,-7.105427357601002e-15
AIDC09,10,4.166427858051372,26.07538421883456,5.715552890079316,82.96689451993268,1.00000000052718,4.982289727276998,4.593921687501279e-09,18.20659534610114,0.0
AIDC10,10,8.332855716102744,52.15076843766912,5.715552890079316,82.96689451993268,1.0000000231057773,4.982289537227848,6.051465746281792e-07,40.35804856041318,-7.105427357601002e-15
AIDC11,10,4.166427858051372,26.07538421883456,5.715552890079316,82.96689451993268,1.00000000052718,4.982289727276998,4.593921687501279e-09,18.20659534610114,0.0
AIDC12,10,8.332855716102744,52.15076843766912,5.715552890079316,82.96689451993268,1.0000000231057773,4.982289537227848,6.051465746281792e-07,40.35804856041318,-7.105427357601002e-15
AIDC01,11,8.332855716102744,52.15076843766912,5.703317398306444,83.36992982868236,1.000000023224008,4.982289536245579,6.082430701326302e-07,40.358048578049775,-7.105427357601002e-15
AIDC02,11,4.166427858051372,26.07538421883456,5.703317398306444,83.36992982868236,1.0000000005298777,4.982289727267198,4.617426441200223e-09,18.206596183263116,-3.552713678800501e-15
AIDC03,11,8.332855716102744,52.15076843766912,5.703317398306444,83.36992982868236,1.000000023224008,4.982289536245579,6.082430701326302e-07,40.358048578049775,-7.105427357601002e-15
AIDC04,11,4.166427858051372,26.07538421883456,5.703317398306444,83.36992982868236,1.0000000005298777,4.982289727267198,4.617426441200223e-09,18.206596183263116,-3.552713678800501e-15
AIDC05,11,10.41606964512843,65.18846054708641,5.703317398306444,83.36992982868236,1.0000001719991933,4.982287938458121,6.1610054231664435e-06,52.09097549436346,0.0
AIDC06,11,8.332855716102744,52.15076843766912,5.703317398306444,83.36992982868236,1.000000023224008,4.982289536245579,6.082430701326302e-07,40.358048578049775,-7.105427357601002e-15
AIDC07,11,4.166427858051372,26.07538421883456,5.703317398306444,83.36992982868236,1.0000000005298777,4.982289727267198,4.617426441200223e-09,18.206596183263116,-3.552713678800501e-15
AIDC08,11,8.332855716102744,52.15076843766912,5.703317398306444,83.36992982868236,1.000000023224008,4.982289536245579,6.082430701326302e-07,40.358048578049775,-7.105427357601002e-15
AIDC09,11,4.166427858051372,26.07538421883456,5.703317398306444,83.36992982868236,1.0000000005298777,4.982289727267198,4.617426441200223e-09,18.206596183263116,-3.552713678800501e-15
AIDC10,11,8.332855716102744,52.15076843766912,5.703317398306444,83.36992982868236,1.000000023224008,4.982289536245579,6.082430701326302e-07,40.358048578049775,-7.105427357601002e-15
AIDC11,11,4.166427858051372,26.07538421883456,5.703317398306444,83.36992982868236,1.0000000005298777,4.982289727267198,4.617426441200223e-09,18.206596183263116,-3.552713678800501e-15
AIDC12,11,8.332855716102744,52.15076843766912,5.703317398306444,83.36992982868236,1.000000023224008,4.982289536245579,6.082430701326302e-07,40.358048578049775,-7.105427357601002e-15
AIDC01,12,8.332855716102744,52.15076843766912,5.691081906533572,83.77296513743204,1.0000000233428439,4.982289535258284,6.113554107400887e-07,40.358048618905954,0.0
AIDC02,12,4.166427858051372,26.07538421883456,5.691081906533572,83.77296513743204,1.0000000005325889,4.98228972725735,4.641051987164246e-09,18.206594168569538,-3.552713678800501e-15
AIDC03,12,8.332855716102744,52.15076843766912,5.691081906533572,83.77296513743204,1.0000000233428439,4.982289535258284,6.113554107400887e-07,40.358048618905954,0.0
AIDC04,12,4.166427858051372,26.07538421883456,5.691081906533572,83.77296513743204,1.0000000005325889,4.98228972725735,4.641051987164246e-09,18.206594168569538,-3.552713678800501e-15
AIDC05,12,10.41606964512843,65.18846054708641,5.691081906533572,83.77296513743204,1.000000172879299,4.982287929295083,6.192530769055793e-06,52.090975428481556,0.0
AIDC06,12,8.332855716102744,52.15076843766912,5.691081906533572,83.77296513743204,1.0000000233428439,4.982289535258284,6.113554107400887e-07,40.358048618905954,0.0
AIDC07,12,4.166427858051372,26.07538421883456,5.691081906533572,83.77296513743204,1.0000000005325889,4.98228972725735,4.641051987164246e-09,18.206594168569538,-3.552713678800501e-15
AIDC08,12,8.332855716102744,52.15076843766912,5.691081906533572,83.77296513743204,1.0000000233428439,4.982289535258284,6.113554107400887e-07,40.358048618905954,0.0
AIDC09,12,4.166427858051372,26.07538421883456,5.691081906533572,83.77296513743204,1.0000000005325889,4.98228972725735,4.641051987164246e-09,18.206594168569538,-3.552713678800501e-15
AIDC10,12,8.332855716102744,52.15076843766912,5.691081906533572,83.77296513743204,1.0000000233428439,4.982289535258284,6.113554107400887e-07,40.358048618905954,0.0
AIDC11,12,4.166427858051372,26.07538421883456,5.691081906533572,83.77296513743204,1.0000000005325889,4.98228972725735,4.641051987164246e-09,18.206594168569538,-3.552713678800501e-15
AIDC12,12,8.332855716102744,52.15076843766912,5.691081906533572,83.77296513743204,1.0000000233428439,4.982289535258284,6.113554107400887e-07,40.358048618905954,0.0
AIDC01,13,8.332855716102744,52.15076843766912,5.694475772541745,84.00750412016845,1.000000023206395,4.982289536391908,6.077817786831474e-07,40.35804860105232,0.0
AIDC02,13,4.166427858051372,26.07538421883456,5.694475772541745,84.00750412016845,1.0000000005294758,4.982289727268659,4.613930570940283e-09,18.20659572998531,0.0
AIDC03,13,8.332855716102744,52.15076843766912,5.694475772541745,84.00750412016845,1.000000023206395,4.982289536391908,6.077817786831474e-07,40.35804860105232,0.0
AIDC04,13,4.166427858051372,26.07538421883456,5.694475772541745,84.00750412016845,1.0000000005294758,4.982289727268659,4.613930570940283e-09,18.20659572998531,0.0
AIDC05,13,10.41606964512843,65.18846054708641,5.694475772541745,84.00750412016845,1.0000001718687495,4.98228793981621,6.156332929663222e-06,52.0909755091477,-1.4210854715202004e-14
AIDC06,13,8.332855716102744,52.15076843766912,5.694475772541745,84.00750412016845,1.000000023206395,4.982289536391908,6.077817786831474e-07,40.35804860105232,0.0
AIDC07,13,4.166427858051372,26.07538421883456,5.694475772541745,84.00750412016845,1.0000000005294758,4.982289727268659,4.613930570940283e-09,18.20659572998531,0.0
AIDC08,13,8.332855716102744,52.15076843766912,5.694475772541745,84.00750412016845,1.000000023206395,4.982289536391908,6.077817786831474e-07,40.35804860105232,0.0
AIDC09,13,4.166427858051372,26.07538421883456,5.694475772541745,84.00750412016845,1.0000000005294758,4.982289727268659,4.613930570940283e-09,18.20659572998531,0.0
AIDC10,13,8.332855716102744,52.15076843766912,5.694475772541745,84.00750412016845,1.000000023206395,4.982289536391908,6.077817786831474e-07,40.35804860105232,0.0
AIDC11,13,4.166427858051372,26.07538421883456,5.694475772541745,84.00750412016845,1.0000000005294758,4.982289727268659,4.613930570940283e-09,18.20659572998531,0.0
AIDC12,13,8.332855716102744,52.15076843766912,5.694475772541745,84.00750412016845,1.000000023206395,4.982289536391908,6.077817786831474e-07,40.35804860105232,0.0
AIDC01,14,8.332855716102744,52.15076843766912,5.697869638549919,84.24204310290486,1.0000000230707438,4.982289537518909,6.042290365826375e-07,40.35804857880349,-7.105427357601002e-15
AIDC02,14,4.166427858051372,26.07538421883456,5.697869638549919,84.24204310290486,1.0000000005263807,4.982289727279903,4.586954815977151e-09,18.20659494536296,-3.552713678800501e-15
AIDC03,14,8.332855716102744,52.15076843766912,5.697869638549919,84.24204310290486,1.0000000230707438,4.982289537518909,6.042290365826375e-07,40.35804857880349,-7.105427357601002e-15
AIDC04,14,4.166427858051372,26.07538421883456,5.697869638549919,84.24204310290486,1.0000000005263807,4.982289727279903,4.586954815977151e-09,18.20659494536296,-3.552713678800501e-15
AIDC05,14,10.41606964512843,65.18846054708641,5.697869638549919,84.24204310290486,1.0000001708641066,4.98228795027584,6.1203466756865055e-06,52.09097558162986,0.0
AIDC06,14,8.332855716102744,52.15076843766912,5.697869638549919,84.24204310290486,1.0000000230707438,4.982289537518909,6.042290365826375e-07,40.35804857880349,-7.105427357601002e-15
AIDC07,14,4.166427858051372,26.07538421883456,5.697869638549919,84.24204310290486,1.0000000005263807,4.982289727279903,4.586954815977151e-09,18.20659494536296,-3.552713678800501e-15
AIDC08,14,8.332855716102744,52.15076843766912,5.697869638549919,84.24204310290486,1.0000000230707438,4.982289537518909,6.042290365826375e-07,40.35804857880349,-7.105427357601002e-15
AIDC09,14,4.166427858051372,26.07538421883456,5.697869638549919,84.24204310290486,1.0000000005263807,4.982289727279903,4.586954815977151e-09,18.20659494536296,-3.552713678800501e-15
AIDC10,14,8.332855716102744,52.15076843766912,5.697869638549919,84.24204310290486,1.0000000230707438,4.982289537518909,6.042290365826375e-07,40.35804857880349,-7.105427357601002e-15
AIDC11,14,4.166427858051372,26.07538421883456,5.697869638549919,84.24204310290486,1.0000000005263807,4.982289727279903,4.586954815977151e-09,18.20659494536296,-3.552713678800501e-15
AIDC12,14,8.332855716102744,52.15076843766912,5.697869638549919,84.24204310290486,1.0000000230707438,4.982289537518909,6.042290365826375e-07,40.35804857880349,-7.105427357601002e-15
AIDC01,15,8.332855716102744,52.15076843766912,5.701263504558092,84.47658208564127,1.0000000229358856,4.982289538639318,6.006970636462938e-07,40.358048608652695,-7.105427357601002e-15
AIDC02,15,4.166427858051372,26.07538421883456,5.701263504558092,84.47658208564127,1.000000000523304,4.982289727291079,4.5601460385569226e-09,18.206597937002478,0.0
AIDC03,15,8.332855716102744,52.15076843766912,5.701263504558092,84.47658208564127,1.0000000229358856,4.982289538639318,6.006970636462938e-07,40.358048608652695,-7.105427357601002e-15
AIDC04,15,4.166427858051372,26.07538421883456,5.701263504558092,84.47658208564127,1.000000000523304,4.982289727291079,4.5601460385569226e-09,18.206597937002478,0.0
AIDC05,15,10.41606964512843,65.18846054708641,5.701263504558092,84.47658208564127,1.0000001698653365,4.982287960674329,6.0845707707812835e-06,52.09097565731534,0.0
AIDC06,15,8.332855716102744,52.15076843766912,5.701263504558092,84.47658208564127,1.0000000229358856,4.982289538639318,6.006970636462938e-07,40.358048608652695,-7.105427357601002e-15
AIDC07,15,4.166427858051372,26.07538421883456,5.701263504558092,84.47658208564127,1.000000000523304,4.982289727291079,4.5601460385569226e-09,18.206597937002478,0.0
AIDC08,15,8.332855716102744,52.15076843766912,5.701263504558092,84.47658208564127,1.0000000229358856,4.982289538639318,6.006970636462938e-07,40.358048608652695,-7.105427357601002e-15
AIDC09,15,4.166427858051372,26.07538421883456,5.701263504558092,84.47658208564127,1.000000000523304,4.982289727291079,4.5601460385569226e-09,18.206597937002478,0.0
AIDC10,15,8.332855716102744,52.15076843766912,5.701263504558092,84.47658208564127,1.0000000229358856,4.982289538639318,6.006970636462938e-07,40.358048608652695,-7.105427357601002e-15
AIDC11,15,4.166427858051372,26.07538421883456,5.701263504558092,84.47658208564127,1.000000000523304,4.982289727291079,4.5601460385569226e-09,18.206597937002478,0.0
AIDC12,15,8.332855716102744,52.15076843766912,5.701263504558092,84.47658208564127,1.0000000229358856,4.982289538639318,6.006970636462938e-07,40.358048608652695,-7.105427357601002e-15
AIDC01,16,8.332855716102744,52.15076843766912,5.704657370566265,84.71112106837768,1.0000000228018158,4.982289539753179,5.971857390818514e-07,40.35804862729485,0.0
AIDC02,16,4.166427858051372,26.07538421883456,5.704657370566265,84.71112106837768,1.000000000520245,4.9822897273021916,4.533486475111204e-09,18.206595958847437,0.0
AIDC03,16,8.332855716102744,52.15076843766912,5.704657370566265,84.71112106837768,1.0000000228018158,4.982289539753179,5.971857390818514e-07,40.35804862729485,0.0
AIDC04,16,4.166427858051372,26.07538421883456,5.704657370566265,84.71112106837768,1.000000000520245,4.9822897273021916,4.533486475111204e-09,18.206595958847437,0.0
AIDC05,16,10.41606964512843,65.18846054708641,5.704657370566265,84.71112106837768,1.0000001688724043,4.982287971012038,6.049003985708623e-06,52.09097572544785,0.0
AIDC06,16,8.332855716102744,52.15076843766912,5.704657370566265,84.71112106837768,1.0000000228018158,4.982289539753179,5.971857390818514e-07,40.35804862729485,0.0
AIDC07,16,4.166427858051372,26.07538421883456,5.704657370566265,84.71112106837768,1.000000000520245,4.9822897273021916,4.533486475111204e-09,18.206595958847437,0.0
AIDC08,16,8.332855716102744,52.15076843766912,5.704657370566265,84.71112106837768,1.0000000228018158,4.982289539753179,5.971857390818514e-07,40.35804862729485,0.0
AIDC09,16,4.166427858051372,26.07538421883456,5.704657370566265,84.71112106837768,1.000000000520245,4.9822897273021916,4.533486475111204e-09,18.206595958847437,0.0
AIDC10,16,8.332855716102744,52.15076843766912,5.704657370566265,84.71112106837768,1.0000000228018158,4.982289539753179,5.971857390818514e-07,40.35804862729485,0.0
AIDC11,16,4.166427858051372,26.07538421883456,5.704657370566265,84.71112106837768,1.000000000520245,4.9822897273021916,4.533486475111204e-09,18.206595958847437,0.0
AIDC12,16,8.332855716102744,52.15076843766912,5.704657370566265,84.71112106837768,1.0000000228018158,4.982289539753179,5.971857390818514e-07,40.35804862729485,0.0
AIDC01,17,8.332855716102744,52.15076843766912,5.689541199220461,85.16179455914242,1.000000022959973,4.9822895384392005,6.013279261196658e-07,40.35804864888546,0.0
AIDC02,17,4.166427858051372,26.07538421883456,5.689541199220461,85.16179455914242,1.0000000005238534,4.982289727289083,4.564931543882267e-09,18.206595309309627,0.0
AIDC03,17,8.332855716102744,52.15076843766912,5.689541199220461,85.16179455914242,1.000000022959973,4.9822895384392005,6.013279261196658e-07,40.35804864888546,0.0
AIDC04,17,4.166427858051372,26.07538421883456,5.689541199220461,85.16179455914242,1.0000000005238534,4.982289727289083,4.564931543882267e-09,18.206595309309627,0.0
AIDC05,17,10.41606964512843,65.18846054708641,5.689541199220461,85.16179455914242,1.0000001700437282,4.9822879588170395,6.090960752658248e-06,52.09097563839933,0.0
AIDC06,17,8.332855716102744,52.15076843766912,5.689541199220461,85.16179455914242,1.000000022959973,4.9822895384392005,6.013279261196658e-07,40.35804864888546,0.0
AIDC07,17,4.166427858051372,26.07538421883456,5.689541199220461,85.16179455914242,1.0000000005238534,4.982289727289083,4.564931543882267e-09,18.206595309309627,0.0
AIDC08,17,8.332855716102744,52.15076843766912,5.689541199220461,85.16179455914242,1.000000022959973,4.9822895384392005,6.013279261196658e-07,40.35804864888546,0.0
AIDC09,17,4.166427858051372,26.07538421883456,5.689541199220461,85.16179455914242,1.0000000005238534,4.982289727289083,4.564931543882267e-09,18.206595309309627,0.0
AIDC10,17,8.332855716102744,52.15076843766912,5.689541199220461,85.16179455914242,1.000000022959973,4.9822895384392005,6.013279261196658e-07,40.35804864888546,0.0
AIDC11,17,4.166427858051372,26.07538421883456,5.689541199220461,85.16179455914242,1.0000000005238534,4.982289727289083,4.564931543882267e-09,18.206595309309627,0.0
AIDC12,17,8.332855716102744,52.15076843766912,5.689541199220461,85.16179455914242,1.000000022959973,4.9822895384392005,6.013279261196658e-07,40.35804864888546,0.0
AIDC01,18,8.332855716102744,52.15076843766912,5.6744250278746575,85.61246804990716,1.0000000231192272,4.982289537116106,6.05498840400287e-07,40.35804864380995,0.0
AIDC02,18,4.166427858051372,26.07538421883456,5.6744250278746575,85.61246804990716,1.000000000527487,4.982289727275884,4.596596880901416e-09,18.206595355783328,-3.552713678800501e-15
AIDC03,18,8.332855716102744,52.15076843766912,5.6744250278746575,85.61246804990716,1.0000000231192272,4.982289537116106,6.05498840400287e-07,40.35804864380995,0.0
AIDC04,18,4.166427858051372,26.07538421883456,5.6744250278746575,85.61246804990716,1.000000000527487,4.982289727275884,4.596596880901416e-09,18.206595355783328,-3.552713678800501e-15
AIDC05,18,10.41606964512843,65.18846054708641,5.6744250278746575,85.61246804990716,1.0000001712231767,4.982287946537456,6.133208543701585e-06,52.090975556182144,0.0
AIDC06,18,8.332855716102744,52.15076843766912,5.6744250278746575,85.61246804990716,1.0000000231192272,4.982289537116106,6.05498840400287e-07,40.35804864380995,0.0
AIDC07,18,4.166427858051372,26.07538421883456,5.6744250278746575,85.61246804990716,1.000000000527487,4.982289727275884,4.596596880901416e-09,18.206595355783328,-3.552713678800501e-15
AIDC08,18,8.332855716102744,52.15076843766912,5.6744250278746575,85.61246804990716,1.0000000231192272,4.982289537116106,6.05498840400287e-07,40.35804864380995,0.0
AIDC09,18,4.166427858051372,26.07538421883456,5.6744250278746575,85.61246804990716,1.000000000527487,4.982289727275884,4.596596880901416e-09,18.206595355783328,-3.552713678800501e-15
AIDC10,18,8.332855716102744,52.15076843766912,5.6744250278746575,85.61246804990716,1.0000000231192272,4.982289537116106,6.05498840400287e-07,40.35804864380995,0.0
AIDC11,18,4.166427858051372,26.07538421883456,5.6744250278746575,85.61246804990716,1.000000000527487,4.982289727275884,4.596596880901416e-09,18.206595355783328,-3.552713678800501e-15
AIDC12,18,8.332855716102744,52.15076843766912,5.6744250278746575,85.61246804990716,1.0000000231192272,4.982289537116106,6.05498840400287e-07,40.35804864380995,0.0
AIDC01,19,8.332855716102744,52.15076843766912,5.659308856528854,86.06314154067191,1.0000000232795858,4.982289535783835,6.096986666648263e-07,40.358048597643034,0.0
AIDC02,19,4.166427858051372,26.07538421883456,5.659308856528854,86.06314154067191,1.0000000005311456,4.982289727262592,4.628478933454971e-09,18.206594168711412,-3.552713678800501e-15
AIDC03,19,8.332855716102744,52.15076843766912,5.659308856528854,86.06314154067191,1.0000000232795858,4.982289535783835,6.096986666648263e-07,40.358048597643034,0.0
AIDC04,19,4.166427858051372,26.07538421883456,5.659308856528854,86.06314154067191,1.0000000005311456,4.982289727262592,4.628478933454971e-09,18.206594168711412,-3.552713678800501e-15
AIDC05,19,10.41606964512843,65.18846054708641,5.659308856528854,86.06314154067191,1.0000001724108059,4.982287934172703,6.175749369674577e-06,52.09097546519719,0.0
AIDC06,19,8.332855716102744,52.15076843766912,5.659308856528854,86.06314154067191,1.0000000232795858,4.982289535783835,6.096986666648263e-07,40.358048597643034,0.0
AIDC07,19,4.166427858051372,26.07538421883456,5.659308856528854,86.06314154067191,1.0000000005311456,4.982289727262592,4.628478933454971e-09,18.206594168711412,-3.552713678800501e-15
AIDC08,19,8.332855716102744,52.15076843766912,5.659308856528854,86.06314154067191,1.0000000232795858,4.982289535783835,6.096986666648263e-07,40.358048597643034,0.0
AIDC09,19,4.166427858051372,26.07538421883456,5.659308856528854,86.06314154067191,1.0000000005311456,4.982289727262592,4.628478933454971e-09,18.206594168711412,-3.552713678800501e-15
AIDC10,19,8.332855716102744,52.15076843766912,5.659308856528854,86.06314154067191,1.0000000232795858,4.982289535783835,6.096986666648263e-07,40.358048597643034,0.0
AIDC11,19,4.166427858051372,26.07538421883456,5.659308856528854,86.06314154067191,1.0000000005311456,4.982289727262592,4.628478933454971e-09,18.206594168711412,-3.552713678800501e-15
AIDC12,19,8.332855716102744,52.15076843766912,5.659308856528854,86.06314154067191,1.0000000232795858,4.982289535783835,6.096986666648263e-07,40.358048597643034,0.0
AIDC01,20,8.332855716102744,52.15076843766912,5.64419268518305,86.51381503143665,1.0000000234410569,4.982289534442325,6.139276393923865e-07,40.358048594183245,0.0
AIDC02,20,4.166427858051372,26.07538421883456,5.64419268518305,86.51381503143665,1.00000000053483,4.982289727249208,4.6605848069702915e-09,18.206597156623957,0.0
AIDC03,20,8.332855716102744,52.15076843766912,5.64419268518305,86.51381503143665,1.0000000234410569,4.982289534442325,6.139276393923865e-07,40.358048594183245,0.0
AIDC04,20,4.166427858051372,26.07538421883456,5.64419268518305,86.51381503143665,1.00000000053483,4.982289727249208,4.6605848069702915e-09,18.206597156623957,0.0
AIDC05,20,10.41606964512843,65.18846054708641,5.64419268518305,86.51381503143665,1.0000001736066726,4.982287921722184,6.218585255624021e-06,52.090975376498946,0.0
AIDC06,20,8.332855716102744,52.15076843766912,5.64419268518305,86.51381503143665,1.0000000234410569,4.982289534442325,6.139276393923865e-07,40.358048594183245,0.0
AIDC07,20,4.166427858051372,26.07538421883456,5.64419268518305,86.51381503143665,1.00000000053483,4.982289727249208,4.6605848069702915e-09,18.206597156623957,0.0
AIDC08,20,8.332855716102744,52.15076843766912,5.64419268518305,86.51381503143665,1.0000000234410569,4.982289534442325,6.139276393923865e-07,40.358048594183245,0.0
AIDC09,20,4.166427858051372,26.07538421883456,5.64419268518305,86.51381503143665,1.00000000053483,4.982289727249208,4.6605848069702915e-09,18.206597156623957,0.0
AIDC10,20,8.332855716102744,52.15076843766912,5.64419268518305,86.51381503143665,1.0000000234410569,4.982289534442325,6.139276393923865e-07,40.358048594183245,0.0
AIDC11,20,4.166427858051372,26.07538421883456,5.64419268518305,86.51381503143665,1.00000000053483,4.982289727249208,4.6605848069702915e-09,18.206597156623957,0.0
AIDC12,20,8.332855716102744,52.15076843766912,5.64419268518305,86.51381503143665,1.0000000234410569,4.982289534442325,6.139276393923865e-07,40.358048594183245,0.0
AIDC01,21,8.332855716102744,52.15076843766912,5.599635336202731,86.74715509579978,1.000000024262326,4.982289527619168,6.354368977667946e-07,40.35804851474278,-7.105427357601002e-15
AIDC02,21,4.166427858051372,26.07538421883456,5.599635336202731,86.74715509579978,1.0000000005535679,4.982289727181139,4.823871080361641e-09,18.206595696622514,0.0
AIDC03,21,8.332855716102744,52.15076843766912,5.599635336202731,86.74715509579978,1.000000024262326,4.982289527619168,6.354368977667946e-07,40.35804851474278,-7.105427357601002e-15
AIDC04,21,4.166427858051372,26.07538421883456,5.599635336202731,86.74715509579978,1.0000000005535679,4.982289727181139,4.823871080361641e-09,18.206595696622514,0.0
AIDC05,21,10.41606964512843,65.18846054708641,5.599635336202731,86.74715509579978,1.000000179689054,4.982287858396729,6.436455869618385e-06,52.09097493271949,0.0
AIDC06,21,8.332855716102744,52.15076843766912,5.599635336202731,86.74715509579978,1.000000024262326,4.982289527619168,6.354368977667946e-07,40.35804851474278,-7.105427357601002e-15
AIDC07,21,4.166427858051372,26.07538421883456,5.599635336202731,86.74715509579978,1.0000000005535679,4.982289727181139,4.823871080361641e-09,18.206595696622514,0.0
AIDC08,21,8.332855716102744,52.15076843766912,5.599635336202731,86.74715509579978,1.000000024262326,4.982289527619168,6.354368977667946e-07,40.35804851474278,-7.105427357601002e-15
AIDC09,21,4.166427858051372,26.07538421883456,5.599635336202731,86.74715509579978,1.0000000005535679,4.982289727181139,4.823871080361641e-09,18.206595696622514,0.0
AIDC10,21,8.332855716102744,52.15076843766912,5.599635336202731,86.74715509579978,1.000000024262326,4.982289527619168,6.354368977667946e-07,40.35804851474278,-7.105427357601002e-15
AIDC11,21,4.166427858051372,26.07538421883456,5.599635336202731,86.74715509579978,1.0000000005535679,4.982289727181139,4.823871080361641e-09,18.206595696622514,0.0
AIDC12,21,8.332855716102744,52.15076843766912,5.599635336202731,86.74715509579978,1.000000024262326,4.982289527619168,6.354368977667946e-07,40.35804851474278,-7.105427357601002e-15
AIDC01,22,8.332855716102744,52.15076843766912,5.555077987222411,86.98049516016292,1.0000000251123689,4.982289520556957,6.576997506613225e-07,40.35804850669332,0.0
AIDC02,22,4.166427858051372,26.07538421883456,5.555077987222411,86.98049516016292,1.0000000005729623,4.9822897271106825,4.992873670062181e-09,18.20659524692629,-3.552713678800501e-15
AIDC03,22,8.332855716102744,52.15076843766912,5.555077987222411,86.98049516016292,1.0000000251123689,4.982289520556957,6.576997506613225e-07,40.35804850669332,0.0
AIDC04,22,4.166427858051372,26.07538421883456,5.555077987222411,86.98049516016292,1.0000000005729623,4.9822897271106825,4.992873670062181e-09,18.20659524692629,-3.552713678800501e-15
AIDC05,22,10.41606964512843,65.18846054708641,5.555077987222411,86.98049516016292,1.0000001859845336,4.982287792852647,6.661959631060199e-06,52.0909744691337,0.0
AIDC06,22,8.332855716102744,52.15076843766912,5.555077987222411,86.98049516016292,1.0000000251123689,4.982289520556957,6.576997506613225e-07,40.35804850669332,0.0
AIDC07,22,4.166427858051372,26.07538421883456,5.555077987222411,86.98049516016292,1.0000000005729623,4.9822897271106825,4.992873670062181e-09,18.20659524692629,-3.552713678800501e-15
AIDC08,22,8.332855716102744,52.15076843766912,5.555077987222411,86.98049516016292,1.0000000251123689,4.982289520556957,6.576997506613225e-07,40.35804850669332,0.0
AIDC09,22,4.166427858051372,26.07538421883456,5.555077987222411,86.98049516016292,1.0000000005729623,4.9822897271106825,4.992873670062181e-09,18.20659524692629,-3.552713678800501e-15
AIDC10,22,8.332855716102744,52.15076843766912,5.555077987222411,86.98049516016292,1.0000000251123689,4.982289520556957,6.576997506613225e-07,40.35804850669332,0.0
AIDC11,22,4.166427858051372,26.07538421883456,5.555077987222411,86.98049516016292,1.0000000005729623,4.9822897271106825,4.992873670062181e-09,18.20659524692629,-3.552713678800501e-15
AIDC12,22,8.332855716102744,52.15076843766912,5.555077987222411,86.98049516016292,1.0000000251123689,4.982289520556957,6.576997506613225e-07,40.35804850669332,0.0
AIDC01,23,8.332855716102744,52.15076843766912,5.510520638242091,87.21383522452606,1.0000000259921933,4.982289513247322,6.807425876331763e-07,40.35804845964873,0.0
AIDC02,23,4.166427858051372,26.07538421883456,5.510520638242091,87.21383522452606,1.0000000005930365,4.982289727037758,5.16780218617896e-09,18.20659661838431,0.0
AIDC03,23,8.332855716102744,52.15076843766912,5.510520638242091,87.21383522452606,1.0000000259921933,4.982289513247322,6.807425876331763e-07,40.35804845964873,0.0
AIDC04,23,4.166427858051372,26.07538421883456,5.510520638242091,87.21383522452606,1.0000000005930365,4.982289727037758,5.16780218617896e-09,18.20659661838431,0.0
AIDC05,23,10.41606964512843,65.18846054708641,5.510520638242091,87.21383522452606,1.0000001925005768,4.9822877250122115,6.895363974024349e-06,52.09097398234259,0.0
AIDC06,23,8.332855716102744,52.15076843766912,5.510520638242091,87.21383522452606,1.0000000259921933,4.982289513247322,6.807425876331763e-07,40.35804845964873,0.0
AIDC07,23,4.166427858051372,26.07538421883456,5.510520638242091,87.21383522452606,1.0000000005930365,4.982289727037758,5.16780218617896e-09,18.20659661838431,0.0
AIDC08,23,8.332855716102744,52.15076843766912,5.510520638242091,87.21383522452606,1.0000000259921933,4.982289513247322,6.807425876331763e-07,40.35804845964873,0.0
AIDC09,23,4.166427858051372,26.07538421883456,5.510520638242091,87.21383522452606,1.0000000005930365,4.982289727037758,5.16780218617896e-09,18.20659661838431,0.0
AIDC10,23,8.332855716102744,52.15076843766912,5.510520638242091,87.21383522452606,1.0000000259921933,4.982289513247322,6.807425876331763e-07,40.35804845964873,0.0
AIDC11,23,4.166427858051372,26.07538421883456,5.510520638242091,87.21383522452606,1.0000000005930365,4.982289727037758,5.16780218617896e-09,18.20659661838431,0.0
AIDC12,23,8.332855716102744,52.15076843766912,5.510520638242091,87.21383522452606,1.0000000259921933,4.982289513247322,6.807425876331763e-07,40.35804845964873,0.0
AIDC01,24,8.332855716102744,52.15076843766912,5.465963289261771,87.4471752888892,1.0000000269028428,4.982289505681587,7.045927432614008e-07,40.35804841971398,0.0
AIDC02,24,4.166427858051372,26.07538421883456,5.465963289261771,87.4471752888892,1.0000000006138139,4.98228972696228,5.348862686105349e-09,18.206597051906087,0.0
AIDC03,24,8.332855716102744,52.15076843766912,5.465963289261771,87.4471752888892,1.0000000269028428,4.982289505681587,7.045927432614008e-07,40.35804841971398,0.0
AIDC04,24,4.166427858051372,26.07538421883456,5.465963289261771,87.4471752888892,1.0000000006138139,4.98228972696228,5.348862686105349e-09,18.206597051906087,0.0
AIDC05,24,10.41606964512843,65.18846054708641,5.465963289261771,87.4471752888892,1.000000199244912,4.982287654794963,7.136945711749831e-06,52.09097348901453,0.0
AIDC06,24,8.332855716102744,52.15076843766912,5.465963289261771,87.4471752888892,1.0000000269028428,4.982289505681587,7.045927432614008e-07,40.35804841971398,0.0
AIDC07,24,4.166427858051372,26.07538421883456,5.465963289261771,87.4471752888892,1.0000000006138139,4.98228972696228,5.348862686105349e-09,18.206597051906087,0.0
AIDC08,24,8.332855716102744,52.15076843766912,5.465963289261771,87.4471752888892,1.0000000269028428,4.982289505681587,7.045927432614008e-07,40.35804841971398,0.0
AIDC09,24,4.166427858051372,26.07538421883456,5.465963289261771,87.4471752888892,1.0000000006138139,4.98228972696228,5.348862686105349e-09,18.206597051906087,0.0
AIDC10,24,8.332855716102744,52.15076843766912,5.465963289261771,87.4471752888892,1.0000000269028428,4.982289505681587,7.045927432614008e-07,40.35804841971398,0.0
AIDC11,24,4.166427858051372,26.07538421883456,5.465963289261771,87.4471752888892,1.0000000006138139,4.98228972696228,5.348862686105349e-09,18.206597051906087,0.0
AIDC12,24,8.332855716102744,52.15076843766912,5.465963289261771,87.4471752888892,1.0000000269028428,4.982289505681587,7.045927432614008e-07,40.35804841971398,0.0
AIDC01,25,8.332855716102744,52.15076843766912,5.455946538218127,87.63867381299072,1.000000027063556,4.982289504346372,7.088018705303512e-07,40.35804840500869,0.0
AIDC02,25,4.166427858051372,26.07538421883456,5.455946538218127,87.63867381299072,1.0000000006174805,4.982289726948959,5.380812240218802e-09,18.206595122596156,-3.552713678800501e-15
AIDC03,25,8.332855716102744,52.15076843766912,5.455946538218127,87.63867381299072,1.000000027063556,4.982289504346372,7.088018705303512e-07,40.35804840500869,0.0
AIDC04,25,4.166427858051372,26.07538421883456,5.455946538218127,87.63867381299072,1.0000000006174805,4.982289726948959,5.380812240218802e-09,18.206595122596156,-3.552713678800501e-15
AIDC05,25,10.41606964512843,65.18846054708641,5.455946538218127,87.63867381299072,1.0000002004351656,4.982287642402882,7.179580535421337e-06,52.09097340361927,0.0
AIDC06,25,8.332855716102744,52.15076843766912,5.455946538218127,87.63867381299072,1.000000027063556,4.982289504346372,7.088018705303512e-07,40.35804840500869,0.0
AIDC07,25,4.166427858051372,26.07538421883456,5.455946538218127,87.63867381299072,1.0000000006174805,4.982289726948959,5.380812240218802e-09,18.206595122596156,-3.552713678800501e-15
AIDC08,25,8.332855716102744,52.15076843766912,5.455946538218127,87.63867381299072,1.000000027063556,4.982289504346372,7.088018705303512e-07,40.35804840500869,0.0
AIDC09,25,4.166427858051372,26.07538421883456,5.455946538218127,87.63867381299072,1.0000000006174805,4.982289726948959,5.380812240218802e-09,18.206595122596156,-3.552713678800501e-15
AIDC10,25,8.332855716102744,52.15076843766912,5.455946538218127,87.63867381299072,1.000000027063556,4.982289504346372,7.088018705303512e-07,40.35804840500869,0.0
AIDC11,25,4.166427858051372,26.07538421883456,5.455946538218127,87.63867381299072,1.0000000006174805,4.982289726948959,5.380812240218802e-09,18.206595122596156,-3.552713678800501e-15
AIDC12,25,8.332855716102744,52.15076843766912,5.455946538218127,87.63867381299072,1.000000027063556,4.982289504346372,7.088018705303512e-07,40.35804840500869,0.0
AIDC01,26,8.332855716102744,52.15076843766912,5.445929787174482,87.83017233709224,1.0000000272252294,4.982289503003178,7.130361368012927e-07,40.35804840025558,0.0
AIDC02,26,4.166427858051372,26.07538421883456,5.445929787174482,87.83017233709224,1.0000000006211693,4.98228972693556,5.412957193584589e-09,18.206596040794857,0.0
AIDC03,26,8.332855716102744,52.15076843766912,5.445929787174482,87.83017233709224,1.0000000272252294,4.982289503003178,7.130361368012927e-07,40.35804840025558,0.0
AIDC04,26,4.166427858051372,26.07538421883456,5.445929787174482,87.83017233709224,1.0000000006211693,4.98228972693556,5.412957193584589e-09,18.206596040794857,0.0
AIDC05,26,10.41606964512843,65.18846054708641,5.445929787174482,87.83017233709224,1.0000002016325296,4.982287629936776,7.222470053136476e-06,52.090973316871285,0.0
AIDC06,26,8.332855716102744,52.15076843766912,5.445929787174482,87.83017233709224,1.0000000272252294,4.982289503003178,7.130361368012927e-07,40.35804840025558,0.0
AIDC07,26,4.166427858051372,26.07538421883456,5.445929787174482,87.83017233709224,1.0000000006211693,4.98228972693556,5.412957193584589e-09,18.206596040794857,0.0
AIDC08,26,8.332855716102744,52.15076843766912,5.445929787174482,87.83017233709224,1.0000000272252294,4.982289503003178,7.130361368012927e-07,40.35804840025558,0.0
AIDC09,26,4.166427858051372,26.07538421883456,5.445929787174482,87.83017233709224,1.0000000006211693,4.98228972693556,5.412957193584589e-09,18.206596040794857,0.0
AIDC10,26,8.332855716102744,52.15076843766912,5.445929787174482,87.83017233709224,1.0000000272252294,4.982289503003178,7.130361368012927e-07,40.35804840025558,0.0
AIDC11,26,4.166427858051372,26.07538421883456,5.445929787174482,87.83017233709224,1.0000000006211693,4.98228972693556,5.412957193584589e-09,18.206596040794857,0.0
AIDC12,26,8.332855716102744,52.15076843766912,5.445929787174482,87.83017233709224,1.0000000272252294,4.982289503003178,7.130361368012927e-07,40.35804840025558,0.0
AIDC01,27,8.332855716102744,52.15076843766912,5.435913036130837,88.02167086119375,1.0000000273878684,4.982289501651964,7.172956912882e-07,40.35804836586439,-7.105427357601002e-15
AIDC02,27,4.166427858051372,26.07538421883456,5.435913036130837,88.02167086119375,1.0000000006248801,4.982289726922078,5.445290440775352e-09,18.20659644669641,0.0
AIDC03,27,8.332855716102744,52.15076843766912,5.435913036130837,88.02167086119375,1.0000000273878684,4.982289501651964,7.172956912882e-07,40.35804836586439,-7.105427357601002e-15
AIDC04,27,4.166427858051372,26.07538421883456,5.435913036130837,88.02167086119375,1.0000000006248801,4.982289726922078,5.445290440775352e-09,18.20659644669641,0.0
AIDC05,27,10.41606964512843,65.18846054708641,5.435913036130837,88.02167086119375,1.0000002028370463,4.982287617396201,7.265615778351275e-06,52.090973226905035,0.0
AIDC06,27,8.332855716102744,52.15076843766912,5.435913036130837,88.02167086119375,1.0000000273878684,4.982289501651964,7.172956912882e-07,40.35804836586439,-7.105427357601002e-15
AIDC07,27,4.166427858051372,26.07538421883456,5.435913036130837,88.02167086119375,1.0000000006248801,4.982289726922078,5.445290440775352e-09,18.20659644669641,0.0
AIDC08,27,8.332855716102744,52.15076843766912,5.435913036130837,88.02167086119375,1.0000000273878684,4.982289501651964,7.172956912882e-07,40.35804836586439,-7.105427357601002e-15
AIDC09,27,4.166427858051372,26.07538421883456,5.435913036130837,88.02167086119375,1.0000000006248801,4.982289726922078,5.445290440775352e-09,18.20659644669641,0.0
AIDC10,27,8.332855716102744,52.15076843766912,5.435913036130837,88.02167086119375,1.0000000273878684,4.982289501651964,7.172956912882e-07,40.35804836586439,-7.105427357601002e-15
AIDC11,27,4.166427858051372,26.07538421883456,5.435913036130837,88.02167086119375,1.0000000006248801,4.982289726922078,5.445290440775352e-09,18.20659644669641,0.0
AIDC12,27,8.332855716102744,52.15076843766912,5.435913036130837,88.02167086119375,1.0000000273878684,4.982289501651964,7.172956912882e-07,40.35804836586439,-7.105427357601002e-15
AIDC01,28,8.332855716102744,52.15076843766912,5.425896285087193,88.21316938529527,1.000000027551479,4.982289500292675,7.215807045213296e-07,40.358048350346095,-7.105427357601002e-15
AIDC02,28,4.166427858051372,26.07538421883456,5.425896285087193,88.21316938529527,1.000000000628613,4.982289726908519,5.4778190872184496e-09,18.206595122238014,0.0
AIDC03,28,8.332855716102744,52.15076843766912,5.425896285087193,88.21316938529527,1.000000027551479,4.982289500292675,7.215807045213296e-07,40.358048350346095,-7.105427357601002e-15
AIDC04,28,4.166427858051372,26.07538421883456,5.425896285087193,88.21316938529527,1.000000000628613,4.982289726908519,5.4778190872184496e-09,18.206595122238014,0.0
AIDC05,28,10.41606964512843,65.18846054708641,5.425896285087193,88.21316938529527,1.0000002040487583,4.98228760478071,7.30901923162719e-06,52.09097313098921,0.0
AIDC06,28,8.332855716102744,52.15076843766912,5.425896285087193,88.21316938529527,1.000000027551479,4.982289500292675,7.215807045213296e-07,40.358048350346095,-7.105427357601002e-15
AIDC07,28,4.166427858051372,26.07538421883456,5.425896285087193,88.21316938529527,1.000000000628613,4.982289726908519,5.4778190872184496e-09,18.206595122238014,0.0
AIDC08,28,8.332855716102744,52.15076843766912,5.425896285087193,88.21316938529527,1.000000027551479,4.982289500292675,7.215807045213296e-07,40.358048350346095,-7.105427357601002e-15
AIDC09,28,4.166427858051372,26.07538421883456,5.425896285087193,88.21316938529527,1.000000000628613,4.982289726908519,5.4778190872184496e-09,18.206595122238014,0.0
AIDC10,28,8.332855716102744,52.15076843766912,5.425896285087193,88.21316938529527,1.000000027551479,4.982289500292675,7.215807045213296e-07,40.358048350346095,-7.105427357601002e-15
AIDC11,28,4.166427858051372,26.07538421883456,5.425896285087193,88.21316938529527,1.000000000628613,4.982289726908519,5.4778190872184496e-09,18.206595122238014,0.0
AIDC12,28,8.332855716102744,52.15076843766912,5.425896285087193,88.21316938529527,1.000000027551479,4.982289500292675,7.215807045213296e-07,40.358048350346095,-7.105427357601002e-15
AIDC01,29,8.332855716102744,52.15076843766912,5.493668774613711,87.99395962200592,1.0000000261000301,4.9822895123514055,6.835668671101303e-07,40.358048447614365,0.0
AIDC02,29,4.166427858051372,26.07538421883456,5.493668774613711,87.99395962200592,1.0000000005954968,4.98228972702882,5.189242813230521e-09,18.206595175339473,0.0
AIDC03,29,8.332855716102744,52.15076843766912,5.493668774613711,87.99395962200592,1.0000000261000301,4.9822895123514055,6.835668671101303e-07,40.358048447614365,0.0
AIDC04,29,4.166427858051372,26.07538421883456,5.493668774613711,87.99395962200592,1.0000000005954968,4.98228972702882,5.189242813230521e-09,18.206595175339473,0.0
AIDC05,29,10.41606964512843,65.18846054708641,5.493668774613711,87.99395962200592,1.0000001932992246,4.982287716697256,6.9239714974855815e-06,52.09097392859712,0.0
AIDC06,29,8.332855716102744,52.15076843766912,5.493668774613711,87.99395962200592,1.0000000261000301,4.9822895123514055,6.835668671101303e-07,40.358048447614365,0.0
AIDC07,29,4.166427858051372,26.07538421883456,5.493668774613711,87.99395962200592,1.0000000005954968,4.98228972702882,5.189242813230521e-09,18.206595175339473,0.0
AIDC08,29,8.332855716102744,52.15076843766912,5.493668774613711,87.99395962200592,1.0000000261000301,4.9822895123514055,6.835668671101303e-07,40.358048447614365,0.0
AIDC09,29,4.166427858051372,26.07538421883456,5.493668774613711,87.99395962200592,1.0000000005954968,4.98228972702882,5.189242813230521e-09,18.206595175339473,0.0
AIDC10,29,8.332855716102744,52.15076843766912,5.493668774613711,87.99395962200592,1.0000000261000301,4.9822895123514055,6.835668671101303e-07,40.358048447614365,0.0
AIDC11,29,4.166427858051372,26.07538421883456,5.493668774613711,87.99395962200592,1.0000000005954968,4.98228972702882,5.189242813230521e-09,18.206595175339473,0.0
AIDC12,29,8.332855716102744,52.15076843766912,5.493668774613711,87.99395962200592,1.0000000261000301,4.9822895123514055,6.835668671101303e-07,40.358048447614365,0.0
AIDC01,30,8.332855716102744,52.15076843766912,5.56144126414023,87.77474985871655,1.0000000247250453,4.982289523774867,6.475556375562519e-07,40.35804851923966,0.0
AIDC02,30,4.166427858051372,26.07538421883456,5.56144126414023,87.77474985871655,1.0000000005641252,4.9822897271427875,4.91586860107418e-09,18.206595221880484,0.0
AIDC03,30,8.332855716102744,52.15076843766912,5.56144126414023,87.77474985871655,1.0000000247250453,4.982289523774867,6.475556375562519e-07,40.35804851923966,0.0
AIDC04,30,4.166427858051372,26.07538421883456,5.56144126414023,87.77474985871655,1.0000000005641252,4.9822897271427875,4.91586860107418e-09,18.206595221880484,0.0
AIDC05,30,10.41606964512843,65.18846054708641,5.56144126414023,87.77474985871655,1.0000001831159875,4.98228782271792,6.5592084510512905e-06,52.09097468047932,0.0
AIDC06,30,8.332855716102744,52.15076843766912,5.56144126414023,87.77474985871655,1.0000000247250453,4.982289523774867,6.475556375562519e-07,40.35804851923966,0.0
AIDC07,30,4.166427858051372,26.07538421883456,5.56144126414023,87.77474985871655,1.0000000005641252,4.9822897271427875,4.91586860107418e-09,18.206595221880484,0.0
AIDC08,30,8.332855716102744,52.15076843766912,5.56144126414023,87.77474985871655,1.0000000247250453,4.982289523774867,6.475556375562519e-07,40.35804851923966,0.0
AIDC09,30,4.166427858051372,26.07538421883456,5.56144126414023,87.77474985871655,1.0000000005641252,4.9822897271427875,4.91586860107418e-09,18.206595221880484,0.0
AIDC10,30,8.332855716102744,52.15076843766912,5.56144126414023,87.77474985871655,1.0000000247250453,4.982289523774867,6.475556375562519e-07,40.35804851923966,0.0
AIDC11,30,4.166427858051372,26.07538421883456,5.56144126414023,87.77474985871655,1.0000000005641252,4.9822897271427875,4.91586860107418e-09,18.206595221880484,0.0
AIDC12,30,8.332855716102744,52.15076843766912,5.56144126414023,87.77474985871655,1.0000000247250453,4.982289523774867,6.475556375562519e-07,40.35804851923966,0.0
AIDC01,31,8.332855716102744,52.15076843766912,5.629213753666748,87.55554009542718,1.0000000234224966,4.982289534596525,6.134415357905709e-07,40.3580485931475,0.0
AIDC02,31,4.166427858051372,26.07538421883456,5.629213753666748,87.55554009542718,1.0000000005344065,4.982289727250745,4.656893537458018e-09,18.206597494759812,0.0
AIDC03,31,8.332855716102744,52.15076843766912,5.629213753666748,87.55554009542718,1.0000000234224966,4.982289534596525,6.134415357905709e-07,40.3580485931475,0.0
AIDC04,31,4.166427858051372,26.07538421883456,5.629213753666748,87.55554009542718,1.0000000005344065,4.982289727250745,4.656893537458018e-09,18.206597494759812,0.0
AIDC05,31,10.41606964512843,65.18846054708641,5.629213753666748,87.55554009542718,1.0000001734692139,4.982287923153306,6.213661492893152e-06,52.09097538503889,0.0
AIDC06,31,8.332855716102744,52.15076843766912,5.629213753666748,87.55554009542718,1.0000000234224966,4.982289534596525,6.134415357905709e-07,40.3580485931475,0.0
AIDC07,31,4.166427858051372,26.07538421883456,5.629213753666748,87.55554009542718,1.0000000005344065,4.982289727250745,4.656893537458018e-09,18.206597494759812,0.0
AIDC08,31,8.332855716102744,52.15076843766912,5.629213753666748,87.55554009542718,1.0000000234224966,4.982289534596525,6.134415357905709e-07,40.3580485931475,0.0
AIDC09,31,4.166427858051372,26.07538421883456,5.629213753666748,87.55554009542718,1.0000000005344065,4.982289727250745,4.656893537458018e-09,18.206597494759812,0.0
AIDC10,31,8.332855716102744,52.15076843766912,5.629213753666748,87.55554009542718,1.0000000234224966,4.982289534596525,6.134415357905709e-07,40.3580485931475,0.0
AIDC11,31,4.166427858051372,26.07538421883456,5.629213753666748,87.55554009542718,1.0000000005344065,4.982289727250745,4.656893537458018e-09,18.206597494759812,0.0
AIDC12,31,8.332855716102744,52.15076843766912,5.629213753666748,87.55554009542718,1.0000000234224966,4.982289534596525,6.134415357905709e-07,40.3580485931475,0.0
AIDC01,32,8.332855716102744,52.15076843766912,5.696986243193266,87.33633033213782,1.0000000221885679,4.982289544848083,5.811246168718753e-07,40.35804866159798,-7.105427357601002e-15
AIDC02,32,4.166427858051372,26.07538421883456,5.696986243193266,87.33633033213782,1.000000000506253,4.98228972735302,4.4115573416547704e-09,18.20659494258807,0.0
AIDC03,32,8.332855716102744,52.15076843766912,5.696986243193266,87.33633033213782,1.0000000221885679,4.982289544848083,5.811246168718753e-07,40.35804866159798,-7.105427357601002e-15
AIDC04,32,4.166427858051372,26.07538421883456,5.696986243193266,87.33633033213782,1.000000000506253,4.98228972735302,4.4115573416547704e-09,18.20659494258807,0.0
AIDC05,32,10.41606964512843,65.18846054708641,5.696986243193266,87.33633033213782,1.0000001643306429,4.982288018297647,5.886318305670102e-06,52.09097605662805,0.0
AIDC06,32,8.332855716102744,52.15076843766912,5.696986243193266,87.33633033213782,1.0000000221885679,4.982289544848083,5.811246168718753e-07,40.35804866159798,-7.105427357601002e-15
AIDC07,32,4.166427858051372,26.07538421883456,5.696986243193266,87.33633033213782,1.000000000506253,4.98228972735302,4.4115573416547704e-09,18.20659494258807,0.0
AIDC08,32,8.332855716102744,52.15076843766912,5.696986243193266,87.33633033213782,1.0000000221885679,4.982289544848083,5.811246168718753e-07,40.35804866159798,-7.105427357601002e-15
AIDC09,32,4.166427858051372,26.07538421883456,5.696986243193266,87.33633033213782,1.000000000506253,4.98228972735302,4.4115573416547704e-09,18.20659494258807,0.0
AIDC10,32,8.332855716102744,52.15076843766912,5.696986243193266,87.33633033213782,1.0000000221885679,4.982289544848083,5.811246168718753e-07,40.35804866159798,-7.105427357601002e-15
AIDC11,32,4.166427858051372,26.07538421883456,5.696986243193266,87.33633033213782,1.000000000506253,4.98228972735302,4.4115573416547704e-09,18.20659494258807,0.0
AIDC12,32,8.332855716102744,52.15076843766912,5.696986243193266,87.33633033213782,1.0000000221885679,4.982289544848083,5.811246168718753e-07,40.35804866159798,-7.105427357601002e-15
AIDC01,33,8.332855716102744,52.15076843766912,5.95589557399893,85.44818813675755,1.0000000203446318,4.982289560124441,5.3563810098467e-07,40.428866814260985,0.0
AIDC02,33,4.166427858051372,26.07538421883456,5.95589557399893,85.44818813675755,1.000000000440569,4.982289727581111,3.872532516879801e-09,18.236920627824162,0.0
AIDC03,33,8.332855716102744,52.15076843766912,5.95589557399893,85.44818813675755,1.0000000203446318,4.982289560124441,5.3563810098467e-07,40.428866814260985,0.0
AIDC04,33,4.166427858051372,26.07538421883456,5.95589557399893,85.44818813675755,1.000000000440569,4.982289727581111,3.872532516879801e-09,18.236920627824162,0.0
AIDC05,33,10.41606964512843,65.18846054708641,5.95589557399893,85.44818813675755,1.0000001547319934,4.982288118153807,5.5664427307533515e-06,52.176989874556355,0.0
AIDC06,33,8.332855716102744,52.15076843766912,5.95589557399893,85.44818813675755,1.0000000203446318,4.982289560124441,5.3563810098467e-07,40.428866814260985,0.0
AIDC07,33,4.166427858051372,26.07538421883456,5.95589557399893,85.44818813675755,1.000000000440569,4.982289727581111,3.872532516879801e-09,18.236920627824162,0.0
AIDC08,33,8.332855716102744,52.15076843766912,5.95589557399893,85.44818813675755,1.0000000203446318,4.982289560124441,5.3563810098467e-07,40.428866814260985,0.0
AIDC09,33,4.166427858051372,26.07538421883456,5.95589557399893,85.44818813675755,1.000000000440569,4.982289727581111,3.872532516879801e-09,18.236920627824162,0.0
AIDC10,33,8.332855716102744,52.15076843766912,5.95589557399893,85.44818813675755,1.0000000203446318,4.982289560124441,5.3563810098467e-07,40.428866814260985,0.0
AIDC11,33,4.166427858051372,26.07538421883456,5.95589557399893,85.44818813675755,1.000000000440569,4.982289727581111,3.872532516879801e-09,18.236920627824162,0.0
AIDC12,33,8.332855716102744,52.15076843766912,5.95589557399893,85.44818813675755,1.0000000203446318,4.982289560124441,5.3563810098467e-07,40.428866814260985,0.0
AIDC01,34,8.332855716102744,52.15076843766912,6.214804904804593,83.56004594137727,1.000000019324987,4.982289568548653,5.122742194885177e-07,40.5218275940681,-7.105427357601002e-15
AIDC02,34,4.166427858051372,26.07538421883456,6.214804904804593,83.56004594137727,1.0000000003903495,4.982289727752986,3.4700384787811345e-09,18.277025960341973,0.0
AIDC03,34,8.332855716102744,52.15076843766912,6.214804904804593,83.56004594137727,1.000000019324987,4.982289568548653,5.122742194885177e-07,40.5218275940681,-7.105427357601002e-15
AIDC04,34,4.166427858051372,26.07538421883456,6.214804904804593,83.56004594137727,1.0000000003903495,4.982289727752986,3.4700384787811345e-09,18.277025960341973,0.0
AIDC05,34,10.41606964512843,65.18846054708641,6.214804904804593,83.56004594137727,1.0000001522730642,4.982288143665688,5.5087170167666955e-06,52.28966788091351,0.0
AIDC06,34,8.332855716102744,52.15076843766912,6.214804904804593,83.56004594137727,1.000000019324987,4.982289568548653,5.122742194885177e-07,40.5218275940681,-7.105427357601002e-15
AIDC07,34,4.166427858051372,26.07538421883456,6.214804904804593,83.56004594137727,1.0000000003903495,4.982289727752986,3.4700384787811345e-09,18.277025960341973,0.0
AIDC08,34,8.332855716102744,52.15076843766912,6.214804904804593,83.56004594137727,1.000000019324987,4.982289568548653,5.122742194885177e-07,40.5218275940681,-7.105427357601002e-15
AIDC09,34,4.166427858051372,26.07538421883456,6.214804904804593,83.56004594137727,1.0000000003903495,4.982289727752986,3.4700384787811345e-09,18.277025960341973,0.0
AIDC10,34,8.332855716102744,52.15076843766912,6.214804904804593,83.56004594137727,1.000000019324987,4.982289568548653,5.122742194885177e-07,40.5218275940681,-7.105427357601002e-15
AIDC11,34,4.166427858051372,26.07538421883456,6.214804904804593,83.56004594137727,1.0000000003903495,4.982289727752986,3.4700384787811345e-09,18.277025960341973,0.0
AIDC12,34,8.332855716102744,52.15076843766912,6.214804904804593,83.56004594137727,1.000000019324987,4.982289568548653,5.122742194885177e-07,40.5218275940681,-7.105427357601002e-15
AIDC01,35,8.332855716102744,52.15076843766912,6.473714235610257,81.67190374599699,1.0000000183563256,4.982289576559376,4.898305903111577e-07,40.613262817397526,-7.105427357601002e-15
AIDC02,35,4.166427858051372,26.07538421883456,6.473714235610257,81.67190374599699,1.000000000345827,4.9822897279073395,3.108308277433025e-09,18.31680755994129,-3.552713678800501e-15
AIDC03,35,8.332855716102744,52.15076843766912,6.473714235610257,81.67190374599699,1.0000000183563256,4.982289576559376,4.898305903111577e-07,40.613262817397526,-7.105427357601002e-15
AIDC04,35,4.166427858051372,26.07538421883456,6.473714235610257,81.67190374599699,1.000000000345827,4.9822897279073395,3.108308277433025e-09,18.31680755994129,-3.552713678800501e-15
AIDC05,35,10.41606964512843,65.18846054708641,6.473714235610257,81.67190374599699,1.000000149852987,4.982288168788164,5.450699262610215e-06,52.40024669797829,0.0
AIDC06,35,8.332855716102744,52.15076843766912,6.473714235610257,81.67190374599699,1.0000000183563256,4.982289576559376,4.898305903111577e-07,40.613262817397526,-7.105427357601002e-15
AIDC07,35,4.166427858051372,26.07538421883456,6.473714235610257,81.67190374599699,1.000000000345827,4.9822897279073395,3.108308277433025e-09,18.31680755994129,-3.552713678800501e-15
AIDC08,35,8.332855716102744,52.15076843766912,6.473714235610257,81.67190374599699,1.0000000183563256,4.982289576559376,4.898305903111577e-07,40.613262817397526,-7.105427357601002e-15
AIDC09,35,4.166427858051372,26.07538421883456,6.473714235610257,81.67190374599699,1.000000000345827,4.9822897279073395,3.108308277433025e-09,18.31680755994129,-3.552713678800501e-15
AIDC10,35,8.332855716102744,52.15076843766912,6.473714235610257,81.67190374599699,1.0000000183563256,4.982289576559376,4.898305903111577e-07,40.613262817397526,-7.105427357601002e-15
AIDC11,35,4.166427858051372,26.07538421883456,6.473714235610257,81.67190374599699,1.000000000345827,4.9822897279073395,3.108308277433025e-09,18.31680755994129,-3.552713678800501e-15
AIDC12,35,8.332855716102744,52.15076843766912,6.473714235610257,81.67190374599699,1.0000000183563256,4.982289576559376,4.898305903111577e-07,40.613262817397526,-7.105427357601002e-15
AIDC01,36,8.332855716102744,52.15076843766912,6.732623566415921,79.78376155061672,1.0000000174361172,4.982289584175913,4.6827992150610953e-07,40.703205098269294,0.0
AIDC02,36,4.166427858051372,26.07538421883456,6.732623566415921,79.78376155061672,1.0000000003063598,4.982289728045811,2.7833699789425737e-09,18.356272208855856,-3.552713678800501e-15
AIDC03,36,8.332855716102744,52.15076843766912,6.732623566415921,79.78376155061672,1.0000000174361172,4.982289584175913,4.6827992150610953e-07,40.703205098269294,0.0
AIDC04,36,4.166427858051372,26.07538421883456,6.732623566415921,79.78376155061672,1.0000000003063598,4.982289728045811,2.7833699789425737e-09,18.356272208855856,-3.552713678800501e-15
AIDC05,36,10.41606964512843,65.18846054708641,6.732623566415921,79.78376155061672,1.0000001474711824,4.982288193524948,5.392450546537475e-06,52.50878191415306,0.0
AIDC06,36,8.332855716102744,52.15076843766912,6.732623566415921,79.78376155061672,1.0000000174361172,4.982289584175913,4.6827992150610953e-07,40.703205098269294,0.0
AIDC07,36,4.166427858051372,26.07538421883456,6.732623566415921,79.78376155061672,1.0000000003063598,4.982289728045811,2.7833699789425737e-09,18.356272208855856,-3.552713678800501e-15
AIDC08,36,8.332855716102744,52.15076843766912,6.732623566415921,79.78376155061672,1.0000000174361172,4.982289584175913,4.6827992150610953e-07,40.703205098269294,0.0
AIDC09,36,4.166427858051372,26.07538421883456,6.732623566415921,79.78376155061672,1.0000000003063598,4.982289728045811,2.7833699789425737e-09,18.356272208855856,-3.552713678800501e-15
AIDC10,36,8.332855716102744,52.15076843766912,6.732623566415921,79.78376155061672,1.0000000174361172,4.982289584175913,4.6827992150610953e-07,40.703205098269294,0.0
AIDC11,36,4.166427858051372,26.07538421883456,6.732623566415921,79.78376155061672,1.0000000003063598,4.982289728045811,2.7833699789425737e-09,18.356272208855856,-3.552713678800501e-15
AIDC12,36,8.332855716102744,52.15076843766912,6.732623566415921,79.78376155061672,1.0000000174361172,4.982289584175913,4.6827992150610953e-07,40.703205098269294,0.0
AIDC01,37,8.332855716102744,52.15076843766912,6.959416060271485,77.8944443253553,1.000000016718422,4.982289590118711,4.5147711347226505e-07,40.780788892360206,0.0
AIDC02,37,4.166427858051372,26.07538421883456,6.959416060271485,77.8944443253553,1.0000000002763252,4.9822897281521135,2.5337563158700505e-09,18.390577443257982,0.0
AIDC03,37,8.332855716102744,52.15076843766912,6.959416060271485,77.8944443253553,1.000000016718422,4.982289590118711,4.5147711347226505e-07,40.780788892360206,0.0
AIDC04,37,4.166427858051372,26.07538421883456,6.959416060271485,77.8944443253553,1.0000000002763252,4.9822897281521135,2.5337563158700505e-09,18.390577443257982,0.0
AIDC05,37,10.41606964512843,65.18846054708641,6.959416060271485,77.8944443253553,1.0000001458559948,4.982288210295701,5.357450532983421e-06,52.60221708467135,0.0
AIDC06,37,8.332855716102744,52.15076843766912,6.959416060271485,77.8944443253553,1.000000016718422,4.982289590118711,4.5147711347226505e-07,40.780788892360206,0.0
AIDC07,37,4.166427858051372,26.07538421883456,6.959416060271485,77.8944443253553,1.0000000002763252,4.9822897281521135,2.5337563158700505e-09,18.390577443257982,0.0
AIDC08,37,8.332855716102744,52.15076843766912,6.959416060271485,77.8944443253553,1.000000016718422,4.982289590118711,4.5147711347226505e-07,40.780788892360206,0.0
AIDC09,37,4.166427858051372,26.07538421883456,6.959416060271485,77.8944443253553,1.0000000002763252,4.9822897281521135,2.5337563158700505e-09,18.390577443257982,0.0
AIDC10,37,8.332855716102744,52.15076843766912,6.959416060271485,77.8944443253553,1.000000016718422,4.982289590118711,4.5147711347226505e-07,40.780788892360206,0.0
AIDC11,37,4.166427858051372,26.07538421883456,6.959416060271485,77.8944443253553,1.0000000002763252,4.9822897281521135,2.5337563158700505e-09,18.390577443257982,0.0
AIDC12,37,8.332855716102744,52.15076843766912,6.959416060271485,77.8944443253553,1.000000016718422,4.982289590118711,4.5147711347226505e-07,40.780788892360206,0.0
AIDC01,38,8.332855716102744,52.15076843766912,7.186208554127048,76.00512710009386,1.0000000160302112,4.982289595820944,4.352179274746959e-07,40.85727284715453,0.0
AIDC02,38,4.166427858051372,26.07538421883456,7.186208554127048,76.00512710009386,1.0000000002492224,4.982289728248927,2.3059847364947927e-09,18.424639402986912,-3.552713678800501e-15
AIDC03,38,8.332855716102744,52.15076843766912,7.186208554127048,76.00512710009386,1.0000000160302112,4.982289595820944,4.352179274746959e-07,40.85727284715453,0.0
AIDC04,38,4.166427858051372,26.07538421883456,7.186208554127048,76.00512710009386,1.0000000002492224,4.982289728248927,2.3059847364947927e-09,18.424639402986912,-3.552713678800501e-15
AIDC05,38,10.41606964512843,65.18846054708641,7.186208554127048,76.00512710009386,1.0000001442583901,4.98228822689032,5.322091077175628e-06,52.69416078095554,0.0
AIDC06,38,8.332855716102744,52.15076843766912,7.186208554127048,76.00512710009386,1.0000000160302112,4.982289595820944,4.352179274746959e-07,40.85727284715453,0.0
AIDC07,38,4.166427858051372,26.07538421883456,7.186208554127048,76.00512710009386,1.0000000002492224,4.982289728248927,2.3059847364947927e-09,18.424639402986912,-3.552713678800501e-15
AIDC08,38,8.332855716102744,52.15076843766912,7.186208554127048,76.00512710009386,1.0000000160302112,4.982289595820944,4.352179274746959e-07,40.85727284715453,0.0
AIDC09,38,4.166427858051372,26.07538421883456,7.186208554127048,76.00512710009386,1.0000000002492224,4.982289728248927,2.3059847364947927e-09,18.424639402986912,-3.552713678800501e-15
AIDC10,38,8.332855716102744,52.15076843766912,7.186208554127048,76.00512710009386,1.0000000160302112,4.982289595820944,4.352179274746959e-07,40.85727284715453,0.0
AIDC11,38,4.166427858051372,26.07538421883456,7.186208554127048,76.00512710009386,1.0000000002492224,4.982289728248927,2.3059847364947927e-09,18.424639402986912,-3.552713678800501e-15
AIDC12,38,8.332855716102744,52.15076843766912,7.186208554127048,76.00512710009386,1.0000000160302112,4.982289595820944,4.352179274746959e-07,40.85727284715453,0.0
AIDC01,39,8.332855716102744,52.15076843766912,7.413001047982611,74.11580987483242,1.0000000153702813,4.982289601291949,4.1948928242163674e-07,40.932677733898814,0.0
AIDC02,39,4.166427858051372,26.07538421883456,7.413001047982611,74.11580987483242,1.000000000224767,4.982289728337041,2.0982078297038242e-09,18.458456603255797,-3.552713678800501e-15
AIDC03,39,8.332855716102744,52.15076843766912,7.413001047982611,74.11580987483242,1.0000000153702813,4.982289601291949,4.1948928242163674e-07,40.932677733898814,0.0
AIDC04,39,4.166427858051372,26.07538421883456,7.413001047982611,74.11580987483242,1.000000000224767,4.982289728337041,2.0982078297038242e-09,18.458456603255797,-3.552713678800501e-15
AIDC05,39,10.41606964512843,65.18846054708641,7.413001047982611,74.11580987483242,1.000000142678191,4.982288243309732,5.286404110904641e-06,52.78464725685731,0.0
AIDC06,39,8.332855716102744,52.15076843766912,7.413001047982611,74.11580987483242,1.0000000153702813,4.982289601291949,4.1948928242163674e-07,40.932677733898814,0.0
AIDC07,39,4.166427858051372,26.07538421883456,7.413001047982611,74.11580987483242,1.000000000224767,4.982289728337041,2.0982078297038242e-09,18.458456603255797,-3.552713678800501e-15
AIDC08,39,8.332855716102744,52.15076843766912,7.413001047982611,74.11580987483242,1.0000000153702813,4.982289601291949,4.1948928242163674e-07,40.932677733898814,0.0
AIDC09,39,4.166427858051372,26.07538421883456,7.413001047982611,74.11580987483242,1.000000000224767,4.982289728337041,2.0982078297038242e-09,18.458456603255797,-3.552713678800501e-15
AIDC10,39,8.332855716102744,52.15076843766912,7.413001047982611,74.11580987483242,1.0000000153702813,4.982289601291949,4.1948928242163674e-07,40.932677733898814,0.0
AIDC11,39,4.166427858051372,26.07538421883456,7.413001047982611,74.11580987483242,1.000000000224767,4.982289728337041,2.0982078297038242e-09,18.458456603255797,-3.552713678800501e-15
AIDC12,39,8.332855716102744,52.15076843766912,7.413001047982611,74.11580987483242,1.0000000153702813,4.982289601291949,4.1948928242163674e-07,40.932677733898814,0.0
AIDC01,40,8.332855716102744,52.15076843766912,7.639793541838175,72.226492649571,1.0000000147374766,4.98228960654075,4.042779835344845e-07,41.00702384130413,0.0
AIDC02,40,4.166427858051372,26.07538421883456,7.639793541838175,72.226492649571,1.000000000202702,4.982289728417192,1.908734503786036e-09,18.492026953986226,0.0
AIDC03,40,8.332855716102744,52.15076843766912,7.639793541838175,72.226492649571,1.0000000147374766,4.98228960654075,4.042779835344845e-07,41.00702384130413,0.0
AIDC04,40,4.166427858051372,26.07538421883456,7.639793541838175,72.226492649571,1.000000000202702,4.982289728417192,1.908734503786036e-09,18.492026953986226,0.0
AIDC05,40,10.41606964512843,65.18846054708641,7.639793541838175,72.226492649571,1.0000001411152197,4.982288259554977,5.250419896185576e-06,52.87370982709021,0.0
AIDC06,40,8.332855716102744,52.15076843766912,7.639793541838175,72.226492649571,1.0000000147374766,4.98228960654075,4.042779835344845e-07,41.00702384130413,0.0
AIDC07,40,4.166427858051372,26.07538421883456,7.639793541838175,72.226492649571,1.000000000202702,4.982289728417192,1.908734503786036e-09,18.492026953986226,0.0
AIDC08,40,8.332855716102744,52.15076843766912,7.639793541838175,72.226492649571,1.0000000147374766,4.98228960654075,4.042779835344845e-07,41.00702384130413,0.0
AIDC09,40,4.166427858051372,26.07538421883456,7.639793541838175,72.226492649571,1.000000000202702,4.982289728417192,1.908734503786036e-09,18.492026953986226,0.0
AIDC10,40,8.332855716102744,52.15076843766912,7.639793541838175,72.226492649571,1.0000000147374766,4.98228960654075,4.042779835344845e-07,41.00702384130413,0.0
AIDC11,40,4.166427858051372,26.07538421883456,7.639793541838175,72.226492649571,1.000000000202702,4.982289728417192,1.908734503786036e-09,18.492026953986226,0.0
AIDC12,40,8.332855716102744,52.15076843766912,7.639793541838175,72.226492649571,1.0000000147374766,4.98228960654075,4.042779835344845e-07,41.00702384130413,0.0
AIDC01,41,8.332855716102744,52.15076843766912,7.850337163546542,70.53193482682596,1.0000000141625154,4.982289611312156,3.903102978597417e-07,41.07511328720845,0.0
AIDC02,41,4.166427858051372,26.07538421883456,7.850337163546542,70.53193482682596,1.0000000001840141,4.9822897284856005,1.7465211499256839e-09,18.52298101686391,0.0
AIDC03,41,8.332855716102744,52.15076843766912,7.850337163546542,70.53193482682596,1.0000000141625154,4.982289611312156,3.903102978597417e-07,41.07511328720845,0.0
AIDC04,41,4.166427858051372,26.07538421883456,7.850337163546542,70.53193482682596,1.0000000001840141,4.9822897284856005,1.7465211499256839e-09,18.52298101686391,0.0
AIDC05,41,10.41606964512843,65.18846054708641,7.850337163546542,70.53193482682596,1.0000001395730114,4.982288275590413,5.212795947784343e-06,52.95514524293293,0.0
AIDC06,41,8.332855716102744,52.15076843766912,7.850337163546542,70.53193482682596,1.0000000141625154,4.982289611312156,3.903102978597417e-07,41.07511328720845,0.0
AIDC07,41,4.166427858051372,26.07538421883456,7.850337163546542,70.53193482682596,1.0000000001840141,4.9822897284856005,1.7465211499256839e-09,18.52298101686391,0.0
AIDC08,41,8.332855716102744,52.15076843766912,7.850337163546542,70.53193482682596,1.0000000141625154,4.982289611312156,3.903102978597417e-07,41.07511328720845,0.0
AIDC09,41,4.166427858051372,26.07538421883456,7.850337163546542,70.53193482682596,1.0000000001840141,4.9822897284856005,1.7465211499256839e-09,18.52298101686391,0.0
AIDC10,41,8.332855716102744,52.15076843766912,7.850337163546542,70.53193482682596,1.0000000141625154,4.982289611312156,3.903102978597417e-07,41.07511328720845,0.0
AIDC11,41,4.166427858051372,26.07538421883456,7.850337163546542,70.53193482682596,1.0000000001840141,4.9822897284856005,1.7465211499256839e-09,18.52298101686391,0.0
AIDC12,41,8.332855716102744,52.15076843766912,7.850337163546542,70.53193482682596,1.0000000141625154,4.982289611312156,3.903102978597417e-07,41.07511328720845,0.0
AIDC01,42,8.332855716102744,52.15076843766912,8.06088078525491,68.83737700408092,1.0000000136099576,4.982289615899388,3.7678698561194324e-07,41.1423232198016,0.0
AIDC02,42,4.166427858051372,26.07538421883456,8.06088078525491,68.83737700408092,1.000000000167043,4.98228972854814,1.597801002617416e-09,18.553722455646955,-3.552713678800501e-15
AIDC03,42,8.332855716102744,52.15076843766912,8.06088078525491,68.83737700408092,1.0000000136099576,4.982289615899388,3.7678698561194324e-07,41.1423232198016,0.0
AIDC04,42,4.166427858051372,26.07538421883456,8.06088078525491,68.83737700408092,1.000000000167043,4.98228972854814,1.597801002617416e-09,18.553722455646955,-3.552713678800501e-15
AIDC05,42,10.41606964512843,65.18846054708641,8.06088078525491,68.83737700408092,1.0000001380476045,4.982288291454347,5.1750172005426975e-06,53.035406751495,0.0
AIDC06,42,8.332855716102744,52.15076843766912,8.06088078525491,68.83737700408092,1.0000000136099576,4.982289615899388,3.7678698561194324e-07,41.1423232198016,0.0
AIDC07,42,4.166427858051372,26.07538421883456,8.06088078525491,68.83737700408092,1.000000000167043,4.98228972854814,1.597801002617416e-09,18.553722455646955,-3.552713678800501e-15
AIDC08,42,8.332855716102744,52.15076843766912,8.06088078525491,68.83737700408092,1.0000000136099576,4.982289615899388,3.7678698561194324e-07,41.1423232198016,0.0
AIDC09,42,4.166427858051372,26.07538421883456,8.06088078525491,68.83737700408092,1.000000000167043,4.98228972854814,1.597801002617416e-09,18.553722455646955,-3.552713678800501e-15
AIDC10,42,8.332855716102744,52.15076843766912,8.06088078525491,68.83737700408092,1.0000000136099576,4.982289615899388,3.7678698561194324e-07,41.1423232198016,0.0
AIDC11,42,4.166427858051372,26.07538421883456,8.06088078525491,68.83737700408092,1.000000000167043,4.98228972854814,1.597801002617416e-09,18.553722455646955,-3.552713678800501e-15
AIDC12,42,8.332855716102744,52.15076843766912,8.06088078525491,68.83737700408092,1.0000000136099576,4.982289615899388,3.7678698561194324e-07,41.1423232198016,0.0
AIDC01,43,8.332855716102744,52.15076843766912,8.271424406963277,67.14281918133588,1.000000013078934,4.982289620309373,3.636965573150519e-07,41.208669142397454,0.0
AIDC02,43,4.166427858051372,26.07538421883456,8.271424406963277,67.14281918133588,1.000000000151632,4.982289728605288,1.4614940369028773e-09,18.584256722083936,0.0
AIDC03,43,8.332855716102744,52.15076843766912,8.271424406963277,67.14281918133588,1.000000013078934,4.982289620309373,3.636965573150519e-07,41.208669142397454,0.0
AIDC04,43,4.166427858051372,26.07538421883456,8.271424406963277,67.14281918133588,1.000000000151632,4.982289728605288,1.4614940369028773e-09,18.584256722083936,0.0
AIDC05,43,10.41606964512843,65.18846054708641,8.271424406963277,67.14281918133588,1.0000001365388218,4.982288307148192,5.137104857055874e-06,53.1145189703888,0.0
AIDC06,43,8.332855716102744,52.15076843766912,8.271424406963277,67.14281918133588,1.000000013078934,4.982289620309373,3.636965573150519e-07,41.208669142397454,0.0
AIDC07,43,4.166427858051372,26.07538421883456,8.271424406963277,67.14281918133588,1.000000000151632,4.982289728605288,1.4614940369028773e-09,18.584256722083936,0.0
AIDC08,43,8.332855716102744,52.15076843766912,8.271424406963277,67.14281918133588,1.000000013078934,4.982289620309373,3.636965573150519e-07,41.208669142397454,0.0
AIDC09,43,4.166427858051372,26.07538421883456,8.271424406963277,67.14281918133588,1.000000000151632,4.982289728605288,1.4614940369028773e-09,18.584256722083936,0.0
AIDC10,43,8.332855716102744,52.15076843766912,8.271424406963277,67.14281918133588,1.000000013078934,4.982289620309373,3.636965573150519e-07,41.208669142397454,0.0
AIDC11,43,4.166427858051372,26.07538421883456,8.271424406963277,67.14281918133588,1.000000000151632,4.982289728605288,1.4614940369028773e-09,18.584256722083936,0.0
AIDC12,43,8.332855716102744,52.15076843766912,8.271424406963277,67.14281918133588,1.000000013078934,4.982289620309373,3.636965573150519e-07,41.208669142397454,0.0
AIDC01,44,8.332855716102744,52.15076843766912,8.481968028671645,65.44826135859084,1.0000000125686084,4.982289624548793,3.510276371798682e-07,41.274166297549826,0.0
AIDC02,44,4.166427858051372,26.07538421883456,8.481968028671645,65.44826135859084,1.0000000001376386,4.9822897286574905,1.3365948348109669e-09,18.614590378859624,0.0
AIDC03,44,8.332855716102744,52.15076843766912,8.481968028671645,65.44826135859084,1.0000000125686084,4.982289624548793,3.510276371798682e-07,41.274166297549826,0.0
AIDC04,44,4.166427858051372,26.07538421883456,8.481968028671645,65.44826135859084,1.0000000001376386,4.9822897286574905,1.3365948348109669e-09,18.614590378859624,0.0
AIDC05,44,10.41606964512843,65.18846054708641,8.481968028671645,65.44826135859084,1.0000001350464887,4.982288322673387,5.099079125159278e-06,53.192505950287654,0.0
AIDC06,44,8.332855716102744,52.15076843766912,8.481968028671645,65.44826135859084,1.0000000125686084,4.982289624548793,3.510276371798682e-07,41.274166297549826,0.0
AIDC07,44,4.166427858051372,26.07538421883456,8.481968028671645,65.44826135859084,1.0000000001376386,4.9822897286574905,1.3365948348109669e-09,18.614590378859624,0.0
AIDC08,44,8.332855716102744,52.15076843766912,8.481968028671645,65.44826135859084,1.0000000125686084,4.982289624548793,3.510276371798682e-07,41.274166297549826,0.0
AIDC09,44,4.166427858051372,26.07538421883456,8.481968028671645,65.44826135859084,1.0000000001376386,4.9822897286574905,1.3365948348109669e-09,18.614590378859624,0.0
AIDC10,44,8.332855716102744,52.15076843766912,8.481968028671645,65.44826135859084,1.0000000125686084,4.982289624548793,3.510276371798682e-07,41.274166297549826,0.0
AIDC11,44,4.166427858051372,26.07538421883456,8.481968028671645,65.44826135859084,1.0000000001376386,4.9822897286574905,1.3365948348109669e-09,18.614590378859624,0.0
AIDC12,44,8.332855716102744,52.15076843766912,8.481968028671645,65.44826135859084,1.0000000125686084,4.982289624548793,3.510276371798682e-07,41.274166297549826,0.0
AIDC01,45,8.332855716102744,52.15076843766912,8.60975416465104,64.46207417708027,1.0000000122619643,4.982289627096877,3.4335266008156395e-07,41.31351114406523,-7.105427357601002e-15
AIDC02,45,4.166427858051372,26.07538421883456,8.60975416465104,64.46207417708027,1.0000000001297105,4.982289728687212,1.2652670022816892e-09,18.632892781480457,0.0
AIDC03,45,8.332855716102744,52.15076843766912,8.60975416465104,64.46207417708027,1.0000000122619643,4.982289627096877,3.4335266008156395e-07,41.31351114406523,-7.105427357601002e-15
AIDC04,45,4.166427858051372,26.07538421883456,8.60975416465104,64.46207417708027,1.0000000001297105,4.982289728687212,1.2652670022816892e-09,18.632892781480457,0.0
AIDC05,45,10.41606964512843,65.18846054708641,8.60975416465104,64.46207417708027,1.0000001340758515,4.98228833277315,5.073196895466481e-06,53.23930013500244,0.0
AIDC06,45,8.332855716102744,52.15076843766912,8.60975416465104,64.46207417708027,1.0000000122619643,4.982289627096877,3.4335266008156395e-07,41.31351114406523,-7.105427357601002e-15
AIDC07,45,4.166427858051372,26.07538421883456,8.60975416465104,64.46207417708027,1.0000000001297105,4.982289728687212,1.2652670022816892e-09,18.632892781480457,0.0
AIDC08,45,8.332855716102744,52.15076843766912,8.60975416465104,64.46207417708027,1.0000000122619643,4.982289627096877,3.4335266008156395e-07,41.31351114406523,-7.105427357601002e-15
AIDC09,45,4.166427858051372,26.07538421883456,8.60975416465104,64.46207417708027,1.0000000001297105,4.982289728687212,1.2652670022816892e-09,18.632892781480457,0.0
AIDC10,45,8.332855716102744,52.15076843766912,8.60975416465104,64.46207417708027,1.0000000122619643,4.982289627096877,3.4335266008156395e-07,41.31351114406523,-7.105427357601002e-15
AIDC11,45,4.166427858051372,26.07538421883456,8.60975416465104,64.46207417708027,1.0000000001297105,4.982289728687212,1.2652670022816892e-09,18.632892781480457,0.0
AIDC12,45,8.332855716102744,52.15076843766912,8.60975416465104,64.46207417708027,1.0000000122619643,4.982289627096877,3.4335266008156395e-07,41.31351114406523,-7.105427357601002e-15
AIDC01,46,8.332855716102744,52.15076843766912,8.737540300630435,63.47588699556968,1.0000000119627956,4.98228962958324,3.358343789727769e-07,41.35255222623812,0.0
AIDC02,46,4.166427858051372,26.07538421883456,8.737540300630435,63.47588699556968,1.0000000001222376,4.982289728715316,1.1976588609741157e-09,18.651113859903873,-3.552713678800501e-15
AIDC03,46,8.332855716102744,52.15076843766912,8.737540300630435,63.47588699556968,1.0000000119627956,4.98228962958324,3.358343789727769e-07,41.35255222623812,0.0
AIDC04,46,4.166427858051372,26.07538421883456,8.737540300630435,63.47588699556968,1.0000000001222376,4.982289728715316,1.1976588609741157e-09,18.651113859903873,-3.552713678800501e-15
AIDC05,46,10.41606964512843,65.18846054708641,8.737540300630435,63.47588699556968,1.0000001331121788,4.982288342801182,5.047310750683209e-06,53.28569359187078,0.0
AIDC06,46,8.332855716102744,52.15076843766912,8.737540300630435,63.47588699556968,1.0000000119627956,4.98228962958324,3.358343789727769e-07,41.35255222623812,0.0
AIDC07,46,4.166427858051372,26.07538421883456,8.737540300630435,63.47588699556968,1.0000000001222376,4.982289728715316,1.1976588609741157e-09,18.651113859903873,-3.552713678800501e-15
AIDC08,46,8.332855716102744,52.15076843766912,8.737540300630435,63.47588699556968,1.0000000119627956,4.98228962958324,3.358343789727769e-07,41.35255222623812,0.0
AIDC09,46,4.166427858051372,26.07538421883456,8.737540300630435,63.47588699556968,1.0000000001222376,4.982289728715316,1.1976588609741157e-09,18.651113859903873,-3.552713678800501e-15
AIDC10,46,8.332855716102744,52.15076843766912,8.737540300630435,63.47588699556968,1.0000000119627956,4.98228962958324,3.358343789727769e-07,41.35255222623812,0.0
AIDC11,46,4.166427858051372,26.07538421883456,8.737540300630435,63.47588699556968,1.0000000001222376,4.982289728715316,1.1976588609741157e-09,18.651113859903873,-3.552713678800501e-15
AIDC12,46,8.332855716102744,52.15076843766912,8.737540300630435,63.47588699556968,1.0000000119627956,4.98228962958324,3.358343789727769e-07,41.35255222623812,0.0
AIDC01,47,8.332855716102744,52.15076843766912,8.86532643660983,62.48969981405911,1.00000001167092,4.982289632009358,3.2847004405311964e-07,41.391292553443336,-7.105427357601002e-15
AIDC02,47,4.166427858051372,26.07538421883456,8.86532643660983,62.48969981405911,1.0000000001151943,4.982289728741891,1.1336105387727002e-09,18.669274277428556,-3.552713678800501e-15
AIDC03,47,8.332855716102744,52.15076843766912,8.86532643660983,62.48969981405911,1.00000001167092,4.982289632009358,3.2847004405311964e-07,41.391292553443336,-7.105427357601002e-15
AIDC04,47,4.166427858051372,26.07538421883456,8.86532643660983,62.48969981405911,1.0000000001151943,4.982289728741891,1.1336105387727002e-09,18.669274277428556,-3.552713678800501e-15
AIDC05,47,10.41606964512843,65.18846054708641,8.86532643660983,62.48969981405911,1.0000001321554213,4.982288352757935,5.021424705375921e-06,53.3316913621005,0.0
AIDC06,47,8.332855716102744,52.15076843766912,8.86532643660983,62.48969981405911,1.00000001167092,4.982289632009358,3.2847004405311964e-07,41.391292553443336,-7.105427357601002e-15
AIDC07,47,4.166427858051372,26.07538421883456,8.86532643660983,62.48969981405911,1.0000000001151943,4.982289728741891,1.1336105387727002e-09,18.669274277428556,-3.552713678800501e-15
AIDC08,47,8.332855716102744,52.15076843766912,8.86532643660983,62.48969981405911,1.00000001167092,4.982289632009358,3.2847004405311964e-07,41.391292553443336,-7.105427357601002e-15
AIDC09,47,4.166427858051372,26.07538421883456,8.86532643660983,62.48969981405911,1.0000000001151943,4.982289728741891,1.1336105387727002e-09,18.669274277428556,-3.552713678800501e-15
AIDC10,47,8.332855716102744,52.15076843766912,8.86532643660983,62.48969981405911,1.00000001167092,4.982289632009358,3.2847004405311964e-07,41.391292553443336,-7.105427357601002e-15
AIDC11,47,4.166427858051372,26.07538421883456,8.86532643660983,62.48969981405911,1.0000000001151943,4.982289728741891,1.1336105387727002e-09,18.669274277428556,-3.552713678800501e-15
AIDC12,47,8.332855716102744,52.15076843766912,8.86532643660983,62.48969981405911,1.00000001167092,4.982289632009358,3.2847004405311964e-07,41.391292553443336,-7.105427357601002e-15
AIDC01,48,8.332855716102744,52.15076843766912,8.993112572589226,61.50351263254853,1.0000000113861607,4.982289634376661,3.21256969471051e-07,41.429735584969706,0.0
AIDC02,48,4.166427858051372,26.07538421883456,8.993112572589226,61.50351263254853,1.0000000001085556,4.982289728767017,1.0729301891387877e-09,18.687352646048588,0.0
AIDC03,48,8.332855716102744,52.15076843766912,8.993112572589226,61.50351263254853,1.0000000113861607,4.982289634376661,3.21256969471051e-07,41.429735584969706,0.0
AIDC04,48,4.166427858051372,26.07538421883456,8.993112572589226,61.50351263254853,1.0000000001085556,4.982289728767017,1.0729301891387877e-09,18.687352646048588,0.0
AIDC05,48,10.41606964512843,65.18846054708641,8.993112572589226,61.50351263254853,1.0000001312055302,4.982288362643853,4.995542660424235e-06,53.377298424023664,0.0
AIDC06,48,8.332855716102744,52.15076843766912,8.993112572589226,61.50351263254853,1.0000000113861607,4.982289634376661,3.21256969471051e-07,41.429735584969706,0.0
AIDC07,48,4.166427858051372,26.07538421883456,8.993112572589226,61.50351263254853,1.0000000001085556,4.982289728767017,1.0729301891387877e-09,18.687352646048588,0.0
AIDC08,48,8.332855716102744,52.15076843766912,8.993112572589226,61.50351263254853,1.0000000113861607,4.982289634376661,3.21256969471051e-07,41.429735584969706,0.0
AIDC09,48,4.166427858051372,26.07538421883456,8.993112572589226,61.50351263254853,1.0000000001085556,4.982289728767017,1.0729301891387877e-09,18.687352646048588,0.0
AIDC10,48,8.332855716102744,52.15076843766912,8.993112572589226,61.50351263254853,1.0000000113861607,4.982289634376661,3.21256969471051e-07,41.429735584969706,0.0
AIDC11,48,4.166427858051372,26.07538421883456,8.993112572589226,61.50351263254853,1.0000000001085556,4.982289728767017,1.0729301891387877e-09,18.687352646048588,0.0
AIDC12,48,8.332855716102744,52.15076843766912,8.993112572589226,61.50351263254853,1.0000000113861607,4.982289634376661,3.21256969471051e-07,41.429735584969706,0.0
AIDC01,49,8.332855716102744,52.15076843766912,9.09748902269197,61.00298590917,1.0000000111151135,4.982289636630821,3.142426194813197e-07,41.46091761223367,0.0
AIDC02,49,4.166427858051372,26.07538421883456,9.09748902269197,61.00298590917,1.000000000103013,4.9822897287881025,1.0217284795999149e-09,18.702059458974063,-3.552713678800501e-15
AIDC03,49,8.332855716102744,52.15076843766912,9.09748902269197,61.00298590917,1.0000000111151135,4.982289636630821,3.142426194813197e-07,41.46091761223367,0.0
AIDC04,49,4.166427858051372,26.07538421883456,9.09748902269197,61.00298590917,1.000000000103013,4.9822897287881025,1.0217284795999149e-09,18.702059458974063,-3.552713678800501e-15
AIDC05,49,10.41606964512843,65.18846054708641,9.09748902269197,61.00298590917,1.0000001299249168,4.982288375976221,4.9549654335123705e-06,53.41426407329237,0.0
AIDC06,49,8.332855716102744,52.15076843766912,9.09748902269197,61.00298590917,1.0000000111151135,4.982289636630821,3.142426194813197e-07,41.46091761223367,0.0
AIDC07,49,4.166427858051372,26.07538421883456,9.09748902269197,61.00298590917,1.000000000103013,4.9822897287881025,1.0217284795999149e-09,18.702059458974063,-3.552713678800501e-15
AIDC08,49,8.332855716102744,52.15076843766912,9.09748902269197,61.00298590917,1.0000000111151135,4.982289636630821,3.142426194813197e-07,41.46091761223367,0.0
AIDC09,49,4.166427858051372,26.07538421883456,9.09748902269197,61.00298590917,1.000000000103013,4.9822897287881025,1.0217284795999149e-09,18.702059458974063,-3.552713678800501e-15
AIDC10,49,8.332855716102744,52.15076843766912,9.09748902269197,61.00298590917,1.0000000111151135,4.982289636630821,3.142426194813197e-07,41.46091761223367,0.0
AIDC11,49,4.166427858051372,26.07538421883456,9.09748902269197,61.00298590917,1.000000000103013,4.9822897287881025,1.0217284795999149e-09,18.702059458974063,-3.552713678800501e-15
AIDC12,49,8.332855716102744,52.15076843766912,9.09748902269197,61.00298590917,1.0000000111151135,4.982289636630821,3.142426194813197e-07,41.46091761223367,0.0
AIDC01,50,8.332855716102744,52.15076843766912,9.201865472794713,60.50245918579147,1.0000000108505154,4.982289638831546,3.07375117358788e-07,41.49190497317848,0.0
AIDC02,50,4.166427858051372,26.07538421883456,9.201865472794713,60.50245918579147,1.000000000097753,4.982289728808157,9.729355099352688e-10,18.7167309717504,0.0
AIDC03,50,8.332855716102744,52.15076843766912,9.201865472794713,60.50245918579147,1.0000000108505154,4.982289638831546,3.07375117358788e-07,41.49190497317848,0.0
AIDC04,50,4.166427858051372,26.07538421883456,9.201865472794713,60.50245918579147,1.000000000097753,4.982289728808157,9.729355099352688e-10,18.7167309717504,0.0
AIDC05,50,10.41606964512843,65.18846054708641,9.201865472794713,60.50245918579147,1.0000001286567965,4.9822883891789065,4.914636178909859e-06,53.45097494384903,0.0
AIDC06,50,8.332855716102744,52.15076843766912,9.201865472794713,60.50245918579147,1.0000000108505154,4.982289638831546,3.07375117358788e-07,41.49190497317848,0.0
AIDC07,50,4.166427858051372,26.07538421883456,9.201865472794713,60.50245918579147,1.000000000097753,4.982289728808157,9.729355099352688e-10,18.7167309717504,0.0
AIDC08,50,8.332855716102744,52.15076843766912,9.201865472794713,60.50245918579147,1.0000000108505154,4.982289638831546,3.07375117358788e-07,41.49190497317848,0.0
AIDC09,50,4.166427858051372,26.07538421883456,9.201865472794713,60.50245918579147,1.000000000097753,4.982289728808157,9.729355099352688e-10,18.7167309717504,0.0
AIDC10,50,8.332855716102744,52.15076843766912,9.201865472794713,60.50245918579147,1.0000000108505154,4.982289638831546,3.07375117358788e-07,41.49190497317848,0.0
AIDC11,50,4.166427858051372,26.07538421883456,9.201865472794713,60.50245918579147,1.000000000097753,4.982289728808157,9.729355099352688e-10,18.7167309717504,0.0
AIDC12,50,8.332855716102744,52.15076843766912,9.201865472794713,60.50245918579147,1.0000000108505154,4.982289638831546,3.07375117358788e-07,41.49190497317848,0.0
AIDC01,51,8.332855716102744,52.15076843766912,9.306241922897456,60.001932462412945,1.000000010592213,4.982289640980101,3.006516138270854e-07,41.52269937372729,-7.105427357601002e-15
AIDC02,51,4.166427858051372,26.07538421883456,9.306241922897456,60.001932462412945,1.0000000000927605,4.982289728827236,9.264304878797702e-10,18.73132993463519,0.0
AIDC03,51,8.332855716102744,52.15076843766912,9.306241922897456,60.001932462412945,1.000000010592213,4.982289640980101,3.006516138270854e-07,41.52269937372729,-7.105427357601002e-15
AIDC04,51,4.166427858051372,26.07538421883456,9.306241922897456,60.001932462412945,1.0000000000927605,4.982289728827236,9.264304878797702e-10,18.73132993463519,0.0
AIDC05,51,10.41606964512843,65.18846054708641,9.306241922897456,60.001932462412945,1.0000001274010482,4.982288402253138,4.8745555076834535e-06,53.48743364338294,-1.4210854715202004e-14
AIDC06,51,8.332855716102744,52.15076843766912,9.306241922897456,60.001932462412945,1.000000010592213,4.982289640980101,3.006516138270854e-07,41.52269937372729,-7.105427357601002e-15
AIDC07,51,4.166427858051372,26.07538421883456,9.306241922897456,60.001932462412945,1.0000000000927605,4.982289728827236,9.264304878797702e-10,18.73132993463519,0.0
AIDC08,51,8.332855716102744,52.15076843766912,9.306241922897456,60.001932462412945,1.000000010592213,4.982289640980101,3.006516138270854e-07,41.52269937372729,-7.105427357601002e-15
AIDC09,51,4.166427858051372,26.07538421883456,9.306241922897456,60.001932462412945,1.0000000000927605,4.982289728827236,9.264304878797702e-10,18.73132993463519,0.0
AIDC10,51,8.332855716102744,52.15076843766912,9.306241922897456,60.001932462412945,1.000000010592213,4.982289640980101,3.006516138270854e-07,41.52269937372729,-7.105427357601002e-15
AIDC11,51,4.166427858051372,26.07538421883456,9.306241922897456,60.001932462412945,1.0000000000927605,4.982289728827236,9.264304878797702e-10,18.73132993463519,0.0
AIDC12,51,8.332855716102744,52.15076843766912,9.306241922897456,60.001932462412945,1.000000010592213,4.982289640980101,3.006516138270854e-07,41.52269937372729,-7.105427357601002e-15
AIDC01,52,8.332855716102744,52.15076843766912,9.4106183730002,59.50140573903442,1.0000000103400575,4.982289643077703,2.9406934487496983e-07,41.5533026761688,0.0
AIDC02,52,4.166427858051372,26.07538421883456,9.4106183730002,59.50140573903442,1.0000000000880227,4.98228972884538,8.82128148305128e-10,18.745893005012697,0.0
AIDC03,52,8.332855716102744,52.15076843766912,9.4106183730002,59.50140573903442,1.0000000103400575,4.982289643077703,2.9406934487496983e-07,41.5533026761688,0.0
AIDC04,52,4.166427858051372,26.07538421883456,9.4106183730002,59.50140573903442,1.0000000000880227,4.98228972884538,8.82128148305128e-10,18.745893005012697,0.0
AIDC05,52,10.41606964512843,65.18846054708641,9.4106183730002,59.50140573903442,1.0000001261575515,4.982288415200141,4.834723895896786e-06,53.52364274547976,0.0
AIDC06,52,8.332855716102744,52.15076843766912,9.4106183730002,59.50140573903442,1.0000000103400575,4.982289643077703,2.9406934487496983e-07,41.5533026761688,0.0
AIDC07,52,4.166427858051372,26.07538421883456,9.4106183730002,59.50140573903442,1.0000000000880227,4.98228972884538,8.82128148305128e-10,18.745893005012697,0.0
AIDC08,52,8.332855716102744,52.15076843766912,9.4106183730002,59.50140573903442,1.0000000103400575,4.982289643077703,2.9406934487496983e-07,41.5533026761688,0.0
AIDC09,52,4.166427858051372,26.07538421883456,9.4106183730002,59.50140573903442,1.0000000000880227,4.98228972884538,8.82128148305128e-10,18.745893005012697,0.0
AIDC10,52,8.332855716102744,52.15076843766912,9.4106183730002,59.50140573903442,1.0000000103400575,4.982289643077703,2.9406934487496983e-07,41.5533026761688,0.0
AIDC11,52,4.166427858051372,26.07538421883456,9.4106183730002,59.50140573903442,1.0000000000880227,4.98228972884538,8.82128148305128e-10,18.745893005012697,0.0
AIDC12,52,8.332855716102744,52.15076843766912,9.4106183730002,59.50140573903442,1.0000000103400575,4.982289643077703,2.9406934487496983e-07,41.5533026761688,0.0
AIDC01,53,8.332855716102744,52.15076843766912,9.498402514314758,59.14868941919476,1.0000000101237623,4.982289644877207,2.8838793042496036e-07,41.578894155840004,-7.105427357601002e-15
AIDC02,53,4.166427858051372,26.07538421883456,9.498402514314758,59.14868941919476,1.0000000000841518,4.982289728860242,8.457412548068532e-10,18.758104068835813,0.0
AIDC03,53,8.332855716102744,52.15076843766912,9.498402514314758,59.14868941919476,1.0000000101237623,4.982289644877207,2.8838793042496036e-07,41.578894155840004,-7.105427357601002e-15
AIDC04,53,4.166427858051372,26.07538421883456,9.498402514314758,59.14868941919476,1.0000000000841518,4.982289728860242,8.457412548068532e-10,18.758104068835813,0.0
AIDC05,53,10.41606964512843,65.18846054708641,9.498402514314758,59.14868941919476,1.000000125011538,4.982288427132824,4.797211950346991e-06,53.553904445970744,0.0
AIDC06,53,8.332855716102744,52.15076843766912,9.498402514314758,59.14868941919476,1.0000000101237623,4.982289644877207,2.8838793042496036e-07,41.578894155840004,-7.105427357601002e-15
AIDC07,53,4.166427858051372,26.07538421883456,9.498402514314758,59.14868941919476,1.0000000000841518,4.982289728860242,8.457412548068532e-10,18.758104068835813,0.0
AIDC08,53,8.332855716102744,52.15076843766912,9.498402514314758,59.14868941919476,1.0000000101237623,4.982289644877207,2.8838793042496036e-07,41.578894155840004,-7.105427357601002e-15
AIDC09,53,4.166427858051372,26.07538421883456,9.498402514314758,59.14868941919476,1.0000000000841518,4.982289728860242,8.457412548068532e-10,18.758104068835813,0.0
AIDC10,53,8.332855716102744,52.15076843766912,9.498402514314758,59.14868941919476,1.0000000101237623,4.982289644877207,2.8838793042496036e-07,41.578894155840004,-7.105427357601002e-15
AIDC11,53,4.166427858051372,26.07538421883456,9.498402514314758,59.14868941919476,1.0000000000841518,4.982289728860242,8.457412548068532e-10,18.758104068835813,0.0
AIDC12,53,8.332855716102744,52.15076843766912,9.498402514314758,59.14868941919476,1.0000000101237623,4.982289644877207,2.8838793042496036e-07,41.578894155840004,-7.105427357601002e-15
AIDC01,54,8.332855716102744,52.15076843766912,9.586186655629318,58.79597309935511,1.0000000099119901,4.98228964663919,2.8281242236971593e-07,41.604352629667005,-7.105427357601002e-15
AIDC02,54,4.166427858051372,26.07538421883456,9.586186655629318,58.79597309935511,1.0000000000804508,4.982289728874475,8.108393956263171e-10,18.770278389380962,0.0
AIDC03,54,8.332855716102744,52.15076843766912,9.586186655629318,58.79597309935511,1.0000000099119901,4.98228964663919,2.8281242236971593e-07,41.604352629667005,-7.105427357601002e-15
AIDC04,54,4.166427858051372,26.07538421883456,9.586186655629318,58.79597309935511,1.0000000000804508,4.982289728874475,8.108393956263171e-10,18.770278389380962,0.0
AIDC05,54,10.41606964512843,65.18846054708641,9.586186655629318,58.79597309935511,1.0000001238759317,4.982288438957349,4.7599383918850435e-06,53.583992875397726,0.0
AIDC06,54,8.332855716102744,52.15076843766912,9.586186655629318,58.79597309935511,1.0000000099119901,4.98228964663919,2.8281242236971593e-07,41.604352629667005,-7.105427357601002e-15
AIDC07,54,4.166427858051372,26.07538421883456,9.586186655629318,58.79597309935511,1.0000000000804508,4.982289728874475,8.108393956263171e-10,18.770278389380962,0.0
AIDC08,54,8.332855716102744,52.15076843766912,9.586186655629318,58.79597309935511,1.0000000099119901,4.98228964663919,2.8281242236971593e-07,41.604352629667005,-7.105427357601002e-15
AIDC09,54,4.166427858051372,26.07538421883456,9.586186655629318,58.79597309935511,1.0000000000804508,4.982289728874475,8.108393956263171e-10,18.770278389380962,0.0
AIDC10,54,8.332855716102744,52.15076843766912,9.586186655629318,58.79597309935511,1.0000000099119901,4.98228964663919,2.8281242236971593e-07,41.604352629667005,-7.105427357601002e-15
AIDC11,54,4.166427858051372,26.07538421883456,9.586186655629318,58.79597309935511,1.0000000000804508,4.982289728874475,8.108393956263171e-10,18.770278389380962,0.0
AIDC12,54,8.332855716102744,52.15076843766912,9.586186655629318,58.79597309935511,1.0000000099119901,4.98228964663919,2.8281242236971593e-07,41.604352629667005,-7.105427357601002e-15
AIDC01,55,8.332855716102744,52.15076843766912,9.673970796943877,58.44325677951545,1.0000000097046464,4.982289648364434,2.773409661926962e-07,41.6296790214886,0.0
AIDC02,55,4.166427858051372,26.07538421883456,9.673970796943877,58.44325677951545,1.0000000000769123,4.982289728888106,7.773586219173012e-10,18.78242243822941,0.0
AIDC03,55,8.332855716102744,52.15076843766912,9.673970796943877,58.44325677951545,1.0000000097046464,4.982289648364434,2.773409661926962e-07,41.6296790214886,0.0
AIDC04,55,4.166427858051372,26.07538421883456,9.673970796943877,58.44325677951545,1.0000000000769123,4.982289728888106,7.773586219173012e-10,18.78242243822941,0.0
AIDC05,55,10.41606964512843,65.18846054708641,9.673970796943877,58.44325677951545,1.0000001227506383,4.982288450674689,4.722902851028721e-06,53.61390950625767,0.0
AIDC06,55,8.332855716102744,52.15076843766912,9.673970796943877,58.44325677951545,1.0000000097046464,4.982289648364434,2.773409661926962e-07,41.6296790214886,0.0
AIDC07,55,4.166427858051372,26.07538421883456,9.673970796943877,58.44325677951545,1.0000000000769123,4.982289728888106,7.773586219173012e-10,18.78242243822941,0.0
AIDC08,55,8.332855716102744,52.15076843766912,9.673970796943877,58.44325677951545,1.0000000097046464,4.982289648364434,2.773409661926962e-07,41.6296790214886,0.0
AIDC09,55,4.166427858051372,26.07538421883456,9.673970796943877,58.44325677951545,1.0000000000769123,4.982289728888106,7.773586219173012e-10,18.78242243822941,0.0
AIDC10,55,8.332855716102744,52.15076843766912,9.673970796943877,58.44325677951545,1.0000000097046464,4.982289648364434,2.773409661926962e-07,41.6296790214886,0.0
AIDC11,55,4.166427858051372,26.07538421883456,9.673970796943877,58.44325677951545,1.0000000000769123,4.982289728888106,7.773586219173012e-10,18.78242243822941,0.0
AIDC12,55,8.332855716102744,52.15076843766912,9.673970796943877,58.44325677951545,1.0000000097046464,4.982289648364434,2.773409661926962e-07,41.6296790214886,0.0
AIDC01,56,8.332855716102744,52.15076843766912,9.761754938258434,58.09054045967579,1.0000000095016381,4.9822896500536995,2.7197172869364294e-07,41.654874039195136,-7.105427357601002e-15
AIDC02,56,4.166427858051372,26.07538421883456,9.761754938258434,58.09054045967579,1.000000000073529,4.982289728901161,7.452420902609447e-10,18.794523045179645,0.0
AIDC03,56,8.332855716102744,52.15076843766912,9.761754938258434,58.09054045967579,1.0000000095016381,4.9822896500536995,2.7197172869364294e-07,41.654874039195136,-7.105427357601002e-15
AIDC04,56,4.166427858051372,26.07538421883456,9.761754938258434,58.09054045967579,1.000000000073529,4.982289728901161,7.452420902609447e-10,18.794523045179645,0.0
AIDC05,56,10.41606964512843,65.18846054708641,9.761754938258434,58.09054045967579,1.000000121635564,4.982288462285805,4.686104929874091e-06,53.64365578859142,0.0
AIDC06,56,8.332855716102744,52.15076843766912,9.761754938258434,58.09054045967579,1.0000000095016381,4.9822896500536995,2.7197172869364294e-07,41.654874039195136,-7.105427357601002e-15
AIDC07,56,4.166427858051372,26.07538421883456,9.761754938258434,58.09054045967579,1.000000000073529,4.982289728901161,7.452420902609447e-10,18.794523045179645,0.0
AIDC08,56,8.332855716102744,52.15076843766912,9.761754938258434,58.09054045967579,1.0000000095016381,4.9822896500536995,2.7197172869364294e-07,41.654874039195136,-7.105427357601002e-15
AIDC09,56,4.166427858051372,26.07538421883456,9.761754938258434,58.09054045967579,1.000000000073529,4.982289728901161,7.452420902609447e-10,18.794523045179645,0.0
AIDC10,56,8.332855716102744,52.15076843766912,9.761754938258434,58.09054045967579,1.0000000095016381,4.9822896500536995,2.7197172869364294e-07,41.654874039195136,-7.105427357601002e-15
AIDC11,56,4.166427858051372,26.07538421883456,9.761754938258434,58.09054045967579,1.000000000073529,4.982289728901161,7.452420902609447e-10,18.794523045179645,0.0
AIDC12,56,8.332855716102744,52.15076843766912,9.761754938258434,58.09054045967579,1.0000000095016381,4.9822896500536995,2.7197172869364294e-07,41.654874039195136,-7.105427357601002e-15
AIDC01,57,8.332855716102744,52.15076843766912,9.828043729554253,58.10938754990344,1.0000000093169783,4.982289651590616,2.6700438127136294e-07,41.67381363196067,0.0
AIDC02,57,4.166427858051372,26.07538421883456,9.828043729554253,58.10938754990344,1.0000000000708131,4.982289728911681,7.19218462563731e-10,18.80363730529536,0.0
AIDC03,57,8.332855716102744,52.15076843766912,9.828043729554253,58.10938754990344,1.0000000093169783,4.982289651590616,2.6700438127136294e-07,41.67381363196067,0.0
AIDC04,57,4.166427858051372,26.07538421883456,9.828043729554253,58.10938754990344,1.0000000000708131,4.982289728911681,7.19218462563731e-10,18.80363730529536,0.0
AIDC05,57,10.41606964512843,65.18846054708641,9.828043729554253,58.10938754990344,1.0000001203587043,4.982288475582898,4.641447283404432e-06,53.66600624477272,0.0
AIDC06,57,8.332855716102744,52.15076843766912,9.828043729554253,58.10938754990344,1.0000000093169783,4.982289651590616,2.6700438127136294e-07,41.67381363196067,0.0
AIDC07,57,4.166427858051372,26.07538421883456,9.828043729554253,58.10938754990344,1.0000000000708131,4.982289728911681,7.19218462563731e-10,18.80363730529536,0.0
AIDC08,57,8.332855716102744,52.15076843766912,9.828043729554253,58.10938754990344,1.0000000093169783,4.982289651590616,2.6700438127136294e-07,41.67381363196067,0.0
AIDC09,57,4.166427858051372,26.07538421883456,9.828043729554253,58.10938754990344,1.0000000000708131,4.982289728911681,7.19218462563731e-10,18.80363730529536,0.0
AIDC10,57,8.332855716102744,52.15076843766912,9.828043729554253,58.10938754990344,1.0000000093169783,4.982289651590616,2.6700438127136294e-07,41.67381363196067,0.0
AIDC11,57,4.166427858051372,26.07538421883456,9.828043729554253,58.10938754990344,1.0000000000708131,4.982289728911681,7.19218462563731e-10,18.80363730529536,0.0
AIDC12,57,8.332855716102744,52.15076843766912,9.828043729554253,58.10938754990344,1.0000000093169783,4.982289651590616,2.6700438127136294e-07,41.67381363196067,0.0
AIDC01,58,8.332855716102744,52.15076843766912,9.894332520850071,58.12823464013108,1.000000009135906,4.9822896530977285,2.621257948476341e-07,41.69267915647576,0.0
AIDC02,58,4.166427858051372,26.07538421883456,9.894332520850071,58.12823464013108,1.0000000000681974,4.982289728921826,6.941007768546115e-10,18.812730475698523,0.0
AIDC03,58,8.332855716102744,52.15076843766912,9.894332520850071,58.12823464013108,1.000000009135906,4.9822896530977285,2.621257948476341e-07,41.69267915647576,0.0
AIDC04,58,4.166427858051372,26.07538421883456,9.894332520850071,58.12823464013108,1.0000000000681974,4.982289728921826,6.941007768546115e-10,18.812730475698523,0.0
AIDC05,58,10.41606964512843,65.18846054708641,9.894332520850071,58.12823464013108,1.000000119095247,4.982288488740524,4.5971875834993625e-06,53.68826101133202,0.0
AIDC06,58,8.332855716102744,52.15076843766912,9.894332520850071,58.12823464013108,1.000000009135906,4.9822896530977285,2.621257948476341e-07,41.69267915647576,0.0
AIDC07,58,4.166427858051372,26.07538421883456,9.894332520850071,58.12823464013108,1.0000000000681974,4.982289728921826,6.941007768546115e-10,18.812730475698523,0.0
AIDC08,58,8.332855716102744,52.15076843766912,9.894332520850071,58.12823464013108,1.000000009135906,4.9822896530977285,2.621257948476341e-07,41.69267915647576,0.0
AIDC09,58,4.166427858051372,26.07538421883456,9.894332520850071,58.12823464013108,1.0000000000681974,4.982289728921826,6.941007768546115e-10,18.812730475698523,0.0
AIDC10,58,8.332855716102744,52.15076843766912,9.894332520850071,58.12823464013108,1.000000009135906,4.9822896530977285,2.621257948476341e-07,41.69267915647576,0.0
AIDC11,58,4.166427858051372,26.07538421883456,9.894332520850071,58.12823464013108,1.0000000000681974,4.982289728921826,6.941007768546115e-10,18.812730475698523,0.0
AIDC12,58,8.332855716102744,52.15076843766912,9.894332520850071,58.12823464013108,1.000000009135906,4.9822896530977285,2.621257948476341e-07,41.69267915647576,0.0
AIDC01,59,8.332855716102744,52.15076843766912,9.96062131214589,58.14708173035872,1.0000000089583523,4.982289654575604,2.5733445596642923e-07,41.71147133354097,-7.105427357601002e-15
AIDC02,59,4.166427858051372,26.07538421883456,9.96062131214589,58.14708173035872,1.0000000000656784,4.9822897289316055,6.698464005694404e-10,18.821811915060742,0.0
AIDC03,59,8.332855716102744,52.15076843766912,9.96062131214589,58.14708173035872,1.0000000089583523,4.982289654575604,2.5733445596642923e-07,41.71147133354097,-7.105427357601002e-15
AIDC04,59,4.166427858051372,26.07538421883456,9.96062131214589,58.14708173035872,1.0000000000656784,4.9822897289316055,6.698464005694404e-10,18.821811915060742,0.0
AIDC05,59,10.41606964512843,65.18846054708641,9.96062131214589,58.14708173035872,1.000000117845051,4.9822885017601415,4.553322796141401e-06,53.71042068364554,0.0
AIDC06,59,8.332855716102744,52.15076843766912,9.96062131214589,58.14708173035872,1.0000000089583523,4.982289654575604,2.5733445596642923e-07,41.71147133354097,-7.105427357601002e-15
AIDC07,59,4.166427858051372,26.07538421883456,9.96062131214589,58.14708173035872,1.0000000000656784,4.9822897289316055,6.698464005694404e-10,18.821811915060742,0.0
AIDC08,59,8.332855716102744,52.15076843766912,9.96062131214589,58.14708173035872,1.0000000089583523,4.982289654575604,2.5733445596642923e-07,41.71147133354097,-7.105427357601002e-15
AIDC09,59,4.166427858051372,26.07538421883456,9.96062131214589,58.14708173035872,1.0000000000656784,4.9822897289316055,6.698464005694404e-10,18.821811915060742,0.0
AIDC10,59,8.332855716102744,52.15076843766912,9.96062131214589,58.14708173035872,1.0000000089583523,4.982289654575604,2.5733445596642923e-07,41.71147133354097,-7.105427357601002e-15
AIDC11,59,4.166427858051372,26.07538421883456,9.96062131214589,58.14708173035872,1.0000000000656784,4.9822897289316055,6.698464005694404e-10,18.821811915060742,0.0
AIDC12,59,8.332855716102744,52.15076843766912,9.96062131214589,58.14708173035872,1.0000000089583523,4.982289654575604,2.5733445596642923e-07,41.71147133354097,-7.105427357601002e-15
AIDC01,60,8.332855716102744,52.15076843766912,10.026910103441708,58.165928820586366,1.0000000087842484,4.982289656024816,2.5262885827714854e-07,41.73019042309943,0.0
AIDC02,60,4.166427858051372,26.07538421883456,10.026910103441708,58.165928820586366,1.0000000000632518,4.982289728941037,6.464304647124663e-10,18.830849784556897,-3.552713678800501e-15
AIDC03,60,8.332855716102744,52.15076843766912,10.026910103441708,58.165928820586366,1.0000000087842484,4.982289656024816,2.5262885827714854e-07,41.73019042309943,0.0
AIDC04,60,4.166427858051372,26.07538421883456,10.026910103441708,58.165928820586366,1.0000000000632518,4.982289728941037,6.464304647124663e-10,18.830849784556897,-3.552713678800501e-15
AIDC05,60,10.41606964512843,65.18846054708641,10.026910103441708,58.165928820586366,1.000000116607978,4.982288514643194,4.5098499654727675e-06,53.732485890412846,0.0
AIDC06,60,8.332855716102744,52.15076843766912,10.026910103441708,58.165928820586366,1.0000000087842484,4.982289656024816,2.5262885827714854e-07,41.73019042309943,0.0
AIDC07,60,4.166427858051372,26.07538421883456,10.026910103441708,58.165928820586366,1.0000000000632518,4.982289728941037,6.464304647124663e-10,18.830849784556897,-3.552713678800501e-15
AIDC08,60,8.332855716102744,52.15076843766912,10.026910103441708,58.165928820586366,1.0000000087842484,4.982289656024816,2.5262885827714854e-07,41.73019042309943,0.0
AIDC09,60,4.166427858051372,26.07538421883456,10.026910103441708,58.165928820586366,1.0000000000632518,4.982289728941037,6.464304647124663e-10,18.830849784556897,-3.552713678800501e-15
AIDC10,60,8.332855716102744,52.15076843766912,10.026910103441708,58.165928820586366,1.0000000087842484,4.982289656024816,2.5262885827714854e-07,41.73019042309943,0.0
AIDC11,60,4.166427858051372,26.07538421883456,10.026910103441708,58.165928820586366,1.0000000000632518,4.982289728941037,6.464304647124663e-10,18.830849784556897,-3.552713678800501e-15
AIDC12,60,8.332855716102744,52.15076843766912,10.026910103441708,58.165928820586366,1.0000000087842484,4.982289656024816,2.5262885827714854e-07,41.73019042309943,0.0
AIDC01,61,8.332855716102744,52.15076843766912,10.0488985887275,58.96668017027022,1.0000000086386711,4.982289657237079,2.48538270852805e-07,41.73638374753098,-7.105427357601002e-15
AIDC02,61,4.166427858051372,26.07538421883456,10.0488985887275,58.96668017027022,1.0000000000618332,4.982289728946605,6.323617185444164e-10,18.833866690078473,0.0
AIDC03,61,8.332855716102744,52.15076843766912,10.0488985887275,58.96668017027022,1.0000000086386711,4.982289657237079,2.48538270852805e-07,41.73638374753098,-7.105427357601002e-15
AIDC04,61,4.166427858051372,26.07538421883456,10.0488985887275,58.96668017027022,1.0000000000618332,4.982289728946605,6.323617185444164e-10,18.833866690078473,0.0
AIDC05,61,10.41606964512843,65.18846054708641,10.0488985887275,58.96668017027022,1.0000001150211406,4.982288531170555,4.449888962199111e-06,53.73978438100961,0.0
AIDC06,61,8.332855716102744,52.15076843766912,10.0488985887275,58.96668017027022,1.0000000086386711,4.982289657237079,2.48538270852805e-07,41.73638374753098,-7.105427357601002e-15
AIDC07,61,4.166427858051372,26.07538421883456,10.0488985887275,58.96668017027022,1.0000000000618332,4.982289728946605,6.323617185444164e-10,18.833866690078473,0.0
AIDC08,61,8.332855716102744,52.15076843766912,10.0488985887275,58.96668017027022,1.0000000086386711,4.982289657237079,2.48538270852805e-07,41.73638374753098,-7.105427357601002e-15
AIDC09,61,4.166427858051372,26.07538421883456,10.0488985887275,58.96668017027022,1.0000000000618332,4.982289728946605,6.323617185444164e-10,18.833866690078473,0.0
AIDC10,61,8.332855716102744,52.15076843766912,10.0488985887275,58.96668017027022,1.0000000086386711,4.982289657237079,2.48538270852805e-07,41.73638374753098,-7.105427357601002e-15
AIDC11,61,4.166427858051372,26.07538421883456,10.0488985887275,58.96668017027022,1.0000000000618332,4.982289728946605,6.323617185444164e-10,18.833866690078473,0.0
AIDC12,61,8.332855716102744,52.15076843766912,10.0488985887275,58.96668017027022,1.0000000086386711,4.982289657237079,2.48538270852805e-07,41.73638374753098,-7.105427357601002e-15
AIDC01,62,8.332855716102744,52.15076843766912,10.070887074013294,59.76743151995408,1.000000008495506,4.982289658429266,2.445137354811777e-07,41.74256897357637,0.0
AIDC02,62,4.166427858051372,26.07538421883456,10.070887074013294,59.76743151995408,1.000000000060446,4.982289728952054,6.18602058466422e-10,18.83686040426251,0.0
AIDC03,62,8.332855716102744,52.15076843766912,10.070887074013294,59.76743151995408,1.000000008495506,4.982289658429266,2.445137354811777e-07,41.74256897357637,0.0
AIDC04,62,4.166427858051372,26.07538421883456,10.070887074013294,59.76743151995408,1.000000000060446,4.982289728952054,6.18602058466422e-10,18.83686040426251,0.0
AIDC05,62,10.41606964512843,65.18846054708641,10.070887074013294,59.76743151995408,1.0000001134558976,4.982288547473022,4.390722381231171e-06,53.74707257443313,0.0
AIDC06,62,8.332855716102744,52.15076843766912,10.070887074013294,59.76743151995408,1.000000008495506,4.982289658429266,2.445137354811777e-07,41.74256897357637,0.0
AIDC07,62,4.166427858051372,26.07538421883456,10.070887074013294,59.76743151995408,1.000000000060446,4.982289728952054,6.18602058466422e-10,18.83686040426251,0.0
AIDC08,62,8.332855716102744,52.15076843766912,10.070887074013294,59.76743151995408,1.000000008495506,4.982289658429266,2.445137354811777e-07,41.74256897357637,0.0
AIDC09,62,4.166427858051372,26.07538421883456,10.070887074013294,59.76743151995408,1.000000000060446,4.982289728952054,6.18602058466422e-10,18.83686040426251,0.0
AIDC10,62,8.332855716102744,52.15076843766912,10.070887074013294,59.76743151995408,1.000000008495506,4.982289658429266,2.445137354811777e-07,41.74256897357637,0.0
AIDC11,62,4.166427858051372,26.07538421883456,10.070887074013294,59.76743151995408,1.000000000060446,4.982289728952054,6.18602058466422e-10,18.83686040426251,0.0
AIDC12,62,8.332855716102744,52.15076843766912,10.070887074013294,59.76743151995408,1.000000008495506,4.982289658429266,2.445137354811777e-07,41.74256897357637,0.0
AIDC01,63,8.332855716102744,52.15076843766912,10.092875559299088,60.56818286963794,1.0000000083547134,4.982289659601705,2.40554165031881e-07,41.74874611588261,-7.105427357601002e-15
AIDC02,63,4.166427858051372,26.07538421883456,10.092875559299088,60.56818286963794,1.00000000005909,4.98228972895738,6.051301681964105e-10,18.83985057869456,0.0
AIDC03,63,8.332855716102744,52.15076843766912,10.092875559299088,60.56818286963794,1.0000000083547134,4.982289659601705,2.40554165031881e-07,41.74874611588261,-7.105427357601002e-15
AIDC04,63,4.166427858051372,26.07538421883456,10.092875559299088,60.56818286963794,1.00000000005909,4.98228972895738,6.051301681964105e-10,18.83985057869456,0.0
AIDC05,63,10.41606964512843,65.18846054708641,10.092875559299088,60.56818286963794,1.0000001119119548,4.982288563553658,4.3323397207473135e-06,53.75435048728326,0.0
AIDC06,63,8.332855716102744,52.15076843766912,10.092875559299088,60.56818286963794,1.0000000083547134,4.982289659601705,2.40554165031881e-07,41.74874611588261,-7.105427357601002e-15
AIDC07,63,4.166427858051372,26.07538421883456,10.092875559299088,60.56818286963794,1.00000000005909,4.98228972895738,6.051301681964105e-10,18.83985057869456,0.0
AIDC08,63,8.332855716102744,52.15076843766912,10.092875559299088,60.56818286963794,1.0000000083547134,4.982289659601705,2.40554165031881e-07,41.74874611588261,-7.105427357601002e-15
AIDC09,63,4.166427858051372,26.07538421883456,10.092875559299088,60.56818286963794,1.00000000005909,4.98228972895738,6.051301681964105e-10,18.83985057869456,0.0
AIDC10,63,8.332855716102744,52.15076843766912,10.092875559299088,60.56818286963794,1.0000000083547134,4.982289659601705,2.40554165031881e-07,41.74874611588261,-7.105427357601002e-15
AIDC11,63,4.166427858051372,26.07538421883456,10.092875559299088,60.56818286963794,1.00000000005909,4.98228972895738,6.051301681964105e-10,18.83985057869456,0.0
AIDC12,63,8.332855716102744,52.15076843766912,10.092875559299088,60.56818286963794,1.0000000083547134,4.982289659601705,2.40554165031881e-07,41.74874611588261,-7.105427357601002e-15
AIDC01,64,8.332855716102744,52.15076843766912,10.11486404458488,61.368934219321794,1.0000000082162543,4.982289660754715,2.366585363233753e-07,41.754915566029226,0.0
AIDC02,64,4.166427858051372,26.07538421883456,10.11486404458488,61.368934219321794,1.0000000000577647,4.982289728962586,5.919602585890971e-10,18.842857366098897,0.0
AIDC03,64,8.332855716102744,52.15076843766912,10.11486404458488,61.368934219321794,1.0000000082162543,4.982289660754715,2.366585363233753e-07,41.754915566029226,0.0
AIDC04,64,4.166427858051372,26.07538421883456,10.11486404458488,61.368934219321794,1.0000000000577647,4.982289728962586,5.919602585890971e-10,18.842857366098897,0.0
AIDC05,64,10.41606964512843,65.18846054708641,10.11486404458488,61.368934219321794,1.000000110389022,4.982288579415481,4.2747306210344505e-06,53.76161811715903,0.0
AIDC06,64,8.332855716102744,52.15076843766912,10.11486404458488,61.368934219321794,1.0000000082162543,4.982289660754715,2.366585363233753e-07,41.754915566029226,0.0
AIDC07,64,4.166427858051372,26.07538421883456,10.11486404458488,61.368934219321794,1.0000000000577647,4.982289728962586,5.919602585890971e-10,18.842857366098897,0.0
AIDC08,64,8.332855716102744,52.15076843766912,10.11486404458488,61.368934219321794,1.0000000082162543,4.982289660754715,2.366585363233753e-07,41.754915566029226,0.0
AIDC09,64,4.166427858051372,26.07538421883456,10.11486404458488,61.368934219321794,1.0000000000577647,4.982289728962586,5.919602585890971e-10,18.842857366098897,0.0
AIDC10,64,8.332855716102744,52.15076843766912,10.11486404458488,61.368934219321794,1.0000000082162543,4.982289660754715,2.366585363233753e-07,41.754915566029226,0.0
AIDC11,64,4.166427858051372,26.07538421883456,10.11486404458488,61.368934219321794,1.0000000000577647,4.982289728962586,5.919602585890971e-10,18.842857366098897,0.0
AIDC12,64,8.332855716102744,52.15076843766912,10.11486404458488,61.368934219321794,1.0000000082162543,4.982289660754715,2.366585363233753e-07,41.754915566029226,0.0
AIDC01,65,8.332855716102744,52.15076843766912,10.005600739247665,63.50597424641236,1.000000008253406,4.982289660446684,2.3727304920839742e-07,41.72418091982868,0.0
AIDC02,65,4.166427858051372,26.07538421883456,10.005600739247665,63.50597424641236,1.0000000000597746,4.982289728954897,6.104876604240417e-10,18.827939400237803,-3.552713678800501e-15
AIDC03,65,8.332855716102744,52.15076843766912,10.005600739247665,63.50597424641236,1.000000008253406,4.982289660446684,2.3727304920839742e-07,41.72418091982868,0.0
AIDC04,65,4.166427858051372,26.07538421883456,10.005600739247665,63.50597424641236,1.0000000000597746,4.982289728954897,6.104876604240417e-10,18.827939400237803,-3.552713678800501e-15
AIDC05,65,10.41606964512843,65.18846054708641,10.005600739247665,63.50597424641236,1.0000001092421409,4.982288591363794,4.223673606418288e-06,53.72540350018011,0.0
AIDC06,65,8.332855716102744,52.15076843766912,10.005600739247665,63.50597424641236,1.000000008253406,4.982289660446684,2.3727304920839742e-07,41.72418091982868,0.0
AIDC07,65,4.166427858051372,26.07538421883456,10.005600739247665,63.50597424641236,1.0000000000597746,4.982289728954897,6.104876604240417e-10,18.827939400237803,-3.552713678800501e-15
AIDC08,65,8.332855716102744,52.15076843766912,10.005600739247665,63.50597424641236,1.000000008253406,4.982289660446684,2.3727304920839742e-07,41.72418091982868,0.0
AIDC09,65,4.166427858051372,26.07538421883456,10.005600739247665,63.50597424641236,1.0000000000597746,4.982289728954897,6.104876604240417e-10,18.827939400237803,-3.552713678800501e-15
AIDC10,65,8.332855716102744,52.15076843766912,10.005600739247665,63.50597424641236,1.000000008253406,4.982289660446684,2.3727304920839742e-07,41.72418091982868,0.0
AIDC11,65,4.166427858051372,26.07538421883456,10.005600739247665,63.50597424641236,1.0000000000597746,4.982289728954897,6.104876604240417e-10,18.827939400237803,-3.552713678800501e-15
AIDC12,65,8.332855716102744,52.15076843766912,10.005600739247665,63.50597424641236,1.000000008253406,4.982289660446684,2.3727304920839742e-07,41.72418091982868,0.0
AIDC01,66,8.332855716102744,52.15076843766912,9.896337433910448,65.64301427350291,1.0000000082907239,4.9822896601373525,2.3788447833794635e-07,41.69324863591093,0.0
AIDC02,66,4.166427858051372,26.07538421883456,9.896337433910448,65.64301427350291,1.0000000000618547,4.982289728946958,6.295834964475944e-10,18.813011571984532,0.0
AIDC03,66,8.332855716102744,52.15076843766912,9.896337433910448,65.64301427350291,1.0000000082907239,4.9822896601373525,2.3788447833794635e-07,41.69324863591093,0.0
AIDC04,66,4.166427858051372,26.07538421883456,9.896337433910448,65.64301427350291,1.0000000000618547,4.982289728946958,6.295834964475944e-10,18.813011571984532,0.0
AIDC05,66,10.41606964512843,65.18846054708641,9.896337433910448,65.64301427350291,1.0000001081071719,4.982288603188154,4.173159936726734e-06,53.68893330207217,0.0
AIDC06,66,8.332855716102744,52.15076843766912,9.896337433910448,65.64301427350291,1.0000000082907239,4.9822896601373525,2.3788447833794635e-07,41.69324863591093,0.0
AIDC07,66,4.166427858051372,26.07538421883456,9.896337433910448,65.64301427350291,1.0000000000618547,4.982289728946958,6.295834964475944e-10,18.813011571984532,0.0
AIDC08,66,8.332855716102744,52.15076843766912,9.896337433910448,65.64301427350291,1.0000000082907239,4.9822896601373525,2.3788447833794635e-07,41.69324863591093,0.0
AIDC09,66,4.166427858051372,26.07538421883456,9.896337433910448,65.64301427350291,1.0000000000618547,4.982289728946958,6.295834964475944e-10,18.813011571984532,0.0
AIDC10,66,8.332855716102744,52.15076843766912,9.896337433910448,65.64301427350291,1.0000000082907239,4.9822896601373525,2.3788447833794635e-07,41.69324863591093,0.0
AIDC11,66,4.166427858051372,26.07538421883456,9.896337433910448,65.64301427350291,1.0000000000618547,4.982289728946958,6.295834964475944e-10,18.813011571984532,0.0
AIDC12,66,8.332855716102744,52.15076843766912,9.896337433910448,65.64301427350291,1.0000000082907239,4.9822896601373525,2.3788447833794635e-07,41.69324863591093,0.0
AIDC01,67,8.332855716102744,52.15076843766912,9.78707412857323,67.78005430059348,1.0000000083282088,4.982289659826723,2.384927171306117e-07,41.66211691407521,0.0
AIDC02,67,4.166427858051372,26.07538421883456,9.78707412857323,67.78005430059348,1.0000000000640066,4.982289728938762,6.492513193734339e-10,18.798008893758023,0.0
AIDC03,67,8.332855716102744,52.15076843766912,9.78707412857323,67.78005430059348,1.0000000083282088,4.982289659826723,2.384927171306117e-07,41.66211691407521,0.0
AIDC04,67,4.166427858051372,26.07538421883456,9.78707412857323,67.78005430059348,1.0000000000640066,4.982289728938762,6.492513193734339e-10,18.798008893758023,0.0
AIDC05,67,10.41606964512843,65.18846054708641,9.78707412857323,67.78005430059348,1.0000001069839912,4.982288614889857,4.1231837073496536e-06,53.65220482623677,0.0
AIDC06,67,8.332855716102744,52.15076843766912,9.78707412857323,67.78005430059348,1.0000000083282088,4.982289659826723,2.384927171306117e-07,41.66211691407521,0.0
AIDC07,67,4.166427858051372,26.07538421883456,9.78707412857323,67.78005430059348,1.0000000000640066,4.982289728938762,6.492513193734339e-10,18.798008893758023,0.0
AIDC08,67,8.332855716102744,52.15076843766912,9.78707412857323,67.78005430059348,1.0000000083282088,4.982289659826723,2.384927171306117e-07,41.66211691407521,0.0
AIDC09,67,4.166427858051372,26.07538421883456,9.78707412857323,67.78005430059348,1.0000000000640066,4.982289728938762,6.492513193734339e-10,18.798008893758023,0.0
AIDC10,67,8.332855716102744,52.15076843766912,9.78707412857323,67.78005430059348,1.0000000083282088,4.982289659826723,2.384927171306117e-07,41.66211691407521,0.0
AIDC11,67,4.166427858051372,26.07538421883456,9.78707412857323,67.78005430059348,1.0000000000640066,4.982289728938762,6.492513193734339e-10,18.798008893758023,0.0
AIDC12,67,8.332855716102744,52.15076843766912,9.78707412857323,67.78005430059348,1.0000000083282088,4.982289659826723,2.384927171306117e-07,41.66211691407521,0.0
AIDC01,68,8.332855716102744,52.15076843766912,9.677810823236015,69.91709432768404,1.0000000083658613,4.982289659514793,2.3909765900498314e-07,41.63078393738688,0.0
AIDC02,68,4.166427858051372,26.07538421883456,9.677810823236015,69.91709432768404,1.0000000000662328,4.982289728930306,6.695017873425968e-10,18.782946946536335,0.0
AIDC03,68,8.332855716102744,52.15076843766912,9.677810823236015,69.91709432768404,1.0000000083658613,4.982289659514793,2.3909765900498314e-07,41.63078393738688,0.0
AIDC04,68,4.166427858051372,26.07538421883456,9.677810823236015,69.91709432768404,1.0000000000662328,4.982289728930306,6.695017873425968e-10,18.782946946536335,0.0
AIDC05,68,10.41606964512843,65.18846054708641,9.677810823236015,69.91709432768404,1.0000001058724763,4.982288626470188,4.073739006571486e-06,53.61521533328698,0.0
AIDC06,68,8.332855716102744,52.15076843766912,9.677810823236015,69.91709432768404,1.0000000083658613,4.982289659514793,2.3909765900498314e-07,41.63078393738688,0.0
AIDC07,68,4.166427858051372,26.07538421883456,9.677810823236015,69.91709432768404,1.0000000000662328,4.982289728930306,6.695017873425968e-10,18.782946946536335,0.0
AIDC08,68,8.332855716102744,52.15076843766912,9.677810823236015,69.91709432768404,1.0000000083658613,4.982289659514793,2.3909765900498314e-07,41.63078393738688,0.0
AIDC09,68,4.166427858051372,26.07538421883456,9.677810823236015,69.91709432768404,1.0000000000662328,4.982289728930306,6.695017873425968e-10,18.782946946536335,0.0
AIDC10,68,8.332855716102744,52.15076843766912,9.677810823236015,69.91709432768404,1.0000000083658613,4.982289659514793,2.3909765900498314e-07,41.63078393738688,0.0
AIDC11,68,4.166427858051372,26.07538421883456,9.677810823236015,69.91709432768404,1.0000000000662328,4.982289728930306,6.695017873425968e-10,18.782946946536335,0.0
AIDC12,68,8.332855716102744,52.15076843766912,9.677810823236015,69.91709432768404,1.0000000083658613,4.982289659514793,2.3909765900498314e-07,41.63078393738688,0.0
AIDC01,69,8.332855716102744,52.15076843766912,9.621651596312603,71.07880178924304,1.0000000083784657,4.982289659410711,2.3921272429561213e-07,41.614600388809976,-7.105427357601002e-15
AIDC02,69,4.166427858051372,26.07538421883456,9.621651596312603,71.07880178924304,1.000000000067352,4.982289728926072,6.79595046904069e-10,18.775173532490108,0.0
AIDC03,69,8.332855716102744,52.15076843766912,9.621651596312603,71.07880178924304,1.0000000083784657,4.982289659410711,2.3921272429561213e-07,41.614600388809976,-7.105427357601002e-15
AIDC04,69,4.166427858051372,26.07538421883456,9.621651596312603,71.07880178924304,1.000000000067352,4.982289728926072,6.79595046904069e-10,18.775173532490108,0.0
AIDC05,69,10.41606964512843,65.18846054708641,9.621651596312603,71.07880178924304,1.0000001052201108,4.9822886332666805,4.045240629579894e-06,53.59610098956583,0.0
AIDC06,69,8.332855716102744,52.15076843766912,9.621651596312603,71.07880178924304,1.0000000083784657,4.982289659410711,2.3921272429561213e-07,41.614600388809976,-7.105427357601002e-15
AIDC07,69,4.166427858051372,26.07538421883456,9.621651596312603,71.07880178924304,1.000000000067352,4.982289728926072,6.79595046904069e-10,18.775173532490108,0.0
AIDC08,69,8.332855716102744,52.15076843766912,9.621651596312603,71.07880178924304,1.0000000083784657,4.982289659410711,2.3921272429561213e-07,41.614600388809976,-7.105427357601002e-15
AIDC09,69,4.166427858051372,26.07538421883456,9.621651596312603,71.07880178924304,1.000000000067352,4.982289728926072,6.79595046904069e-10,18.775173532490108,0.0
AIDC10,69,8.332855716102744,52.15076843766912,9.621651596312603,71.07880178924304,1.0000000083784657,4.982289659410711,2.3921272429561213e-07,41.614600388809976,-7.105427357601002e-15
AIDC11,69,4.166427858051372,26.07538421883456,9.621651596312603,71.07880178924304,1.000000000067352,4.982289728926072,6.79595046904069e-10,18.775173532490108,0.0
AIDC12,69,8.332855716102744,52.15076843766912,9.621651596312603,71.07880178924304,1.0000000083784657,4.982289659410711,2.3921272429561213e-07,41.614600388809976,-7.105427357601002e-15
AIDC01,70,8.332855716102744,52.15076843766912,9.565492369389188,72.24050925080205,1.0000000083910885,4.9822896593065025,2.393265390310262e-07,41.5983629134674,-7.105427357601002e-15
AIDC02,70,4.166427858051372,26.07538421883456,9.565492369389188,72.24050925080205,1.00000000006849,4.98228972892177,6.898339677263721e-10,18.767406559444147,0.0
AIDC03,70,8.332855716102744,52.15076843766912,9.565492369389188,72.24050925080205,1.0000000083910885,4.9822896593065025,2.393265390310262e-07,41.5983629134674,-7.105427357601002e-15
AIDC04,70,4.166427858051372,26.07538421883456,9.565492369389188,72.24050925080205,1.00000000006849,4.98228972892177,6.898339677263721e-10,18.767406559444147,0.0
AIDC05,70,10.41606964512843,65.18846054708641,9.565492369389188,72.24050925080205,1.000000104571764,4.982288640021348,4.016923732308442e-06,53.576916569149844,0.0
AIDC06,70,8.332855716102744,52.15076843766912,9.565492369389188,72.24050925080205,1.0000000083910885,4.9822896593065025,2.393265390310262e-07,41.5983629134674,-7.105427357601002e-15
AIDC07,70,4.166427858051372,26.07538421883456,9.565492369389188,72.24050925080205,1.00000000006849,4.98228972892177,6.898339677263721e-10,18.767406559444147,0.0
AIDC08,70,8.332855716102744,52.15076843766912,9.565492369389188,72.24050925080205,1.0000000083910885,4.9822896593065025,2.393265390310262e-07,41.5983629134674,-7.105427357601002e-15
AIDC09,70,4.166427858051372,26.07538421883456,9.565492369389188,72.24050925080205,1.00000000006849,4.98228972892177,6.898339677263721e-10,18.767406559444147,0.0
AIDC10,70,8.332855716102744,52.15076843766912,9.565492369389188,72.24050925080205,1.0000000083910885,4.9822896593065025,2.393265390310262e-07,41.5983629134674,-7.105427357601002e-15
AIDC11,70,4.166427858051372,26.07538421883456,9.565492369389188,72.24050925080205,1.00000000006849,4.98228972892177,6.898339677263721e-10,18.767406559444147,0.0
AIDC12,70,8.332855716102744,52.15076843766912,9.565492369389188,72.24050925080205,1.0000000083910885,4.9822896593065025,2.393265390310262e-07,41.5983629134674,-7.105427357601002e-15
AIDC01,71,8.332855716102744,52.15076843766912,9.509333142465774,73.40221671236105,1.0000000084037302,4.982289659202163,2.3943908189494323e-07,41.582071502142426,-7.105427357601002e-15
AIDC02,71,4.166427858051372,26.07538421883456,9.509333142465774,73.40221671236105,1.0000000000696474,4.982289728917403,7.002185498095059e-10,18.75962379906882,0.0
AIDC03,71,8.332855716102744,52.15076843766912,9.509333142465774,73.40221671236105,1.0000000084037302,4.982289659202163,2.3943908189494323e-07,41.582071502142426,-7.105427357601002e-15
AIDC04,71,4.166427858051372,26.07538421883456,9.509333142465774,73.40221671236105,1.0000000000696474,4.982289728917403,7.002185498095059e-10,18.75962379906882,0.0
AIDC05,71,10.41606964512843,65.18846054708641,9.509333142465774,73.40221671236105,1.0000001039274111,4.982288646734453,3.9887871707833256e-06,53.557661704682246,0.0
AIDC06,71,8.332855716102744,52.15076843766912,9.509333142465774,73.40221671236105,1.0000000084037302,4.982289659202163,2.3943908189494323e-07,41.582071502142426,-7.105427357601002e-15
AIDC07,71,4.166427858051372,26.07538421883456,9.509333142465774,73.40221671236105,1.0000000000696474,4.982289728917403,7.002185498095059e-10,18.75962379906882,0.0
AIDC08,71,8.332855716102744,52.15076843766912,9.509333142465774,73.40221671236105,1.0000000084037302,4.982289659202163,2.3943908189494323e-07,41.582071502142426,-7.105427357601002e-15
AIDC09,71,4.166427858051372,26.07538421883456,9.509333142465774,73.40221671236105,1.0000000000696474,4.982289728917403,7.002185498095059e-10,18.75962379906882,0.0
AIDC10,71,8.332855716102744,52.15076843766912,9.509333142465774,73.40221671236105,1.0000000084037302,4.982289659202163,2.3943908189494323e-07,41.582071502142426,-7.105427357601002e-15
AIDC11,71,4.166427858051372,26.07538421883456,9.509333142465774,73.40221671236105,1.0000000000696474,4.982289728917403,7.002185498095059e-10,18.75962379906882,0.0
AIDC12,71,8.332855716102744,52.15076843766912,9.509333142465774,73.40221671236105,1.0000000084037302,4.982289659202163,2.3943908189494323e-07,41.582071502142426,-7.105427357601002e-15
AIDC01,72,8.332855716102744,52.15076843766912,9.453173915542362,74.56392417392006,1.00000000841639,4.982289659097697,2.395503315710812e-07,41.565725515941,-7.105427357601002e-15
AIDC02,72,4.166427858051372,26.07538421883456,9.453173915542362,74.56392417392006,1.000000000070824,4.982289728912968,7.107523458671494e-10,18.751818858464027,0.0
AIDC03,72,8.332855716102744,52.15076843766912,9.453173915542362,74.56392417392006,1.00000000841639,4.982289659097697,2.395503315710812e-07,41.565725515941,-7.105427357601002e-15
AIDC04,72,4.166427858051372,26.07538421883456,9.453173915542362,74.56392417392006,1.000000000070824,4.982289728912968,7.107523458671494e-10,18.751818858464027,0.0
AIDC05,72,10.41606964512843,65.18846054708641,9.453173915542362,74.56392417392006,1.0000001032870276,4.982288653406258,3.960829801030741e-06,53.53833599922288,0.0
AIDC06,72,8.332855716102744,52.15076843766912,9.453173915542362,74.56392417392006,1.00000000841639,4.982289659097697,2.395503315710812e-07,41.565725515941,-7.105427357601002e-15
AIDC07,72,4.166427858051372,26.07538421883456,9.453173915542362,74.56392417392006,1.000000000070824,4.982289728912968,7.107523458671494e-10,18.751818858464027,0.0
AIDC08,72,8.332855716102744,52.15076843766912,9.453173915542362,74.56392417392006,1.00000000841639,4.982289659097697,2.395503315710812e-07,41.565725515941,-7.105427357601002e-15
AIDC09,72,4.166427858051372,26.07538421883456,9.453173915542362,74.56392417392006,1.000000000070824,4.982289728912968,7.107523458671494e-10,18.751818858464027,0.0
AIDC10,72,8.332855716102744,52.15076843766912,9.453173915542362,74.56392417392006,1.00000000841639,4.982289659097697,2.395503315710812e-07,41.565725515941,-7.105427357601002e-15
AIDC11,72,4.166427858051372,26.07538421883456,9.453173915542362,74.56392417392006,1.000000000070824,4.982289728912968,7.107523458671494e-10,18.751818858464027,0.0
AIDC12,72,8.332855716102744,52.15076843766912,9.453173915542362,74.56392417392006,1.00000000841639,4.982289659097697,2.395503315710812e-07,41.565725515941,-7.105427357601002e-15
AIDC01,73,8.332855716102744,52.15076843766912,9.428299264030809,75.63251495087556,1.0000000083623042,4.982289659548579,2.3790079950458676e-07,41.5584679811342,0.0
AIDC02,73,4.166427858051372,26.07538421883456,9.428299264030809,75.63251495087556,1.0000000000708456,4.982289728912978,7.103935217855906e-10,18.74834778090834,0.0
AIDC03,73,8.332855716102744,52.15076843766912,9.428299264030809,75.63251495087556,1.0000000083623042,4.982289659548579,2.3790079950458676e-07,41.5584679811342,0.0
AIDC04,73,4.166427858051372,26.07538421883456,9.428299264030809,75.63251495087556,1.0000000000708456,4.982289728912978,7.103935217855906e-10,18.74834778090834,0.0
AIDC05,73,10.41606964512843,65.18846054708641,9.428299264030809,75.63251495087556,1.0000001022744975,4.9822886639531045,3.920514686228671e-06,53.52975335797895,0.0
AIDC06,73,8.332855716102744,52.15076843766912,9.428299264030809,75.63251495087556,1.0000000083623042,4.982289659548579,2.3790079950458676e-07,41.5584679811342,0.0
AIDC07,73,4.166427858051372,26.07538421883456,9.428299264030809,75.63251495087556,1.0000000000708456,4.982289728912978,7.103935217855906e-10,18.74834778090834,0.0
AIDC08,73,8.332855716102744,52.15076843766912,9.428299264030809,75.63251495087556,1.0000000083623042,4.982289659548579,2.3790079950458676e-07,41.5584679811342,0.0
AIDC09,73,4.166427858051372,26.07538421883456,9.428299264030809,75.63251495087556,1.0000000000708456,4.982289728912978,7.103935217855906e-10,18.74834778090834,0.0
AIDC10,73,8.332855716102744,52.15076843766912,9.428299264030809,75.63251495087556,1.0000000083623042,4.982289659548579,2.3790079950458676e-07,41.5584679811342,0.0
AIDC11,73,4.166427858051372,26.07538421883456,9.428299264030809,75.63251495087556,1.0000000000708456,4.982289728912978,7.103935217855906e-10,18.74834778090834,0.0
AIDC12,73,8.332855716102744,52.15076843766912,9.428299264030809,75.63251495087556,1.0000000083623042,4.982289659548579,2.3790079950458676e-07,41.5584679811342,0.0
AIDC01,74,8.332855716102744,52.15076843766912,9.403424612519254,76.70110572783108,1.0000000083085656,4.982289659996567,2.362623661156249e-07,41.551199594543235,0.0
AIDC02,74,4.166427858051372,26.07538421883456,9.403424612519254,76.70110572783108,1.0000000000708675,4.982289728912982,7.100382504177105e-10,18.744905043714965,0.0
AIDC03,74,8.332855716102744,52.15076843766912,9.403424612519254,76.70110572783108,1.0000000083085656,4.982289659996567,2.362623661156249e-07,41.551199594543235,0.0
AIDC04,74,4.166427858051372,26.07538421883456,9.403424612519254,76.70110572783108,1.0000000000708675,4.982289728912982,7.100382504177105e-10,18.744905043714965,0.0
AIDC05,74,10.41606964512843,65.18846054708641,9.403424612519254,76.70110572783108,1.000000101271893,4.982288674396566,3.8806064281970976e-06,53.52115670564021,0.0
AIDC06,74,8.332855716102744,52.15076843766912,9.403424612519254,76.70110572783108,1.0000000083085656,4.982289659996567,2.362623661156249e-07,41.551199594543235,0.0
AIDC07,74,4.166427858051372,26.07538421883456,9.403424612519254,76.70110572783108,1.0000000000708675,4.982289728912982,7.100382504177105e-10,18.744905043714965,0.0
AIDC08,74,8.332855716102744,52.15076843766912,9.403424612519254,76.70110572783108,1.0000000083085656,4.982289659996567,2.362623661156249e-07,41.551199594543235,0.0
AIDC09,74,4.166427858051372,26.07538421883456,9.403424612519254,76.70110572783108,1.0000000000708675,4.982289728912982,7.100382504177105e-10,18.744905043714965,0.0
AIDC10,74,8.332855716102744,52.15076843766912,9.403424612519254,76.70110572783108,1.0000000083085656,4.982289659996567,2.362623661156249e-07,41.551199594543235,0.0
AIDC11,74,4.166427858051372,26.07538421883456,9.403424612519254,76.70110572783108,1.0000000000708675,4.982289728912982,7.100382504177105e-10,18.744905043714965,0.0
AIDC12,74,8.332855716102744,52.15076843766912,9.403424612519254,76.70110572783108,1.0000000083085656,4.982289659996567,2.362623661156249e-07,41.551199594543235,0.0
AIDC01,75,8.332855716102744,52.15076843766912,9.3785499610077,77.76969650478658,1.0000000082551723,4.982289660441678,2.3463494613906732e-07,41.543920467390095,0.0
AIDC02,75,4.166427858051372,26.07538421883456,9.3785499610077,77.76969650478658,1.000000000070889,4.982289728912992,7.096758736224729e-10,18.74143069281989,0.0
AIDC03,75,8.332855716102744,52.15076843766912,9.3785499610077,77.76969650478658,1.0000000082551723,4.982289660441678,2.3463494613906732e-07,41.543920467390095,0.0
AIDC04,75,4.166427858051372,26.07538421883456,9.3785499610077,77.76969650478658,1.000000000070889,4.982289728912992,7.096758736224729e-10,18.74143069281989,0.0
AIDC05,75,10.41606964512843,65.18846054708641,9.3785499610077,77.76969650478658,1.000000100279117,4.9822886847376555,3.84110094131529e-06,53.51254601021459,0.0
AIDC06,75,8.332855716102744,52.15076843766912,9.3785499610077,77.76969650478658,1.0000000082551723,4.982289660441678,2.3463494613906732e-07,41.543920467390095,0.0
AIDC07,75,4.166427858051372,26.07538421883456,9.3785499610077,77.76969650478658,1.000000000070889,4.982289728912992,7.096758736224729e-10,18.74143069281989,0.0
AIDC08,75,8.332855716102744,52.15076843766912,9.3785499610077,77.76969650478658,1.0000000082551723,4.982289660441678,2.3463494613906732e-07,41.543920467390095,0.0
AIDC09,75,4.166427858051372,26.07538421883456,9.3785499610077,77.76969650478658,1.000000000070889,4.982289728912992,7.096758736224729e-10,18.74143069281989,0.0
AIDC10,75,8.332855716102744,52.15076843766912,9.3785499610077,77.76969650478658,1.0000000082551723,4.982289660441678,2.3463494613906732e-07,41.543920467390095,0.0
AIDC11,75,4.166427858051372,26.07538421883456,9.3785499610077,77.76969650478658,1.000000000070889,4.982289728912992,7.096758736224729e-10,18.74143069281989,0.0
AIDC12,75,8.332855716102744,52.15076843766912,9.3785499610077,77.76969650478658,1.0000000082551723,4.982289660441678,2.3463494613906732e-07,41.543920467390095,0.0
AIDC01,76,8.332855716102744,52.15076843766912,9.353675309496147,78.83828728174208,1.000000008202122,4.982289660883932,2.3301848983692253e-07,41.53663057670525,-7.105427357601002e-15
AIDC02,76,4.166427858051372,26.07538421883456,9.353675309496147,78.83828728174208,1.0000000000709106,4.982289728913002,7.09317049540914e-10,18.7379547103752,0.0
AIDC03,76,8.332855716102744,52.15076843766912,9.353675309496147,78.83828728174208,1.000000008202122,4.982289660883932,2.3301848983692253e-07,41.53663057670525,-7.105427357601002e-15
AIDC04,76,4.166427858051372,26.07538421883456,9.353675309496147,78.83828728174208,1.0000000000709106,4.982289728913002,7.09317049540914e-10,18.7379547103752,0.0
AIDC05,76,10.41606964512843,65.18846054708641,9.353675309496147,78.83828728174208,1.000000099296073,4.982288694977379,3.801994203911363e-06,53.50392123652905,0.0
AIDC06,76,8.332855716102744,52.15076843766912,9.353675309496147,78.83828728174208,1.000000008202122,4.982289660883932,2.3301848983692253e-07,41.53663057670525,-7.105427357601002e-15
AIDC07,76,4.166427858051372,26.07538421883456,9.353675309496147,78.83828728174208,1.0000000000709106,4.982289728913002,7.09317049540914e-10,18.7379547103752,0.0
AIDC08,76,8.332855716102744,52.15076843766912,9.353675309496147,78.83828728174208,1.000000008202122,4.982289660883932,2.3301848983692253e-07,41.53663057670525,-7.105427357601002e-15
AIDC09,76,4.166427858051372,26.07538421883456,9.353675309496147,78.83828728174208,1.0000000000709106,4.982289728913002,7.09317049540914e-10,18.7379547103752,0.0
AIDC10,76,8.332855716102744,52.15076843766912,9.353675309496147,78.83828728174208,1.000000008202122,4.982289660883932,2.3301848983692253e-07,41.53663057670525,-7.105427357601002e-15
AIDC11,76,4.166427858051372,26.07538421883456,9.353675309496147,78.83828728174208,1.0000000000709106,4.982289728913002,7.09317049540914e-10,18.7379547103752,0.0
AIDC12,76,8.332855716102744,52.15076843766912,9.353675309496147,78.83828728174208,1.000000008202122,4.982289660883932,2.3301848983692253e-07,41.53663057670525,-7.105427357601002e-15
AIDC01,77,8.332855716102744,52.15076843766912,9.347399489285198,79.4671937059923,1.0000000081511005,4.982289661308958,2.3154171202577345e-07,41.53478972485047,0.0
AIDC02,77,4.166427858051372,26.07538421883456,9.347399489285198,79.4671937059923,1.0000000000705898,4.982289728914289,7.059632878281263e-10,18.737085779613608,0.0
AIDC03,77,8.332855716102744,52.15076843766912,9.347399489285198,79.4671937059923,1.0000000081511005,4.982289661308958,2.3154171202577345e-07,41.53478972485047,0.0
AIDC04,77,4.166427858051372,26.07538421883456,9.347399489285198,79.4671937059923,1.0000000000705898,4.982289728914289,7.059632878281263e-10,18.737085779613608,0.0
AIDC05,77,10.41606964512843,65.18846054708641,9.347399489285198,79.4671937059923,1.0000000985936761,4.982288702293385,3.77473556767427e-06,53.50174302772106,0.0
AIDC06,77,8.332855716102744,52.15076843766912,9.347399489285198,79.4671937059923,1.0000000081511005,4.982289661308958,2.3154171202577345e-07,41.53478972485047,0.0
AIDC07,77,4.166427858051372,26.07538421883456,9.347399489285198,79.4671937059923,1.0000000000705898,4.982289728914289,7.059632878281263e-10,18.737085779613608,0.0
AIDC08,77,8.332855716102744,52.15076843766912,9.347399489285198,79.4671937059923,1.0000000081511005,4.982289661308958,2.3154171202577345e-07,41.53478972485047,0.0
AIDC09,77,4.166427858051372,26.07538421883456,9.347399489285198,79.4671937059923,1.0000000000705898,4.982289728914289,7.059632878281263e-10,18.737085779613608,0.0
AIDC10,77,8.332855716102744,52.15076843766912,9.347399489285198,79.4671937059923,1.0000000081511005,4.982289661308958,2.3154171202577345e-07,41.53478972485047,0.0
AIDC11,77,4.166427858051372,26.07538421883456,9.347399489285198,79.4671937059923,1.0000000000705898,4.982289728914289,7.059632878281263e-10,18.737085779613608,0.0
AIDC12,77,8.332855716102744,52.15076843766912,9.347399489285198,79.4671937059923,1.0000000081511005,4.982289661308958,2.3154171202577345e-07,41.53478972485047,0.0
AIDC01,78,8.332855716102744,52.15076843766912,9.341123669074252,80.09610013024252,1.000000008100396,4.982289661731343,2.3007428495702698e-07,41.53294800921074,0.0
AIDC02,78,4.166427858051372,26.07538421883456,9.341123669074252,80.09610013024252,1.00000000007027,4.982289728915569,7.026166315426963e-10,18.736193437535782,0.0
AIDC03,78,8.332855716102744,52.15076843766912,9.341123669074252,80.09610013024252,1.000000008100396,4.982289661731343,2.3007428495702698e-07,41.53294800921074,0.0
AIDC04,78,4.166427858051372,26.07538421883456,9.341123669074252,80.09610013024252,1.00000000007027,4.982289728915569,7.026166315426963e-10,18.736193437535782,0.0
AIDC05,78,10.41606964512843,65.18846054708641,9.341123669074252,80.09610013024252,1.0000000978962478,4.982288709557638,3.747672153053827e-06,53.49956391516396,0.0
AIDC06,78,8.332855716102744,52.15076843766912,9.341123669074252,80.09610013024252,1.000000008100396,4.982289661731343,2.3007428495702698e-07,41.53294800921074,0.0
AIDC07,78,4.166427858051372,26.07538421883456,9.341123669074252,80.09610013024252,1.00000000007027,4.982289728915569,7.026166315426963e-10,18.736193437535782,0.0
AIDC08,78,8.332855716102744,52.15076843766912,9.341123669074252,80.09610013024252,1.000000008100396,4.982289661731343,2.3007428495702698e-07,41.53294800921074,0.0
AIDC09,78,4.166427858051372,26.07538421883456,9.341123669074252,80.09610013024252,1.00000000007027,4.982289728915569,7.026166315426963e-10,18.736193437535782,0.0
AIDC10,78,8.332855716102744,52.15076843766912,9.341123669074252,80.09610013024252,1.000000008100396,4.982289661731343,2.3007428495702698e-07,41.53294800921074,0.0
AIDC11,78,4.166427858051372,26.07538421883456,9.341123669074252,80.09610013024252,1.00000000007027,4.982289728915569,7.026166315426963e-10,18.736193437535782,0.0
AIDC12,78,8.332855716102744,52.15076843766912,9.341123669074252,80.09610013024252,1.000000008100396,4.982289661731343,2.3007428495702698e-07,41.53294800921074,0.0
AIDC01,79,8.332855716102744,52.15076843766912,9.334847848863305,80.72500655449274,1.0000000080500069,4.982289662151096,2.2861613047098217e-07,41.53110567650742,-7.105427357601002e-15
AIDC02,79,4.166427858051372,26.07538421883456,9.334847848863305,80.72500655449274,1.0000000000699523,4.982289728916843,6.992948442530178e-10,18.735338785244586,0.0
AIDC03,79,8.332855716102744,52.15076843766912,9.334847848863305,80.72500655449274,1.0000000080500069,4.982289662151096,2.2861613047098217e-07,41.53110567650742,-7.105427357601002e-15
AIDC04,79,4.166427858051372,26.07538421883456,9.334847848863305,80.72500655449274,1.0000000000699523,4.982289728916843,6.992948442530178e-10,18.735338785244586,0.0
AIDC05,79,10.41606964512843,65.18846054708641,9.334847848863305,80.72500655449274,1.000000097203753,4.982288716770505,3.720802567386272e-06,53.49738391229364,0.0
AIDC06,79,8.332855716102744,52.15076843766912,9.334847848863305,80.72500655449274,1.0000000080500069,4.982289662151096,2.2861613047098217e-07,41.53110567650742,-7.105427357601002e-15
AIDC07,79,4.166427858051372,26.07538421883456,9.334847848863305,80.72500655449274,1.0000000000699523,4.982289728916843,6.992948442530178e-10,18.735338785244586,0.0
AIDC08,79,8.332855716102744,52.15076843766912,9.334847848863305,80.72500655449274,1.0000000080500069,4.982289662151096,2.2861613047098217e-07,41.53110567650742,-7.105427357601002e-15
AIDC09,79,4.166427858051372,26.07538421883456,9.334847848863305,80.72500655449274,1.0000000000699523,4.982289728916843,6.992948442530178e-10,18.735338785244586,0.0
AIDC10,79,8.332855716102744,52.15076843766912,9.334847848863305,80.72500655449274,1.0000000080500069,4.982289662151096,2.2861613047098217e-07,41.53110567650742,-7.105427357601002e-15
AIDC11,79,4.166427858051372,26.07538421883456,9.334847848863305,80.72500655449274,1.0000000000699523,4.982289728916843,6.992948442530178e-10,18.735338785244586,0.0
AIDC12,79,8.332855716102744,52.15076843766912,9.334847848863305,80.72500655449274,1.0000000080500069,4.982289662151096,2.2861613047098217e-07,41.53110567650742,-7.105427357601002e-15
AIDC01,80,8.332855716102744,52.15076843766912,9.328572028652356,81.35391297874295,1.0000000079999314,4.98228966256824,2.2716721304050225e-07,41.52926270589573,0.0
AIDC02,80,4.166427858051372,26.07538421883456,9.328572028652356,81.35391297874295,1.0000000000696354,4.982289728918114,6.959872678180545e-10,18.734446218027117,0.0
AIDC03,80,8.332855716102744,52.15076843766912,9.328572028652356,81.35391297874295,1.0000000079999314,4.98228966256824,2.2716721304050225e-07,41.52926270589573,0.0
AIDC04,80,4.166427858051372,26.07538421883456,9.328572028652356,81.35391297874295,1.0000000000696354,4.982289728918114,6.959872678180545e-10,18.734446218027117,0.0
AIDC05,80,10.41606964512843,65.18846054708641,9.328572028652356,81.35391297874295,1.0000000965161564,4.982288723932351,3.6941253824807063e-06,53.495202987422914,0.0
AIDC06,80,8.332855716102744,52.15076843766912,9.328572028652356,81.35391297874295,1.0000000079999314,4.98228966256824,2.2716721304050225e-07,41.52926270589573,0.0
AIDC07,80,4.166427858051372,26.07538421883456,9.328572028652356,81.35391297874295,1.0000000000696354,4.982289728918114,6.959872678180545e-10,18.734446218027117,0.0
AIDC08,80,8.332855716102744,52.15076843766912,9.328572028652356,81.35391297874295,1.0000000079999314,4.98228966256824,2.2716721304050225e-07,41.52926270589573,0.0
AIDC09,80,4.166427858051372,26.07538421883456,9.328572028652356,81.35391297874295,1.0000000000696354,4.982289728918114,6.959872678180545e-10,18.734446218027117,0.0
AIDC10,80,8.332855716102744,52.15076843766912,9.328572028652356,81.35391297874295,1.0000000079999314,4.98228966256824,2.2716721304050225e-07,41.52926270589573,0.0
AIDC11,80,4.166427858051372,26.07538421883456,9.328572028652356,81.35391297874295,1.0000000000696354,4.982289728918114,6.959872678180545e-10,18.734446218027117,0.0
AIDC12,80,8.332855716102744,52.15076843766912,9.328572028652356,81.35391297874295,1.0000000079999314,4.98228966256824,2.2716721304050225e-07,41.52926270589573,0.0
AIDC01,81,8.332855716102744,52.15076843766912,9.251279999379353,82.17866011672889,1.0000000080965974,4.982289661764609,2.2957701162340527e-07,41.5065077470348,-7.105427357601002e-15
AIDC02,81,4.166427858051372,26.07538421883456,9.251279999379353,82.17866011672889,1.0000000000719709,4.982289728909227,7.174953964295128e-10,18.723637752380903,-3.552713678800501e-15
AIDC03,81,8.332855716102744,52.15076843766912,9.251279999379353,82.17866011672889,1.0000000080965974,4.982289661764609,2.2957701162340527e-07,41.5065077470348,-7.105427357601002e-15
AIDC04,81,4.166427858051372,26.07538421883456,9.251279999379353,82.17866011672889,1.0000000000719709,4.982289728909227,7.174953964295128e-10,18.723637752380903,-3.552713678800501e-15
AIDC05,81,10.41606964512843,65.18846054708641,9.251279999379353,82.17866011672889,1.0000000966545306,4.982288722493816,3.695002646963985e-06,53.46826871808531,0.0
AIDC06,81,8.332855716102744,52.15076843766912,9.251279999379353,82.17866011672889,1.0000000080965974,4.982289661764609,2.2957701162340527e-07,41.5065077470348,-7.105427357601002e-15
AIDC07,81,4.166427858051372,26.07538421883456,9.251279999379353,82.17866011672889,1.0000000000719709,4.982289728909227,7.174953964295128e-10,18.723637752380903,-3.552713678800501e-15
AIDC08,81,8.332855716102744,52.15076843766912,9.251279999379353,82.17866011672889,1.0000000080965974,4.982289661764609,2.2957701162340527e-07,41.5065077470348,-7.105427357601002e-15
AIDC09,81,4.166427858051372,26.07538421883456,9.251279999379353,82.17866011672889,1.0000000000719709,4.982289728909227,7.174953964295128e-10,18.723637752380903,-3.552713678800501e-15
AIDC10,81,8.332855716102744,52.15076843766912,9.251279999379353,82.17866011672889,1.0000000080965974,4.982289661764609,2.2957701162340527e-07,41.5065077470348,-7.105427357601002e-15
AIDC11,81,4.166427858051372,26.07538421883456,9.251279999379353,82.17866011672889,1.0000000000719709,4.982289728909227,7.174953964295128e-10,18.723637752380903,-3.552713678800501e-15
AIDC12,81,8.332855716102744,52.15076843766912,9.251279999379353,82.17866011672889,1.0000000080965974,4.982289661764609,2.2957701162340527e-07,41.5065077470348,-7.105427357601002e-15
AIDC01,82,8.332855716102744,52.15076843766912,9.173987970106351,83.00340725471483,1.0000000081944307,4.982289660951338,2.3200982468551956e-07,41.48364769301719,0.0
AIDC02,82,4.166427858051372,26.07538421883456,9.173987970106351,83.00340725471483,1.0000000000743845,4.982289728900059,7.396643297852279e-10,18.712807593872924,0.0
AIDC03,82,8.332855716102744,52.15076843766912,9.173987970106351,83.00340725471483,1.0000000081944307,4.982289660951338,2.3200982468551956e-07,41.48364769301719,0.0
AIDC04,82,4.166427858051372,26.07538421883456,9.173987970106351,83.00340725471483,1.0000000000743845,4.982289728900059,7.396643297852279e-10,18.712807593872924,0.0
AIDC05,82,10.41606964512843,65.18846054708641,9.173987970106351,83.00340725471483,1.0000000967931009,4.982288721053372,3.695847247797701e-06,53.441196833160134,0.0
AIDC06,82,8.332855716102744,52.15076843766912,9.173987970106351,83.00340725471483,1.0000000081944307,4.982289660951338,2.3200982468551956e-07,41.48364769301719,0.0
AIDC07,82,4.166427858051372,26.07538421883456,9.173987970106351,83.00340725471483,1.0000000000743845,4.982289728900059,7.396643297852279e-10,18.712807593872924,0.0
AIDC08,82,8.332855716102744,52.15076843766912,9.173987970106351,83.00340725471483,1.0000000081944307,4.982289660951338,2.3200982468551956e-07,41.48364769301719,0.0
AIDC09,82,4.166427858051372,26.07538421883456,9.173987970106351,83.00340725471483,1.0000000000743845,4.982289728900059,7.396643297852279e-10,18.712807593872924,0.0
AIDC10,82,8.332855716102744,52.15076843766912,9.173987970106351,83.00340725471483,1.0000000081944307,4.982289660951338,2.3200982468551956e-07,41.48364769301719,0.0
AIDC11,82,4.166427858051372,26.07538421883456,9.173987970106351,83.00340725471483,1.0000000000743845,4.982289728900059,7.396643297852279e-10,18.712807593872924,0.0
AIDC12,82,8.332855716102744,52.15076843766912,9.173987970106351,83.00340725471483,1.0000000081944307,4.982289660951338,2.3200982468551956e-07,41.48364769301719,0.0
AIDC01,83,8.332855716102744,52.15076843766912,9.09669594083335,83.82815439270077,1.0000000082934446,4.98228966012833,2.34465808546247e-07,41.46068143902599,0.0
AIDC02,83,4.166427858051372,26.07538421883456,9.09669594083335,83.82815439270077,1.0000000000768787,4.982289728890601,7.624940678851999e-10,18.701945474745045,-3.552713678800501e-15
AIDC03,83,8.332855716102744,52.15076843766912,9.09669594083335,83.82815439270077,1.0000000082934446,4.98228966012833,2.34465808546247e-07,41.46068143902599,0.0
AIDC04,83,4.166427858051372,26.07538421883456,9.09669594083335,83.82815439270077,1.0000000000768787,4.982289728890601,7.624940678851999e-10,18.701945474745045,-3.552713678800501e-15
AIDC05,83,10.41606964512843,65.18846054708641,9.09669594083335,83.82815439270077,1.0000000969318672,4.982288719611024,3.696658744445358e-06,53.413986276784144,0.0
AIDC06,83,8.332855716102744,52.15076843766912,9.09669594083335,83.82815439270077,1.0000000082934446,4.98228966012833,2.34465808546247e-07,41.46068143902599,0.0
AIDC07,83,4.166427858051372,26.07538421883456,9.09669594083335,83.82815439270077,1.0000000000768787,4.982289728890601,7.624940678851999e-10,18.701945474745045,-3.552713678800501e-15
AIDC08,83,8.332855716102744,52.15076843766912,9.09669594083335,83.82815439270077,1.0000000082934446,4.98228966012833,2.34465808546247e-07,41.46068143902599,0.0
AIDC09,83,4.166427858051372,26.07538421883456,9.09669594083335,83.82815439270077,1.0000000000768787,4.982289728890601,7.624940678851999e-10,18.701945474745045,-3.552713678800501e-15
AIDC10,83,8.332855716102744,52.15076843766912,9.09669594083335,83.82815439270077,1.0000000082934446,4.98228966012833,2.34465808546247e-07,41.46068143902599,0.0
AIDC11,83,4.166427858051372,26.07538421883456,9.09669594083335,83.82815439270077,1.0000000000768787,4.982289728890601,7.624940678851999e-10,18.701945474745045,-3.552713678800501e-15
AIDC12,83,8.332855716102744,52.15076843766912,9.09669594083335,83.82815439270077,1.0000000082934446,4.98228966012833,2.34465808546247e-07,41.46068143902599,0.0
AIDC01,84,8.332855716102744,52.15076843766912,9.019403911560346,84.6529015306867,1.0000000083936538,4.982289659295459,2.3694512663041678e-07,41.43760856716307,0.0
AIDC02,84,4.166427858051372,26.07538421883456,9.019403911560346,84.6529015306867,1.0000000000794562,4.982289728880846,7.86016585152538e-10,18.69105065013057,-3.552713678800501e-15
AIDC03,84,8.332855716102744,52.15076843766912,9.019403911560346,84.6529015306867,1.0000000083936538,4.982289659295459,2.3694512663041678e-07,41.43760856716307,0.0
AIDC04,84,4.166427858051372,26.07538421883456,9.019403911560346,84.6529015306867,1.0000000000794562,4.982289728880846,7.86016585152538e-10,18.69105065013057,-3.552713678800501e-15
AIDC05,84,10.41606964512843,65.18846054708641,9.019403911560346,84.6529015306867,1.0000000970708298,4.982288718166771,3.6974367532138785e-06,53.38663599457833,0.0
AIDC06,84,8.332855716102744,52.15076843766912,9.019403911560346,84.6529015306867,1.0000000083936538,4.982289659295459,2.3694512663041678e-07,41.43760856716307,0.0
AIDC07,84,4.166427858051372,26.07538421883456,9.019403911560346,84.6529015306867,1.0000000000794562,4.982289728880846,7.86016585152538e-10,18.69105065013057,-3.552713678800501e-15
AIDC08,84,8.332855716102744,52.15076843766912,9.019403911560346,84.6529015306867,1.0000000083936538,4.982289659295459,2.3694512663041678e-07,41.43760856716307,0.0
AIDC09,84,4.166427858051372,26.07538421883456,9.019403911560346,84.6529015306867,1.0000000000794562,4.982289728880846,7.86016585152538e-10,18.69105065013057,-3.552713678800501e-15
AIDC10,84,8.332855716102744,52.15076843766912,9.019403911560346,84.6529015306867,1.0000000083936538,4.982289659295459,2.3694512663041678e-07,41.43760856716307,0.0
AIDC11,84,4.166427858051372,26.07538421883456,9.019403911560346,84.6529015306867,1.0000000000794562,4.982289728880846,7.86016585152538e-10,18.69105065013057,-3.552713678800501e-15
AIDC12,84,8.332855716102744,52.15076843766912,9.019403911560346,84.6529015306867,1.0000000083936538,4.982289659295459,2.3694512663041678e-07,41.43760856716307,0.0
AIDC01,85,8.332855716102744,52.15076843766912,8.954449314585574,85.1499030969496,1.0000000085001775,4.9822896584098295,2.396494878098565e-07,41.41813545641216,0.0
AIDC02,85,4.166427858051372,26.07538421883456,8.954449314585574,85.1499030969496,1.000000000081895,4.982289728871602,8.08366706905872e-10,18.681886997026147,-3.552713678800501e-15
AIDC03,85,8.332855716102744,52.15076843766912,8.954449314585574,85.1499030969496,1.0000000085001775,4.9822896584098295,2.396494878098565e-07,41.41813545641216,0.0
AIDC04,85,4.166427858051372,26.07538421883456,8.954449314585574,85.1499030969496,1.000000000081895,4.982289728871602,8.08366706905872e-10,18.681886997026147,-3.552713678800501e-15
AIDC05,85,10.41606964512843,65.18846054708641,8.954449314585574,85.1499030969496,1.0000000974327787,4.982288714399672,3.7073873855320016e-06,53.363542572339014,0.0
AIDC06,85,8.332855716102744,52.15076843766912,8.954449314585574,85.1499030969496,1.0000000085001775,4.9822896584098295,2.396494878098565e-07,41.41813545641216,0.0
AIDC07,85,4.166427858051372,26.07538421883456,8.954449314585574,85.1499030969496,1.000000000081895,4.982289728871602,8.08366706905872e-10,18.681886997026147,-3.552713678800501e-15
AIDC08,85,8.332855716102744,52.15076843766912,8.954449314585574,85.1499030969496,1.0000000085001775,4.9822896584098295,2.396494878098565e-07,41.41813545641216,0.0
AIDC09,85,4.166427858051372,26.07538421883456,8.954449314585574,85.1499030969496,1.000000000081895,4.982289728871602,8.08366706905872e-10,18.681886997026147,-3.552713678800501e-15
AIDC10,85,8.332855716102744,52.15076843766912,8.954449314585574,85.1499030969496,1.0000000085001775,4.9822896584098295,2.396494878098565e-07,41.41813545641216,0.0
AIDC11,85,4.166427858051372,26.07538421883456,8.954449314585574,85.1499030969496,1.000000000081895,4.982289728871602,8.08366706905872e-10,18.681886997026147,-3.552713678800501e-15
AIDC12,85,8.332855716102744,52.15076843766912,8.954449314585574,85.1499030969496,1.0000000085001775,4.9822896584098295,2.396494878098565e-07,41.41813545641216,0.0
AIDC01,86,8.332855716102744,52.15076843766912,8.8894947176108,85.64690466321248,1.0000000086080523,4.98228965751303,2.423827609732143e-07,41.39858621733528,0.0
AIDC02,86,4.166427858051372,26.07538421883456,8.8894947176108,85.64690466321248,1.000000000084408,4.982289728862091,8.313350008393172e-10,18.672689643232374,0.0
AIDC03,86,8.332855716102744,52.15076843766912,8.8894947176108,85.64690466321248,1.0000000086080523,4.98228965751303,2.423827609732143e-07,41.39858621733528,0.0
AIDC04,86,4.166427858051372,26.07538421883456,8.8894947176108,85.64690466321248,1.000000000084408,4.982289728862091,8.313350008393172e-10,18.672689643232374,0.0
AIDC05,86,10.41606964512843,65.18846054708641,8.8894947176108,85.64690466321248,1.000000097796075,4.982288710618663,3.71734036974658e-06,53.34034906850238,0.0
AIDC06,86,8.332855716102744,52.15076843766912,8.8894947176108,85.64690466321248,1.0000000086080523,4.98228965751303,2.423827609732143e-07,41.39858621733528,0.0
AIDC07,86,4.166427858051372,26.07538421883456,8.8894947176108,85.64690466321248,1.000000000084408,4.982289728862091,8.313350008393172e-10,18.672689643232374,0.0
AIDC08,86,8.332855716102744,52.15076843766912,8.8894947176108,85.64690466321248,1.0000000086080523,4.98228965751303,2.423827609732143e-07,41.39858621733528,0.0
AIDC09,86,4.166427858051372,26.07538421883456,8.8894947176108,85.64690466321248,1.000000000084408,4.982289728862091,8.313350008393172e-10,18.672689643232374,0.0
AIDC10,86,8.332855716102744,52.15076843766912,8.8894947176108,85.64690466321248,1.0000000086080523,4.98228965751303,2.423827609732143e-07,41.39858621733528,0.0
AIDC11,86,4.166427858051372,26.07538421883456,8.8894947176108,85.64690466321248,1.000000000084408,4.982289728862091,8.313350008393172e-10,18.672689643232374,0.0
AIDC12,86,8.332855716102744,52.15076843766912,8.8894947176108,85.64690466321248,1.0000000086080523,4.98228965751303,2.423827609732143e-07,41.39858621733528,0.0
AIDC01,87,8.332855716102744,52.15076843766912,8.824540120636028,86.14390622947536,1.0000000087172949,4.982289656604923,2.451452019158751e-07,41.37896018267314,0.0
AIDC02,87,4.166427858051372,26.07538421883456,8.824540120636028,86.14390622947536,1.0000000000869982,4.9822897288523045,8.549463359486253e-10,18.663481856569454,-3.552713678800501e-15
AIDC03,87,8.332855716102744,52.15076843766912,8.824540120636028,86.14390622947536,1.0000000087172949,4.982289656604923,2.451452019158751e-07,41.37896018267314,0.0
AIDC04,87,4.166427858051372,26.07538421883456,8.824540120636028,86.14390622947536,1.0000000000869982,4.9822897288523045,8.549463359486253e-10,18.663481856569454,-3.552713678800501e-15
AIDC05,87,10.41606964512843,65.18846054708641,8.824540120636028,86.14390622947536,1.000000098160724,4.982288706823693,3.7272953363753913e-06,53.317054858952375,0.0
AIDC06,87,8.332855716102744,52.15076843766912,8.824540120636028,86.14390622947536,1.0000000087172949,4.982289656604923,2.451452019158751e-07,41.37896018267314,0.0
AIDC07,87,4.166427858051372,26.07538421883456,8.824540120636028,86.14390622947536,1.0000000000869982,4.9822897288523045,8.549463359486253e-10,18.663481856569454,-3.552713678800501e-15
AIDC08,87,8.332855716102744,52.15076843766912,8.824540120636028,86.14390622947536,1.0000000087172949,4.982289656604923,2.451452019158751e-07,41.37896018267314,0.0
AIDC09,87,4.166427858051372,26.07538421883456,8.824540120636028,86.14390622947536,1.0000000000869982,4.9822897288523045,8.549463359486253e-10,18.663481856569454,-3.552713678800501e-15
AIDC10,87,8.332855716102744,52.15076843766912,8.824540120636028,86.14390622947536,1.0000000087172949,4.982289656604923,2.451452019158751e-07,41.37896018267314,0.0
AIDC11,87,4.166427858051372,26.07538421883456,8.824540120636028,86.14390622947536,1.0000000000869982,4.9822897288523045,8.549463359486253e-10,18.663481856569454,-3.552713678800501e-15
AIDC12,87,8.332855716102744,52.15076843766912,8.824540120636028,86.14390622947536,1.0000000087172949,4.982289656604923,2.451452019158751e-07,41.37896018267314,0.0
AIDC01,88,8.332855716102744,52.15076843766912,8.759585523661254,86.64090779573826,1.0000000088279228,4.982289655685367,2.479370593277963e-07,41.35925706953235,-7.105427357601002e-15
AIDC02,88,4.166427858051372,26.07538421883456,8.759585523661254,86.64090779573826,1.0000000000896676,4.982289728842234,8.792113703748328e-10,18.654256199622566,0.0
AIDC03,88,8.332855716102744,52.15076843766912,8.759585523661254,86.64090779573826,1.0000000088279228,4.982289655685367,2.479370593277963e-07,41.35925706953235,-7.105427357601002e-15
AIDC04,88,4.166427858051372,26.07538421883456,8.759585523661254,86.64090779573826,1.0000000000896676,4.982289728842234,8.792113703748328e-10,18.654256199622566,0.0
AIDC05,88,10.41606964512843,65.18846054708641,8.759585523661254,86.64090779573826,1.000000098526731,4.982288703014717,3.737251944357922e-06,53.293659313721264,0.0
AIDC06,88,8.332855716102744,52.15076843766912,8.759585523661254,86.64090779573826,1.0000000088279228,4.982289655685367,2.479370593277963e-07,41.35925706953235,-7.105427357601002e-15
AIDC07,88,4.166427858051372,26.07538421883456,8.759585523661254,86.64090779573826,1.0000000000896676,4.982289728842234,8.792113703748328e-10,18.654256199622566,0.0
AIDC08,88,8.332855716102744,52.15076843766912,8.759585523661254,86.64090779573826,1.0000000088279228,4.982289655685367,2.479370593277963e-07,41.35925706953235,-7.105427357601002e-15
AIDC09,88,4.166427858051372,26.07538421883456,8.759585523661254,86.64090779573826,1.0000000000896676,4.982289728842234,8.792113703748328e-10,18.654256199622566,0.0
AIDC10,88,8.332855716102744,52.15076843766912,8.759585523661254,86.64090779573826,1.0000000088279228,4.982289655685367,2.479370593277963e-07,41.35925706953235,-7.105427357601002e-15
AIDC11,88,4.166427858051372,26.07538421883456,8.759585523661254,86.64090779573826,1.0000000000896676,4.982289728842234,8.792113703748328e-10,18.654256199622566,0.0
AIDC12,88,8.332855716102744,52.15076843766912,8.759585523661254,86.64090779573826,1.0000000088279228,4.982289655685367,2.479370593277963e-07,41.35925706953235,-7.105427357601002e-15
AIDC01,89,8.332855716102744,52.15076843766912,8.719446661163007,87.14229132633447,1.000000008874822,4.982289655295888,2.4905514095507897e-07,41.3470427757577,0.0
AIDC02,89,4.166427858051372,26.07538421883456,8.719446661163007,87.14229132633447,1.0000000000911302,4.982289728836755,8.923208838496066e-10,18.648543061359767,-3.552713678800501e-15
AIDC03,89,8.332855716102744,52.15076843766912,8.719446661163007,87.14229132633447,1.000000008874822,4.982289655295888,2.4905514095507897e-07,41.3470427757577,0.0
AIDC04,89,4.166427858051372,26.07538421883456,8.719446661163007,87.14229132633447,1.0000000000911302,4.982289728836755,8.923208838496066e-10,18.648543061359767,-3.552713678800501e-15
AIDC05,89,10.41606964512843,65.18846054708641,8.719446661163007,87.14229132633447,1.000000098507575,4.9822887032161915,3.734079840000959e-06,53.2791510107987,-1.4210854715202004e-14
AIDC06,89,8.332855716102744,52.15076843766912,8.719446661163007,87.14229132633447,1.000000008874822,4.982289655295888,2.4905514095507897e-07,41.3470427757577,0.0
AIDC07,89,4.166427858051372,26.07538421883456,8.719446661163007,87.14229132633447,1.0000000000911302,4.982289728836755,8.923208838496066e-10,18.648543061359767,-3.552713678800501e-15
AIDC08,89,8.332855716102744,52.15076843766912,8.719446661163007,87.14229132633447,1.000000008874822,4.982289655295888,2.4905514095507897e-07,41.3470427757577,0.0
AIDC09,89,4.166427858051372,26.07538421883456,8.719446661163007,87.14229132633447,1.0000000000911302,4.982289728836755,8.923208838496066e-10,18.648543061359767,-3.552713678800501e-15
AIDC10,89,8.332855716102744,52.15076843766912,8.719446661163007,87.14229132633447,1.000000008874822,4.982289655295888,2.4905514095507897e-07,41.3470427757577,0.0
AIDC11,89,4.166427858051372,26.07538421883456,8.719446661163007,87.14229132633447,1.0000000000911302,4.982289728836755,8.923208838496066e-10,18.648543061359767,-3.552713678800501e-15
AIDC12,89,8.332855716102744,52.15076843766912,8.719446661163007,87.14229132633447,1.000000008874822,4.982289655295888,2.4905514095507897e-07,41.3470427757577,0.0
AIDC01,90,8.332855716102744,52.15076843766912,8.679307798664759,87.64367485693069,1.0000000089219698,4.982289654904367,2.501774645224941e-07,41.33479876157644,0.0
AIDC02,90,4.166427858051372,26.07538421883456,8.679307798664759,87.64367485693069,1.0000000000926164,4.982289728831192,9.056115857219993e-10,18.642810494132895,-3.552713678800501e-15
AIDC03,90,8.332855716102744,52.15076843766912,8.679307798664759,87.64367485693069,1.0000000089219698,4.982289654904367,2.501774645224941e-07,41.33479876157644,0.0
AIDC04,90,4.166427858051372,26.07538421883456,8.679307798664759,87.64367485693069,1.0000000000926164,4.982289728831192,9.056115857219993e-10,18.642810494132895,-3.552713678800501e-15
AIDC05,90,10.41606964512843,65.18846054708641,8.679307798664759,87.64367485693069,1.0000000984884223,4.982288703417673,3.730900743903476e-06,53.264603620373435,0.0
AIDC06,90,8.332855716102744,52.15076843766912,8.679307798664759,87.64367485693069,1.0000000089219698,4.982289654904367,2.501774645224941e-07,41.33479876157644,0.0
AIDC07,90,4.166427858051372,26.07538421883456,8.679307798664759,87.64367485693069,1.0000000000926164,4.982289728831192,9.056115857219993e-10,18.642810494132895,-3.552713678800501e-15
AIDC08,90,8.332855716102744,52.15076843766912,8.679307798664759,87.64367485693069,1.0000000089219698,4.982289654904367,2.501774645224941e-07,41.33479876157644,0.0
AIDC09,90,4.166427858051372,26.07538421883456,8.679307798664759,87.64367485693069,1.0000000000926164,4.982289728831192,9.056115857219993e-10,18.642810494132895,-3.552713678800501e-15
AIDC10,90,8.332855716102744,52.15076843766912,8.679307798664759,87.64367485693069,1.0000000089219698,4.982289654904367,2.501774645224941e-07,41.33479876157644,0.0
AIDC11,90,4.166427858051372,26.07538421883456,8.679307798664759,87.64367485693069,1.0000000000926164,4.982289728831192,9.056115857219993e-10,18.642810494132895,-3.552713678800501e-15
AIDC12,90,8.332855716102744,52.15076843766912,8.679307798664759,87.64367485693069,1.0000000089219698,4.982289654904367,2.501774645224941e-07,41.33479876157644,0.0
AIDC01,91,8.332855716102744,52.15076843766912,8.639168936166511,88.14505838752692,1.0000000089693677,4.982289654510797,2.513040229246144e-07,41.32252493991922,0.0
AIDC02,91,4.166427858051372,26.07538421883456,8.639168936166511,88.14505838752692,1.0000000000941272,4.982289728825542,9.191047922740836e-10,18.637097432896006,0.0
AIDC03,91,8.332855716102744,52.15076843766912,8.639168936166511,88.14505838752692,1.0000000089693677,4.982289654510797,2.513040229246144e-07,41.32252493991922,0.0
AIDC04,91,4.166427858051372,26.07538421883456,8.639168936166511,88.14505838752692,1.0000000000941272,4.982289728825542,9.191047922740836e-10,18.637097432896006,0.0
AIDC05,91,10.41606964512843,65.18846054708641,8.639168936166511,88.14505838752692,1.0000000984692723,4.982288703619178,3.727714599222054e-06,53.250016953861646,0.0
AIDC06,91,8.332855716102744,52.15076843766912,8.639168936166511,88.14505838752692,1.0000000089693677,4.982289654510797,2.513040229246144e-07,41.32252493991922,0.0
AIDC07,91,4.166427858051372,26.07538421883456,8.639168936166511,88.14505838752692,1.0000000000941272,4.982289728825542,9.191047922740836e-10,18.637097432896006,0.0
AIDC08,91,8.332855716102744,52.15076843766912,8.639168936166511,88.14505838752692,1.0000000089693677,4.982289654510797,2.513040229246144e-07,41.32252493991922,0.0
AIDC09,91,4.166427858051372,26.07538421883456,8.639168936166511,88.14505838752692,1.0000000000941272,4.982289728825542,9.191047922740836e-10,18.637097432896006,0.0
AIDC10,91,8.332855716102744,52.15076843766912,8.639168936166511,88.14505838752692,1.0000000089693677,4.982289654510797,2.513040229246144e-07,41.32252493991922,0.0
AIDC11,91,4.166427858051372,26.07538421883456,8.639168936166511,88.14505838752692,1.0000000000941272,4.982289728825542,9.191047922740836e-10,18.637097432896006,0.0
AIDC12,91,8.332855716102744,52.15076843766912,8.639168936166511,88.14505838752692,1.0000000089693677,4.982289654510797,2.513040229246144e-07,41.32252493991922,0.0
AIDC01,92,8.332855716102744,52.15076843766912,8.599030073668263,88.64644191812313,1.0000000090170167,4.982289654115169,2.5243483037229453e-07,41.310221096677196,0.0
AIDC02,92,4.166427858051372,26.07538421883456,8.599030073668263,88.64644191812313,1.0000000000956621,4.98228972881981,9.327898453648231e-10,18.63135927363671,0.0
AIDC03,92,8.332855716102744,52.15076843766912,8.599030073668263,88.64644191812313,1.0000000090170167,4.982289654115169,2.5243483037229453e-07,41.310221096677196,0.0
AIDC04,92,4.166427858051372,26.07538421883456,8.599030073668263,88.64644191812313,1.0000000000956621,4.98228972881981,9.327898453648231e-10,18.63135927363671,0.0
AIDC05,92,10.41606964512843,65.18846054708641,8.599030073668263,88.64644191812313,1.0000000984501254,4.982288703820693,3.724521377534984e-06,53.23539087790013,0.0
AIDC06,92,8.332855716102744,52.15076843766912,8.599030073668263,88.64644191812313,1.0000000090170167,4.982289654115169,2.5243483037229453e-07,41.310221096677196,0.0
AIDC07,92,4.166427858051372,26.07538421883456,8.599030073668263,88.64644191812313,1.0000000000956621,4.98228972881981,9.327898453648231e-10,18.63135927363671,0.0
AIDC08,92,8.332855716102744,52.15076843766912,8.599030073668263,88.64644191812313,1.0000000090170167,4.982289654115169,2.5243483037229453e-07,41.310221096677196,0.0
AIDC09,92,4.166427858051372,26.07538421883456,8.599030073668263,88.64644191812313,1.0000000000956621,4.98228972881981,9.327898453648231e-10,18.63135927363671,0.0
AIDC10,92,8.332855716102744,52.15076843766912,8.599030073668263,88.64644191812313,1.0000000090170167,4.982289654115169,2.5243483037229453e-07,41.310221096677196,0.0
AIDC11,92,4.166427858051372,26.07538421883456,8.599030073668263,88.64644191812313,1.0000000000956621,4.98228972881981,9.327898453648231e-10,18.63135927363671,0.0
AIDC12,92,8.332855716102744,52.15076843766912,8.599030073668263,88.64644191812313,1.0000000090170167,4.982289654115169,2.5243483037229453e-07,41.310221096677196,0.0
AIDC01,93,8.332855716102744,52.15076843766912,8.547083244917085,88.99421616761941,1.0000000091142276,4.982289653307257,2.5488816390861757e-07,41.29425338229986,0.0
AIDC02,93,4.166427858051372,26.07538421883456,8.547083244917085,88.99421616761941,1.000000000098064,4.98228972881079,9.544720569465426e-10,18.623913723653878,-3.552713678800501e-15
AIDC03,93,8.332855716102744,52.15076843766912,8.547083244917085,88.99421616761941,1.0000000091142276,4.982289653307257,2.5488816390861757e-07,41.29425338229986,0.0
AIDC04,93,4.166427858051372,26.07538421883456,8.547083244917085,88.99421616761941,1.000000000098064,4.98228972881079,9.544720569465426e-10,18.623913723653878,-3.552713678800501e-15
AIDC05,93,10.41606964512843,65.18846054708641,8.547083244917085,88.99421616761941,1.000000098806613,4.982288700110626,3.734789551401718e-06,53.216403297287144,0.0
AIDC06,93,8.332855716102744,52.15076843766912,8.547083244917085,88.99421616761941,1.0000000091142276,4.982289653307257,2.5488816390861757e-07,41.29425338229986,0.0
AIDC07,93,4.166427858051372,26.07538421883456,8.547083244917085,88.99421616761941,1.000000000098064,4.98228972881079,9.544720569465426e-10,18.623913723653878,-3.552713678800501e-15
AIDC08,93,8.332855716102744,52.15076843766912,8.547083244917085,88.99421616761941,1.0000000091142276,4.982289653307257,2.5488816390861757e-07,41.29425338229986,0.0
AIDC09,93,4.166427858051372,26.07538421883456,8.547083244917085,88.99421616761941,1.000000000098064,4.98228972881079,9.544720569465426e-10,18.623913723653878,-3.552713678800501e-15
AIDC10,93,8.332855716102744,52.15076843766912,8.547083244917085,88.99421616761941,1.0000000091142276,4.982289653307257,2.5488816390861757e-07,41.29425338229986,0.0
AIDC11,93,4.166427858051372,26.07538421883456,8.547083244917085,88.99421616761941,1.000000000098064,4.98228972881079,9.544720569465426e-10,18.623913723653878,-3.552713678800501e-15
AIDC12,93,8.332855716102744,52.15076843766912,8.547083244917085,88.99421616761941,1.0000000091142276,4.982289653307257,2.5488816390861757e-07,41.29425338229986,0.0
AIDC01,94,8.332855716102744,52.15076843766912,8.495136416165906,89.34199041711568,1.0000000092124854,4.982289652490698,2.5736391506825385e-07,41.278235051063064,0.0
AIDC02,94,4.166427858051372,26.07538421883456,8.495136416165906,89.34199041711568,1.0000000001005263,4.982289728801554,9.766516484432941e-10,18.61646931624967,-3.552713678800501e-15
AIDC03,94,8.332855716102744,52.15076843766912,8.495136416165906,89.34199041711568,1.0000000092124854,4.982289652490698,2.5736391506825385e-07,41.278235051063064,0.0
AIDC04,94,4.166427858051372,26.07538421883456,8.495136416165906,89.34199041711568,1.0000000001005263,4.982289728801554,9.766516484432941e-10,18.61646931624967,-3.552713678800501e-15
AIDC05,94,10.41606964512843,65.18846054708641,8.495136416165906,89.34199041711568,1.0000000991643903,4.982288696387229,3.7450692929041907e-06,53.197349109221875,0.0
AIDC06,94,8.332855716102744,52.15076843766912,8.495136416165906,89.34199041711568,1.0000000092124854,4.982289652490698,2.5736391506825385e-07,41.278235051063064,0.0
AIDC07,94,4.166427858051372,26.07538421883456,8.495136416165906,89.34199041711568,1.0000000001005263,4.982289728801554,9.766516484432941e-10,18.61646931624967,-3.552713678800501e-15
AIDC08,94,8.332855716102744,52.15076843766912,8.495136416165906,89.34199041711568,1.0000000092124854,4.982289652490698,2.5736391506825385e-07,41.278235051063064,0.0
AIDC09,94,4.166427858051372,26.07538421883456,8.495136416165906,89.34199041711568,1.0000000001005263,4.982289728801554,9.766516484432941e-10,18.61646931624967,-3.552713678800501e-15
AIDC10,94,8.332855716102744,52.15076843766912,8.495136416165906,89.34199041711568,1.0000000092124854,4.982289652490698,2.5736391506825385e-07,41.278235051063064,0.0
AIDC11,94,4.166427858051372,26.07538421883456,8.495136416165906,89.34199041711568,1.0000000001005263,4.982289728801554,9.766516484432941e-10,18.61646931624967,-3.552713678800501e-15
AIDC12,94,8.332855716102744,52.15076843766912,8.495136416165906,89.34199041711568,1.0000000092124854,4.982289652490698,2.5736391506825385e-07,41.278235051063064,0.0
AIDC01,95,8.332855716102744,52.15076843766912,8.443189587414727,89.68976466661195,1.000000009311802,4.982289651665395,2.59862275697742e-07,41.26216616413765,0.0
AIDC02,95,4.166427858051372,26.07538421883456,8.443189587414727,89.68976466661195,1.00000000010305,4.982289728792103,9.993392779961141e-10,18.609006217551944,0.0
AIDC03,95,8.332855716102744,52.15076843766912,8.443189587414727,89.68976466661195,1.000000009311802,4.982289651665395,2.59862275697742e-07,41.26216616413765,0.0
AIDC04,95,4.166427858051372,26.07538421883456,8.443189587414727,89.68976466661195,1.00000000010305,4.982289728792103,9.993392779961141e-10,18.609006217551944,0.0
AIDC05,95,10.41606964512843,65.18846054708641,8.443189587414727,89.68976466661195,1.0000000995234612,4.982288692650469,3.755360395985008e-06,53.178227925768056,0.0
AIDC06,95,8.332855716102744,52.15076843766912,8.443189587414727,89.68976466661195,1.000000009311802,4.982289651665395,2.59862275697742e-07,41.26216616413765,0.0
AIDC07,95,4.166427858051372,26.07538421883456,8.443189587414727,89.68976466661195,1.00000000010305,4.982289728792103,9.993392779961141e-10,18.609006217551944,0.0
AIDC08,95,8.332855716102744,52.15076843766912,8.443189587414727,89.68976466661195,1.000000009311802,4.982289651665395,2.59862275697742e-07,41.26216616413765,0.0
AIDC09,95,4.166427858051372,26.07538421883456,8.443189587414727,89.68976466661195,1.00000000010305,4.982289728792103,9.993392779961141e-10,18.609006217551944,0.0
AIDC10,95,8.332855716102744,52.15076843766912,8.443189587414727,89.68976466661195,1.000000009311802,4.982289651665395,2.59862275697742e-07,41.26216616413765,0.0
AIDC11,95,4.166427858051372,26.07538421883456,8.443189587414727,89.68976466661195,1.00000000010305,4.982289728792103,9.993392779961141e-10,18.609006217551944,0.0
AIDC12,95,8.332855716102744,52.15076843766912,8.443189587414727,89.68976466661195,1.000000009311802,4.982289651665395,2.59862275697742e-07,41.26216616413765,0.0
