tree
version=v4
num_class=1
num_tree_per_iteration=1
label_index=0
max_feature_idx=176
objective=regression_l1
feature_names=lag_total_avg_active_gpus_0001 lag_total_avg_active_gpus_0002 lag_total_avg_active_gpus_0003 lag_total_avg_active_gpus_0006 lag_total_avg_active_gpus_0012 lag_total_avg_active_gpus_0024 lag_total_avg_active_gpus_0048 lag_total_avg_active_gpus_0288 lag_total_avg_active_gpus_0576 lag_total_avg_active_gpus_2016 lag_fixed_avg_active_gpus_F30_0001 lag_fixed_avg_active_gpus_F30_0002 lag_fixed_avg_active_gpus_F30_0003 lag_fixed_avg_active_gpus_F30_0006 lag_fixed_avg_active_gpus_F30_0012 lag_fixed_avg_active_gpus_F30_0024 lag_fixed_avg_active_gpus_F30_0048 lag_fixed_avg_active_gpus_F30_0288 lag_fixed_avg_active_gpus_F30_0576 lag_fixed_avg_active_gpus_F30_2016 lag_flexible_avg_active_gpus_F30_0001 lag_flexible_avg_active_gpus_F30_0002 lag_flexible_avg_active_gpus_F30_0003 lag_flexible_avg_active_gpus_F30_0006 lag_flexible_avg_active_gpus_F30_0012 lag_flexible_avg_active_gpus_F30_0024 lag_flexible_avg_active_gpus_F30_0048 lag_flexible_avg_active_gpus_F30_0288 lag_flexible_avg_active_gpus_F30_0576 lag_flexible_avg_active_gpus_F30_2016 lag_arriving_job_count_0001 lag_arriving_job_count_0002 lag_arriving_job_count_0003 lag_arriving_job_count_0006 lag_arriving_job_count_0012 lag_arriving_job_count_0024 lag_arriving_job_count_0048 lag_arriving_job_count_0288 lag_arriving_job_count_0576 lag_arriving_job_count_2016 lag_arriving_requested_gpus_0001 lag_arriving_requested_gpus_0002 lag_arriving_requested_gpus_0003 lag_arriving_requested_gpus_0006 lag_arriving_requested_gpus_0012 lag_arriving_requested_gpus_0024 lag_arriving_requested_gpus_0048 lag_arriving_requested_gpus_0288 lag_arriving_requested_gpus_0576 lag_arriving_requested_gpus_2016 lag_arriving_flexible_gpu_hours_F30_0001 lag_arriving_flexible_gpu_hours_F30_0002 lag_arriving_flexible_gpu_hours_F30_0003 lag_arriving_flexible_gpu_hours_F30_0006 lag_arriving_flexible_gpu_hours_F30_0012 lag_arriving_flexible_gpu_hours_F30_0024 lag_arriving_flexible_gpu_hours_F30_0048 lag_arriving_flexible_gpu_hours_F30_0288 lag_arriving_flexible_gpu_hours_F30_0576 lag_arriving_flexible_gpu_hours_F30_2016 lag_queued_job_count_0001 lag_queued_job_count_0002 lag_queued_job_count_0003 lag_queued_job_count_0006 lag_queued_job_count_0012 lag_queued_job_count_0024 lag_queued_job_count_0048 lag_queued_job_count_0288 lag_queued_job_count_0576 lag_queued_job_count_2016 lag_queued_requested_gpus_0001 lag_queued_requested_gpus_0002 lag_queued_requested_gpus_0003 lag_queued_requested_gpus_0006 lag_queued_requested_gpus_0012 lag_queued_requested_gpus_0024 lag_queued_requested_gpus_0048 lag_queued_requested_gpus_0288 lag_queued_requested_gpus_0576 lag_queued_requested_gpus_2016 lag_running_job_equivalents_0001 lag_running_job_equivalents_0002 lag_running_job_equivalents_0003 lag_running_job_equivalents_0006 lag_running_job_equivalents_0012 lag_running_job_equivalents_0024 lag_running_job_equivalents_0048 lag_running_job_equivalents_0288 lag_running_job_equivalents_0576 lag_running_job_equivalents_2016 roll0003_mean_total_avg_active_gpus roll0003_max_total_avg_active_gpus roll0003_stddev_pop_total_avg_active_gpus roll0012_mean_total_avg_active_gpus roll0012_max_total_avg_active_gpus roll0012_stddev_pop_total_avg_active_gpus roll0048_mean_total_avg_active_gpus roll0048_max_total_avg_active_gpus roll0048_stddev_pop_total_avg_active_gpus roll0288_mean_total_avg_active_gpus roll0288_max_total_avg_active_gpus roll0288_stddev_pop_total_avg_active_gpus roll2016_mean_total_avg_active_gpus roll2016_max_total_avg_active_gpus roll2016_stddev_pop_total_avg_active_gpus roll0003_mean_fixed_avg_active_gpus_F30 roll0003_max_fixed_avg_active_gpus_F30 roll0003_stddev_pop_fixed_avg_active_gpus_F30 roll0012_mean_fixed_avg_active_gpus_F30 roll0012_max_fixed_avg_active_gpus_F30 roll0012_stddev_pop_fixed_avg_active_gpus_F30 roll0048_mean_fixed_avg_active_gpus_F30 roll0048_max_fixed_avg_active_gpus_F30 roll0048_stddev_pop_fixed_avg_active_gpus_F30 roll0288_mean_fixed_avg_active_gpus_F30 roll0288_max_fixed_avg_active_gpus_F30 roll0288_stddev_pop_fixed_avg_active_gpus_F30 roll2016_mean_fixed_avg_active_gpus_F30 roll2016_max_fixed_avg_active_gpus_F30 roll2016_stddev_pop_fixed_avg_active_gpus_F30 roll0003_mean_flexible_avg_active_gpus_F30 roll0003_max_flexible_avg_active_gpus_F30 roll0003_stddev_pop_flexible_avg_active_gpus_F30 roll0012_mean_flexible_avg_active_gpus_F30 roll0012_max_flexible_avg_active_gpus_F30 roll0012_stddev_pop_flexible_avg_active_gpus_F30 roll0048_mean_flexible_avg_active_gpus_F30 roll0048_max_flexible_avg_active_gpus_F30 roll0048_stddev_pop_flexible_avg_active_gpus_F30 roll0288_mean_flexible_avg_active_gpus_F30 roll0288_max_flexible_avg_active_gpus_F30 roll0288_stddev_pop_flexible_avg_active_gpus_F30 roll2016_mean_flexible_avg_active_gpus_F30 roll2016_max_flexible_avg_active_gpus_F30 roll2016_stddev_pop_flexible_avg_active_gpus_F30 roll0003_mean_arriving_flexible_gpu_hours_F30 roll0003_max_arriving_flexible_gpu_hours_F30 roll0003_stddev_pop_arriving_flexible_gpu_hours_F30 roll0012_mean_arriving_flexible_gpu_hours_F30 roll0012_max_arriving_flexible_gpu_hours_F30 roll0012_stddev_pop_arriving_flexible_gpu_hours_F30 roll0048_mean_arriving_flexible_gpu_hours_F30 roll0048_max_arriving_flexible_gpu_hours_F30 roll0048_stddev_pop_arriving_flexible_gpu_hours_F30 roll0288_mean_arriving_flexible_gpu_hours_F30 roll0288_max_arriving_flexible_gpu_hours_F30 roll0288_stddev_pop_arriving_flexible_gpu_hours_F30 roll2016_mean_arriving_flexible_gpu_hours_F30 roll2016_max_arriving_flexible_gpu_hours_F30 roll2016_stddev_pop_arriving_flexible_gpu_hours_F30 roll0003_mean_queued_requested_gpus roll0003_max_queued_requested_gpus roll0003_stddev_pop_queued_requested_gpus roll0012_mean_queued_requested_gpus roll0012_max_queued_requested_gpus roll0012_stddev_pop_queued_requested_gpus roll0048_mean_queued_requested_gpus roll0048_max_queued_requested_gpus roll0048_stddev_pop_queued_requested_gpus roll0288_mean_queued_requested_gpus roll0288_max_queued_requested_gpus roll0288_stddev_pop_queued_requested_gpus roll2016_mean_queued_requested_gpus roll2016_max_queued_requested_gpus roll2016_stddev_pop_queued_requested_gpus utc_hour melbourne_hour melbourne_day_of_week melbourne_month melbourne_day_of_year is_weekend hour_sin hour_cos weekday_sin weekday_cos month_sin month_cos
feature_infos=[0:508] [0:508] [0:508] [0:508] [0:508] [0:508] [0:508] [0:508] [0:508] [0:508] [0:508] [0:508] [0:508] [0:508] [0:508] [0:508] [0:508] [0:508] [0:508] [0:508] [0:384] [0:384] [0:384] [0:384] [0:384] [0:384] [0:384] [0:384] [0:384] [0:384] [0:1275] [0:1275] [0:1275] [0:1275] [0:1275] [0:1275] [0:1275] [0:1275] [0:1275] [0:1275] [0:5100] [0:5100] [0:5100] [0:5100] [0:5100] [0:5100] [0:5100] [0:5100] [0:5100] [0:5100] [0:5463.08447265625] [0:5463.08447265625] [0:5463.08447265625] [0:5463.08447265625] [0:5463.08447265625] [0:5463.08447265625] [0:5463.08447265625] [0:5463.08447265625] [0:5463.08447265625] [0:5463.08447265625] [0:1246] [0:1246] [0:1246] [0:1246] [0:1246] [0:1246] [0:1246] [0:1246] [0:1246] [0:1246] [0:5312] [0:5312] [0:5312] [0:5312] [0:5312] [0:5312] [0:5312] [0:5312] [0:5312] [0:5312] [0:324.32333374023438] [0:324.32333374023438] [0:324.32333374023438] [0:324.32333374023438] [0:324.32333374023438] [0:324.32333374023438] [0:324.32333374023438] [0:324.32333374023438] [0:324.32333374023438] [0:324.32333374023438] [0:504.23556518554688] [0:508] [0:225.54072570800781] [0:504.05889892578125] [0:508] [0:246.19882202148438] [0:504.01470947265625] [0:508] [0:250.40919494628906] [0:283.29208374023438] [0:508] [0:225.01145935058594] [0.25703704357147217:181.68246459960938] [60:508] [3.3516640663146973:183.8941650390625] [0:504.23556518554688] [0:508] [0:225.54072570800781] [0:504.05889892578125] [0:508] [0:246.19882202148438] [0:504.01470947265625] [0:508] [0:250.40919494628906] [0:283.29208374023438] [0:508] [0:225.01145935058594] [0.25703704357147217:169.79315185546875] [60:508] [3.3516640663146973:174.28001403808594] [0:384] [0:384] [0:130.71099853515625] [0:371.87554931640625] [0:384] [0:152.69479370117188] [0:364.3175048828125] [0:384] [0:159.78628540039062] [0:228.94754028320312] [0:384] [0:171.25291442871094] [0:43.178848266601562] [0:384] [0:101.77182769775391] [0:1821.0281982421875] [0:5463.08447265625] [0:2575.32275390625] [0:455.25704956054688] [0:5463.08447265625] [0:1509.916748046875] [0:114.10050964355469] [0:5463.08447265625] [0:780.271240234375] [0:19.078962326049805] [0:5463.08447265625] [0:321.35415649414062] [0:3.5982375144958496] [0:5463.08447265625] [0:122.40467071533203] [0:5138.66650390625] [0:5312] [0:2349.480224609375] [0:4881.33349609375] [0:5312] [0:2455.648681640625] [0:4502.58349609375] [0:5312] [0:2375.058837890625] [0:1877.25] [0:5312] [0:1890.7261962890625] [0:710.29461669921875] [0:5312] [0:1105.5494384765625] [0:23] [0:23] [0:6] [3:9] [61:245] [0:1] [-1:1] [-1:1] [-0.97492790222167969:0.97492790222167969] [-0.90096884965896606:1] [-0.86602538824081421:1] [-1:0.5]
tree_sizes=1439 1462 1444 1478 1494 1459 1493 1457 1465 1495 1493 1513 1513 1501 1517 1509 1492 1493 1495 1492 1501 1489 1533 1558 1530 1545 1541 1531 1537 1526 1535 1489 1487 1400 1532 1538 1544 1512 1515 1519 1504 1500

Tree=0
num_leaves=15
num_cat=0
split_feature=105 172 105 0 114 164 106 159 77 166 166 163 169 102
split_gain=2836.12 1589.8 536.803 439.427 406.876 384.758 233.176 207.595 200.833 187.773 186.479 179.562 145.51 135.836
threshold=58.972221374511726 0.37940952181816107 2.2694443464279179 140.97333526611331 37.247413635253913 175.86292266845706 35.011667251586921 3.0538194179534917 830.00000000000011 16.500000000000004 15.500000000000002 1442.0000000000002 110.50000000000001 56.123580932617195
decision_type=2 2 2 2 2 2 2 2 2 2 2 2 2 2
left_child=1 2 13 5 8 -2 12 -7 -4 -6 -5 -9 -3 -1
right_child=3 6 4 10 9 7 -8 11 -10 -11 -12 -13 -14 -15
leaf_value=0 -1.2000000000000002 0 -0.17066667079925538 -2.7789999961853029 0.0074999999254941946 1.2473333358764649 0 -1.1994166851043702 0.63133335113525391 -0.20000000000000001 -4.106333160400391 -0.028666666150093081 0.20000000000000001 0
leaf_weight=7728 3409 4883 8439 3656 5048 510 2513 1032 368 1086 2263 2504 8110 1406
leaf_count=7728 3409 4883 8439 3656 5048 510 2513 1032 368 1086 2263 2504 8110 1406
internal_value=-0.00276057 0.00396605 -0.004076 -0.0226624 -0.00991235 -0.014571 0.0164496 -0.00413478 -0.0167953 -2.44339e-05 -0.0328325 -0.00844394 0.0191453 0.00547106
internal_weight=52955 39581 24075 13374 14941 7455 15506 4046 8807 6134 5919 3536 12993 9134
internal_count=52955 39581 24075 13374 14941 7455 15506 4046 8807 6134 5919 3536 12993 9134
is_linear=0
shrinkage=0.05


Tree=1
num_leaves=15
num_cat=0
split_feature=105 172 106 174 32 119 166 86 160 101 106 171 164 4
split_gain=2323.27 745.829 466.322 345.015 320.737 261.859 248.264 216.753 204.649 174.033 158.458 157.162 156.284 148.818
threshold=74.58499908447267 0.12940952181816107 9.4749999046325701 1.0000000180025095e-35 4.5000000000000009 90.79248428344728 15.500000000000002 119.83833312988283 54.000000000000007 66.029651641845717 56.063333511352546 -0.6035533845424651 168.19199371337893 144.0299987792969
decision_type=2 2 2 2 2 2 2 2 2 2 2 2 2 2
left_child=1 2 -1 10 7 11 8 -4 9 -2 -3 -5 -10 -8
right_child=6 3 4 5 -6 -7 13 -9 12 -11 -12 -13 -14 -15
leaf_value=0 -1.0160000228881836 0.12433333396911622 -0.20037499999627473 0 0.067366664409637456 -0.010000000000000002 -1.1479999923706055 2.8496250000037255 -2.3883584046363828 2.1988832569122319 -0.041466666683554657 0 -1.1698624825477599 -4.1498583173751831
leaf_weight=11219 851 10096 8723 2005 2523 1317 1173 170 2164 424 1290 5437 3503 2060
leaf_count=11219 851 10096 8723 2005 2523 1317 1173 170 2164 424 1290 5437 3503 2060
internal_value=-0.00304569 0.00206264 -0.00416519 0.00905955 -0.0112775 0.00159744 -0.0245138 -0.0157395 -0.0191593 -0.00105469 0.0147968 0.00523701 -0.0232281 -0.0359636
internal_weight=52955 42780 22635 20145 11416 8759 10175 8893 6942 1275 11386 7442 5667 3233
internal_count=52955 42780 22635 20145 11416 8759 10175 8893 6942 1275 11386 7442 5667 3233
is_linear=0
shrinkage=0.05


Tree=2
num_leaves=15
num_cat=0
split_feature=105 165 0 119 164 172 99 104 91 114 106 80 159 103
split_gain=1849.47 426.125 242.905 331.052 228.438 211.082 284.833 205.707 195.405 250.282 181.855 156.551 214.514 176.278
threshold=74.58499908447267 10.500000000000002 140.97333526611331 79.382408142089858 168.19199371337893 0.12940952181816107 0.003379629692062736 152.79531860351565 17.006667137146 35.428853988647468 38.023332595825202 12.998333454132082 12.557291507720949 483.98666381835943
decision_type=2 2 2 2 2 2 2 2 2 2 2 2 2 2
left_child=1 7 3 4 -2 8 -7 11 -3 -10 -8 12 -1 -13
right_child=2 5 -4 -5 -6 6 10 -9 9 -11 -12 13 -14 -15
leaf_value=0 -1.8489153622388841 0 -3.1869655607938769 0.35844999265670774 -0.45150001439452175 0 0.10599999666213988 7.7889772460972893 -0.39453125519771132 0.039631666600704211 -0.0044933331795036788 -0.27998125000018631 0 0.069989584255032253
leaf_weight=8722 1497 3871 5793 906 1979 831 11951 401 1600 1743 3373 2965 6752 571
leaf_count=8722 1497 3871 5793 906 1979 831 11951 401 1600 1743 3373 2965 6752 571
internal_value=-0.00388595 0.000671964 -0.0230403 -0.0141327 -0.0211433 0.00521947 0.00839418 -0.00480274 -0.00189084 -0.0107378 0.00994194 -0.00555351 -0.003382 -0.0150381
internal_weight=52955 42780 10175 4382 3476 23369 16155 19411 7214 3343 15324 19010 15474 3536
internal_count=52955 42780 10175 4382 3476 23369 16155 19411 7214 3343 15324 19010 15474 3536
is_linear=0
shrinkage=0.05


Tree=3
num_leaves=15
num_cat=0
split_feature=105 156 80 101 172 105 18 160 164 159 129 76 5 102
split_gain=1403.57 382.386 263.356 313.606 268.852 248.049 276.126 237.761 204.854 182.37 187.197 178.337 176.42 161.321
threshold=74.58499908447267 4.0104167461395273 13.908333301544191 5.0652868747711191 0.60355338454246532 34.006666183471687 40.001667022705085 58.500000000000007 840.24020385742199 45.366319656372077 149.7914733886719 504.50000000000006 72.001667022705092 167.50401306152347
decision_type=2 2 2 2 2 2 2 2 2 2 2 2 2 2
left_child=1 5 3 -3 -5 6 8 -2 -1 -4 -11 -9 -7 -8
right_child=7 2 9 4 -6 12 13 11 -10 10 -12 -13 -14 -15
leaf_value=0 -0.3095683794081211 0 0.040945094627910295 0.0023166668415069576 0.4284833334684372 -0.66025468724030079 0.020018749999813738 -1.9600088198244572 0.16855208353977652 -0.17746760396002792 0.6824323949432467 -0.94320859802365298 -0.03953376709192527 -0.37894886230486446
leaf_weight=15818 1821 1851 3058 7833 5220 1796 3364 6829 1033 1713 123 1525 848 123
leaf_count=15818 1821 1851 3058 7833 5220 1796 3364 6829 1033 1713 123 1525 848 123
internal_value=-0.00482156 -0.000850765 0.00424178 0.00754578 0.0102772 -0.00523774 -0.00336234 -0.0215079 -0.0060127 -0.00581751 -0.018251 -0.0250748 -0.01963 0.00943585
internal_weight=52955 42780 19798 14904 13053 22982 20338 10175 16851 4894 1836 8354 2644 3487
internal_count=52955 42780 19798 14904 13053 22982 20338 10175 16851 4894 1836 8354 2644 3487
is_linear=0
shrinkage=0.05


Tree=4
num_leaves=15
num_cat=0
split_feature=106 158 172 109 160 88 163 105 102 169 103 105 106 119
split_gain=1163.14 389.244 464.115 235.937 230.134 193.505 173.624 266.328 166.547 166.062 158.253 158.654 158.04 181.973
threshold=86.020000457763686 0.1713262274861336 0.37940952181816107 45.933334350585945 58.500000000000007 100.80166625976564 1428.0000000000002 176.00666809082034 56.629962921142585 110.50000000000001 479.99333190917974 48.632778167724616 149.25999450683597 58.617984771728523
decision_type=2 2 2 2 2 2 2 2 2 2 2 2 2 2
left_child=1 10 5 9 12 8 -6 -8 -3 -4 11 -1 13 -2
right_child=4 2 3 -5 6 -7 7 -9 -10 -11 -12 -13 -14 -15
leaf_value=0 -1.1606856055115162 -0.00011583334207534789 -0.0038500000983476643 0.010294078959821491 -2.2131167502102254 -0.2628830028590991 -0.20091971170694217 -5.93987482878536 0.057027916661463673 0.30705916679501533 0.018552083539776505 -1.082969453138162 -1.4321675270614029 0.85969799838542937
leaf_weight=19497 272 6557 1032 3227 4109 530 1898 1947 5086 4699 1949 629 959 564
leaf_count=19497 272 6557 1032 3227 4109 530 1898 1947 5086 4699 1949 629 959 564
internal_value=-0.00550887 -0.00198792 0.00286241 0.0114973 -0.0211042 -0.00349401 -0.0247519 -0.0170779 -0.002142 0.0175819 -0.00663043 -0.00794794 -0.00491667 0.0109394
internal_weight=52955 43206 21131 8958 9749 12173 7954 3845 11643 5731 22075 20126 1795 836
internal_count=52955 43206 21131 8958 9749 12173 7954 3845 11643 5731 22075 20126 1795 836
is_linear=0
shrinkage=0.05


Tree=5
num_leaves=15
num_cat=0
split_feature=105 171 105 169 148 164 67 132 144 145 160 176 66 24
split_gain=1053.94 343.085 252.661 494.947 377.057 342.326 226.643 207.443 175.685 171.793 224.036 152.241 120.867 115.834
threshold=143.08889007568362 -0.7865660786628722 48.632778167724616 112.50000000000001 424.08332824707037 112.47997665405275 77.500000000000014 0.50635913014411937 7.0992159843444833 152.39319610595706 1476.0000000000002 -0.93301269412040699 181.50000000000003 246.71333312988284
decision_type=2 2 2 2 2 2 2 2 2 2 2 2 2 2
left_child=1 9 3 6 -5 8 -3 -7 -4 10 11 -1 -2 -11
right_child=12 2 5 4 -6 7 -8 -9 -10 13 -12 -13 -14 -15
leaf_value=-0.081447916460223493 -3.451294378275886 0 -0.84948767512236723 0.15842329186499118 0 0.69344767761705828 -0.015299999833106995 -0.15991249666814927 0.2161127082656909 -0.19633250004053115 0.36000572826624855 0 0.17936426741500222 0.64831656686318806
leaf_weight=1229 4925 10701 3645 9361 9001 809 347 4201 126 1339 420 6488 225 138
leaf_count=1229 4925 10701 3645 9361 9001 809 347 4201 126 1339 420 6488 225 138
internal_value=-0.00527096 -0.0029544 -0.000828621 0.00139385 0.00642457 -0.00826884 -0.00696643 0.000299103 -0.0196372 -0.0113941 -0.00853599 -0.0104766 -0.0267507 -0.027058
internal_weight=52955 47805 38191 29410 18362 8781 11048 5010 3771 9614 8137 7717 5150 1477
internal_count=52955 47805 38191 29410 18362 8781 11048 5010 3771 9614 8137 7717 5150 1477
is_linear=0
shrinkage=0.05


Tree=6
num_leaves=15
num_cat=0
split_feature=105 158 80 103 164 105 6 90 159 169 77 161 160 111
split_gain=940.975 408.808 302.695 236.11 202.452 296.399 196.717 217.593 191.601 190.753 182.012 167.93 167.832 161.693
threshold=81.517776489257827 0.1713262274861336 12.998333454132082 226.7416687011719 103.4955291748047 172.1027755737305 128.11000061035159 22.703888893127445 49.286457061767585 214.50000000000003 816.50000000000011 192.09726715087893 73.000000000000014 18.984722137451175
decision_type=2 2 2 2 2 2 2 2 2 2 2 2 2 2
left_child=1 6 3 -3 -2 9 7 13 -4 12 -10 -9 -6 -1
right_child=4 2 8 -5 5 -7 -8 11 10 -11 -12 -13 -14 -15
leaf_value=0 -2.371681328765765 -0.0001100416749715805 -0.0027163631664951986 0.10750662130415441 0.32895475831498233 -3.7223769465453915 0.27553241907655612 -0.38662978393157249 -0.1821100960734611 -1.5614844083210953 0.66590073852002873 2.067329332817383 -0.58045648662070659 0.019460375005565585
leaf_weight=17153 2246 3551 4624 11189 1045 3360 688 2841 1996 361 205 149 2245 1302
leaf_count=17153 2246 3551 4624 11189 1045 3360 688 2841 1996 361 205 149 2245 1302
internal_value=-0.00511424 -0.00204563 0.0028535 0.00688369 -0.0195908 -0.0153863 -0.00681859 -0.00766434 -0.00584919 -0.00551149 -0.0179737 -0.0201669 -0.00169954 -0.0056338
internal_weight=52955 43698 21565 14740 9257 7011 22133 21445 6825 3651 2201 2990 3290 18455
internal_count=52955 43698 21565 14740 9257 7011 22133 21445 6825 3651 2201 2990 3290 18455
is_linear=0
shrinkage=0.05


Tree=7
num_leaves=15
num_cat=0
split_feature=105 165 112 105 63 164 169 158 104 117 104 116 18 111
split_gain=722.432 290.609 245.797 287.445 293.249 217.671 174.726 271.513 151.58 167.847 150.892 187.617 160.2 128.907
threshold=143.08889007568362 10.500000000000002 0.22666666656732562 34.631666183471687 2.5000000000000004 112.47997665405275 234.50000000000003 99.32336807250978 98.479965209960952 45.845802307128913 152.79531860351565 76.505023956298842 341.85499572753912 338.10420227050787
decision_type=2 2 2 2 2 2 2 2 2 2 2 2 2 2
left_child=1 6 8 4 -4 -5 10 -8 9 -3 11 -1 -12 -2
right_child=13 2 3 5 -6 -7 7 -9 -10 -11 12 -13 -14 -15
leaf_value=0 -2.5167854194783064 0 0 -0.40753007746303266 0.29688088568702342 0.022285308035163799 -0.010000000000000002 0.1281366687054932 -0.014799999833106994 0.63624243025110572 15.040402878953229 -0.018848768919249997 -0.37180402336288482 -7.8121977805044427
leaf_weight=17453 4463 3414 9036 4152 5067 3979 1131 189 519 146 379 2233 107 687
leaf_count=17453 4463 3414 9036 4152 5067 3979 1131 189 519 146 379 2233 107 687
internal_value=-0.0057855 -0.00386739 -0.000343871 0.0017267 0.00604267 -0.00575836 -0.00818021 -0.0257736 -0.0116185 -0.00791024 -0.00702285 -0.00770403 0.0203666 -0.0235694
internal_weight=52955 47805 26313 22234 14103 8131 21492 1320 4079 3560 20172 19686 486 5150
internal_count=52955 47805 26313 22234 14103 8131 21492 1320 4079 3560 20172 19686 486 5150
is_linear=0
shrinkage=0.05


Tree=8
num_leaves=15
num_cat=0
split_feature=105 154 101 90 159 160 156 119 105 171 164 164 100 79
split_gain=688.695 404.859 276.683 257.548 206.289 200.542 199.517 185.446 174.963 156.934 154.13 384.186 169.283 154.943
threshold=79.441112518310561 4.5000000000000009 5.0652868747711191 35.101110458374031 836.70834350585949 73.000000000000014 504.04167175292974 67.550472259521499 2.2694443464279179 -0.7865660786628722 840.24020385742199 255.17478179931643 42.300001144409187 16.500000000000004
decision_type=2 2 2 2 2 2 2 2 2 2 2 2 2 2
left_child=1 10 -3 4 -4 7 -7 -2 -5 -9 11 13 -13 -1
right_child=5 2 3 8 -6 6 -8 9 -10 -11 -12 12 -14 -15
leaf_value=0 -1.1142908134173641 0 0.14255193817202377 0.098242865506214083 -0.03598416651487351 -2.1166630018372361 -0.69542500762063253 -0.83494566066990539 -0.045777247176593039 0.6155555579755978 0.0095852509495108415 0 -0.016699497591853144 0.0045086260381310694
leaf_weight=17288 885 1771 8242 284 296 5331 1766 332 8121 1206 1638 410 2074 3311
leaf_count=17288 885 1771 8242 284 296 5331 1766 332 8121 1206 1638 410 2074 3311
internal_value=-0.00517844 -0.00250806 0.00303969 0.00500649 0.0111202 -0.0173543 -0.0215925 -0.00492175 -0.0012069 0.00557356 -0.00670751 -0.00775944 -0.0263158 -0.00551592
internal_weight=52955 43435 18714 16943 8538 9520 7097 2423 8405 1538 24721 23083 2484 20599
internal_count=52955 43435 18714 16943 8538 9520 7097 2423 8405 1538 24721 23083 2484 20599
is_linear=0
shrinkage=0.05


Tree=9
num_leaves=15
num_cat=0
split_feature=106 172 113 106 162 96 119 86 35 158 118 105 0 104
split_gain=621.888 342.193 442.172 227.111 238.612 178.944 250.118 173.647 172.172 159.742 194.524 152.246 149.603 146.406
threshold=104.00666809082033 0.60355338454246532 0.037822250276803977 56.063333511352546 3.4345238208770756 377.89482116699224 79.382408142089858 129.00666809082034 6.5000000000000009 24.198757171630863 461.11332702636724 10.848888874053957 250.74666595458987 82.052192687988295
decision_type=2 2 2 2 2 2 2 2 2 2 2 2 2 2
left_child=1 7 13 4 -4 6 -2 8 11 10 -8 -1 -11 -3
right_child=5 2 3 -5 -6 -7 9 -9 -10 12 -12 -13 -14 -15
leaf_value=0 -2.3693369891867349 -0.0052999998331069945 -0.0062166666984558114 -0.25770192561087973 0.28260474907883054 -9.4002921897548415 0.53528310353175712 2.7543429561982622 0.05865991285402599 -0.4517433317269916 -0.55193105066178449 -0.18936908105347305 -3.2546306717887128 -0.0062166666984558114
leaf_weight=15772 4051 2628 723 1685 7541 464 855 173 3990 556 1510 11597 496 914
leaf_count=15772 4051 2628 723 1685 7541 464 855 173 3990 556 1510 11597 496 914
internal_value=-0.00570431 -0.00342898 0.00323429 0.00863472 0.012045 -0.018609 -0.0167135 -0.00627993 -0.00655847 -0.00673583 0.000485232 -0.00797289 -0.022895 -0.0119256
internal_weight=52955 45023 13491 9949 8264 7932 7468 31532 31359 3417 2365 27369 1052 3542
internal_count=52955 45023 13491 9949 8264 7932 7468 31532 31359 3417 2365 27369 1052 3542
is_linear=0
shrinkage=0.05


Tree=10
num_leaves=15
num_cat=0
split_feature=105 172 162 106 170 169 166 160 169 19 159 88 96 100
split_gain=582.396 384.414 235.52 281.304 282.262 173.613 183.654 163.823 161.642 155.224 148.624 176.931 144.857 190.358
threshold=143.08889007568362 0.60355338454246532 3.9806547164916997 56.83833312988282 1.0000000180025095e-35 234.50000000000003 16.500000000000004 23.500000000000004 230.50000000000003 8.9966664314270037 3.8246527910232548 0.99833333492279064 377.89482116699224 493.50666809082037
decision_type=2 2 2 2 2 2 2 2 2 2 2 2 2 2
left_child=1 5 7 4 -4 6 9 -3 -8 -1 -7 -12 13 -2
right_child=12 2 3 -5 -6 10 8 -9 -10 -11 11 -13 -14 -15
leaf_value=0 -2.4657592620099713 -0.0050349998414516445 0.33236761275145055 -0.26980615041189354 -0.013749166506528854 0.0013349748795926574 -0.0062166666984558114 -0.0059516667068004615 0.040793231290562226 0 -0.00033333337679505338 -0.057421164593249564 -9.3812461073658149 1.035011657948665
leaf_weight=10364 4526 1793 6792 2541 2580 261 7018 611 192 13851 503 1299 450 174
leaf_count=10364 4526 1793 6792 2541 2580 261 7018 611 192 13851 503 1299 450 174
internal_value=-0.0049443 -0.00322213 0.00363427 0.00651535 0.0105151 -0.00615352 -0.00522908 -0.0106268 -0.0122315 -0.00314203 -0.0201886 -0.0252905 -0.0209117 -0.0182784
internal_weight=52955 47805 14317 11913 9372 33488 31425 2404 7210 24215 2063 1802 5150 4700
internal_count=52955 47805 14317 11913 9372 33488 31425 2404 7210 24215 2063 1802 5150 4700
is_linear=0
shrinkage=0.05


Tree=11
num_leaves=15
num_cat=0
split_feature=105 164 106 119 103 172 134 169 169 117 64 134 165 113
split_gain=598.351 262.643 358.776 260.047 255.286 236.143 197.536 257.997 184.581 184.096 170.69 161.916 157.603 131.07
threshold=59.697221755981452 138.15128326416018 212.08499908447268 82.061847686767592 416.60000610351568 -0.37940952181816096 28.258231163024906 158.50000000000003 104.50000000000001 46.380775451660163 4.5000000000000009 75.897754669189467 7.5000000000000009 85.672698974609389
decision_type=2 2 2 2 2 2 2 2 2 2 2 2 2 2
left_child=3 13 6 4 5 9 7 -3 -5 -1 -8 -6 -7 -2
right_child=1 2 -4 8 11 12 10 -9 -10 -11 -12 -13 -14 -15
leaf_value=0 -1.2970000865797164 -0.03385838321252118 -4.8141405844056635 -0.0064784302590211867 0.20990202703504282 0.00031083333492279062 -0.2091853507333685 0.62357963805249506 -0.0062166666984558114 0.072695139375979892 -1.4920212291474027 -0.050492505491779575 0.00031083333492279062 0.022054633370635558
leaf_weight=7646 4676 2583 2047 265 4225 1557 1681 1022 8319 2235 629 156 15310 604
leaf_count=7646 4676 2583 2047 265 4225 1557 1681 1022 8319 2235 629 156 15310 604
internal_value=-0.00374434 -0.0129463 -0.00720472 -0.000674757 0.00145018 -0.000383135 -0.000954392 0.00635734 -0.00837699 -0.00651932 -0.0123542 0.0126311 0.00321242 -0.0215894
internal_weight=52955 13242 7962 39713 31129 26748 5915 3605 8584 9881 2310 4381 16867 5280
internal_count=52955 13242 7962 39713 31129 26748 5915 3605 8584 9881 2310 4381 16867 5280
is_linear=0
shrinkage=0.05


Tree=12
num_leaves=15
num_cat=0
split_feature=105 63 47 90 164 105 8 105 171 103 159 131 60 169
split_gain=592.03 234.062 230.243 242.064 195.921 233.614 184.701 172.637 275.118 296.475 259.369 204.272 169.613 165.425
threshold=81.517776489257827 2.5000000000000004 488.50000000000006 35.767778396606452 155.51651000976565 213.3527755737305 28.934999465942386 5.0016667842864999 -0.91597560048103321 358.96665954589849 0.27083334326744085 10.336255550384523 18.500000000000004 234.50000000000003
decision_type=2 2 2 2 2 2 2 2 2 2 2 2 2 2
left_child=1 7 3 6 -2 -6 -3 8 9 -1 -9 -10 -5 -12
right_child=4 2 -4 12 5 -7 -8 10 11 -11 13 -13 -14 -15
leaf_value=0.00029529166817665104 -1.572310310281628 0.00031083333492279062 -0.011524048144174083 0.061312424107933944 -0.1104963866858879 -5.1022669444676065 0.22052875617435586 -0.2005545085282624 0 -0.0053898398564951357 -0.024220047386259113 1.0278384223687917 -0.11207682553049439 -0.34709990459727774
leaf_weight=1620 3554 4210 286 4601 3988 1715 3068 2271 12773 745 11783 405 1475 461
leaf_count=1620 3554 4210 286 4601 3988 1715 3068 2271 12773 745 11783 405 1475 461
internal_value=-0.00372451 -0.00129053 0.00414071 0.00509769 -0.0152073 -0.00945165 0.0112454 -0.00375545 -9.32596e-05 0.0155907 -0.00767562 -0.00291284 -0.00226936 -0.00479223
internal_weight=52955 43698 13640 13354 9257 5703 7278 30058 15543 2365 14515 13178 6076 12244
internal_count=52955 43698 13640 13354 9257 5703 7278 30058 15543 2365 14515 13178 6076 12244
is_linear=0
shrinkage=0.05


Tree=13
num_leaves=15
num_cat=0
split_feature=105 160 68 119 63 119 167 113 146 80 105 171 169 100
split_gain=450.935 229.23 222.44 275.972 185.816 183.048 182.892 212.496 182.516 173.16 165.876 264.399 205.855 128.311
threshold=81.517776489257827 73.000000000000014 115.50000000000001 77.147022247314467 2.5000000000000004 67.550472259521499 5.5000000000000009 6.3295648097991952 105.23237991333009 11.483333110809328 5.0016667842864999 -0.91597560048103321 100.50000000000001 456.89332580566412
decision_type=2 2 2 2 2 2 2 2 2 2 2 2 2 2
left_child=2 5 4 9 10 -2 13 -8 -3 -4 11 -1 -12 -6
right_child=1 8 3 -5 6 -7 7 -9 -10 -11 12 -13 -14 -15
leaf_value=0.0002805270847678185 -0.90513300534581487 -1.7565542572825905 2.3616972292549767 -0.010715604473795003 0.0059569253609174757 0.20423215089457561 -0.066886527428817288 0.012725359545685164 0.43089904508581489 -0.17101997973800054 -0.3814544827003703 0 -0.03387217517847322 4.2880528653456231
leaf_weight=2365 830 6642 246 682 10689 1529 622 1331 256 252 1604 13006 12477 424
leaf_count=2365 830 6642 246 682 10689 1529 622 1331 256 252 1604 13006 12477 424
internal_value=-0.00387934 -0.0139009 -0.00175503 -0.0231224 -0.00115937 -0.000444162 0.00380231 -0.0102911 -0.0184992 0.00516899 -0.00336083 0.000230879 -0.00728028 0.0062826
internal_weight=52955 9257 43698 1180 42518 2359 13066 1953 6898 498 29452 15371 14081 11113
internal_count=52955 9257 43698 1180 42518 2359 13066 1953 6898 498 29452 15371 14081 11113
is_linear=0
shrinkage=0.05


Tree=14
num_leaves=15
num_cat=0
split_feature=163 105 104 172 160 162 174 106 114 145 166 119 160 171
split_gain=575.305 513.425 389.319 251.937 235.942 223.49 349.651 208.146 369.093 194.775 188.035 185.931 126.907 126.52
threshold=5188.0000000000009 84.00888824462892 78.356086730957045 0.37940952181816107 73.000000000000014 3.9806547164916997 1.0000000180025095e-35 10.003333568573 33.219379425048835 1754.9871826171877 16.500000000000004 67.550472259521499 23.500000000000004 -0.91597560048103321
decision_type=2 2 2 2 2 2 2 2 2 2 2 2 2 2
left_child=1 3 -2 7 11 12 -7 10 -9 -6 -1 -3 -5 -4
right_child=2 4 13 5 9 6 -8 8 -10 -11 -12 -13 -14 -15
leaf_value=0 1.2474098162414173 -0.99880959249443324 -0.0017457081781906186 -0.0047529581728577609 -1.9563960627742718 0.31207576006107207 -0.0059737222019178044 -0.22328010488790362 -0.021930807167325553 0.34081758657790595 0.00026650073052942756 0.2394050961597575 -0.0053155414998531346 -0.010179824250105253
leaf_weight=9445 362 770 180 2317 5990 7545 5729 5435 8145 302 3020 1482 758 1475
leaf_count=9445 362 770 180 2317 5990 7545 5729 5435 8145 302 3020 1482 758 1475
internal_value=-0.00428342 -0.0032448 -0.0304402 -0.000990589 -0.0144227 0.00387367 0.00668725 -0.00404415 -0.00832536 -0.0193902 0.000621492 -0.000531679 -0.00826299 -0.0406928
internal_weight=52955 50938 2017 42394 8544 16349 13274 26045 13580 6292 12465 2252 3075 1655
internal_count=52955 50938 2017 42394 8544 16349 13274 26045 13580 6292 12465 2252 3075 1655
is_linear=0
shrinkage=0.05


Tree=15
num_leaves=15
num_cat=0
split_feature=106 78 163 169 114 160 73 80 162 146 105 171 16 119
split_gain=410.145 204.067 257.107 199.91 223.455 199.227 185.011 186.102 213.793 181.339 168.237 260.373 220.631 153.21
threshold=113.78999710083009 404.50000000000006 5252.0000000000009 153.50000000000003 90.559562683105483 81.000000000000014 6.5000000000000009 12.998333454132082 241.15277862548831 105.23237991333009 5.407222032546998 -0.91597560048103321 128.02666473388675 67.550472259521499
decision_type=2 2 2 2 2 2 2 2 2 2 2 2 2 2
left_child=1 6 3 4 -3 13 10 8 -8 -7 11 -1 -12 -2
right_child=5 2 -4 -5 -6 9 7 -9 -10 -11 12 -13 -14 -15
leaf_value=0.00025317569400295619 -1.6274455432444357 0.13434543433703824 -0.009670833037599991 -0.010287577599602464 -0.16401310687561058 -2.6869528050949167 0.17634439645573535 -0.055485887110259036 -0.0058211025544927129 0.39231321350262882 -0.094907134001256749 0 0.33715401364633862 0.18240276186200904
leaf_weight=2260 514 1636 458 1533 630 5184 7260 5414 1855 253 11635 12189 778 1356
leaf_count=2260 514 1636 458 1533 630 5184 7260 5414 1855 253 11635 12189 778 1356
internal_value=-0.00367353 -0.00191225 -0.0123299 -0.00803102 0.00140907 -0.0146677 -0.000839453 0.00370511 0.00806469 -0.0195057 -0.00329773 0.00037014 -0.00756563 -0.000586667
internal_weight=52955 45648 4257 3799 2266 7307 41391 14529 9115 5437 26862 14449 12413 1870
internal_count=52955 45648 4257 3799 2266 7307 41391 14529 9115 5437 26862 14449 12413 1870
is_linear=0
shrinkage=0.05


Tree=16
num_leaves=15
num_cat=0
split_feature=105 78 169 169 114 145 103 167 105 162 99 102 6 119
split_gain=357.528 272.445 230.797 220.881 185.456 151.91 138.199 249.974 160.203 235.525 220.808 129.372 124.075 180.709
threshold=137.00222015380862 404.50000000000006 112.50000000000001 150.50000000000003 90.559562683105483 1754.9871826171877 504.35333251953131 1.5000000000000002 45.195556640625007 56.860614776611335 26.054351806640629 174.42448425292972 416.06666564941412 86.796295166015639
decision_type=2 2 2 2 2 2 2 2 2 2 2 2 2 2
left_child=1 6 -3 4 -4 12 8 11 10 -10 -1 -8 13 -2
right_child=5 2 3 -5 -6 -7 7 -9 9 -11 -12 -13 -14 -15
leaf_value=0 -3.02343037415545 -0.0091872913857199909 0.57463033989193757 -0.012154456249660474 -0.13715853799978317 0.27061798110804169 0.010656549555610399 0.82270744067805723 -0.51303533355619768 0.044845034073872553 0.031195873571729704 -0.37383430174107202 -7.812197555171096 -0.29216217993751742
leaf_weight=20590 2681 459 1103 2433 488 282 648 1460 4985 4181 10982 224 402 2037
leaf_count=20590 2681 459 1103 2433 488 282 648 1460 4985 4181 10982 224 402 2037
internal_value=-0.00377738 -0.00239182 -0.0141154 -0.0102507 0.00422932 -0.0159608 -0.00117005 0.0106547 -0.00184817 -0.00766547 -0.000158343 -0.0104903 -0.0179317 -0.0156257
internal_weight=52955 47553 4483 4024 1591 5402 43070 2332 40738 9166 31572 872 5120 4718
internal_count=52955 47553 4483 4024 1591 5402 43070 2332 40738 9166 31572 872 5120 4718
is_linear=0
shrinkage=0.05


Tree=17
num_leaves=15
num_cat=0
split_feature=106 78 162 119 73 105 102 85 103 104 96 119 100 100
split_gain=317.298 213.961 263.492 292.472 162.467 174.345 185.387 177.493 150.179 137.615 132.949 206.666 135.104 241.259
threshold=172.30500030517581 466.00000000000006 341.19891357421881 86.796295166015639 6.5000000000000009 21.000555992126468 56.473201751708991 6.1716666221618661 504.35333251953131 73.290630340576186 377.89482116699224 85.212089538574233 448.30000305175787 493.50666809082037
decision_type=2 2 2 2 2 2 2 2 2 2 2 2 2 2
left_child=1 4 9 -4 5 6 -1 -7 -6 -3 11 -2 -13 -14
right_child=10 2 3 -5 8 7 -8 -9 -10 -11 -12 12 13 -15
leaf_value=0 -3.4850240526960152 -0.25755384285893174 0.12064435132500771 -0.0091654759071393161 0.00079749174036067554 -1.0771328625077341 0.0067067669804473581 -0.10319152161700673 1.6208650034355931 -0.01853556984285969 -8.0404462406920238 0.2989413005219575 -4.2293996467743211 1.8136847167493604
leaf_weight=15129 2158 448 1177 1243 15501 1943 4709 6390 494 1448 449 1065 626 175
leaf_count=15129 2158 448 1177 1243 15501 1943 4709 6390 494 1448 449 1065 626 175
internal_value=-0.00398036 -0.00280384 -0.0134228 -0.00247423 -0.00176473 -0.00404955 -0.00149927 -0.0101163 0.00225938 -0.027354 -0.0167151 -0.0138 -0.00160342 -0.0170596
internal_weight=52955 48482 4316 2420 44166 28171 19838 8333 15995 1896 4473 4024 1866 801
internal_count=52955 48482 4316 2420 44166 28171 19838 8333 15995 1896 4473 4024 1866 801
is_linear=0
shrinkage=0.05


Tree=18
num_leaves=15
num_cat=0
split_feature=6 78 160 119 105 156 164 161 172 89 86 99 98 100
split_gain=278.91 225.764 280.494 183.732 179.578 248.226 239.244 212.471 185.484 180.856 157.403 142.864 134.977 113.191
threshold=397.55999755859381 466.00000000000006 510.50000000000006 77.147022247314467 63.841667175292976 6.3437500000000009 116.48748016357423 100.98886108398439 0.78656607866287243 116.50166702270509 12.13166666030884 99.618766784667983 89.176036834716811 451.98666381835943
decision_type=2 2 2 2 2 2 2 2 2 2 2 2 2 2
left_child=1 4 3 -3 5 7 12 -1 -7 -8 11 -4 -6 -12
right_child=-2 2 10 -5 6 8 9 -9 -10 -11 13 -13 -14 -15
leaf_value=0 -3.0827955753497842 -0.09128411545636686 0.13645030898774949 -0.0079120207929639468 -1.0225722410491673 0.00064674468466970059 -0.10418156346593251 -0.044439461949032089 0.31408564990210053 0.91061558657603181 -0.30259996244847215 -0.06107535817597274 0.65507331516290868 0.31198882809714507
leaf_weight=19747 768 621 1297 1388 3810 10456 6072 2417 4068 320 822 389 430 350
leaf_count=19747 768 621 1297 1388 3810 10456 6072 2417 4068 320 822 389 430 350
internal_value=-0.00407855 -0.00363657 -0.0138855 -0.0281778 -0.00258109 -0.000922519 -0.00830121 -0.00425143 0.0041572 -0.00218853 -0.0038072 0.0059728 -0.0175029 -0.017842
internal_weight=52955 52187 4867 2009 47320 36688 10632 22164 14524 6392 2858 1686 4240 1172
internal_count=52955 52187 4867 2009 47320 36688 10632 22164 14524 6392 2858 1686 4240 1172
is_linear=0
shrinkage=0.05


Tree=19
num_leaves=15
num_cat=0
split_feature=105 79 68 119 172 111 169 6 119 115 115 162 91 66
split_gain=267.12 241.353 157.877 200.367 160.804 340.252 187.567 140.551 172.83 179.051 152.658 138.882 128.379 100.992
threshold=143.08889007568362 830.00000000000011 115.50000000000001 77.147022247314467 0.37940952181816107 1.0000000180025095e-35 234.50000000000003 416.06666564941412 86.796295166015639 344.34666442871099 484.50000000000006 179.2795104980469 33.013334274291999 181.50000000000003
decision_type=2 2 2 2 2 2 2 2 2 2 2 2 2 2
left_child=1 2 4 12 6 -6 -1 8 13 -10 -11 -3 -4 -2
right_child=7 11 3 -5 5 -7 -8 -9 9 10 -12 -13 -14 -15
leaf_value=0 -2.8630165477042855 1.5085607396254911e-05 2.2990766380829455 -0.0075164197533157499 -0.0045611436074823137 0.08314040708930151 -0.0078932041735574592 -7.0566965266299526 0.3059293166592541 -2.8257602383521232 1.4783024753354181 -0.010930710161185641 -0.15160669752793435 0.44977084455632643
leaf_weight=25588 2436 470 213 698 3606 13699 1811 396 603 1316 203 1334 386 196
leaf_count=25588 2436 470 213 698 3606 13699 1811 396 603 1316 203 1334 386 196
internal_value=-0.00387085 -0.00270446 -0.00199974 -0.0191628 -0.0014997 0.00227325 -0.00388264 -0.0146848 -0.0122715 -0.00164551 -0.010794 -0.0206191 0.00206954 -0.0208191
internal_weight=52955 47805 46001 1297 44704 17305 27399 5150 4754 2122 1519 1804 599 2632
internal_count=52955 47805 46001 1297 44704 17305 27399 5150 4754 2122 1519 1804 599 2632
is_linear=0
shrinkage=0.05


Tree=20
num_leaves=15
num_cat=0
split_feature=105 78 160 162 119 132 73 169 117 169 105 8 16 6
split_gain=232.313 202.773 249.876 189.65 177.785 171.836 169.028 139.527 221.049 152.576 131.547 200.538 172.206 119.177
threshold=172.1027755737305 466.00000000000006 510.50000000000006 346.24801635742193 77.147022247314467 28.965053558349613 6.5000000000000009 222.50000000000003 51.181381225585945 129.50000000000003 21.000555992126468 79.013332366943374 128.02666473388675 433.26666259765631
decision_type=2 2 2 2 2 2 2 2 2 2 2 2 2 2
left_child=1 6 4 -4 -3 -5 10 9 -9 -8 11 -1 -12 -2
right_child=13 2 3 5 -6 -7 7 8 -10 -11 12 -13 -14 -15
leaf_value=0 -1.6201734527164064 -0.026008744633255483 -0.12490212318386683 1.6212081513403807 -0.0070297262969770229 -0.012788282000028822 -0.0052101416611957108 -0.0048344010637527959 -0.23180272800763482 0.19249994554352995 -0.28813229090788833 0.046237573439160538 0.1689735974719429 -7.4005551866811174
leaf_weight=17808 3688 570 772 565 1351 1125 5657 2718 585 7210 7278 2030 1297 301
leaf_count=17808 3688 570 772 565 1351 1125 5657 2718 585 7210 7278 2030 1297 301
internal_value=-0.00396526 -0.00301913 -0.0132748 -0.00271585 -0.0267653 0.00666667 -0.00200951 0.0020711 -0.00708888 0.00442433 -0.00433176 -0.00209394 -0.00950466 -0.0155608
internal_weight=52955 48966 4383 2462 1921 1690 44583 16170 3303 12867 28413 19838 8575 3989
internal_count=52955 48966 4383 2462 1921 1690 44583 16170 3303 12867 28413 19838 8575 3989
is_linear=0
shrinkage=0.05


Tree=21
num_leaves=15
num_cat=0
split_feature=96 68 146 105 148 99 18 151 114 85 7 171 159 160
split_gain=230.929 188.955 186.978 212.521 248.919 216.992 160.863 134.828 104.411 82.9692 74.2313 42.4119 35.6389 29.5566
threshold=410.91204833984381 115.50000000000001 94.001186370849624 48.632778167724616 372.90278625488287 27.080925941467289 93.746665954589858 1118.0000000000002 35.428853988647468 11.003333568573 237.0299987792969 -0.6035533845424651 28.156250000000004 1220.0000000000002
decision_type=2 2 2 2 2 2 2 2 2 2 2 2 2 2
left_child=1 2 3 5 -5 -1 9 8 -4 13 12 -11 -8 -3
right_child=-2 6 7 4 -6 -7 10 -9 -10 11 -12 -13 -14 -15
leaf_value=-1.554166674613953e-05 -7.1223343241530621 0.27756116370479916 0.028058804406021504 -0.080650946055788181 -0.88452941052103073 0.014959443873995559 -0.0022707335479483256 -0.19536182755712894 0.44556319348795592 0.4588881484616314 0.0070108448663003409 -0.60472830246050602 -0.02298578728477791 4.8420915054147731
leaf_weight=22364 350 149 635 8476 5810 13039 242 124 675 107 100 232 539 113
leaf_count=22364 350 149 635 8476 5810 13039 242 124 675 107 100 232 539 113
internal_value=-0.00375 -0.00347843 -0.00296706 -0.00348131 -0.00862781 -0.00140364 -0.0210491 0.0148019 0.0195437 -0.00107261 -0.0345937 -0.0172965 -0.0397583 0.0198502
internal_weight=52955 52605 51123 49689 14286 35403 1482 1434 1310 601 881 339 781 262
internal_count=52955 52605 51123 49689 14286 35403 1482 1434 1310 601 881 339 781 262
is_linear=0
shrinkage=0.05


Tree=22
num_leaves=15
num_cat=0
split_feature=105 119 169 169 106 172 169 114 103 169 86 63 102 75
split_gain=300.121 442.286 305.406 262.752 210.921 618.365 469.178 182.666 181.003 259.653 230.426 180.86 248.954 178.963
threshold=55.65777778625489 80.91528701782228 105.50000000000001 234.50000000000003 3.9133334159851079 1.0000000180025095e-35 100.50000000000001 0.72004628181457531 448.67999267578131 207.50000000000003 88.971668243408217 2.5000000000000004 86.286167144775405 27.500000000000004
decision_type=2 2 2 2 2 2 2 2 2 2 2 2 2 2
left_child=1 3 -3 4 5 -1 -6 -5 -2 10 -10 12 -4 -9
right_child=8 2 11 7 6 -7 -8 13 9 -11 -12 -13 -14 -15
leaf_value=7.7708333730697655e-07 -0.73285670145231385 -0.0055289506178892766 -0.013284124123401226 0.060712002332880877 -0.19145459562584757 -1.4764583408832555e-05 0.047429662384084054 -0.020271178652153554 -0.066250319725802906 0.40969732680688087 -3.6026191298012593 0.0009865640855062491 -0.0074640239324960059 0.036238489395923848
leaf_weight=4864 6284 553 2490 249 3343 6054 12731 1729 6483 467 802 2065 4060 781
leaf_count=4864 6284 553 2490 249 3343 6054 12731 1729 6483 467 802 2065 4060 781
internal_value=-0.0020591 0.000201675 -0.00939714 0.00316071 0.00466348 0.0100247 0.00101996 -0.0115232 -0.00832562 -0.00321 -0.00553498 -0.00707077 -0.0111365 -0.0155865
internal_weight=52955 38919 9168 29751 26992 10918 16074 2759 14036 7752 7285 8615 6550 2510
internal_count=52955 38919 9168 29751 26992 10918 16074 2759 14036 7752 7285 8615 6550 2510
is_linear=0
shrinkage=0.05


Tree=23
num_leaves=15
num_cat=0
split_feature=117 165 105 171 169 169 105 68 170 9 33 115 129 172
split_gain=330.228 512.064 1065.21 254.043 250.867 293.894 332.935 290.302 254.368 153.032 146.721 150.328 111.017 108.413
threshold=7.6646413803100595 7.5000000000000009 1.0000000180025095e-35 -0.6035533845424651 112.50000000000001 222.50000000000003 37.997777938842781 1.0000000180025095e-35 1.0000000180025095e-35 446.80665588378912 23.500000000000004 120.1366653442383 1.0650926232337954 0.12940952181816107
decision_type=2 2 2 2 2 2 2 2 2 2 2 2 2 2
left_child=1 2 -1 9 8 6 -6 -7 13 10 11 -2 -4 -5
right_child=3 -3 12 4 5 7 -8 -9 -10 -11 -12 -13 -14 -15
leaf_value=7.3822917044162775e-07 -0.0038188073417484837 -1.4026354238390929e-05 -0.17720193404979245 7.3822917044162775e-07 0.07065890483673283 -0.10880351177404929 -0.098381956478343302 -0.011715620363995248 -0.0086464961048781496 0.60333458595825717 0.15122830627006426 -0.068353642093543068 0.093364617282966439 -0.021885826124814326
leaf_weight=2113 4151 6790 1095 1440 10809 1335 11631 3049 1008 240 1067 6978 137 1112
leaf_count=2113 4151 6790 1095 1440 10809 1335 11631 3049 1008 240 1067 6978 137 1112
internal_value=-0.00182685 0.00628698 0.0222836 -0.00374781 -0.00128336 0.000372731 0.00268657 -0.0114605 -0.0137447 -0.0097661 -0.0105483 -0.0122463 -0.0146322 -0.00531873
internal_weight=52955 10135 3345 42820 30384 26824 22440 4384 3560 12436 12196 11129 1232 2552
internal_count=52955 10135 3345 42820 30384 26824 22440 4384 3560 12436 12196 11129 1232 2552
is_linear=0
shrinkage=0.05


Tree=24
num_leaves=15
num_cat=0
split_feature=10 119 172 105 158 166 104 162 161 133 162 165 91 156
split_gain=368.556 635.14 564.064 414.516 424.046 303.65 222.023 216.777 171.087 170.528 206.847 169.775 156.248 288.497
threshold=3.9300000667572026 77.147022247314467 1.0000000180025095e-35 0.073333334177732482 1.4129848480224612 7.5000000000000009 120.46842193603517 13.624007701873781 0.54835063219070446 268.05332946777349 590.12103271484386 10.500000000000002 283.25999450683599 3.2604166269302373
decision_type=2 2 2 2 2 2 2 2 2 2 2 2 2 2
left_child=1 2 3 4 -1 -2 7 -3 -7 -4 -11 -9 -10 -14
right_child=5 6 9 -5 -6 8 -8 11 12 10 -12 -13 13 -15
leaf_value=1.4395468823611742e-06 0.02179753235828873 0.37038262828647428 -0.00077889034507591106 -0.00013617550774456695 -0.0010440323602321376 -0.17832478953824207 0.38990313720178238 -0.0028924669664288508 -0.056059760306112177 1.4995044211873036 -0.061434298193164517 -0.014047962934803962 0.97316785666034422 -3.5433607483781628
leaf_weight=3742 12387 144 6485 1599 634 1573 362 1630 19551 698 111 1988 598 1453
leaf_count=3742 12387 144 6485 1599 634 1573 362 1630 19551 698 111 1988 598 1453
internal_value=-0.00147753 0.00448615 0.00981242 0.0211957 0.0291486 -0.00439452 -0.0126423 -0.0162463 -0.00777179 0.000479518 0.0220516 -0.0186586 -0.00660897 -0.0197228
internal_weight=52955 17393 13269 5975 4376 35562 4124 3762 23175 7294 809 3618 21602 2051
internal_count=52955 17393 13269 5975 4376 35562 4124 3762 23175 7294 809 3618 21602 2051
is_linear=0
shrinkage=0.05


Tree=25
num_leaves=15
num_cat=0
split_feature=117 105 172 105 119 100 100 105 169 107 88 161 103 173
split_gain=390.301 576.131 948.383 213.901 180.09 318.324 226.44 255.702 205.861 172.027 166.726 160.731 148.664 160.833
threshold=7.6646413803100595 2.0011111497879033 0.12940952181816107 213.3527755737305 81.865547180175795 68.983333587646499 451.98666381835943 56.001111984252937 207.50000000000003 0.0070710675790905961 0.03166666720062495 24.050435066223148 228.9233322143555 0.87837970256805431
decision_type=2 2 2 2 2 2 2 2 2 2 2 2 2 2
left_child=1 2 9 4 6 10 7 -2 -7 -1 -6 -3 13 -4
right_child=3 11 12 -5 5 8 -8 -9 -10 -11 -12 -13 -14 -15
leaf_value=6.2934036780148762e-07 0.00083484993959064577 -0.16508984216628411 0.00083028707101688711 -2.9081667837593388 -0.0040967398014641497 -0.01336021032317284 1.2680113218340272 -0.29299357349626959 0.63039534935758812 2.5619480727324172e-05 -0.0076863813837905488 0.042915687832248001 -0.004291925279634734 -0.0054145087937886929
leaf_weight=2880 20005 2452 1979 2724 1064 6926 1045 8143 737 404 2176 908 1106 406
leaf_count=2880 20005 2452 1979 2724 1064 6926 1045 8143 737 404 2176 908 1106 406
internal_value=-0.000965823 0.00785503 0.0162463 -0.00305429 -0.00213212 -0.00761368 -8.39099e-05 -0.000934181 -0.00205399 0.0355123 -0.0207396 -0.00906389 -0.00190217 0.00512552
internal_weight=52955 10135 6775 42820 40096 10903 29193 28148 7663 3284 3240 3360 3491 2385
internal_count=52955 10135 6775 42820 40096 10903 29193 28148 7663 3284 3240 3360 3491 2385
is_linear=0
shrinkage=0.05


Tree=26
num_leaves=15
num_cat=0
split_feature=117 105 172 107 146 90 159 112 134 114 161 103 173 160
split_gain=395.274 531.176 932.129 225.823 173.807 209.82 195.895 163.882 161.679 153.557 149.002 129.816 144.339 115.082
threshold=7.6646413803100595 2.8377777338027959 0.12940952181816107 0.0070710675790905961 94.001186370849624 137.00222015380862 50.111110687255866 52.721666336059577 24.191840171813968 144.17967224121097 24.050435066223148 228.9233322143555 0.87837970256805431 106.50000000000001
decision_type=2 2 2 2 2 2 2 2 2 2 2 2 2 2
left_child=1 2 3 -1 5 6 9 -6 -8 -2 -3 12 -4 -7
right_child=4 10 11 -5 7 13 8 -9 -10 -11 -12 -13 -14 -15
leaf_value=5.9787334941141324e-07 -5.6654823357870331e-05 -0.16197558276929813 0.00078877271746604282 2.4338506690957962e-05 -0.0074212422718709092 -0.0041523697378382353 -0.0075769914109559446 0.32595308095264663 -0.01435845446508676 0.9200533585811389 0.036191600465941165 -0.0040773290156529973 -0.0051437833540992576 -1.8470778703568085
leaf_weight=2880 24337 2296 2007 516 438 1426 4195 860 6488 704 891 1126 419 4372
leaf_count=2880 24337 2296 2007 516 438 1426 4195 860 6488 704 891 1126 419 4372
internal_value=-0.000992258 0.00788462 0.0156335 0.0343428 -0.00309399 -0.00365786 -0.00222508 0.0148887 -0.00789203 0.000193644 -0.00900689 -0.0022772 0.00423694 -0.0124763
internal_weight=52955 10135 6948 3396 42820 41522 35724 1298 10683 25041 3187 3552 2426 5798
internal_count=52955 10135 6948 3396 42820 41522 35724 1298 10683 25041 3187 3552 2426 5798
is_linear=0
shrinkage=0.05


Tree=27
num_leaves=15
num_cat=0
split_feature=117 105 172 107 105 99 117 171 119 96 102 117 86 160
split_gain=391.381 516.525 926.216 233.203 161.5 188.687 233.934 282.929 226.483 195.986 176.578 151.243 248.925 138.669
threshold=7.6646413803100595 2.8377777338027959 0.12940952181816107 0.0070710675790905961 213.3527755737305 16.968217849731449 13.76007127761841 -0.91597560048103321 80.91528701782228 9.2167706489563006 86.286167144775405 85.650398254394545 82.65000152587892 673.50000000000011
decision_type=2 2 2 2 2 2 2 2 2 2 2 2 2 2
left_child=1 2 3 -1 5 8 -7 -8 9 -2 -10 -6 13 -13
right_child=4 -3 -4 -5 11 6 7 -9 10 -11 -12 12 -14 -15
leaf_value=5.6797968194084247e-07 0.00041833321244767345 -0.1260126981499527 -0.0037995000552531379 2.3121581356410065e-05 -4.5837055188838391 -0.020140520393002154 -0.086453075635012588 0.025070824007939085 -0.0062375448220080773 -0.037417629676694535 -0.002202029478667131 1.3254565326942764 -5.1267964015469092 -7.3729280787926799
leaf_weight=2880 3955 3187 3552 516 1206 1641 3215 24365 2930 2520 1470 788 629 101
leaf_count=2880 3955 3187 3552 516 1206 1641 3215 24365 2930 2520 1470 788 629 101
internal_value=-0.000869524 0.00796351 0.0156048 0.0342546 -0.00296089 -0.00215955 -6.67214e-05 0.00102592 -0.00778033 -0.0018287 -0.0165267 -0.0147307 -0.00420223 0.0128076
internal_weight=52955 10135 6948 3396 42820 40096 29221 27580 10875 6475 4400 2724 1518 889
internal_count=52955 10135 6948 3396 42820 40096 29221 27580 10875 6475 4400 2724 1518 889
is_linear=0
shrinkage=0.05


Tree=28
num_leaves=15
num_cat=0
split_feature=103 105 172 146 105 119 148 100 159 158 162 173 99 156
split_gain=409.933 554.17 489.114 204.337 206.398 343.795 260.053 259.278 218.094 213.249 198.884 151.783 135.96 129.934
threshold=203.09999847412112 2.0011111497879033 0.12940952181816107 94.001186370849624 48.632778167724616 80.91528701782228 372.90278625488287 68.983333587646499 1171.9097290039065 90.728229522705092 45.146329879760749 0.87837970256805431 0.003379629692062736 46.635417938232429
decision_type=2 2 2 2 2 2 2 2 2 2 2 2 2 2
left_child=1 2 -1 4 5 8 10 -7 -2 -8 -6 12 -4 -3
right_child=3 13 11 -5 6 7 9 -9 -10 -11 -12 -13 -14 -15
leaf_value=1.2778098682854282e-06 0.00028716785483354906 -0.14756487497248322 0.0011170965668107703 0.15244868726969307 -0.46447637603748593 -0.0055496507515277703 -0.62590094330741997 -0.0063895620283574558 -0.019234370972716047 -2.4876657613090369 0.082485345023957948 -0.0046966191836316376 0.00039070007011478248 0.12815572828477381
leaf_weight=2273 20251 2132 250 1510 3087 3312 5379 5582 264 861 5607 410 1672 365
leaf_count=2273 20251 2132 250 1510 3087 3312 5379 5582 264 861 5607 410 1672 365
internal_value=-0.000550415 0.0106233 0.0209002 -0.00228204 -0.00289867 -0.000467464 -0.00768458 -0.00867513 0.00309211 -0.0154684 -0.00209219 0.00479247 0.0106902 -0.00833333
internal_weight=52955 7102 4605 45853 44343 29409 14934 8894 20515 6240 8694 2332 1922 2497
internal_count=52955 7102 4605 45853 44343 29409 14934 8894 20515 6240 8694 2332 1922 2497
is_linear=0
shrinkage=0.05


Tree=29
num_leaves=15
num_cat=0
split_feature=103 105 172 169 171 146 105 119 173 160 99 114 65 92
split_gain=468.199 561.079 487.826 228.656 236.409 193.336 198.635 245.686 149.596 147.284 135.96 128.745 116.045 107.122
threshold=203.09999847412112 2.0011111497879033 0.12940952181816107 90.500000000000014 -0.91597560048103321 94.001186370849624 114.39333343505861 81.865547180175795 0.87837970256805431 81.000000000000014 0.003379629692062736 36.798761367797859 2.5000000000000004 0.026198553852736953
decision_type=2 2 2 2 2 2 2 2 2 2 2 2 2 2
left_child=1 2 13 4 -2 6 7 -5 10 -8 -4 12 -7 -1
right_child=3 -3 8 5 -6 11 9 -9 -10 -11 -12 -13 -14 -15
leaf_value=1.2139193748711568e-06 0.00022669809725897467 -0.11521151409799467 0.0010612417384702319 0.00049376282368443654 -0.00092179402745654754 -0.18451363873777415 0.035623029492823366 -0.0059082120664240454 -0.0044617882244500561 -2.2137010733862859 0.00037116506660904333 0.3080972429191684 0.047715554412175315 2.75484872213485e-05
leaf_weight=2041 360 2497 250 25808 2512 141 1682 9529 410 4452 1672 693 676 232
leaf_count=2041 360 2497 250 25808 2512 141 1682 9529 410 4452 1672 693 676 232
internal_value=-0.00136046 0.0105811 0.0209219 -0.003211 -0.0168578 -0.00229726 -0.00293784 -0.00149539 0.00483526 -0.0112396 0.0106902 0.0152475 0.00176399 0.0373793
internal_weight=52955 7102 4605 45853 2872 42981 41471 35337 2332 6134 1922 1510 817 2273
internal_count=52955 7102 4605 45853 2872 42981 41471 35337 2332 6134 1922 1510 817 2273
is_linear=0
shrinkage=0.05


Tree=30
num_leaves=15
num_cat=0
split_feature=117 105 172 107 68 119 100 10 146 119 161 103 173 91
split_gain=431.388 506.968 929.96 226.506 178.706 200.927 155.537 156.182 216.606 208.382 151.192 142.378 152.917 111.314
threshold=7.7836582660675058 2.8377777338027959 0.12940952181816107 0.0070710675790905961 115.50000000000001 77.147022247314467 506.72000122070318 55.930000305175788 94.140346527099624 82.061923980712905 24.050435066223148 228.9233322143555 0.87837970256805431 29.003333091735843
decision_type=2 2 2 2 2 2 2 2 2 2 2 2 2 2
left_child=1 2 3 -1 6 -6 7 9 -9 -2 -3 12 -4 -12
right_child=4 10 11 -5 5 -7 -8 8 -10 -11 13 -13 -14 -15
leaf_value=2.5405134595208654e-05 0.0022001205220342017 -0.14143118595309792 0.00090121582751920618 5.3696810919739482e-05 -0.0070851326830562835 -0.0055344472787501034 -0.032071932707126931 -0.31401598351780247 0.42271970685001126 -0.0061877493196027394 0.11960702904120996 -0.0036517562534765418 -0.004238698813227553 -0.20287267369238973
leaf_weight=2948 20462 2351 2023 523 734 748 288 12784 451 7151 624 1126 419 323
leaf_count=2948 20462 2351 2023 523 734 748 288 12784 451 7151 624 1126 419 323
internal_value=-0.000318165 0.00884258 0.0164182 0.0348245 -0.00254088 -0.0195696 -0.00192509 -0.0016645 -0.00612915 0.000476139 -0.00732667 -0.00151134 0.00527176 0.0095063
internal_weight=52955 10337 7039 3471 42618 1482 41136 40848 13235 27613 3298 3568 2442 947
internal_count=52955 10337 7039 3471 42618 1482 41136 40848 13235 27613 3298 3568 2442 947
is_linear=0
shrinkage=0.05


Tree=31
num_leaves=15
num_cat=0
split_feature=68 119 159 146 105 99 119 26 84 119 165 159 146 95
split_gain=188.126 200.927 161.092 193.262 180.66 259.819 223.797 107.547 82.7504 79.7321 74.8402 71.991 36.2759 21.0431
threshold=115.50000000000001 77.147022247314467 1171.9097290039065 104.1478843688965 34.631666183471687 26.054351806640629 32.005182266235359 347.80665588378912 10.244999885559084 82.21366119384767 10.500000000000002 13.925346851348879 105.31492233276369 17.3175802230835
decision_type=2 2 2 2 2 2 2 2 2 2 2 2 2 2
left_child=2 8 3 4 5 -1 -6 -4 13 -3 11 -10 -5 -2
right_child=1 9 7 12 6 -7 -8 -9 10 -11 -12 -13 -14 -15
leaf_value=-8.552624940744616e-07 4.8954368343381045 -0.0039599501247384941 -0.086288077757360249 0.48664495947001046 -0.68061558967867775 0.023586961215579461 -0.092008536063534208 0.1511565635597909 -0.26714212580705854 -0.023737411544269907 -1.0748697860424563 0.19553090915102242 0.13251282040288456 0.38806459594974263
leaf_weight=21321 136 490 408 350 2160 10431 16575 114 103 258 238 153 114 104
leaf_count=21321 136 490 408 350 2160 10431 16575 114 103 258 238 153 114 104
internal_value=-0.00203644 -0.0195696 -0.00152978 -0.00124519 -0.00154183 0.000755739 -0.0054349 -0.0290323 -0.000947226 -0.0377158 -0.0126253 0.00613027 0.0307036 0.0228571
internal_weight=52955 1482 51473 50951 50487 31752 18735 522 734 748 494 256 464 240
internal_count=52955 1482 51473 50951 50487 31752 18735 522 734 748 494 256 464 240
is_linear=0
shrinkage=0.05


Tree=32
num_leaves=15
num_cat=0
split_feature=68 119 100 111 100 115 88 99 119 144 105 159 33 110
split_gain=187.777 202.419 150.408 149.075 139.713 142.736 142.652 89.2359 79.7321 72.5664 105.315 50.5684 36.9398 26.5468
threshold=115.50000000000001 77.147022247314467 506.72000122070318 356.06413269042974 465.51333618164068 426.01333618164068 119.83833312988283 152.6408386230469 82.21366119384767 0.24216628074645999 26.004444122314457 13.925346851348879 1.5000000000000002 2.9150847196578984
decision_type=2 2 2 2 2 2 2 2 2 2 2 2 2 2
left_child=2 9 3 4 5 -1 -6 -5 -3 11 -11 -2 -13 -9
right_child=1 8 -4 7 6 -7 -8 13 -10 10 -12 12 -14 -15
leaf_value=-8.1249936937073858e-07 -0.08059095137380462 -0.0037619526185015701 -0.03046829330864588 0.37980666728636908 0.77138893363950722 -0.095863249313950058 -0.55508846833577685 -2.6932676755965774 -0.022550540967056412 0.074584244957307977 -2.6442175130143646 5.6769983752848177 0.40418500615584563 -8.1682766547059202
leaf_weight=45768 113 490 288 105 2087 2677 125 100 258 132 226 155 108 323
leaf_count=45768 113 490 288 105 2087 2677 125 100 258 132 226 155 108 323
internal_value=-0.00198546 -0.0195024 -0.00147927 -0.00127466 -0.000997789 -0.00155934 0.0112765 -0.0275797 -0.0377158 -0.000811908 -0.0168044 0.0144357 0.026306 -0.0377336
internal_weight=52955 1482 51473 51185 50657 48445 2212 528 748 734 358 376 263 423
internal_count=52955 1482 51473 51185 50657 48445 2212 528 748 734 358 376 263 423
is_linear=0
shrinkage=0.05


Tree=33
num_leaves=14
num_cat=0
split_feature=116 100 115 105 117 100 102 119 104 6 65 165 165
split_gain=153.002 149.502 195.62 199.657 153.794 139.643 94.2643 66.1504 15.6216 14.7593 8.48251 18.459 3.76751
threshold=181.71352386474612 506.72000122070318 484.50000000000006 226.04000091552737 140.65515136718753 68.983333587646499 168.50943756103518 161.9431076049805 116.53567504882814 140.97333526611331 4.5000000000000009 9.5000000000000018 8.5000000000000018
decision_type=2 2 2 2 2 2 2 2 2 2 2 2 2
left_child=1 2 3 5 -5 -1 7 8 -2 -4 11 -8 -3
right_child=6 12 9 4 -6 -7 10 -9 -10 -11 -12 -13 -14
leaf_value=-7.7187440090220154e-07 -2.7293808618320328 -0.028944878643213587 2.4713261202212267 -4.7655562597987169 -0.12961883487871156 3.1084020692405555e-05 -0.60748170752148634 2.0328026699411108 -0.0034893705004550115 0.26482564008671577 -4.8351113470510514 -0.039574822760490055 -0.0241550236433134
leaf_weight=12775 100 108 188 1180 892 36759 111 116 132 101 180 133 180
leaf_count=12775 100 108 188 1180 892 36759 111 116 132 101 180 133 180
internal_value=-0.00191371 -0.00158561 -0.00138439 -0.00161593 -0.0168031 -0.000979027 -0.0239382 -0.00453258 -0.0198312 0.0392857 -0.039627 -0.0321285 -0.0372014
internal_weight=52955 52183 51895 51606 2072 49534 772 348 232 289 424 244 288
internal_count=52955 52183 51895 51606 2072 49534 772 348 232 289 424 244 288
is_linear=0
shrinkage=0.05


Tree=34
num_leaves=15
num_cat=0
split_feature=100 105 118 100 102 159 165 118 119 146 148 113 112 69
split_gain=149.652 148.165 219.841 188.243 204.808 204.513 181.096 334.017 288.222 168.542 197.573 161.007 105.118 24.0971
threshold=506.72000122070318 34.631666183471687 237.02166748046878 219.94666290283206 104.91833114624025 1171.9097290039065 5.5000000000000009 230.22332763671878 80.91528701782228 94.140346527099624 372.90278625488287 56.070613861083991 52.721666336059577 5.5000000000000009
decision_type=2 2 2 2 2 2 2 2 2 2 2 2 2 2
left_child=1 3 13 6 5 -5 7 -1 -8 10 -4 -6 -11 -3
right_child=-2 2 9 4 11 -7 8 -9 -10 12 -12 -13 -14 -15
leaf_value=-7.3328068085709151e-07 -0.027497634711052904 -1.4808954318851075 -0.010205959227782474 0.036513241621234503 -0.036040118650995885 -0.015545218266473766 0.00022177373881347622 2.9529819657785273e-05 -0.0056340683145534301 -0.017996575747767845 -0.50161954717797297 0.20566184274012578 0.33227288660586773 -0.80005429250635451
leaf_weight=2800 288 542 10334 6501 1610 439 14513 3020 3862 209 7771 292 650 124
leaf_count=2800 288 542 10334 6501 1610 439 14513 3020 3862 209 7771 292 650 124
internal_value=-0.00156628 -0.0013679 -0.00480774 0.000676412 0.0069176 0.0108999 -0.00160537 -0.00928755 0.000829706 -0.00381148 -0.00483987 -0.00760357 0.0177662 -0.0329359
internal_weight=52955 52667 19630 33037 8842 6940 24195 5820 18375 18964 18105 1902 859 666
internal_count=52955 52667 19630 33037 8842 6940 24195 5820 18375 18964 18105 1902 859 666
is_linear=0
shrinkage=0.05


Tree=35
num_leaves=15
num_cat=0
split_feature=166 94 119 128 167 39 113 164 171 141 36 105 171 118
split_gain=145.947 239.828 191.117 128.264 152.652 171.247 158.871 120.525 124.9 116.64 125.317 178.524 288.478 188.787
threshold=7.5000000000000009 0.20666667073965075 60.119501113891609 15.458831787109377 1.5000000000000002 20.500000000000004 1.1105659008026125 18.883520126342777 0.98296290636062633 10.465896606445314 12.500000000000002 10.001111030578615 -0.91597560048103321 224.44166564941409
decision_type=2 2 2 2 2 2 2 2 2 2 2 2 2 2
left_child=1 2 7 4 5 -3 -6 8 -1 10 11 12 -2 -13
right_child=9 3 -4 -5 6 -7 -8 -9 -10 -11 -12 13 -14 -15
leaf_value=-0.0034801351459301717 0.00022710214692661201 -0.021637385754819362 -0.012420342556486597 1.5595737629808151 0.41658595971513751 0.80448847258373846 0.073832488629075654 0.23596214125849602 1.3168172737991777e-05 0.13866625569095509 0.07688141173675607 -0.60976041255905356 -2.289411401479625e-06 -0.14984087520623762
leaf_weight=1293 3164 3098 1090 529 562 413 10236 293 137 886 3789 1040 12698 13727
leaf_count=1293 3164 3098 1090 529 562 413 10236 293 137 886 3789 1040 12698 13727
internal_value=-0.0023159 0.00139613 -0.0119766 0.00393451 0.00303549 -0.00601536 0.00597982 -0.00159144 -0.00759582 -0.00417174 -0.00463353 -0.00569465 -0.00201046 -0.00965001
internal_weight=52955 17651 2813 14838 14309 3511 10798 1723 1430 35304 34418 30629 15862 14767
internal_count=52955 17651 2813 14838 14309 3511 10798 1723 1430 35304 34418 30629 15862 14767
is_linear=0
shrinkage=0.05


Tree=36
num_leaves=15
num_cat=0
split_feature=146 172 118 150 104 90 104 113 158 105 78 151 115 161
split_gain=150.159 158.943 460.092 247.202 261.228 219.079 170.941 172.52 139.425 152.693 148.609 115.458 107.57 202.044
threshold=94.001186370849624 -0.37940952181816096 224.44166564941409 62.833333969116218 79.340667724609389 23.078888893127445 6.593168020248414 133.80481719970706 0.40288452804088598 13.002222061157228 3.5000000000000004 1142.0000000000002 40.659999847412116 1.0000000180025095e-35
decision_type=2 2 2 2 2 2 2 2 2 2 2 2 2 2
left_child=1 2 8 6 5 -5 -3 -8 10 -10 -1 -2 -4 -14
right_child=11 3 12 4 -6 -7 7 -9 9 -11 -12 -13 13 -15
leaf_value=-2.1749408314056438e-06 0.18131845755190057 0.00084930830121080674 2.9760593999635381e-05 0.3858637693534307 -0.03297288330550862 -0.16802903025690025 0.00014738135209927978 1.364250692767448 9.1188100209407743e-06 -0.80212434568533042 0.00052270072530485748 -0.039574598098229746 -0.0017960177908338659 -0.0030710635755653473
leaf_weight=2491 1313 194 1411 1155 2961 2007 25502 338 1018 480 345 197 765 12778
leaf_count=2491 1313 194 1411 1155 2961 2007 25502 338 1018 480 345 197 765 12778
internal_value=-0.00224792 -0.00270457 -0.00629244 -0.000551894 -0.00958714 0.000410483 0.00157456 0.0012188 -0.0206269 -0.00825017 -0.0271383 0.0132673 -0.0021325 -0.00350236
internal_weight=52955 51445 19288 32157 6123 3162 26034 25840 4334 1498 2836 1510 14954 13543
internal_count=52955 51445 19288 32157 6123 3162 26034 25840 4334 1498 2836 1510 14954 13543
is_linear=0
shrinkage=0.05


Tree=37
num_leaves=15
num_cat=0
split_feature=166 167 130 100 39 169 78 97 119 141 97 156 86 156
split_gain=145.947 152.242 200.974 161.202 182.984 157.382 149.178 165.619 144.858 111.848 140.471 191.804 156.563 125.01
threshold=7.5000000000000009 1.5000000000000002 84.853332519531264 19.366666793823246 14.500000000000002 156.50000000000003 380.50000000000006 53.100000381469734 65.81366348266603 10.465896606445314 355.59832763671881 2.2187500000000004 70.689998626708999 6.3437500000000009
decision_type=2 2 2 2 2 2 2 2 2 2 2 2 2 2
left_child=1 2 3 -1 -5 8 7 -7 -3 10 13 12 -12 -2
right_child=9 5 -4 4 -6 6 -8 -9 -10 -11 11 -13 -14 -15
leaf_value=0.00074437969037159787 -0.00020946056738959125 0.045220679758680909 0.44139566536408259 -0.0087860825934956768 0.53512971913569418 0.39603315582077603 -0.1062646013197858 0.15192650364413102 -0.031324239140233183 0.13335367989434577 1.5292076264589214 -1.194191765726123 -2.7561310300822832 0.00023646088141803602
leaf_weight=560 19643 4910 527 3579 409 2172 259 3713 1522 886 327 1717 225 12506
leaf_count=560 19643 4910 527 3579 409 2172 259 3713 1522 886 327 1717 225 12506
internal_value=-0.00228191 0.00143011 -0.00587598 -0.00926861 -0.0127974 0.00437962 0.0100992 0.0117402 -0.00108746 -0.00413776 -0.00458995 -0.0166007 0.00897666 -0.00373981
internal_weight=52955 17651 5075 4548 3988 12576 6144 5885 6432 35304 34418 2269 552 32149
internal_count=52955 17651 5075 4548 3988 12576 6144 5885 6432 35304 34418 2269 552 32149
is_linear=0
shrinkage=0.05


Tree=38
num_leaves=15
num_cat=0
split_feature=118 106 105 117 99 86 151 116 29 161 27 162 60 143
split_gain=216.431 188.383 141.025 166.978 227.282 121.915 109.454 219.265 254.531 194.202 155.827 223.782 158.573 98.7117
threshold=119.68666839599611 20.671666145324711 226.04000091552737 85.650398254394545 130.19734191894534 88.971668243408217 4.5000000000000009 7.5084202289581308 5.0199999809265146 1.0000000180025095e-35 19.006667137146 205.4429626464844 19.500000000000004 63.615074157714851
decision_type=2 2 2 2 2 2 2 2 2 2 2 2 2 2
left_child=1 -1 6 13 -5 -6 7 8 -2 -9 11 -8 -12 -4
right_child=2 -3 3 4 5 -7 10 9 -10 -11 12 -13 -14 -15
leaf_value=0.00022044379509946239 3.8745592669133174e-05 -0.473112455735472 -5.1297232453583419 1.41941389590807 0.055420054061595891 -5.4796804009566245 0.12370542683676995 -0.0053003502089222949 -0.012361108255160055 -0.0029070373684176006 -0.003807440541361836 -0.0028308788924682458 -0.20350364441780322 0.53664929508453418
leaf_weight=2819 6175 490 834 368 639 471 13235 2468 340 17660 1611 4802 884 159
leaf_count=2819 6175 490 834 368 639 471 13235 2468 340 17660 1611 4802 884 159
internal_value=-0.000648603 0.011723 -0.00147429 -0.0131058 -0.00242751 -0.013722 -0.000863713 -0.00297771 0.00499233 -0.00555804 0.00187953 0.00350017 -0.00982 -0.0289078
internal_weight=52955 3309 49646 2471 1478 1110 47175 26643 6515 20128 20532 18037 2495 993
internal_count=52955 3309 49646 2471 1478 1110 47175 26643 6515 20128 20532 18037 2495 993
is_linear=0
shrinkage=0.05


Tree=39
num_leaves=15
num_cat=0
split_feature=105 119 148 146 158 79 133 158 99 9 28 160 129 164
split_gain=167.559 209.137 173.472 178.616 210.608 169.243 156.606 194.615 206.407 154.441 147.737 133.08 142.625 126.748
threshold=34.631666183471687 32.321880340576179 356.16278076171881 94.001186370849624 68.917938232421889 215.50000000000003 267.97332763671881 6.5566442012786874 99.618766784667983 336.06666564941412 71.306667327880874 13.000000000000002 6.6902027130126962 259.41006469726568
decision_type=2 2 2 2 2 2 2 2 2 2 2 2 2 2
left_child=5 -2 11 4 -4 6 9 8 -8 10 -1 -3 -13 -7
right_child=1 2 3 -5 -6 13 7 -9 -10 -11 -12 12 -14 -15
leaf_value=8.1137081344001782e-06 -0.64149325712346339 -0.88785298818245062 -0.29876595380598764 0.11243691043989941 -1.524548973467337 0.0004839989541469899 0.014460876210936092 0.31347230845898555 -0.087236161145654398 -0.20600133691695288 -0.028165882723816555 0.14880832339726496 -0.45476296553399398 -0.0066947062620595996
leaf_weight=23580 2218 480 6601 922 1258 1620 2259 1987 942 329 527 7228 938 2066
leaf_count=23580 2218 480 6601 922 1258 1620 2259 1987 942 329 527 7228 938 2066
internal_value=-0.00105835 -0.0047201 -0.00287689 -0.00782495 -0.0102683 0.00110161 0.00235918 0.0102446 0.00260449 0.000683278 0.00115088 0.00215004 0.00365928 -0.00899485
internal_weight=52955 19645 17427 8781 7859 33310 29624 5188 3201 24436 24107 8646 8166 3686
internal_count=52955 19645 17427 8781 7859 33310 29624 5188 3201 24436 24107 8646 8166 3686
is_linear=0
shrinkage=0.05


Tree=40
num_leaves=15
num_cat=0
split_feature=106 86 119 100 63 89 119 103 169 106 144 154 158 8
split_gain=152.953 187.183 165.741 227.063 212.287 196.799 136.565 216.985 187.225 176.495 112.843 245.552 122.819 106.489
threshold=113.78999710083009 129.00666809082034 79.382408142089858 428.10667419433599 36.500000000000007 7.2149999141693124 80.91528701782228 416.60000610351568 157.50000000000003 60.010000228881843 0.036857638508081443 3.5000000000000004 26.910794258117679 156.00666809082034
decision_type=2 2 2 2 2 2 2 2 2 2 2 2 2 2
left_child=1 6 -2 5 13 -4 7 9 -9 -1 12 -12 -8 -5
right_child=2 -3 3 4 -6 -7 10 8 -10 -11 11 -13 -14 -15
leaf_value=7.6566642941329217e-06 -1.4623890476086239 1.4124780008705906 -0.5726477006627978 -2.1794638785334901 -6.4596666831764571 0.60245186086269698 -0.0022824009343413356 0.0962292381634344 0.59278590894119887 -0.45643874587736044 -0.22445755846326226 1.1077036742894193 -0.14694417470999341 1.0872529933926771
leaf_weight=25893 3587 261 462 849 413 1539 8115 6012 507 3021 392 623 824 457
leaf_count=25893 3587 261 462 849 413 1539 8115 6012 507 3021 392 623 824 457
internal_value=-0.000979041 9.63792e-05 -0.00769283 -0.000295302 -0.0136021 0.0111416 -0.000148705 0.0013051 0.00954169 -0.000553269 -0.00532182 0.0104412 -0.0071165 -0.00366133
internal_weight=52955 45648 7307 3720 1719 2001 45387 35433 6519 28914 9954 1015 8939 1306
internal_count=52955 45648 7307 3720 1719 2001 45387 35433 6519 28914 9954 1015 8939 1306
is_linear=0
shrinkage=0.05


Tree=41
num_leaves=15
num_cat=0
split_feature=105 117 99 146 159 27 114 169 86 115 143 97 102 60
split_gain=141.342 155.399 208.737 121.211 146.203 146.688 219.904 115.765 111.512 162.579 96.6637 95.6471 99.8953 54.8881
threshold=226.04000091552737 85.650398254394545 130.19734191894534 94.001186370849624 1171.9097290039065 20.039999961853031 42.037014007568366 234.50000000000003 96.711666107177749 484.50000000000006 63.615074157714851 142.93833160400393 76.472419738769545 15.500000000000002
decision_type=2 2 2 2 2 2 2 2 2 2 2 2 2 2
left_child=3 10 -3 4 5 7 -7 -1 9 -4 -2 12 -5 -13
right_child=1 2 8 11 -6 6 -8 -9 -10 -11 -12 13 -14 -15
leaf_value=7.2738310794262756e-06 -4.8089172934107012 1.3108801918996684 -1.7754051019469737 0.029909488402827668 -0.036832994850981383 0.052753774408972845 -0.27092559124202692 -0.0059614220231127904 -5.7233749960840221 2.1711128962378483 0.49557240702396688 0.59110471481040727 -0.036427154498559385 0.038388915510734423
leaf_weight=42799 834 368 654 222 315 1403 2131 2405 330 126 159 463 165 581
leaf_count=42799 834 368 654 222 315 1403 2131 2405 330 126 159 463 165 581
internal_value=-0.000997923 -0.0126616 -0.00236008 -0.000425835 -0.000844918 -0.000623679 -0.0104267 0.000143777 -0.0131839 -0.00280255 -0.0279058 0.0138928 -0.00727041 0.021735
internal_weight=52955 2471 1478 50484 49053 48738 3534 45204 1110 780 993 1431 387 1044
internal_count=52955 2471 1478 50484 49053 48738 3534 45204 1110 780 993 1431 387 1044
is_linear=0
shrinkage=0.05


end of trees

feature_importances:
roll0003_mean_fixed_avg_active_gpus_F30=58
roll2016_stddev_pop_fixed_avg_active_gpus_F30=37
melbourne_day_of_year=28
hour_cos=21
roll0288_max_total_avg_active_gpus=18
roll0288_max_queued_requested_gpus=18
roll0003_max_fixed_avg_active_gpus_F30=17
roll0288_mean_queued_requested_gpus=15
roll2016_max_total_avg_active_gpus=14
roll2016_stddev_pop_queued_requested_gpus=14
roll2016_mean_fixed_avg_active_gpus_F30=13
roll0288_stddev_pop_arriving_flexible_gpu_hours_F30=13
hour_sin=13
roll0288_mean_total_avg_active_gpus=12
roll2016_mean_queued_requested_gpus=12
roll2016_mean_total_avg_active_gpus=10
roll2016_stddev_pop_total_avg_active_gpus=10
roll0288_mean_fixed_avg_active_gpus_F30=10
roll0048_stddev_pop_queued_requested_gpus=10
lag_running_job_equivalents_0048=9
utc_hour=9
roll0288_stddev_pop_queued_requested_gpus=8
melbourne_hour=8
lag_queued_job_count_0576=7
lag_queued_requested_gpus_0576=7
roll0288_max_fixed_avg_active_gpus_F30=7
roll0048_mean_queued_requested_gpus=7
lag_total_avg_active_gpus_0048=6
roll0048_stddev_pop_fixed_avg_active_gpus_F30=6
roll2016_max_fixed_avg_active_gpus_F30=6
lag_queued_job_count_0006=5
lag_running_job_equivalents_0001=5
roll0003_mean_total_avg_active_gpus=5
roll0048_mean_total_avg_active_gpus=5
roll2016_max_arriving_flexible_gpu_hours_F30=5
weekday_sin=5
lag_running_job_equivalents_0576=4
roll0003_max_total_avg_active_gpus=4
roll0003_stddev_pop_fixed_avg_active_gpus_F30=4
roll0048_mean_fixed_avg_active_gpus_F30=4
roll2016_max_queued_requested_gpus=4
melbourne_day_of_week=4
lag_total_avg_active_gpus_0001=3
lag_total_avg_active_gpus_0576=3
lag_fixed_avg_active_gpus_F30_0576=3
lag_queued_job_count_0001=3
lag_queued_requested_gpus_0006=3
lag_queued_requested_gpus_2016=3
roll0048_max_total_avg_active_gpus=3
roll0288_stddev_pop_total_avg_active_gpus=3
roll0048_max_fixed_avg_active_gpus_F30=3
roll0288_stddev_pop_fixed_avg_active_gpus_F30=3
roll0288_mean_flexible_avg_active_gpus_F30=3
roll2016_stddev_pop_flexible_avg_active_gpus_F30=3
roll0288_mean_arriving_flexible_gpu_hours_F30=3
roll0288_max_arriving_flexible_gpu_hours_F30=3
roll0003_max_queued_requested_gpus=3
lag_total_avg_active_gpus_2016=2
lag_fixed_avg_active_gpus_F30_0001=2
lag_fixed_avg_active_gpus_F30_0048=2
lag_flexible_avg_active_gpus_F30_0288=2
lag_arriving_job_count_0006=2
lag_arriving_job_count_2016=2
lag_queued_job_count_0024=2
lag_queued_job_count_0048=2
lag_queued_requested_gpus_0288=2
lag_running_job_equivalents_0024=2
lag_running_job_equivalents_2016=2
roll2016_mean_flexible_avg_active_gpus_F30=2
roll2016_max_flexible_avg_active_gpus_F30=2
roll0048_mean_arriving_flexible_gpu_hours_F30=2
roll0048_stddev_pop_arriving_flexible_gpu_hours_F30=2
roll0012_max_queued_requested_gpus=2
is_weekend=2
weekday_cos=2
lag_total_avg_active_gpus_0012=1
lag_total_avg_active_gpus_0024=1
lag_total_avg_active_gpus_0288=1
lag_fixed_avg_active_gpus_F30_2016=1
lag_flexible_avg_active_gpus_F30_0012=1
lag_flexible_avg_active_gpus_F30_0048=1
lag_flexible_avg_active_gpus_F30_0576=1
lag_flexible_avg_active_gpus_F30_2016=1
lag_arriving_job_count_0003=1
lag_arriving_job_count_0024=1
lag_arriving_job_count_0048=1
lag_arriving_requested_gpus_0288=1
lag_queued_job_count_0012=1
lag_queued_job_count_0288=1
lag_queued_job_count_2016=1
lag_queued_requested_gpus_0024=1
lag_queued_requested_gpus_0048=1
lag_running_job_equivalents_0012=1
roll0003_stddev_pop_total_avg_active_gpus=1
roll0012_max_total_avg_active_gpus=1
roll0012_stddev_pop_total_avg_active_gpus=1
roll0048_stddev_pop_total_avg_active_gpus=1
roll0012_max_fixed_avg_active_gpus_F30=1
roll0012_stddev_pop_fixed_avg_active_gpus_F30=1
roll0048_stddev_pop_flexible_avg_active_gpus_F30=1
roll0288_max_flexible_avg_active_gpus_F30=1
roll0288_stddev_pop_flexible_avg_active_gpus_F30=1
roll0003_mean_queued_requested_gpus=1
month_cos=1

parameters:
[boosting: gbdt]
[objective: regression_l1]
[metric: l1]
[tree_learner: serial]
[device_type: cpu]
[data_sample_strategy: bagging]
[data: ]
[valid: ]
[num_iterations: 42]
[learning_rate: 0.05]
[num_leaves: 15]
[num_threads: 4]
[seed: 20260721]
[deterministic: 1]
[force_col_wise: 1]
[force_row_wise: 0]
[histogram_pool_size: -1]
[max_depth: 5]
[min_data_in_leaf: 100]
[min_sum_hessian_in_leaf: 0.001]
[bagging_fraction: 1]
[pos_bagging_fraction: 1]
[neg_bagging_fraction: 1]
[bagging_freq: 0]
[bagging_seed: 11591]
[bagging_by_query: 0]
[feature_fraction: 1]
[feature_fraction_bynode: 1]
[feature_fraction_seed: 24120]
[extra_trees: 0]
[extra_seed: 12737]
[early_stopping_round: 0]
[early_stopping_min_delta: 0]
[first_metric_only: 0]
[max_delta_step: 0]
[lambda_l1: 0]
[lambda_l2: 5]
[linear_lambda: 0]
[min_gain_to_split: 0]
[drop_rate: 0.1]
[max_drop: 50]
[skip_drop: 0.5]
[xgboost_dart_mode: 0]
[uniform_drop: 0]
[drop_seed: 6762]
[top_rate: 0.2]
[other_rate: 0.1]
[min_data_per_group: 100]
[max_cat_threshold: 32]
[cat_l2: 10]
[cat_smooth: 10]
[max_cat_to_onehot: 4]
[top_k: 20]
[monotone_constraints: ]
[monotone_constraints_method: basic]
[monotone_penalty: 0]
[feature_contri: ]
[forcedsplits_filename: ]
[refit_decay_rate: 0.9]
[cegb_tradeoff: 1]
[cegb_penalty_split: 0]
[cegb_penalty_feature_lazy: ]
[cegb_penalty_feature_coupled: ]
[path_smooth: 0]
[interaction_constraints: ]
[verbosity: -1]
[saved_feature_importance_type: 0]
[use_quantized_grad: 0]
[num_grad_quant_bins: 4]
[quant_train_renew_leaf: 0]
[stochastic_rounding: 1]
[linear_tree: 0]
[max_bin: 255]
[max_bin_by_feature: ]
[min_data_in_bin: 3]
[bin_construct_sample_cnt: 200000]
[data_random_seed: 4436]
[is_enable_sparse: 1]
[enable_bundle: 1]
[use_missing: 1]
[zero_as_missing: 0]
[feature_pre_filter: 1]
[pre_partition: 0]
[two_round: 0]
[header: 0]
[label_column: ]
[weight_column: ]
[group_column: ]
[ignore_column: ]
[categorical_feature: ]
[forcedbins_filename: ]
[precise_float_parser: 0]
[parser_config_file: ]
[objective_seed: 18074]
[num_class: 1]
[is_unbalance: 0]
[scale_pos_weight: 1]
[sigmoid: 1]
[boost_from_average: 1]
[reg_sqrt: 0]
[alpha: 0.9]
[fair_c: 1]
[poisson_max_delta_step: 0.7]
[tweedie_variance_power: 1.5]
[lambdarank_truncation_level: 30]
[lambdarank_norm: 1]
[label_gain: ]
[lambdarank_position_bias_regularization: 0]
[eval_at: ]
[multi_error_top_k: 1]
[auc_mu_weights: ]
[num_machines: 1]
[local_listen_port: 12400]
[time_out: 120]
[machine_list_filename: ]
[machines: ]
[gpu_platform_id: -1]
[gpu_device_id: -1]
[gpu_use_dp: 0]
[num_gpu: 1]

end of parameters

pandas_categorical:[]
