tree
version=v4
num_class=1
num_tree_per_iteration=1
label_index=0
max_feature_idx=176
objective=regression_l1
feature_names=lag_total_avg_active_gpus_0001 lag_total_avg_active_gpus_0002 lag_total_avg_active_gpus_0003 lag_total_avg_active_gpus_0006 lag_total_avg_active_gpus_0012 lag_total_avg_active_gpus_0024 lag_total_avg_active_gpus_0048 lag_total_avg_active_gpus_0288 lag_total_avg_active_gpus_0576 lag_total_avg_active_gpus_2016 lag_fixed_avg_active_gpus_F30_0001 lag_fixed_avg_active_gpus_F30_0002 lag_fixed_avg_active_gpus_F30_0003 lag_fixed_avg_active_gpus_F30_0006 lag_fixed_avg_active_gpus_F30_0012 lag_fixed_avg_active_gpus_F30_0024 lag_fixed_avg_active_gpus_F30_0048 lag_fixed_avg_active_gpus_F30_0288 lag_fixed_avg_active_gpus_F30_0576 lag_fixed_avg_active_gpus_F30_2016 lag_flexible_avg_active_gpus_F30_0001 lag_flexible_avg_active_gpus_F30_0002 lag_flexible_avg_active_gpus_F30_0003 lag_flexible_avg_active_gpus_F30_0006 lag_flexible_avg_active_gpus_F30_0012 lag_flexible_avg_active_gpus_F30_0024 lag_flexible_avg_active_gpus_F30_0048 lag_flexible_avg_active_gpus_F30_0288 lag_flexible_avg_active_gpus_F30_0576 lag_flexible_avg_active_gpus_F30_2016 lag_arriving_job_count_0001 lag_arriving_job_count_0002 lag_arriving_job_count_0003 lag_arriving_job_count_0006 lag_arriving_job_count_0012 lag_arriving_job_count_0024 lag_arriving_job_count_0048 lag_arriving_job_count_0288 lag_arriving_job_count_0576 lag_arriving_job_count_2016 lag_arriving_requested_gpus_0001 lag_arriving_requested_gpus_0002 lag_arriving_requested_gpus_0003 lag_arriving_requested_gpus_0006 lag_arriving_requested_gpus_0012 lag_arriving_requested_gpus_0024 lag_arriving_requested_gpus_0048 lag_arriving_requested_gpus_0288 lag_arriving_requested_gpus_0576 lag_arriving_requested_gpus_2016 lag_arriving_flexible_gpu_hours_F30_0001 lag_arriving_flexible_gpu_hours_F30_0002 lag_arriving_flexible_gpu_hours_F30_0003 lag_arriving_flexible_gpu_hours_F30_0006 lag_arriving_flexible_gpu_hours_F30_0012 lag_arriving_flexible_gpu_hours_F30_0024 lag_arriving_flexible_gpu_hours_F30_0048 lag_arriving_flexible_gpu_hours_F30_0288 lag_arriving_flexible_gpu_hours_F30_0576 lag_arriving_flexible_gpu_hours_F30_2016 lag_queued_job_count_0001 lag_queued_job_count_0002 lag_queued_job_count_0003 lag_queued_job_count_0006 lag_queued_job_count_0012 lag_queued_job_count_0024 lag_queued_job_count_0048 lag_queued_job_count_0288 lag_queued_job_count_0576 lag_queued_job_count_2016 lag_queued_requested_gpus_0001 lag_queued_requested_gpus_0002 lag_queued_requested_gpus_0003 lag_queued_requested_gpus_0006 lag_queued_requested_gpus_0012 lag_queued_requested_gpus_0024 lag_queued_requested_gpus_0048 lag_queued_requested_gpus_0288 lag_queued_requested_gpus_0576 lag_queued_requested_gpus_2016 lag_running_job_equivalents_0001 lag_running_job_equivalents_0002 lag_running_job_equivalents_0003 lag_running_job_equivalents_0006 lag_running_job_equivalents_0012 lag_running_job_equivalents_0024 lag_running_job_equivalents_0048 lag_running_job_equivalents_0288 lag_running_job_equivalents_0576 lag_running_job_equivalents_2016 roll0003_mean_total_avg_active_gpus roll0003_max_total_avg_active_gpus roll0003_stddev_pop_total_avg_active_gpus roll0012_mean_total_avg_active_gpus roll0012_max_total_avg_active_gpus roll0012_stddev_pop_total_avg_active_gpus roll0048_mean_total_avg_active_gpus roll0048_max_total_avg_active_gpus roll0048_stddev_pop_total_avg_active_gpus roll0288_mean_total_avg_active_gpus roll0288_max_total_avg_active_gpus roll0288_stddev_pop_total_avg_active_gpus roll2016_mean_total_avg_active_gpus roll2016_max_total_avg_active_gpus roll2016_stddev_pop_total_avg_active_gpus roll0003_mean_fixed_avg_active_gpus_F30 roll0003_max_fixed_avg_active_gpus_F30 roll0003_stddev_pop_fixed_avg_active_gpus_F30 roll0012_mean_fixed_avg_active_gpus_F30 roll0012_max_fixed_avg_active_gpus_F30 roll0012_stddev_pop_fixed_avg_active_gpus_F30 roll0048_mean_fixed_avg_active_gpus_F30 roll0048_max_fixed_avg_active_gpus_F30 roll0048_stddev_pop_fixed_avg_active_gpus_F30 roll0288_mean_fixed_avg_active_gpus_F30 roll0288_max_fixed_avg_active_gpus_F30 roll0288_stddev_pop_fixed_avg_active_gpus_F30 roll2016_mean_fixed_avg_active_gpus_F30 roll2016_max_fixed_avg_active_gpus_F30 roll2016_stddev_pop_fixed_avg_active_gpus_F30 roll0003_mean_flexible_avg_active_gpus_F30 roll0003_max_flexible_avg_active_gpus_F30 roll0003_stddev_pop_flexible_avg_active_gpus_F30 roll0012_mean_flexible_avg_active_gpus_F30 roll0012_max_flexible_avg_active_gpus_F30 roll0012_stddev_pop_flexible_avg_active_gpus_F30 roll0048_mean_flexible_avg_active_gpus_F30 roll0048_max_flexible_avg_active_gpus_F30 roll0048_stddev_pop_flexible_avg_active_gpus_F30 roll0288_mean_flexible_avg_active_gpus_F30 roll0288_max_flexible_avg_active_gpus_F30 roll0288_stddev_pop_flexible_avg_active_gpus_F30 roll2016_mean_flexible_avg_active_gpus_F30 roll2016_max_flexible_avg_active_gpus_F30 roll2016_stddev_pop_flexible_avg_active_gpus_F30 roll0003_mean_arriving_flexible_gpu_hours_F30 roll0003_max_arriving_flexible_gpu_hours_F30 roll0003_stddev_pop_arriving_flexible_gpu_hours_F30 roll0012_mean_arriving_flexible_gpu_hours_F30 roll0012_max_arriving_flexible_gpu_hours_F30 roll0012_stddev_pop_arriving_flexible_gpu_hours_F30 roll0048_mean_arriving_flexible_gpu_hours_F30 roll0048_max_arriving_flexible_gpu_hours_F30 roll0048_stddev_pop_arriving_flexible_gpu_hours_F30 roll0288_mean_arriving_flexible_gpu_hours_F30 roll0288_max_arriving_flexible_gpu_hours_F30 roll0288_stddev_pop_arriving_flexible_gpu_hours_F30 roll2016_mean_arriving_flexible_gpu_hours_F30 roll2016_max_arriving_flexible_gpu_hours_F30 roll2016_stddev_pop_arriving_flexible_gpu_hours_F30 roll0003_mean_queued_requested_gpus roll0003_max_queued_requested_gpus roll0003_stddev_pop_queued_requested_gpus roll0012_mean_queued_requested_gpus roll0012_max_queued_requested_gpus roll0012_stddev_pop_queued_requested_gpus roll0048_mean_queued_requested_gpus roll0048_max_queued_requested_gpus roll0048_stddev_pop_queued_requested_gpus roll0288_mean_queued_requested_gpus roll0288_max_queued_requested_gpus roll0288_stddev_pop_queued_requested_gpus roll2016_mean_queued_requested_gpus roll2016_max_queued_requested_gpus roll2016_stddev_pop_queued_requested_gpus utc_hour melbourne_hour melbourne_day_of_week melbourne_month melbourne_day_of_year is_weekend hour_sin hour_cos weekday_sin weekday_cos month_sin month_cos
feature_infos=[0:508] [0:508] [0:508] [0:508] [0:508] [0:508] [0:508] [0:508] [0:508] [0:508] [0:508] [0:508] [0:508] [0:508] [0:508] [0:508] [0:508] [0:508] [0:508] [0:508] [0:384] [0:384] [0:384] [0:384] [0:384] [0:384] [0:384] [0:384] [0:384] [0:384] [0:1275] [0:1275] [0:1275] [0:1275] [0:1275] [0:1275] [0:1275] [0:1275] [0:1275] [0:1275] [0:5100] [0:5100] [0:5100] [0:5100] [0:5100] [0:5100] [0:5100] [0:5100] [0:5100] [0:5100] [0:5463.08447265625] [0:5463.08447265625] [0:5463.08447265625] [0:5463.08447265625] [0:5463.08447265625] [0:5463.08447265625] [0:5463.08447265625] [0:5463.08447265625] [0:5463.08447265625] [0:5463.08447265625] [0:1246] [0:1246] [0:1246] [0:1246] [0:1246] [0:1246] [0:1246] [0:1246] [0:1246] [0:1246] [0:5312] [0:5312] [0:5312] [0:5312] [0:5312] [0:5312] [0:5312] [0:5312] [0:5312] [0:5312] [0:324.32333374023438] [0:324.32333374023438] [0:324.32333374023438] [0:324.32333374023438] [0:324.32333374023438] [0:324.32333374023438] [0:324.32333374023438] [0:324.32333374023438] [0:324.32333374023438] [0:324.32333374023438] [0:504.23556518554688] [0:508] [0:225.54072570800781] [0:504.05889892578125] [0:508] [0:246.19882202148438] [0:504.01470947265625] [0:508] [0:250.40919494628906] [0:283.29208374023438] [0:508] [0:225.01145935058594] [0.25703704357147217:181.68246459960938] [60:508] [3.3516640663146973:183.8941650390625] [0:504.23556518554688] [0:508] [0:225.54072570800781] [0:504.05889892578125] [0:508] [0:246.19882202148438] [0:504.01470947265625] [0:508] [0:250.40919494628906] [0:283.29208374023438] [0:508] [0:225.01145935058594] [0.25703704357147217:169.79315185546875] [60:508] [3.3516640663146973:174.28001403808594] [0:384] [0:384] [0:130.71099853515625] [0:371.87554931640625] [0:384] [0:152.69479370117188] [0:364.3175048828125] [0:384] [0:159.78628540039062] [0:228.94754028320312] [0:384] [0:171.25291442871094] [0:43.178848266601562] [0:384] [0:101.77182769775391] [0:1821.0281982421875] [0:5463.08447265625] [0:2575.32275390625] [0:455.25704956054688] [0:5463.08447265625] [0:1509.916748046875] [0:114.10050964355469] [0:5463.08447265625] [0:780.271240234375] [0:19.078962326049805] [0:5463.08447265625] [0:321.35415649414062] [0:3.5982375144958496] [0:5463.08447265625] [0:122.40467071533203] [0:5138.66650390625] [0:5312] [0:2349.480224609375] [0:4881.33349609375] [0:5312] [0:2455.648681640625] [0:4502.58349609375] [0:5312] [0:2375.058837890625] [0:1877.25] [0:5312] [0:1890.7261962890625] [0:710.29461669921875] [0:5312] [0:1105.5494384765625] [0:23] [0:23] [0:6] [3:9] [61:245] [0:1] [-1:1] [-1:1] [-0.97492790222167969:0.97492790222167969] [-0.90096884965896606:1] [-0.86602538824081421:1] [-1:0.5]
tree_sizes=1402 1414 1455 1443 1392 1453 1455 1429 1382 1420 1433 1432 1448 1446 1445 1440 1435 1477 1447 1457 1456 1462 1480 1426 1441 1464 1444 1421 1412 1428 1442 1442 1430 1484

Tree=0
num_leaves=15
num_cat=0
split_feature=105 105 10 47 166 84 99 110 86 164 32 80 129 111
split_gain=1333.71 229.579 188.696 155.254 121.473 79.0891 68.7192 65.3737 58.218 57.9815 38.3425 38.12 36.7685 40.1659
threshold=64.959442138671889 3.0044444799423222 138.9866638183594 9.5000000000000018 7.5000000000000009 13.771667003631594 3.4125405550003056 1.6071460843086245 74.021667480468764 123.07746887207033 22.500000000000004 12.701666355133058 114.1303062438965 182.30805206298831
decision_type=2 2 2 2 2 2 2 2 2 2 2 2 2 2
left_child=1 7 9 4 6 -6 -3 -1 -4 -2 11 -5 13 -11
right_child=2 3 8 10 5 -7 -8 -9 -10 12 -12 -13 -14 -15
leaf_value=0 -0.20000000000000001 -0.082999998331069955 -0.37599999904632569 0 0 0 0 0 -0.35399999618530276 -0.031499999761581424 0.25150001049041748 -0.050000000000000003 0.18083332777023317 -0.7323333263397217
leaf_weight=14306 2826 656 3789 1991 9828 3155 6545 2463 1529 3713 1316 515 105 218
leaf_count=14306 2826 656 3789 1991 9828 3155 6545 2463 1529 3713 1316 515 105 218
internal_value=-0.00434856 -1.10348e-05 -0.0188634 -0.00314647 -0.00489623 -0.00778411 0.00031224 0.00447717 -0.0259346 -0.0133683 0.00608832 0.00244922 -0.0095026 -0.0102896
internal_weight=52955 40775 12180 24006 20184 12983 7201 16769 5318 6862 3822 2506 4036 3931
internal_count=52955 40775 12180 24006 20184 12983 7201 16769 5318 6862 3822 2506 4036 3931
is_linear=0
shrinkage=0.05


Tree=1
num_leaves=15
num_cat=0
split_feature=80 110 14 105 169 107 34 166 95 163 107 30 169 129
split_gain=680.29 454.535 153.252 148.777 141.648 113.109 106.487 104.242 68.9131 68.1026 69.2288 62.3423 58.9746 49.4894
threshold=13.771667003631594 0.014803104102611543 138.9866638183594 3.0044444799423222 167.50000000000003 1.0000000180025095e-35 4.5000000000000009 7.5000000000000009 1.5932839512825014 1442.0000000000002 0.69170838594436657 1.0000000180025095e-35 79.500000000000014 4.6369328498840341
decision_type=2 2 2 2 2 2 2 2 2 2 2 2 2 2
left_child=3 4 9 8 -2 13 7 -5 -1 10 -3 -7 -9 -4
right_child=1 2 5 6 -6 11 -8 12 -10 -11 -12 -13 -14 -15
leaf_value=0 0.0015749999880790714 0 0.017699999809265139 0 0 -0.60519997715950025 0.047724999710917475 -0.13200000524520875 0 -0.041766667068004609 -0.1949625052511692 -0.23719999432563782 0 -0.12358333528041841
leaf_weight=13984 539 3048 521 6544 806 2563 3314 571 2642 3274 3540 926 10437 246
leaf_count=13984 539 3048 521 6544 806 2563 3314 571 2642 3274 3540 926 10437 246
internal_value=-0.00268505 -0.0115076 -0.0141542 0.000954743 0.0162222 -0.022084 -0.00185664 -0.0034089 0.00448259 -0.0107226 -0.0136508 -0.0259015 -0.00637883 -0.00466321
internal_weight=52955 15463 14118 37492 1345 4256 20866 17552 16626 9862 6588 3489 11008 767
internal_count=52955 15463 14118 37492 1345 4256 20866 17552 16626 9862 6588 3489 11008 767
is_linear=0
shrinkage=0.05


Tree=2
num_leaves=15
num_cat=0
split_feature=105 107 105 11 166 95 33 90 110 110 110 86 162 159
split_gain=625.008 455.543 194.501 138.923 118.635 110.203 103.382 98.0477 97.334 86.5211 65.5274 62.584 59.9026 53.3186
threshold=73.002777099609389 0.0070710675790905961 3.0044444799423222 71.988334655761733 7.5000000000000009 1.0000000180025095e-35 9.5000000000000018 218.20111083984378 0.034548174589872367 2.1264923810958867 1.6071460843086245 40.003334045410163 75.74454498291017 106.74131774902345
decision_type=2 2 2 2 2 2 2 2 2 2 2 2 2 2
left_child=2 8 10 4 -4 -5 -6 11 -2 -9 -1 12 -3 -11
right_child=1 7 3 5 6 -7 -8 9 -10 13 -12 -13 -14 -15
leaf_value=0 0.009921250000596047 -0.45900334508717067 0 0.0014962499886751177 0 0.0086272918805480013 0.034914792366325852 -0.0076066674590110741 0.0015749999880790714 -1.2162733675837518 0 -0.30094000118970876 -0.098425000011920935 -0.43262333530187602
leaf_weight=14306 610 2250 8946 231 13404 816 2351 307 1534 1381 2463 1477 2105 774
leaf_count=14306 610 2250 8946 231 13404 816 2351 307 1534 1381 2463 1477 2105 774
internal_value=-0.00231212 -0.013272 0.000379803 -0.00234924 -0.00310653 0.0154468 -0.00571701 -0.0185806 0.00725919 -0.0269558 0.00456957 -0.0150248 -0.0119839 -0.0304861
internal_weight=52955 10438 42517 25748 24701 1047 15755 8294 2144 2462 16769 5832 4355 2155
internal_count=52955 10438 42517 25748 24701 1047 15755 8294 2144 2462 16769 5832 4355 2155
is_linear=0
shrinkage=0.05


Tree=3
num_leaves=15
num_cat=0
split_feature=106 107 105 105 47 86 166 110 90 29 110 95 132 96
split_gain=525.387 369.877 189.77 173.678 135.973 117.855 116.624 97.334 69.2751 73.5723 65.5274 58.9087 57.5831 48.3319
threshold=73.006668090820327 0.0070710675790905961 3.0044444799423222 71.686111450195327 9.5000000000000018 40.003334045410163 7.5000000000000009 0.034548174589872367 213.2527770996094 7.9700000286102304 1.6071460843086245 2.2177855968475346 1.1014665961265566 310.43823242187506
decision_type=2 2 2 2 2 2 2 2 2 2 2 2 2 2
left_child=2 7 10 4 6 8 -4 -2 -3 -10 -1 -7 -5 -13
right_child=1 5 3 12 -6 11 -8 -9 9 -11 -12 13 -14 -15
leaf_value=0 0.0094251875005662445 -0.18369987191502007 0 0.0014214374892413618 0.013613749656826258 -0.053118001094460479 0 0.0014962499886751177 -1.2296005008131266 0.035440332123637203 0 -0.29321133582890035 0.0011436353940516711 -1.4265596802741289
leaf_weight=14306 610 5540 7211 252 3759 483 13094 1534 1106 154 2463 1773 112 558
leaf_count=14306 610 5540 7211 252 3759 483 13094 1534 1106 154 2463 1773 112 558
internal_value=-0.00218656 -0.0115064 0.000474492 -0.002337 -0.00285845 -0.0156929 -0.00447563 0.00725919 -0.0121161 -0.0226877 0.00456957 -0.0242994 0.0317073 -0.0275899
internal_weight=52955 11758 41197 24428 24064 9614 20305 2144 6800 1260 16769 2814 364 2331
internal_count=52955 11758 41197 24428 24064 9614 20305 2144 6800 1260 16769 2814 364 2331
is_linear=0
shrinkage=0.05


Tree=4
num_leaves=15
num_cat=0
split_feature=10 86 107 107 0 105 110 166 77 169 97 95 63 106
split_gain=449.186 274.469 139.853 105.536 243.29 166.476 168.352 112 83.0394 59.9743 59.0821 55.0521 45.535 43.6124
threshold=3.0016666650772099 43.008333206176765 0.85877674818038952 0.61586034297943126 92.011665344238295 71.686111450195327 0.972690910100937 6.5000000000000009 6.5000000000000009 228.50000000000003 374.78666687011724 0.019699904136359695 7.5000000000000009 1.0016666650772097
decision_type=2 2 2 2 2 2 2 2 2 2 2 2 2 2
left_child=11 3 9 5 8 7 -7 -2 -5 12 -4 -1 -3 -13
right_child=1 2 10 4 -6 6 -8 -9 -10 -11 -12 13 -14 -15
leaf_value=0 0 0 -0.20000000000000001 -0.029386251058429482 -0.47878339899170214 0.0013503656147792937 0.0014214374892413618 0 0 -0.10000000000000001 -1.0705442888130248 0 -0.046042689355164763 0
leaf_weight=11570 3234 1654 1772 6017 3889 860 1373 9161 5805 288 761 3211 978 2382
leaf_count=11570 3234 1654 1772 6017 3889 860 1373 9161 5805 288 761 3211 978 2382
internal_value=-0.00219033 -0.00537894 -0.0157017 -0.00352129 -0.00636612 -0.000464703 0.0120867 -0.00272984 -0.00279445 -0.00822222 -0.0242908 0.00445888 -0.00582101 0.00852983
internal_weight=52955 35792 5453 30339 15711 14628 2233 12395 11822 2920 2533 17163 2632 5593
internal_count=52955 35792 5453 30339 15711 14628 2233 12395 11822 2920 2533 17163 2632 5593
is_linear=0
shrinkage=0.05


Tree=5
num_leaves=15
num_cat=0
split_feature=105 107 105 11 110 166 95 90 45 95 26 86 162 172
split_gain=453.681 359.556 164.857 158.401 128.23 116.293 96.6345 76.8898 76.6083 73.9333 73.1362 51.0095 51.1722 48.5623
threshold=73.002777099609389 0.51383450627326976 3.0044444799423222 71.988334655761733 0.014803104102611543 7.5000000000000009 1.0000000180025095e-35 218.20111083984378 24.500000000000004 0.019699904136359695 3.9933333396911626 38.996665954589851 75.74454498291017 0.60355338454246532
decision_type=2 2 2 2 2 2 2 2 2 2 2 2 2 2
left_child=2 4 9 5 -2 -4 -5 11 -7 -1 -6 12 -3 -9
right_child=1 7 3 6 10 8 -8 13 -10 -11 -12 -13 -14 -15
leaf_value=0 0.0088864098447989665 -0.42730493784282031 0 0.0012828473340403292 0.0014214374892413618 0 0.0101498478289973 -0.55492682838335639 0.008520656942017377 0 -0.095797096547931435 -0.32341578704759483 -0.10710104546296716 -1.9621043932234272
leaf_weight=11570 612 2094 8946 231 1920 13068 816 1689 2687 5199 601 1251 1838 433
leaf_count=11570 612 2094 8946 231 1920 13068 816 1689 2687 5199 601 1251 1838 433
internal_value=-0.00143505 -0.0107728 0.000858379 -0.00165418 0.00339388 -0.00246296 0.0173479 -0.0168468 -0.00504759 0.00471563 -0.00160333 -0.0135409 -0.0107188 -0.0248707
internal_weight=52955 10438 42517 25748 3133 24701 1047 7305 15755 16769 2521 5183 3932 2122
internal_count=52955 10438 42517 25748 3133 24701 1047 7305 15755 16769 2521 5183 3932 2122
is_linear=0
shrinkage=0.05


Tree=6
num_leaves=15
num_cat=0
split_feature=105 110 105 11 107 166 95 90 31 95 157 86 99 96
split_gain=370.656 332.862 170.431 160.185 122.816 122.048 96.6345 95.1078 78.3934 73.9333 68.9343 47.6564 50.9274 47.4777
threshold=73.002777099609389 0.77977931499481212 3.0044444799423222 71.988334655761733 1.7113084197044375 7.5000000000000009 1.0000000180025095e-35 218.20111083984378 3.5000000000000004 0.019699904136359695 1.5000000000000002 87.066665649414077 124.02614212036134 6.4653820991516122
decision_type=2 2 2 2 2 2 2 2 2 2 2 2 2 2
left_child=2 10 9 5 11 13 -5 -6 -7 -1 -2 -3 -13 -4
right_child=1 4 3 6 7 8 -8 -9 -10 -11 -12 12 -14 -15
leaf_value=0 0.0085208393519629732 -0.030234200471325773 -0.00053068740237504231 0.0012187049673383127 -0.35681868706078368 0 0.0096423554375474341 -1.1297015486651081 0.0080819684550492103 0 9.583934004204357e-05 0.0079339628267139205 -0.13327795995965971 0
leaf_weight=11570 493 2814 1222 231 4226 12945 816 1650 2810 5199 512 207 536 7724
leaf_count=11570 493 2814 1222 231 4226 12945 816 1650 2810 5199 512 207 536 7724
internal_value=-0.00127927 -0.00971943 0.000793707 -0.00176096 -0.0126351 -0.00257427 0.0173479 -0.0170719 -0.00522208 0.00471563 0.0175743 -0.00529197 -0.0165107 0.00208915
internal_weight=52955 10438 42517 25748 9433 24701 1047 5876 15755 16769 1005 3557 743 8946
internal_count=52955 10438 42517 25748 9433 24701 1047 5876 15755 16769 1005 3557 743 8946
is_linear=0
shrinkage=0.05


Tree=7
num_leaves=15
num_cat=0
split_feature=105 107 105 11 166 113 110 95 15 32 95 113 79 9
split_gain=419.83 200.337 156.132 155.567 159.4 122.128 101.304 96.6345 81.1998 75.0734 73.9333 51.8053 42.2454 42.2086
threshold=73.002777099609389 0.85877674818038952 3.0044444799423222 71.988334655761733 7.5000000000000009 24.657374382019047 1.2416213154792788 1.0000000180025095e-35 345.07666015625006 3.5000000000000004 0.019699904136359695 3.745708823204041 64.500000000000014 13.796666622161867
decision_type=2 2 2 2 2 2 2 2 2 2 2 2 2 2
left_child=2 5 10 4 11 12 13 -5 -3 -6 -1 -4 -2 -7
right_child=1 8 3 7 9 6 -8 -9 -10 -11 -12 -13 -14 -15
leaf_value=0 -0.047208996236116491 -0.34611027859419052 0 0.0011577697189713971 0 -0.00034143434622109395 -0.0028206426233349348 0.0091602376656700624 -1.4168063492527485 0.0097612906622421003 0 0 -0.024588207226767675 0.016816047337277151
leaf_weight=11570 999 6330 1885 231 12968 144 1559 816 476 2787 5199 7061 428 502
leaf_count=11570 999 6330 1885 231 12968 144 1559 816 476 2787 5199 7061 428 502
internal_value=-0.00124434 -0.0102269 0.000961855 -0.00148332 -0.00228487 -0.00074237 0.00662896 0.0173479 -0.0152841 -0.00531091 0.00471563 0.00304435 -0.0121159 0.0231951
internal_weight=52955 10438 42517 25748 24701 3632 2205 1047 6806 15755 16769 8946 1427 646
internal_count=52955 10438 42517 25748 24701 3632 2205 1047 6806 15755 16769 8946 1427 646
is_linear=0
shrinkage=0.05


Tree=8
num_leaves=15
num_cat=0
split_feature=105 106 110 166 113 169 113 165 110 0 4 111 172 95
split_gain=352.718 161.388 147.107 132.803 91.5258 85.1996 85.0277 69.0764 62.1927 59.949 57.4307 51.2064 46.2665 45.1807
threshold=7.0005555152893075 144.0299987792969 2.2301616668701176 7.5000000000000009 57.618291854858406 225.50000000000003 3.745708823204041 11.500000000000002 0.014803104102611543 72.996665954589858 364.46665954589849 163.01406097412112 0.78656607866287243 4.0560543537139901
decision_type=2 2 2 2 2 2 2 2 2 2 2 2 2 2
left_child=7 3 4 6 -3 8 9 -1 -5 -2 12 -8 -4 -9
right_child=1 2 10 5 -6 -7 11 13 -10 -11 -12 -13 -14 -15
leaf_value=0 0 -0.053986284542176313 -0.27563190544119243 0 0.016053994969817249 -0.02905794748077169 0 0 0 0.0010998812330228272 -0.93485111538183263 -0.74145933652252038 -0.99735314778969808 0
leaf_weight=11085 1230 610 3366 2434 383 1572 8327 8336 12601 254 564 148 665 1380
leaf_count=11085 1230 610 3366 2434 383 1572 8327 8336 12601 254 564 148 665 1380
internal_value=-0.00106684 -0.0043487 -0.0120687 -0.00272289 0.00536072 -0.00545991 0.00184163 0.00400606 -0.00429854 0.012861 -0.015837 -9.43396e-05 -0.0137141 0.0070826
internal_weight=52955 32154 5588 26566 993 16607 9959 20801 15035 1484 4595 8475 4031 9716
internal_count=52955 32154 5588 26566 993 16607 9959 20801 15035 1484 4595 8475 4031 9716
is_linear=0
shrinkage=0.05


Tree=9
num_leaves=15
num_cat=0
split_feature=10 95 166 105 41 6 157 17 102 167 110 2 85 91
split_gain=359.221 368.78 126.028 104.022 92.1133 91.4395 79.8034 73.6575 61.2463 48.8658 43.9034 40.8088 61.0644 47.544
threshold=53.885000228881843 1.0000000180025095e-35 7.5000000000000009 2.5638889074325566 40.500000000000007 364.46665954589849 1.5000000000000002 446.25999450683599 64.241893768310561 3.5000000000000004 1.5371845960617068 58.350000381469734 25.678333282470707 43.006666183471687
decision_type=2 2 2 2 2 2 2 2 2 2 2 2 2 2
left_child=2 6 11 10 9 7 -2 8 -3 -5 -4 12 13 -1
right_child=1 5 3 4 -6 -7 -8 -9 -10 -11 -12 -13 -14 -15
leaf_value=0 0.0010998812330228272 -0.21433251860843822 0 0 0.077035791949121982 -0.50018446703562947 0 0.042202090704452966 -0.078426667023442462 0 0 0.033916667103767395 -0.050000000000000003 -0.035949228573031726
leaf_weight=10592 590 4449 10063 7149 1491 791 220 126 8081 5615 1440 888 413 1047
leaf_count=10592 590 4449 10063 7149 1491 791 220 126 8081 5615 1440 888 413 1047
internal_value=-0.000607062 -0.00739027 0.00189262 -0.000130031 -0.00298387 -0.00936664 0.0252761 -0.00832873 -0.0087156 -0.00435821 0.00340633 0.00591734 0.00515053 0.00582274
internal_weight=52955 14257 38698 25758 14255 13447 810 12656 12530 12764 11503 12940 12052 11639
internal_count=52955 14257 38698 25758 14255 13447 810 12656 12530 12764 11503 12940 12052 11639
is_linear=0
shrinkage=0.05


Tree=10
num_leaves=15
num_cat=0
split_feature=107 105 166 47 93 109 105 167 110 84 63 169 141 117
split_gain=293.427 307.105 117.25 87.0525 80.7703 80.3027 69.4041 71.6211 55.5857 49.5345 49.2735 49.0524 46.9144 44.7516
threshold=0.45888215303421026 64.959442138671889 6.5000000000000009 21.500000000000004 327.46971130371099 225.0350036621094 2.5638889074325566 4.5000000000000009 5.0145373344421396 14.311666965484621 82.500000000000014 97.500000000000014 0.77054399251937877 38.386449813842781
decision_type=2 2 2 2 2 2 2 2 2 2 2 2 2 2
left_child=2 3 12 9 6 10 -4 -8 -7 11 -3 -2 -1 -10
right_child=1 5 4 -5 -6 8 7 -9 13 -11 -12 -13 -14 -15
leaf_value=0 -0.011166666820645333 -0.18531772311319386 0 0.12059973046984525 0.015117551160271289 0.018612211634618549 0 0 -0.27305113166358264 -0.050775426646468703 0.049332416349055788 0 -0.018029166013002397 -1.1317809718836773
leaf_weight=7841 2478 5549 11297 2847 714 260 8406 3529 425 1864 425 5222 223 1875
leaf_count=7841 2478 5549 11297 2847 714 260 8406 3529 425 1864 425 5222 223 1875
internal_value=-0.000304003 -0.00490453 0.00270654 0.000116785 0.000949856 -0.0122028 0.000438955 -0.00221943 -0.0196101 -0.00216846 -0.00901489 -0.000395847 0.0079192 -0.0220824
internal_weight=52955 20945 32010 12411 23946 8534 23232 11935 2560 9564 5974 7700 8064 2300
internal_count=52955 20945 32010 12411 23946 8534 23232 11935 2560 9564 5974 7700 8064 2300
is_linear=0
shrinkage=0.05


Tree=11
num_leaves=15
num_cat=0
split_feature=105 110 10 86 15 19 105 107 102 97 166 68 95 63
split_gain=281.08 223.123 165.478 164.203 95.6912 75.7599 75.462 122.557 85.1843 71.961 58.6819 58.0354 57.5867 51.0436
threshold=11.491110801696779 0.44592474400997167 63.318332672119148 44.013334274291999 144.0299987792969 139.02500152587893 101.36388778686525 1.4078439474105837 30.718791961669925 374.78666687011724 7.5000000000000009 28.500000000000004 5.8419184684753427 80.500000000000014
decision_type=2 2 2 2 2 2 2 2 2 2 2 2 2 2
left_child=10 2 13 6 -4 -6 8 -8 -3 11 -1 -5 -11 -2
right_child=1 3 4 9 5 -7 7 -9 -10 12 -12 -13 -14 -15
leaf_value=0 0 -0.022843874943587989 0.0034926466481715063 -0.052885026635163784 -0.1654878627782127 0.01444042360166168 0.016148404769579551 -0.634064532046695 0 -0.054472789850883191 0 -0.2094306576638009 -0.83076242664735078 0.0023021344677582383
leaf_weight=7352 2795 3856 804 3050 206 171 1277 2725 12334 305 16799 307 744 230
leaf_count=7352 2795 3856 804 3050 206 171 1277 2725 12334 305 16799 307 744 230
internal_value=-6.9864e-05 -0.00340519 0.00723106 -0.00522497 0.0230607 0.00222513 -0.00331485 -0.00945845 -0.00179376 -0.0139651 0.00390793 -0.0103659 -0.0253795 0.0010231
internal_weight=52955 28804 4206 24598 1181 377 20192 4002 16190 4406 24151 3357 1049 3025
internal_count=52955 28804 4206 24598 1181 377 20192 4002 16190 4406 24151 3357 1049 3025
is_linear=0
shrinkage=0.05


Tree=12
num_leaves=15
num_cat=0
split_feature=107 10 166 107 105 1 110 4 42 105 96 158 5 120
split_gain=280.08 293.907 132.693 87.0203 80.5111 78.5278 92.6311 60.1411 56.4408 62.3366 104.883 47.4733 44.4084 46.7564
threshold=1.8967587351799013 89.178333282470717 6.5000000000000009 1.0000000180025095e-35 2.8377777338027959 69.700000762939467 0.17113395035266879 364.46665954589849 4.5000000000000009 50.834999084472663 62.465694427490241 13.314488410949709 169.879997253418 31.869999885559086
decision_type=2 2 2 2 2 2 2 2 2 2 2 2 2 2
left_child=2 8 11 5 -5 -4 -7 -3 -2 -10 -11 12 13 -1
right_child=1 7 3 4 -6 6 -8 -9 9 10 -12 -13 -14 -15
leaf_value=0 -0.034790893478158051 -0.48641798022117411 0 0 -0.0081151065445739783 0.0015462569097446739 0.001332455795386666 -1.2962403508120011 0.069080646756874864 -0.33708070181062644 0.10322221633442266 0 -0.068816015658213672 0.0036679510193595947
leaf_weight=7777 4442 3822 17698 1043 6851 987 1803 407 2397 1001 1932 2476 190 129
leaf_count=7777 4442 3822 17698 1043 6851 987 1803 407 2397 1001 1932 2476 190 129
internal_value=0.000452228 -0.00561188 0.00263225 0.000850742 -0.00360805 0.00256917 0.0103578 -0.0166155 -0.000843817 0.00262418 -0.00226344 0.00741231 0.00926429 0.00984073
internal_weight=52955 14001 38954 28382 7894 20488 2790 4229 9772 5330 2933 10572 8096 7906
internal_count=52955 14001 38954 28382 7894 20488 2790 4229 9772 5330 2933 10572 8096 7906
is_linear=0
shrinkage=0.05


Tree=13
num_leaves=15
num_cat=0
split_feature=107 10 166 94 27 83 3 84 171 158 35 91 108 172
split_gain=281.576 254.576 123.623 56.9925 54.0555 59.4044 57.1189 61.9949 54.0548 48.0677 47.1781 62.5759 92.3033 43.7001
threshold=1.8967587351799013 89.178333282470717 6.5000000000000009 224.58166503906253 39.126667022705085 13.998333454132082 298.97332763671881 19.001667022705082 -0.91597560048103321 13.314488410949709 2.5000000000000004 55.741666793823249 57.269027709960945 0.60355338454246532
decision_type=2 2 2 2 2 2 2 2 2 2 2 2 2 2
left_child=2 10 9 -3 6 -6 7 -4 -8 -1 -2 -12 -13 -5
right_child=1 3 4 13 5 -7 8 -9 -10 -11 11 12 -14 -15
leaf_value=0 -0.022211731534044744 -0.26499968134016855 0 -0.67095619849712596 0 -0.029995654949306623 0.014109728424361916 -0.0062187859664793073 0.0014689440642574401 0 0.17176712137245592 -0.34086582509610452 0.093479332695296832 -1.7925366383674799
leaf_weight=8096 5401 2141 21988 1584 928 1060 329 3375 702 2476 1501 776 2094 504
leaf_count=8096 5401 2141 21988 1584 928 1060 329 3375 702 2476 1501 776 2094 504
internal_value=0.000650491 -0.00542982 0.00283632 -0.0156708 0.00111671 -0.00682388 0.00171597 0.00124566 0.0132239 0.00745013 -0.000992124 0.00286792 -0.00146087 -0.021548
internal_weight=52955 14001 38954 4229 28382 1988 26394 25363 1031 10572 9772 4371 2870 2088
internal_count=52955 14001 38954 4229 28382 1988 26394 25363 1031 10572 9772 4371 2870 2088
is_linear=0
shrinkage=0.05


Tree=14
num_leaves=15
num_cat=0
split_feature=107 105 166 0 31 158 172 162 110 81 110 105 86 86
split_gain=305.806 232.727 94.3049 60.3434 54.7988 48.0677 46.2868 45.7389 45.3323 115.813 165.876 103.223 42.8771 51.7261
threshold=1.8967587351799013 79.441112518310561 6.5000000000000009 224.10166931152347 3.5000000000000004 13.314488410949709 0.60355338454246532 40.343750000000007 2.0256221294403081 15.875000000000002 0.034548174589872367 1.9994444251060488 77.948333740234389 22.444999694824222
decision_type=2 2 2 2 2 2 2 2 2 2 2 2 2 2
left_child=2 4 5 -3 -2 12 7 -5 9 -4 -11 -10 13 -1
right_child=1 3 8 6 -6 -7 -8 -9 11 10 -12 -13 -14 -15
leaf_value=0 -0.02512809574116065 -0.3108284348135496 0 -2.1492428094784453 0.035815542252636869 0 -1.8079888298976343 -0.33577403658897986 0 0.0014224699019780975 0.00059365797928390357 -0.00022267764322407154 -0.065375214875302984 0.00059083134031860847
leaf_weight=7434 4611 3449 17821 276 4412 2476 355 898 994 1006 1800 6761 165 497
leaf_count=7434 4611 3449 17821 276 4412 2476 355 898 994 1006 1800 6761 165 497
internal_value=0.00114237 -0.0051942 0.00342026 -0.0138671 -0.000404298 0.00745013 -0.0221317 -0.017218 0.00191813 0.00314318 0.0125756 -0.00134021 0.00931366 0.00984123
internal_weight=52955 14001 38954 4978 9023 10572 1529 1174 28382 20627 2806 7755 8096 7931
internal_count=52955 14001 38954 4978 9023 10572 1529 1174 28382 20627 2806 7755 8096 7931
is_linear=0
shrinkage=0.05


Tree=15
num_leaves=15
num_cat=0
split_feature=107 10 109 105 33 103 156 80 164 117 85 166 110 26
split_gain=326.43 246.223 69.2584 62.8013 80.819 57.0868 74.8321 82.3928 55.7194 59.7224 55.4085 55.3171 53.8154 48.3928
threshold=0.54691162705421459 62.001667022705085 225.0350036621094 2.8377777338027959 7.5000000000000009 503.93333435058599 0.17708333581686023 17.998332977294925 347.85781860351568 59.932538986206062 35.001667022705085 6.5000000000000009 5.0145373344421396 80.005001068115249
decision_type=2 2 2 2 2 2 2 2 2 2 2 2 2 2
left_child=5 3 8 -2 -5 11 7 -7 9 -3 -9 -1 -4 -13
right_child=1 2 12 4 -6 6 -8 10 -10 -11 -12 13 -14 -15
leaf_value=0 0.00055833334103226671 -0.3087144160912732 0.052546515457602541 -0.0075593951695367007 0.10653152169280444 0 0 0.00081526077731196929 0.03619941653937734 -0.10328823036651552 0.012785729660370405 0 -0.8364789954337537 0.0013513464068791925
leaf_weight=7685 1000 1721 241 7623 2969 556 1226 490 912 3642 296 21713 2211 670
leaf_count=7685 1000 1721 241 7623 2969 556 1226 490 912 3642 296 21713 2211 670
internal_value=0.00158705 -0.00338762 -0.00972858 0.00138829 0.000254789 0.00468429 0.0118344 0.0199703 -0.00693471 -0.00887668 0.0303413 0.00407176 -0.0168498 0.00281401
internal_weight=52955 20319 8727 11592 10592 32636 2568 1342 6275 5363 786 30068 2452 22383
internal_count=52955 20319 8727 11592 10592 32636 2568 1342 6275 5363 786 30068 2452 22383
is_linear=0
shrinkage=0.05


Tree=16
num_leaves=15
num_cat=0
split_feature=107 105 65 165 103 156 80 166 155 0 85 80 12 106
split_gain=309.037 210.113 66.4811 65.2686 58.616 74.8321 82.3928 58.4802 58.2889 58.2475 55.4085 46.9303 64.5297 60.8981
threshold=0.54691162705421459 64.107776641845717 126.50000000000001 18.500000000000004 503.93333435058599 0.17708333581686023 17.998332977294925 6.5000000000000009 8.9318404197692889 224.10166931152347 35.001667022705085 13.771667003631594 52.748332977294929 54.841667175292976
decision_type=2 2 2 2 2 2 2 2 2 2 2 2 2 2
left_child=4 11 3 9 7 6 -6 -1 -5 -3 -8 12 13 -2
right_child=1 2 -4 8 5 -7 10 -9 -10 -11 -12 -13 -14 -15
leaf_value=0 0.00078372508570553412 -0.21380857553122024 0.057956396806959701 0.050411860157092842 0 0 0.00077449773844637075 0 -0.48253523544397936 -0.72471536236683098 0.012146443177351885 -0.036104387581109891 0.17950461660925571 -0.29635282910632549
leaf_weight=7685 7599 4445 516 1350 556 1226 490 22383 825 1343 296 2324 1206 711
leaf_count=7685 7599 4445 516 1350 556 1226 490 22383 825 1343 296 2324 1206 711
internal_value=0.00157572 -0.00326461 -0.00927039 -0.0103978 0.00458932 0.0118344 0.0199703 0.00396868 -0.00300459 -0.0131711 0.0303413 0.00103841 0.00259427 0.00102225
internal_weight=52955 20319 8479 7963 32636 2568 1342 30068 2175 5788 786 11840 9516 8310
internal_count=52955 20319 8479 7963 32636 2568 1342 30068 2175 5788 786 11840 9516 8310
is_linear=0
shrinkage=0.05


Tree=17
num_leaves=15
num_cat=0
split_feature=107 105 166 109 172 85 108 105 93 77 61 77 10 10
split_gain=304.349 184.492 60.093 56.6724 56.3181 51.6743 53.6815 88.2293 51.3613 52.3831 50.568 47.2262 46.3715 70.0362
threshold=0.61586034297943126 67.418891906738295 6.5000000000000009 225.0350036621094 0.37940952181816107 26.001667022705082 57.269027709960945 50.834999084472663 338.00445556640631 31.500000000000004 61.500000000000007 76.500000000000014 137.00666809082034 71.988334655761733
decision_type=2 2 2 2 2 2 2 2 2 2 2 2 2 2
left_child=2 5 -1 10 11 6 7 -2 12 -10 -3 -5 13 -4
right_child=1 3 8 4 -6 -7 -8 -9 9 -11 -12 -13 -14 -15
leaf_value=0 0.0004912304196953767 -0.15453969290011901 0 -0.49593435071484626 -1.3739452483245682 -0.077357127587063687 0.16865824316084996 -0.24857770148149225 0.011617871017888245 -0.00090663760671367026 0.066532875251130011 0.085022231531918957 -0.057362822559173757 0.0040341658529533713
leaf_weight=8455 8463 4955 21533 1319 776 976 1700 908 511 169 425 385 1126 1254
leaf_count=8455 8463 4955 21533 1319 776 976 1700 908 511 169 425 385 1126 1254
internal_value=0.00159649 -0.00328696 0.00453817 -0.00924348 -0.015493 0.00060156 0.00157548 9.0657e-05 0.00328685 0.0167883 -0.00635097 -0.0103569 0.00289949 0.00338935
internal_weight=52955 19907 33048 7860 2480 12047 11071 9371 24593 680 5380 1704 23913 22787
internal_count=52955 19907 33048 7860 2480 12047 11071 9371 24593 680 5380 1704 23913 22787
is_linear=0
shrinkage=0.05


Tree=18
num_leaves=15
num_cat=0
split_feature=107 105 166 110 67 107 81 110 10 110 119 15 87 158
split_gain=296.872 162.2 78.5253 61.9983 56.1421 55.8587 131.924 141.169 87.033 75.9192 61.7978 49.4229 55.3816 46.9959
threshold=1.8967587351799013 101.36388778686525 6.5000000000000009 8.70715379714966 1.5000000000000002 0.0070710675790905961 15.708333492279055 0.17113395035266879 17.766666412353519 1.979314982891083 72.308383941650405 370.99166870117193 56.21333312988282 13.314488410949709
decision_type=2 2 2 2 2 2 2 2 2 2 2 2 2 2
left_child=2 4 13 -3 -2 6 9 -8 -7 -4 -10 12 -5 -1
right_child=1 3 5 11 -6 8 7 -9 10 -11 -12 -13 -14 -15
leaf_value=0 -0.039996102942317882 -0.0043958449775590045 0 -0.73353676373940135 0.010820907234444996 0.00040575532722869894 0.001129777407714089 0.0014034770587318026 -0.048199443060511965 0 0.00041688920938990254 -1.5781328722054135 0.20206784246002571 0
leaf_weight=8096 4913 712 15071 2510 5440 3141 1060 1813 2691 2611 1995 287 139 2476
leaf_count=8096 4913 712 15071 2510 5440 3141 1060 1813 2691 2611 1995 287 139 2476
internal_value=0.00164181 -0.0046016 0.00388614 -0.01366 -0.00140471 0.00251524 0.00388375 0.0138117 -0.00107891 0.0022672 -0.00539331 -0.016865 -0.014676 0.00756358
internal_weight=52955 14001 38954 3648 10353 28382 20555 2873 7827 17682 4686 2936 2649 10572
internal_count=52955 14001 38954 3648 10353 28382 20555 2873 7827 17682 4686 2936 2649 10572
is_linear=0
shrinkage=0.05


Tree=19
num_leaves=15
num_cat=0
split_feature=107 105 166 107 81 110 110 169 114 31 159 154 158 10
split_gain=252.385 161.332 87.1968 70.9601 116.518 134.651 75.9192 65.811 50.7468 49.6231 48.4919 53.514 46.9959 43.8994
threshold=1.8967587351799013 79.441112518310561 6.5000000000000009 0.0070710675790905961 15.708333492279055 0.17113395035266879 1.979314982891083 228.50000000000003 189.32064056396487 2.5000000000000004 86.887153625488295 50.500000000000007 13.314488410949709 17.766666412353519
decision_type=2 2 2 2 2 2 2 2 2 2 2 2 2 2
left_child=2 9 12 4 6 -6 -4 13 10 -2 11 -3 -1 -5
right_child=1 8 3 7 5 -7 -8 -9 -10 -11 -12 -13 -14 -15
leaf_value=0 -0.022475623271130469 -0.24316902504466828 0 0.000385467560867264 0.0010732885373283844 0.0013333032057952126 0 -0.025724386409384903 -0.98898009182917357 0.032314482947107641 -0.005420002305068828 -1.2725390906509242 0 -0.019698654569474797
leaf_weight=8096 4440 2302 15071 2715 1060 1813 2611 940 603 4583 1151 922 2476 4172
leaf_count=8096 4440 2302 15071 2715 1060 1813 2611 940 603 4583 1151 922 2476 4172
internal_value=0.00161915 -0.00413751 0.00368849 0.00224398 0.00378648 0.0131167 0.0022672 -0.00180669 -0.0113586 -0.000149535 -0.00946347 -0.0126045 0.00756358 -0.000108822
internal_weight=52955 14001 38954 28382 20555 2873 17682 7827 4978 9023 4375 3224 10572 6887
internal_count=52955 14001 38954 28382 20555 2873 17682 7827 4978 9023 4375 3224 10572 6887
is_linear=0
shrinkage=0.05


Tree=20
num_leaves=15
num_cat=0
split_feature=107 90 166 109 107 81 110 110 84 158 90 86 162 105
split_gain=247.676 147.49 79.7363 48.9284 47.8202 109.897 124.681 75.9192 71.81 46.9959 45.7378 44.3215 48.7505 46.947
threshold=1.8967587351799013 80.938888549804702 6.5000000000000009 228.63499450683597 0.0070710675790905961 15.708333492279055 0.17113395035266879 1.979314982891083 13.908333301544191 13.314488410949709 97.436111450195327 44.013334274291999 14.987846851348879 22.159444808959964
decision_type=2 2 2 2 2 2 2 2 2 2 2 2 2 2
left_child=2 11 9 -3 5 7 -7 -4 -6 -1 -10 12 13 -2
right_child=1 3 4 -5 8 6 -8 -9 10 -11 -12 -13 -14 -15
leaf_value=0 0.00038417301854578125 -0.16090705326708968 0 -0.77878520522701966 0.00036619418282390079 0.0010196241104619651 0.0012666380455054519 0 -0.052956413514427397 0 -0.0035038277717604816 -0.21495913161644681 0.014415402147013843 -0.18984414936835176
leaf_weight=8096 1345 3296 15071 1971 4415 1060 1813 2611 1659 2476 1753 319 6171 899
leaf_count=8096 1345 3296 15071 1971 4415 1060 1813 2611 1659 2476 1753 319 6171 899
internal_value=0.00180797 -0.00389476 0.0038579 -0.0104989 0.00247649 0.0037427 0.012804 0.0022672 -0.000849081 0.00756358 -0.00629207 9.15437e-05 0.000789786 -0.00551356
internal_weight=52955 14001 38954 5267 28382 20555 2873 17682 7827 10572 3412 8734 8415 2244
internal_count=52955 14001 38954 5267 28382 20555 2873 17682 7827 10572 3412 8734 8415 2244
is_linear=0
shrinkage=0.05


Tree=21
num_leaves=15
num_cat=0
split_feature=107 105 166 158 113 156 110 172 77 107 81 81 148 11
split_gain=225.893 134.929 79.0746 46.9959 44.066 44.7457 44.065 46.8197 44.3569 43.6565 78.7432 70.0759 41.1805 38.7031
threshold=1.8967587351799013 79.441112518310561 6.5000000000000009 13.314488410949709 115.59214782714845 0.031250000931322582 24.398778915405277 0.37940952181816107 64.500000000000014 1.0000000180025095e-35 13.998333454132082 15.708333492279055 388.39555358886724 71.168331146240249
decision_type=2 2 2 2 2 2 2 2 2 2 2 2 2 2
left_child=2 13 3 -1 9 -6 -3 8 -8 11 -11 -4 -7 -2
right_child=1 6 4 -5 5 12 7 -9 -10 10 -12 -13 -14 -15
leaf_value=0 -0.0046785792150539829 -0.1407744755126514 0 0 0.012511602528587363 -0.028536405993281888 -0.8127127152970326 -1.4528379713717277 0.16454337714398959 0.00034788447368270582 -0.041078760230162964 0.00037852185758459236 0.03679749269154816 0.12105044234411962
leaf_weight=8096 7888 2735 17460 2476 226 162 1166 767 310 4568 3123 2613 230 1135
leaf_count=8096 7888 2735 17460 2476 226 162 1166 767 310 4568 3123 2613 230 1135
internal_value=0.0019156 -0.00353063 0.0038733 0.00756358 0.00249762 0.0156501 -0.0101345 -0.0153247 -0.0100608 0.0022021 -0.00100052 0.00342913 0.00528967 0.000116305
internal_weight=52955 14001 38954 10572 28382 618 4978 2243 1476 27764 7691 20073 392 9023
internal_count=52955 14001 38954 10572 28382 618 4978 2243 1476 27764 7691 20073 392 9023
is_linear=0
shrinkage=0.05


Tree=22
num_leaves=15
num_cat=0
split_feature=107 10 166 164 102 30 43 105 87 91 113 171 141 64
split_gain=214.185 141.432 64.9509 59.463 56.4597 61.748 50.5285 71.7823 49.0293 64.5204 46.8914 62.5 41.6038 43.9257
threshold=0.6316937804222108 53.885000228881843 6.5000000000000009 289.27503967285162 62.678653717041023 1.0000000180025095e-35 33.500000000000007 12.417222023010256 42.004999160766609 309.08500671386724 133.80481719970706 -0.7865660786628722 0.77054399251937877 82.500000000000014
decision_type=2 2 2 2 2 2 2 2 2 2 2 2 2 2
left_child=2 6 12 4 -3 -6 7 -2 9 -5 -4 -12 13 -1
right_child=1 3 10 8 5 -7 -8 -9 -10 -11 11 -13 -14 -15
leaf_value=0 0.0014572277390277407 -0.39505981828603531 0 -0.0012746983716643179 -0.21289535360604611 0.033682139393135024 0.11732944166279383 -0.024721832286022191 0.17126216260466343 -2.3861536684632543 0.010250262837789244 -0.001839874634577408 -0.01502979177981615 0.00094841797656981949
leaf_weight=8092 3084 2030 24286 3025 2747 1445 2230 4770 136 335 235 139 256 145
leaf_count=8092 3084 2030 24286 3025 2747 1445 2230 4770 136 335 235 139 256 145
internal_value=0.00196847 -0.00214571 0.00442578 -0.00644863 -0.00937851 -0.00605194 0.00200218 0.000114518 -0.00122822 -0.00243685 0.00312589 0.0205805 0.00819605 0.00881461
internal_weight=52955 19802 33153 9718 6222 4192 10084 7854 3496 3360 24660 374 8493 8237
internal_count=52955 19802 33153 9718 6222 4192 10084 7854 3496 3360 24660 374 8493 8237
is_linear=0
shrinkage=0.05


Tree=23
num_leaves=15
num_cat=0
split_feature=107 105 166 110 111 158 115 98 107 81 81 159 155 111
split_gain=202.482 117.951 78.5253 56.3575 53.3244 48.9047 43.6836 60.9544 40.0237 75.676 71.2716 39.078 36.5931 36.2548
threshold=1.8967587351799013 89.35111236572267 6.5000000000000009 8.70715379714966 356.06413269042974 13.314488410949709 484.50000000000006 35.738447189331062 1.0000000180025095e-35 15.708333492279055 13.998333454132082 87.541667938232436 2.2071502208709721 0.086076389998197569
decision_type=2 2 2 2 2 2 2 2 2 2 2 2 2 2
left_child=2 -2 5 12 11 13 8 -8 9 -4 -10 -5 -3 -1
right_child=1 3 6 4 -6 -7 7 -9 10 -11 -12 -13 -14 -15
leaf_value=0 -0.00046385282679021773 -0.16839789709055297 0 -0.59782105367902783 -1.4429766520450178 0 0 0.027681240515753963 0.00033049024999857053 0.00057150098261090027 -0.036882552625199752 -0.079332210421897822 0.15527599555908944 0
leaf_weight=2126 9770 361 17367 2288 197 2476 408 196 4559 2655 3197 939 446 5970
leaf_count=2126 9770 361 17367 2288 197 2476 408 196 4559 2655 3197 939 446 5970
internal_value=0.00203267 -0.00312366 0.00388614 -0.0100921 -0.0128901 0.00756358 0.00251524 0.0157635 0.00222438 0.0034054 -0.000824636 -0.0113088 0.00178571 0.00944328
internal_weight=52955 14001 38954 4231 3424 10572 28382 604 27778 20022 7756 3227 807 8096
internal_count=52955 14001 38954 4231 3424 10572 28382 604 27778 20022 7756 3227 807 8096
is_linear=0
shrinkage=0.05


Tree=24
num_leaves=15
num_cat=0
split_feature=107 106 166 47 158 114 1 90 113 6 84 169 111 86
split_gain=197.136 110.847 77.3235 54.2071 48.9047 47.6422 55.8623 50.4092 45.03 63.4328 38.2763 36.481 36.2548 38.3605
threshold=1.8967587351799013 80.618335723876967 6.5000000000000009 11.500000000000002 13.314488410949709 189.32064056396487 76.458332061767592 80.938888549804702 155.6082458496094 54.095001220703132 34.004999160766609 138.50000000000003 0.086076389998197569 76.006668090820327
decision_type=2 2 2 2 2 2 2 2 2 2 2 2 2 2
left_child=2 3 4 -2 12 6 11 -8 -4 -10 -7 -3 -1 -14
right_child=1 5 8 -5 -6 10 7 -9 9 -11 -12 -13 13 -15
leaf_value=0 -0.013487958953108233 -0.92509374724839022 0 0.10702446405240083 0 0.24604872781615988 0.12000704774567694 -0.2013921648924536 0.013293512473207437 -0.0017478809028485375 -0.90259872469484059 -0.07756586418271022 2.6534370118752118e-05 -0.047963530195650673
leaf_weight=2126 4871 634 28127 3064 2476 109 510 3993 155 100 523 297 5801 169
leaf_count=2126 4871 634 28127 3064 2476 109 510 3993 155 100 523 297 5801 169
internal_value=0.00208554 -0.00300228 0.00391437 0.000887909 0.00756358 -0.00808763 -0.00656371 -0.004248 0.00255399 0.0232692 -0.0210361 -0.0176816 0.00944328 0.0114393
internal_weight=52955 14001 38954 7935 10572 6066 5434 4503 28382 255 632 931 8096 5970
internal_count=52955 14001 38954 7935 10572 6066 5434 4503 28382 255 632 931 8096 5970
is_linear=0
shrinkage=0.05


Tree=25
num_leaves=15
num_cat=0
split_feature=107 90 6 1 105 162 172 61 71 78 162 86 117 88
split_gain=101.884 105.096 46.9226 48.9718 53.358 46.4793 51.3129 44.8805 70.3009 61.3103 73.0903 55.8795 55.8534 34.823
threshold=4.6568655967712411 210.03166961669925 377.30667114257818 9.9966664314270037 22.159444808959964 44.418651580810554 0.60355338454246532 76.500000000000014 870.00000000000011 36.500000000000007 4.4114584922790536 47.011667251586921 66.858024597167983 47.011667251586921
decision_type=2 2 2 2 2 2 2 2 2 2 2 2 2 2
left_child=7 2 3 -2 -5 -3 -7 8 9 11 -11 -1 -9 -14
right_child=1 5 -4 4 -6 6 -8 12 -10 10 -12 -13 13 -15
leaf_value=0 -0.40405559085028458 -1.7475251777974805 -0.79168499702247708 0.011746636061132382 -0.026527879494138831 -0.1824879438513281 -1.4616191056880972 0.0021408950573231569 -7.73128454872337e-05 -1.326718505937606e-06 0 -0.021387809729308985 -0.04038154767795641 0.057249629216478463
leaf_weight=29865 680 284 112 609 6173 699 234 1311 135 179 9452 2642 411 169
leaf_count=29865 680 284 112 609 6173 699 234 1311 135 179 9452 2642 411 169
internal_value=0.000804381 -0.00410982 -0.00191318 -0.00141958 -0.000132606 -0.0177169 -0.0122068 0.00178292 0.0014452 0.00156254 -0.00194064 0.00260058 0.00930907 -0.00358974
internal_weight=52955 8791 7574 7462 6782 1217 933 44164 42273 42138 9631 32507 1891 580
internal_count=52955 8791 7574 7462 6782 1217 933 44164 42273 42138 9631 32507 1891 580
is_linear=0
shrinkage=0.05


Tree=26
num_leaves=15
num_cat=0
split_feature=107 105 118 95 80 85 115 119 5 156 110 146 5 87
split_gain=99.0089 100.035 58.6334 59.3637 103.514 86.1409 57.601 67.2147 57.4755 53.9984 53.8051 52.3752 50.4867 57.0015
threshold=1.8967587351799013 89.35111236572267 491.00666809082037 3.9506520032882695 17.998332977294925 35.001667022705085 484.50000000000006 92.771293640136733 47.995000839233406 508.97917175292974 8.70715379714966 92.797954559326186 377.30667114257818 58.451665878295906
decision_type=2 2 2 2 2 2 2 2 2 2 2 2 2 2
left_child=2 -2 6 4 -4 -6 7 11 -5 -9 -3 -1 13 -12
right_child=1 10 3 8 5 -7 -8 9 -10 -11 12 -13 -14 -15
leaf_value=0 0.00069485104130338608 0.043600230907827657 0 0.0033455870388713841 0.00063868603324923493 0.0090444990231088648 0.032805069993705326 0 -0.15929898225133343 0.0039200066326661861 -0.49807088104985681 0.0013298411460864953 -1.2456463862478797 0.32264731777468136
leaf_weight=30514 9770 807 1245 260 494 439 227 3570 628 315 2984 1262 291 149
leaf_count=30514 9770 807 1245 260 494 439 227 3570 628 315 2984 1262 291 149
internal_value=0.000945997 -0.00265957 0.0022421 0.00887333 0.0133074 0.0258529 0.00167442 0.00151265 -0.00201568 -0.00469152 -0.00907696 0.0022718 -0.011811 -0.0099267
internal_weight=52955 14001 38954 3066 2178 933 35888 35661 888 3885 4231 31776 3424 3133
internal_count=52955 14001 38954 3066 2178 933 35888 35661 888 3885 4231 31776 3424 3133
is_linear=0
shrinkage=0.05


Tree=27
num_leaves=15
num_cat=0
split_feature=107 105 113 78 13 6 159 115 114 86 105 63 67 98
split_gain=89.0178 92.2804 62.69 56.6182 55.6584 53.0668 56.3667 48.8006 69.372 41.0622 39.3665 36.2413 35.3754 35.0898
threshold=1.8967587351799013 91.264446258544936 13.436270236968996 83.500000000000014 4.0016667842864999 364.46665954589849 87.541667938232436 484.50000000000006 92.60727691650392 46.126667022705085 1.9994444251060488 110.50000000000001 1.5000000000000002 34.798227310180671
decision_type=2 2 2 2 2 2 2 2 2 2 2 2 2 2
left_child=3 12 -3 4 9 6 -4 8 -6 10 -1 -5 -2 -9
right_child=1 2 5 11 7 -7 -8 13 -10 -11 -12 -13 -14 -15
leaf_value=0 -0.022981910621573322 0.13837827638949957 -0.48666779662740312 0 0 -1.164728184739773 0.020033573846293031 2.6534370118752118e-05 0 0.0010693904864654492 0 0.0037903172600282824 0.015606428869996226 0.024404590818448011
leaf_weight=11399 4717 428 2325 7124 13593 324 1040 222 3726 110 2354 209 5167 217
leaf_count=11399 4717 428 2325 7124 13593 324 1040 222 3726 110 2354 209 5167 217
internal_value=0.000909177 -0.00250964 -0.00879427 0.00213815 0.00305603 -0.010896 -0.00900593 0.00490908 0.00448799 0.000681425 0.000432476 -0.0018193 0.000111235 0.0212838
internal_weight=52955 14001 4117 38954 31621 3689 3365 17758 17319 13863 13753 7333 9884 439
internal_count=52955 14001 4117 38954 31621 3689 3365 17758 17319 13863 13753 7333 9884 439
is_linear=0
shrinkage=0.05


Tree=28
num_leaves=15
num_cat=0
split_feature=107 105 78 113 13 15 87 99 113 96 86 105 166 134
split_gain=79.4067 82.6355 59.4466 57.5565 53.022 49.5619 56.7137 47.1058 82.754 50.0876 41.0622 39.3665 37.694 55.89
threshold=1.8967587351799013 97.584442138671889 83.500000000000014 12.411242485046388 4.0016667842864999 370.99166870117193 58.451665878295906 95.684970855712905 1.0000000180025095e-35 211.87548828125003 46.126667022705085 1.9994444251060488 6.5000000000000009 75.847461700439467
decision_type=2 2 2 2 2 2 2 2 2 2 2 2 2 2
left_child=2 -2 4 -3 10 6 -5 9 -9 -6 11 -1 13 -4
right_child=1 3 12 5 7 -7 -8 8 -10 -11 -12 -13 -14 -15
leaf_value=0 8.942733546502495e-05 0.14554960294823668 0 -0.40743780197469293 0 -1.1098251533409191 0.29144227941967116 0.00039354676569522038 0 0.073272051344557138 0.0010159209621421769 0 0 -1.326718505937606e-06
leaf_weight=11399 10212 329 1917 2995 11981 303 162 115 5479 183 110 2354 5232 184
leaf_count=11399 10212 329 1917 2995 11981 303 162 115 5479 183 110 2354 5232 184
internal_value=0.000897847 -0.00233114 0.00205857 -0.00863205 0.00299911 -0.0105339 -0.00864959 0.00480775 0.00100911 0.00655354 0.000681425 0.000432476 -0.00199646 -0.00764482
internal_weight=52955 14001 38954 3789 31621 3460 3157 17758 5594 12164 13863 13753 7333 2101
internal_count=52955 14001 38954 3789 31621 3460 3157 17758 5594 12164 13863 13753 7333 2101
is_linear=0
shrinkage=0.05


Tree=29
num_leaves=15
num_cat=0
split_feature=107 90 78 67 113 161 17 171 162 172 78 1 105 103
split_gain=77.792 86.1985 51.8736 47.9157 59.4723 53.6982 47.6092 46.4659 44.5845 52.6087 36.1157 34.8605 53.0801 39.6761
threshold=4.6568655967712411 210.03166961669925 83.500000000000014 15.500000000000002 133.80481719970706 125.72851181030275 48.004999160766609 -0.7865660786628722 44.418651580810554 0.91597560048103344 54.500000000000007 9.9966664314270037 22.159444808959964 254.30833435058597
decision_type=2 2 2 2 2 2 2 2 2 2 2 2 2 2
left_child=2 11 3 4 5 -1 10 -6 -3 -10 -5 -2 -13 -14
right_child=1 8 -4 6 7 -7 -8 -9 9 -11 -12 12 13 -15
leaf_value=0 -0.38411623408865464 -1.5607359980533513 0 3.1180158440063942e-05 0.0085922740719534211 0 0 -0.0016604868577061106 -0.24127776104736701 -1.2940684277676784 0.0014528973740385847 0.012269185870316009 -0.37185639165348705 -0.010895212031864044
leaf_weight=28502 680 284 7976 1548 259 3992 1486 160 807 126 241 611 503 5780
leaf_count=28502 680 284 7976 1548 259 3992 1486 160 807 126 241 611 503 5780
internal_value=0.000945997 -0.00334811 0.00180104 0.00260548 0.0020308 0.00178775 0.0083689 0.0206368 -0.015671 -0.0102878 0.0138517 -0.00135902 -0.000289897 -0.0016619
internal_weight=52955 8791 44164 36188 32913 32494 3275 419 1217 933 1789 7574 6894 6283
internal_count=52955 8791 44164 36188 32913 32494 3275 419 1217 933 1789 7574 6894 6283
is_linear=0
shrinkage=0.05


Tree=30
num_leaves=15
num_cat=0
split_feature=107 16 0 78 63 161 115 7 101 88 67 105 164 99
split_gain=61.8518 82.0869 60.4819 56.545 45.4464 45.1577 60.7204 49.9656 42.6822 42.0194 37.603 39.3768 37.2758 37.2138
threshold=4.6568655967712411 370.99166870117193 364.46665954589849 36.500000000000007 113.50000000000001 90.739730834960952 484.50000000000006 30.001667022705082 126.64553070068361 66.055000305175795 19.500000000000004 70.863334655761733 15.537334442138674 196.74501037597659
decision_type=2 2 2 2 2 2 2 2 2 2 2 2 2 2
left_child=3 2 10 5 12 6 9 13 -9 -1 11 -2 -5 -7
right_child=1 -3 -4 4 -6 7 -8 8 -10 -11 -12 -13 -14 -15
leaf_value=0 0.0036709078734241487 -0.98963047428548956 -1.676695954850056 -1.2603825806407257e-06 0.0022056517692768361 0 0.021495561481778447 0.0010201866156501168 0 0.00037386942741045933 0.065761476937689772 -0.21861627997939892 0 -0.22579632741286329
leaf_weight=25523 4390 251 264 157 380 3184 322 2447 1138 1053 524 3362 9826 134
leaf_count=25523 4390 251 264 157 380 3184 322 2447 1138 1053 524 3362 9826 134
internal_value=0.000674094 -0.00315484 -0.00231714 0.00143653 -0.00179398 0.00242708 0.00335279 -0.00117979 0.00291086 0.00308867 -0.00155778 -0.00243651 -0.00244293 -0.00559735
internal_weight=52955 8791 8540 44164 10363 33801 26898 6903 3585 26576 8276 7752 9983 3318
internal_count=52955 8791 8540 44164 10363 33801 26898 6903 3585 26576 8276 7752 9983 3318
is_linear=0
shrinkage=0.05


Tree=31
num_leaves=15
num_cat=0
split_feature=159 107 160 16 100 80 165 18 3 90 162 0 1 105
split_gain=60.0549 65.2802 55.713 57.1019 72.9077 80.3742 61.9123 54.4766 49.2696 55.5214 61.8502 42.2357 41.8249 35.2293
threshold=22.491319656372074 5.9235556125640878 5188.0000000000009 341.85499572753912 493.50666809082037 33.013334274291999 12.500000000000002 307.74499511718756 4.0016667842864999 8.9977779388427752 0.47519841790199285 228.14666748046878 12.691666603088381 70.863334655761733
decision_type=2 2 2 2 2 2 2 2 2 2 2 2 2 2
left_child=1 8 3 4 7 -6 -5 -2 -1 -10 -11 12 -3 -14
right_child=2 11 -4 6 5 -7 -8 -9 9 10 -12 -13 13 -15
leaf_value=0 0 -0.61237520298755066 0.048740184120886369 -0.00185648718933942 0 0.022497421749388076 -0.68116043780412194 -1.8693471370522969e-05 9.5748742392003807e-06 -0.19530904117399348 0 -1.2114354448121027 0.012029798266766313 -0.15863237827759413
leaf_weight=12375 19512 472 289 409 523 190 362 701 2408 122 11703 289 2069 1531
leaf_count=12375 19512 472 289 409 523 190 362 701 2408 122 11703 289 2069 1531
internal_value=0.000274736 0.00169336 -0.00172343 -0.00201594 -0.00152167 0.0141365 -0.0153351 -0.00207736 0.00262278 0.00462846 0.0032164 -0.00397389 -0.00264901 -0.000804438
internal_weight=52955 30969 21986 21697 20926 713 771 20213 26608 14233 11825 4361 4072 3600
internal_count=52955 30969 21986 21697 20926 713 771 20213 26608 14233 11825 4361 4072 3600
is_linear=0
shrinkage=0.05


Tree=32
num_leaves=15
num_cat=0
split_feature=161 110 110 105 113 152 161 19 118 113 104 82 85 171
split_gain=45.3128 79.963 51.1896 88.7682 69.0078 57.4607 64.6007 57.7195 45.5133 74.3797 47.2372 41.9737 60.1412 27.2508
threshold=1257.062438964844 0.034548174589872367 14.350580692291262 103.08499908447267 133.80481719970706 1.9702113270759585 19.838618278503422 71.518333435058608 491.00666809082037 0.075157131999731078 118.80680084228517 69.366668701171889 40.003334045410163 -0.6035533845424651
decision_type=2 2 2 2 2 2 2 2 2 2 2 2 2 2
left_child=2 -2 4 11 8 6 -5 -7 10 -10 -1 12 -4 -6
right_child=1 -3 3 5 13 7 -8 -9 9 -11 -12 -13 -14 -15
leaf_value=0 -1.5590079220031971e-06 0 1.0655138449243557e-05 -0.55731913164192404 0.0081116510375732441 -0.61033931365487326 0.024160470974238318 -1.3148909863951088 0.0002000523334939281 0 0 0.08392557615316576 -0.1572506852499366 0.0038250449911124088
leaf_weight=35979 300 528 4855 885 231 945 1223 305 373 2578 4128 119 339 167
leaf_count=35979 300 528 4855 885 231 945 1223 305 373 2578 4128 119 339 167
internal_value=-1.51057e-05 -0.0115846 0.000169761 -0.00333679 0.000869745 -0.00969373 -0.00463796 -0.0181673 0.000676915 0.00666441 0.00023559 0.000686348 0 0.021464
internal_weight=52955 828 52127 8671 43456 3358 2108 1250 43058 2951 40107 5313 5194 398
internal_count=52955 828 52127 8671 43456 3358 2108 1250 43058 2951 40107 5313 5194 398
is_linear=0
shrinkage=0.05


Tree=33
num_leaves=15
num_cat=0
split_feature=110 90 105 112 15 87 162 19 119 160 16 126 166 169
split_gain=52.7754 68.5864 91.8262 68.2901 58.7137 76.507 57.1378 48.8953 71.727 50.5834 48.3818 46.9193 56.6612 41.2531
threshold=14.350580692291262 1.0000000180025095e-35 103.08499908447267 296.84666442871099 370.99166870117193 50.010000228881843 352.16542053222662 292.46000671386724 162.515007019043 346.00000000000006 124.92666625976564 178.54555511474612 4.5000000000000009 166.50000000000003
decision_type=2 2 2 2 2 2 2 2 2 2 2 2 2 2
left_child=3 -2 -3 6 5 -4 7 8 -1 -9 13 12 -8 -5
right_child=1 2 4 10 -6 -7 11 9 -10 -11 -12 -13 -14 -15
leaf_value=0 -5.3275692246217793e-07 0.00017479906738693802 -0.44520301972375309 0.0029268764282955957 -1.0787648552485254 0.060121341571679532 -1.326718505937606e-06 -1.326718505937606e-06 9.3467356852614846e-07 9.3467356852614846e-07 0.0024960456494410367 0.022768102589465784 0 0.01304578830548791
leaf_weight=37346 368 4990 2802 530 270 304 685 768 403 261 1217 155 2502 354
leaf_count=37346 368 4990 2802 530 270 304 685 768 403 261 1217 155 2502 354
internal_value=-0.000134063 -0.00368463 -0.00274758 0.000567539 -0.00910973 -0.00713597 0.00012819 0.000669108 0.000962812 -0.010058 0.00935423 -0.00613983 -0.00745614 0.0182227
internal_weight=52955 8734 8366 44221 3376 3106 42120 38778 37749 1029 2101 3342 3187 884
internal_count=52955 8734 8366 44221 3376 3106 42120 38778 37749 1029 2101 3342 3187 884
is_linear=0
shrinkage=0.05


end of trees

feature_importances:
roll0003_mean_fixed_avg_active_gpus_F30=45
roll0003_stddev_pop_fixed_avg_active_gpus_F30=37
roll0012_stddev_pop_fixed_avg_active_gpus_F30=33
melbourne_hour=27
lag_running_job_equivalents_0048=14
roll0012_stddev_pop_total_avg_active_gpus=14
roll0048_stddev_pop_fixed_avg_active_gpus_F30=13
lag_fixed_avg_active_gpus_F30_0001=12
roll0003_mean_total_avg_active_gpus=11
roll0048_stddev_pop_queued_requested_gpus=9
roll2016_mean_queued_requested_gpus=9
lag_running_job_equivalents_0002=8
melbourne_day_of_year=8
hour_cos=8
lag_running_job_equivalents_0001=7
lag_total_avg_active_gpus_0001=6
lag_queued_requested_gpus_0576=6
lag_running_job_equivalents_0024=6
lag_total_avg_active_gpus_0002=5
lag_fixed_avg_active_gpus_F30_0002=5
lag_fixed_avg_active_gpus_F30_0024=5
lag_queued_job_count_0006=5
lag_running_job_equivalents_0012=5
lag_running_job_equivalents_0288=5
roll0003_max_fixed_avg_active_gpus_F30=5
roll0048_mean_fixed_avg_active_gpus_F30=5
roll0288_mean_queued_requested_gpus=5
lag_total_avg_active_gpus_0048=4
lag_arriving_requested_gpus_0288=4
lag_queued_job_count_0288=4
lag_queued_requested_gpus_0288=4
roll0048_mean_total_avg_active_gpus=4
roll0288_mean_total_avg_active_gpus=4
roll0012_max_fixed_avg_active_gpus_F30=4
roll0288_max_fixed_avg_active_gpus_F30=4
roll0048_mean_queued_requested_gpus=4
roll0288_stddev_pop_queued_requested_gpus=4
roll2016_stddev_pop_queued_requested_gpus=4
hour_sin=4
lag_total_avg_active_gpus_0024=3
lag_fixed_avg_active_gpus_F30_0048=3
lag_fixed_avg_active_gpus_F30_2016=3
lag_arriving_job_count_0002=3
roll0003_max_total_avg_active_gpus=3
roll2016_mean_total_avg_active_gpus=3
roll2016_max_total_avg_active_gpus=3
roll0288_mean_fixed_avg_active_gpus_F30=3
roll2016_mean_fixed_avg_active_gpus_F30=3
roll2016_stddev_pop_fixed_avg_active_gpus_F30=3
utc_hour=3
lag_total_avg_active_gpus_0006=2
lag_total_avg_active_gpus_0012=2
lag_fixed_avg_active_gpus_F30_0006=2
lag_fixed_avg_active_gpus_F30_0288=2
lag_flexible_avg_active_gpus_F30_0048=2
lag_arriving_job_count_0001=2
lag_arriving_job_count_0003=2
lag_arriving_job_count_0006=2
lag_queued_job_count_0002=2
lag_running_job_equivalents_0576=2
roll0012_mean_total_avg_active_gpus=2
roll0048_max_total_avg_active_gpus=2
roll0048_stddev_pop_total_avg_active_gpus=2
roll0012_mean_fixed_avg_active_gpus_F30=2
roll2016_max_fixed_avg_active_gpus_F30=2
roll0288_mean_flexible_avg_active_gpus_F30=2
roll0048_mean_arriving_flexible_gpu_hours_F30=2
roll0012_stddev_pop_queued_requested_gpus=2
roll0048_max_queued_requested_gpus=2
roll0288_max_queued_requested_gpus=2
melbourne_day_of_week=2
lag_total_avg_active_gpus_0003=1
lag_total_avg_active_gpus_0288=1
lag_total_avg_active_gpus_2016=1
lag_fixed_avg_active_gpus_F30_0003=1
lag_fixed_avg_active_gpus_F30_0012=1
lag_fixed_avg_active_gpus_F30_0576=1
lag_flexible_avg_active_gpus_F30_0288=1
lag_flexible_avg_active_gpus_F30_2016=1
lag_arriving_job_count_0012=1
lag_arriving_job_count_0024=1
lag_arriving_requested_gpus_0002=1
lag_arriving_requested_gpus_0003=1
lag_arriving_requested_gpus_0006=1
lag_arriving_requested_gpus_0024=1
lag_queued_job_count_0012=1
lag_queued_job_count_0024=1
lag_queued_job_count_0576=1
lag_queued_requested_gpus_0002=1
lag_queued_requested_gpus_2016=1
lag_running_job_equivalents_0003=1
lag_running_job_equivalents_0006=1
roll0012_max_total_avg_active_gpus=1
roll0288_max_total_avg_active_gpus=1
roll0288_stddev_pop_total_avg_active_gpus=1
roll2016_stddev_pop_total_avg_active_gpus=1
roll0048_max_fixed_avg_active_gpus_F30=1
roll0003_mean_flexible_avg_active_gpus_F30=1
roll0048_mean_flexible_avg_active_gpus_F30=1
roll2016_mean_flexible_avg_active_gpus_F30=1
roll2016_stddev_pop_flexible_avg_active_gpus_F30=1
roll0288_stddev_pop_arriving_flexible_gpu_hours_F30=1
roll2016_max_arriving_flexible_gpu_hours_F30=1
roll0003_stddev_pop_queued_requested_gpus=1
roll0012_max_queued_requested_gpus=1
roll2016_max_queued_requested_gpus=1

parameters:
[boosting: gbdt]
[objective: regression_l1]
[metric: l1]
[tree_learner: serial]
[device_type: cpu]
[data_sample_strategy: bagging]
[data: ]
[valid: ]
[num_iterations: 34]
[learning_rate: 0.05]
[num_leaves: 15]
[num_threads: 4]
[seed: 20260721]
[deterministic: 1]
[force_col_wise: 1]
[force_row_wise: 0]
[histogram_pool_size: -1]
[max_depth: 5]
[min_data_in_leaf: 100]
[min_sum_hessian_in_leaf: 0.001]
[bagging_fraction: 1]
[pos_bagging_fraction: 1]
[neg_bagging_fraction: 1]
[bagging_freq: 0]
[bagging_seed: 11591]
[bagging_by_query: 0]
[feature_fraction: 1]
[feature_fraction_bynode: 1]
[feature_fraction_seed: 24120]
[extra_trees: 0]
[extra_seed: 12737]
[early_stopping_round: 0]
[early_stopping_min_delta: 0]
[first_metric_only: 0]
[max_delta_step: 0]
[lambda_l1: 0]
[lambda_l2: 5]
[linear_lambda: 0]
[min_gain_to_split: 0]
[drop_rate: 0.1]
[max_drop: 50]
[skip_drop: 0.5]
[xgboost_dart_mode: 0]
[uniform_drop: 0]
[drop_seed: 6762]
[top_rate: 0.2]
[other_rate: 0.1]
[min_data_per_group: 100]
[max_cat_threshold: 32]
[cat_l2: 10]
[cat_smooth: 10]
[max_cat_to_onehot: 4]
[top_k: 20]
[monotone_constraints: ]
[monotone_constraints_method: basic]
[monotone_penalty: 0]
[feature_contri: ]
[forcedsplits_filename: ]
[refit_decay_rate: 0.9]
[cegb_tradeoff: 1]
[cegb_penalty_split: 0]
[cegb_penalty_feature_lazy: ]
[cegb_penalty_feature_coupled: ]
[path_smooth: 0]
[interaction_constraints: ]
[verbosity: -1]
[saved_feature_importance_type: 0]
[use_quantized_grad: 0]
[num_grad_quant_bins: 4]
[quant_train_renew_leaf: 0]
[stochastic_rounding: 1]
[linear_tree: 0]
[max_bin: 255]
[max_bin_by_feature: ]
[min_data_in_bin: 3]
[bin_construct_sample_cnt: 200000]
[data_random_seed: 4436]
[is_enable_sparse: 1]
[enable_bundle: 1]
[use_missing: 1]
[zero_as_missing: 0]
[feature_pre_filter: 1]
[pre_partition: 0]
[two_round: 0]
[header: 0]
[label_column: ]
[weight_column: ]
[group_column: ]
[ignore_column: ]
[categorical_feature: ]
[forcedbins_filename: ]
[precise_float_parser: 0]
[parser_config_file: ]
[objective_seed: 18074]
[num_class: 1]
[is_unbalance: 0]
[scale_pos_weight: 1]
[sigmoid: 1]
[boost_from_average: 1]
[reg_sqrt: 0]
[alpha: 0.9]
[fair_c: 1]
[poisson_max_delta_step: 0.7]
[tweedie_variance_power: 1.5]
[lambdarank_truncation_level: 30]
[lambdarank_norm: 1]
[label_gain: ]
[lambdarank_position_bias_regularization: 0]
[eval_at: ]
[multi_error_top_k: 1]
[auc_mu_weights: ]
[num_machines: 1]
[local_listen_port: 12400]
[time_out: 120]
[machine_list_filename: ]
[machines: ]
[gpu_platform_id: -1]
[gpu_device_id: -1]
[gpu_use_dp: 0]
[num_gpu: 1]

end of parameters

pandas_categorical:[]
