tree
version=v4
num_class=1
num_tree_per_iteration=1
label_index=0
max_feature_idx=176
objective=regression_l1
feature_names=lag_total_avg_active_gpus_0001 lag_total_avg_active_gpus_0002 lag_total_avg_active_gpus_0003 lag_total_avg_active_gpus_0006 lag_total_avg_active_gpus_0012 lag_total_avg_active_gpus_0024 lag_total_avg_active_gpus_0048 lag_total_avg_active_gpus_0288 lag_total_avg_active_gpus_0576 lag_total_avg_active_gpus_2016 lag_fixed_avg_active_gpus_F30_0001 lag_fixed_avg_active_gpus_F30_0002 lag_fixed_avg_active_gpus_F30_0003 lag_fixed_avg_active_gpus_F30_0006 lag_fixed_avg_active_gpus_F30_0012 lag_fixed_avg_active_gpus_F30_0024 lag_fixed_avg_active_gpus_F30_0048 lag_fixed_avg_active_gpus_F30_0288 lag_fixed_avg_active_gpus_F30_0576 lag_fixed_avg_active_gpus_F30_2016 lag_flexible_avg_active_gpus_F30_0001 lag_flexible_avg_active_gpus_F30_0002 lag_flexible_avg_active_gpus_F30_0003 lag_flexible_avg_active_gpus_F30_0006 lag_flexible_avg_active_gpus_F30_0012 lag_flexible_avg_active_gpus_F30_0024 lag_flexible_avg_active_gpus_F30_0048 lag_flexible_avg_active_gpus_F30_0288 lag_flexible_avg_active_gpus_F30_0576 lag_flexible_avg_active_gpus_F30_2016 lag_arriving_job_count_0001 lag_arriving_job_count_0002 lag_arriving_job_count_0003 lag_arriving_job_count_0006 lag_arriving_job_count_0012 lag_arriving_job_count_0024 lag_arriving_job_count_0048 lag_arriving_job_count_0288 lag_arriving_job_count_0576 lag_arriving_job_count_2016 lag_arriving_requested_gpus_0001 lag_arriving_requested_gpus_0002 lag_arriving_requested_gpus_0003 lag_arriving_requested_gpus_0006 lag_arriving_requested_gpus_0012 lag_arriving_requested_gpus_0024 lag_arriving_requested_gpus_0048 lag_arriving_requested_gpus_0288 lag_arriving_requested_gpus_0576 lag_arriving_requested_gpus_2016 lag_arriving_flexible_gpu_hours_F30_0001 lag_arriving_flexible_gpu_hours_F30_0002 lag_arriving_flexible_gpu_hours_F30_0003 lag_arriving_flexible_gpu_hours_F30_0006 lag_arriving_flexible_gpu_hours_F30_0012 lag_arriving_flexible_gpu_hours_F30_0024 lag_arriving_flexible_gpu_hours_F30_0048 lag_arriving_flexible_gpu_hours_F30_0288 lag_arriving_flexible_gpu_hours_F30_0576 lag_arriving_flexible_gpu_hours_F30_2016 lag_queued_job_count_0001 lag_queued_job_count_0002 lag_queued_job_count_0003 lag_queued_job_count_0006 lag_queued_job_count_0012 lag_queued_job_count_0024 lag_queued_job_count_0048 lag_queued_job_count_0288 lag_queued_job_count_0576 lag_queued_job_count_2016 lag_queued_requested_gpus_0001 lag_queued_requested_gpus_0002 lag_queued_requested_gpus_0003 lag_queued_requested_gpus_0006 lag_queued_requested_gpus_0012 lag_queued_requested_gpus_0024 lag_queued_requested_gpus_0048 lag_queued_requested_gpus_0288 lag_queued_requested_gpus_0576 lag_queued_requested_gpus_2016 lag_running_job_equivalents_0001 lag_running_job_equivalents_0002 lag_running_job_equivalents_0003 lag_running_job_equivalents_0006 lag_running_job_equivalents_0012 lag_running_job_equivalents_0024 lag_running_job_equivalents_0048 lag_running_job_equivalents_0288 lag_running_job_equivalents_0576 lag_running_job_equivalents_2016 roll0003_mean_total_avg_active_gpus roll0003_max_total_avg_active_gpus roll0003_stddev_pop_total_avg_active_gpus roll0012_mean_total_avg_active_gpus roll0012_max_total_avg_active_gpus roll0012_stddev_pop_total_avg_active_gpus roll0048_mean_total_avg_active_gpus roll0048_max_total_avg_active_gpus roll0048_stddev_pop_total_avg_active_gpus roll0288_mean_total_avg_active_gpus roll0288_max_total_avg_active_gpus roll0288_stddev_pop_total_avg_active_gpus roll2016_mean_total_avg_active_gpus roll2016_max_total_avg_active_gpus roll2016_stddev_pop_total_avg_active_gpus roll0003_mean_fixed_avg_active_gpus_F30 roll0003_max_fixed_avg_active_gpus_F30 roll0003_stddev_pop_fixed_avg_active_gpus_F30 roll0012_mean_fixed_avg_active_gpus_F30 roll0012_max_fixed_avg_active_gpus_F30 roll0012_stddev_pop_fixed_avg_active_gpus_F30 roll0048_mean_fixed_avg_active_gpus_F30 roll0048_max_fixed_avg_active_gpus_F30 roll0048_stddev_pop_fixed_avg_active_gpus_F30 roll0288_mean_fixed_avg_active_gpus_F30 roll0288_max_fixed_avg_active_gpus_F30 roll0288_stddev_pop_fixed_avg_active_gpus_F30 roll2016_mean_fixed_avg_active_gpus_F30 roll2016_max_fixed_avg_active_gpus_F30 roll2016_stddev_pop_fixed_avg_active_gpus_F30 roll0003_mean_flexible_avg_active_gpus_F30 roll0003_max_flexible_avg_active_gpus_F30 roll0003_stddev_pop_flexible_avg_active_gpus_F30 roll0012_mean_flexible_avg_active_gpus_F30 roll0012_max_flexible_avg_active_gpus_F30 roll0012_stddev_pop_flexible_avg_active_gpus_F30 roll0048_mean_flexible_avg_active_gpus_F30 roll0048_max_flexible_avg_active_gpus_F30 roll0048_stddev_pop_flexible_avg_active_gpus_F30 roll0288_mean_flexible_avg_active_gpus_F30 roll0288_max_flexible_avg_active_gpus_F30 roll0288_stddev_pop_flexible_avg_active_gpus_F30 roll2016_mean_flexible_avg_active_gpus_F30 roll2016_max_flexible_avg_active_gpus_F30 roll2016_stddev_pop_flexible_avg_active_gpus_F30 roll0003_mean_arriving_flexible_gpu_hours_F30 roll0003_max_arriving_flexible_gpu_hours_F30 roll0003_stddev_pop_arriving_flexible_gpu_hours_F30 roll0012_mean_arriving_flexible_gpu_hours_F30 roll0012_max_arriving_flexible_gpu_hours_F30 roll0012_stddev_pop_arriving_flexible_gpu_hours_F30 roll0048_mean_arriving_flexible_gpu_hours_F30 roll0048_max_arriving_flexible_gpu_hours_F30 roll0048_stddev_pop_arriving_flexible_gpu_hours_F30 roll0288_mean_arriving_flexible_gpu_hours_F30 roll0288_max_arriving_flexible_gpu_hours_F30 roll0288_stddev_pop_arriving_flexible_gpu_hours_F30 roll2016_mean_arriving_flexible_gpu_hours_F30 roll2016_max_arriving_flexible_gpu_hours_F30 roll2016_stddev_pop_arriving_flexible_gpu_hours_F30 roll0003_mean_queued_requested_gpus roll0003_max_queued_requested_gpus roll0003_stddev_pop_queued_requested_gpus roll0012_mean_queued_requested_gpus roll0012_max_queued_requested_gpus roll0012_stddev_pop_queued_requested_gpus roll0048_mean_queued_requested_gpus roll0048_max_queued_requested_gpus roll0048_stddev_pop_queued_requested_gpus roll0288_mean_queued_requested_gpus roll0288_max_queued_requested_gpus roll0288_stddev_pop_queued_requested_gpus roll2016_mean_queued_requested_gpus roll2016_max_queued_requested_gpus roll2016_stddev_pop_queued_requested_gpus utc_hour melbourne_hour melbourne_day_of_week melbourne_month melbourne_day_of_year is_weekend hour_sin hour_cos weekday_sin weekday_cos month_sin month_cos
feature_infos=[0:508] [0:508] [0:508] [0:508] [0:508] [0:508] [0:508] [0:508] [0:508] [0:508] [0:508] [0:508] [0:508] [0:508] [0:508] [0:508] [0:508] [0:508] [0:508] [0:508] [0:384] [0:384] [0:384] [0:384] [0:384] [0:384] [0:384] [0:384] [0:384] [0:384] [0:1275] [0:1275] [0:1275] [0:1275] [0:1275] [0:1275] [0:1275] [0:1275] [0:1275] [0:1275] [0:5100] [0:5100] [0:5100] [0:5100] [0:5100] [0:5100] [0:5100] [0:5100] [0:5100] [0:5100] [0:5463.08447265625] [0:5463.08447265625] [0:5463.08447265625] [0:5463.08447265625] [0:5463.08447265625] [0:5463.08447265625] [0:5463.08447265625] [0:5463.08447265625] [0:5463.08447265625] [0:5463.08447265625] [0:1246] [0:1246] [0:1246] [0:1246] [0:1246] [0:1246] [0:1246] [0:1246] [0:1246] [0:1246] [0:5312] [0:5312] [0:5312] [0:5312] [0:5312] [0:5312] [0:5312] [0:5312] [0:5312] [0:5312] [0:324.32333374023438] [0:324.32333374023438] [0:324.32333374023438] [0:324.32333374023438] [0:324.32333374023438] [0:324.32333374023438] [0:324.32333374023438] [0:324.32333374023438] [0:324.32333374023438] [0:324.32333374023438] [0:504.23556518554688] [0:508] [0:225.54072570800781] [0:504.05889892578125] [0:508] [0:246.19882202148438] [0:504.01470947265625] [0:508] [0:250.40919494628906] [0:283.29208374023438] [0:508] [0:225.01145935058594] [0.25703704357147217:181.68246459960938] [60:508] [3.3516640663146973:183.8941650390625] [0:504.23556518554688] [0:508] [0:225.54072570800781] [0:504.05889892578125] [0:508] [0:246.19882202148438] [0:504.01470947265625] [0:508] [0:250.40919494628906] [0:283.29208374023438] [0:508] [0:225.01145935058594] [0.25703704357147217:169.79315185546875] [60:508] [3.3516640663146973:174.28001403808594] [0:384] [0:384] [0:130.71099853515625] [0:371.87554931640625] [0:384] [0:152.69479370117188] [0:364.3175048828125] [0:384] [0:159.78628540039062] [0:228.94754028320312] [0:384] [0:171.25291442871094] [0:43.178848266601562] [0:384] [0:101.77182769775391] [0:1821.0281982421875] [0:5463.08447265625] [0:2575.32275390625] [0:455.25704956054688] [0:5463.08447265625] [0:1509.916748046875] [0:114.10050964355469] [0:5463.08447265625] [0:780.271240234375] [0:19.078962326049805] [0:5463.08447265625] [0:321.35415649414062] [0:3.5982375144958496] [0:5463.08447265625] [0:122.40467071533203] [0:5138.66650390625] [0:5312] [0:2349.480224609375] [0:4881.33349609375] [0:5312] [0:2455.648681640625] [0:4502.58349609375] [0:5312] [0:2375.058837890625] [0:1877.25] [0:5312] [0:1890.7261962890625] [0:710.29461669921875] [0:5312] [0:1105.5494384765625] [0:23] [0:23] [0:6] [3:9] [61:245] [0:1] [-1:1] [-1:1] [-0.97492790222167969:0.97492790222167969] [-0.90096884965896606:1] [-0.86602538824081421:1] [-1:0.5]
tree_sizes=1421 1451 1428 1439 1460 1456 1447 1458 1470 1462 1485 1458 1457 1465 1464 1459 1464 1431 1454 1465 1470 1492 1445 1453 1487 1481 1493 1481 1454 1459 1468 1491 1488 1460 1464 1508 1491 1457 1453 1476 1478 1129 1438 1108 1432 1441 1491

Tree=0
num_leaves=15
num_cat=0
split_feature=105 105 105 166 32 91 99 95 169 86 174 162 17 113
split_gain=1671.14 401.821 280.192 271.343 210.751 121.152 108.315 90.3727 85.2189 80.7509 70.926 69.0909 98.04 60.1926
threshold=64.959442138671889 2.5638889074325566 139.00444793701175 6.5000000000000009 4.5000000000000009 22.006667137146 4.3408448696136483 0.019699904136359695 214.50000000000003 84.001667022705092 1.0000000180025095e-35 73.990825653076186 14.861666679382326 24.657374382019047
decision_type=2 2 2 2 2 2 2 2 2 2 2 2 2 2
left_child=1 7 8 6 5 -5 -3 -1 11 -4 -8 12 -2 -10
right_child=2 3 9 4 -6 -7 10 -9 13 -11 -12 -13 -14 -15
leaf_value=0 -1.044499969482422 -0.11508333086967469 -0.97266664505004885 0 0.069499999284744263 -0.050000000000000003 0.072666665911674505 0 -0.36775000095367433 -0.7808333396911622 0 -0.031999999284744264 -0.2645833253860474 0
leaf_weight=11499 491 692 3973 7616 2685 6501 4280 4809 1044 1303 2693 2825 2304 240
leaf_count=11499 491 692 3973 7616 2685 6501 4280 4809 1044 1303 2693 2825 2304 240
internal_value=-0.0045034 0.000351888 -0.0207509 -0.00370015 -0.00725591 -0.00969763 0.00409387 0.00643045 -0.0141048 -0.0294262 0.00596876 -0.0114311 -0.017 -0.0257176
internal_weight=52955 40775 12180 24467 16802 14117 7665 16308 6904 5276 6973 5620 2795 1284
internal_count=52955 40775 12180 24467 16802 14117 7665 16308 6904 5276 6973 5620 2795 1284
is_linear=0
shrinkage=0.05


Tree=1
num_leaves=15
num_cat=0
split_feature=105 105 169 110 85 149 85 95 105 10 1 132 6 173
split_gain=1183.39 287.605 211.013 198.223 173.066 131.882 141.685 90.3727 89.1655 66.8956 74.7409 74.4979 65.3234 59.3231
threshold=73.002777099609389 2.5638889074325566 97.500000000000014 0.034548174589872367 54.006666183471687 13.030732154846193 11.331666469573976 0.019699904136359695 72.866107940673842 128.02666473388675 81.073333740234389 18.667384147644047 377.30667114257818 1.0000000180025095e-35
decision_type=2 2 2 2 2 2 2 2 2 2 2 2 2 2
left_child=1 7 -3 13 9 8 -7 -1 -4 10 -5 -11 -6 -2
right_child=3 2 5 4 12 6 -8 -9 -10 11 -12 -13 -14 -15
leaf_value=0 0.013229166269302371 -0.091166666746139532 0 -0.52123334735631943 -0.44203541457653056 0 -0.050000000000000003 0 0.0015999999642372132 -1.3768187373876573 -0.16266666650772096 -0.40136666774749757 -1.6849583101272583 -0.073366670608520521
leaf_weight=11499 402 3122 12806 971 2596 5512 4559 4809 210 2364 2665 711 518 211
leaf_count=11499 402 3122 12806 971 2596 5512 4559 4809 210 2364 2665 711 518 211
internal_value=-0.00248584 0.00121819 -0.00202564 -0.0175668 -0.0192879 -0.000374589 -0.00466951 0.00643045 0.00294908 -0.0147484 -0.0101346 -0.0201786 -0.0290317 0.00995146
internal_weight=52955 42517 26209 10438 9825 23087 10071 16308 13016 6711 3636 3075 3114 613
internal_count=52955 42517 26209 10438 9825 23087 10071 16308 13016 6711 3636 3075 3114 613
is_linear=0
shrinkage=0.05


Tree=2
num_leaves=15
num_cat=0
split_feature=105 107 10 110 85 47 0 60 80 103 171 112 162 97
split_gain=1082.68 231.026 195.293 171.596 152.977 150.621 137.682 116.152 106.068 105.397 100.722 88.153 67.3186 61.983
threshold=73.002777099609389 0.0070710675790905961 3.0016666650772099 0.36999228596687322 50.010000228881843 8.5000000000000018 71.998332977294936 9.5000000000000018 13.998333454132082 95.500000000000014 -0.6035533845424651 1.0066666603088381 74.44171524047853 384.94667053222662
decision_type=2 2 2 2 2 2 2 2 2 2 2 2 2 2
left_child=2 7 10 6 12 8 9 -2 -5 -4 -1 -12 -3 -6
right_child=1 4 3 5 13 -7 -8 -9 -10 -11 11 -13 -14 -15
leaf_value=0 0.0097333332896232614 -0.89659658387303365 0.004558333337306977 0 -0.42926489701867104 0.074858336150646215 0.0025000000000000005 -0.25817323914170265 -0.095000000000000001 0 0 0 -0.36185908392071725 -2.2345257766544822
leaf_weight=5899 1754 2473 249 11538 1863 4211 676 390 3892 4807 5307 5938 3155 803
leaf_count=5899 1754 2473 249 11538 1863 4211 676 390 3892 4807 5307 5938 3155 803
internal_value=-0.00127927 -0.0157043 0.00226353 -0.000522106 -0.0194843 -0.00274356 0.00708558 -0.00107027 -0.00503077 0.00423829 0.00638521 0.00916 -0.0147879 -0.0293523
internal_weight=52955 10438 42517 25373 8294 19641 5732 2144 15430 5056 17144 11245 5628 2666
internal_count=52955 10438 42517 25373 8294 19641 5732 2144 15430 5056 17144 11245 5628 2666
is_linear=0
shrinkage=0.05


Tree=3
num_leaves=15
num_cat=0
split_feature=105 107 10 110 85 0 75 103 15 171 80 112 6 111
split_gain=969.148 213.557 202.717 177.51 140.129 137.682 131.334 105.397 101.789 100.722 94.964 88.153 74.5297 88.1436
threshold=73.002777099609389 0.0070710675790905961 3.0016666650772099 0.36999228596687322 50.010000228881843 71.998332977294936 1.5000000000000002 95.500000000000014 152.00666809082034 -0.6035533845424651 13.998333454132082 1.0066666603088381 132.36666107177737 243.95642089843753
decision_type=2 2 2 2 2 2 2 2 2 2 2 2 2 2
left_child=2 8 9 5 -3 7 -5 -4 -2 -1 -8 -11 13 -10
right_child=1 4 3 6 -6 -7 10 -9 12 11 -12 -13 -14 -15
leaf_value=0 0.012081041291356089 -0.5414857663884759 0.0043304166704416286 -0.026499998569488526 -0.67076579412668946 0.0023750000000000004 0.0025000000000000005 0 -0.51178502009809024 0 -0.054749998092651367 0 -0.27657249225154523 0.047485207274556164
leaf_weight=5899 1189 5628 249 8747 2666 676 7371 4807 167 5307 3523 5938 670 118
leaf_count=5899 1189 5628 249 8747 2666 676 7371 4807 167 5307 3523 5938 670 118
internal_value=-0.00116597 -0.0148138 0.00218593 -0.00065214 -0.018448 0.00708558 -0.00291153 0.00423829 -0.000744532 0.00638521 0.000752363 0.00916 -0.0128646 0.00844828
internal_weight=52955 10438 42517 25373 8294 5732 19641 5056 2144 17144 10894 11245 955 285
internal_count=52955 10438 42517 25373 8294 5732 19641 5056 2144 17144 10894 11245 955 285
is_linear=0
shrinkage=0.05


Tree=4
num_leaves=15
num_cat=0
split_feature=105 107 110 84 80 157 94 165 47 10 165 144 5 107
split_gain=967.256 205.619 178.866 189.516 138.781 131.86 93.6037 90.8083 90.1749 73.1958 72.6501 70.9811 69.8063 62.2404
threshold=73.801666259765639 0.066108681261539473 1.979314982891083 69.366668701171889 13.998333454132082 118.50000000000001 73.02500152587892 11.500000000000002 20.500000000000004 71.988334655761733 2.5000000000000004 6.0588483810424814 37.001667022705085 1.46450811624527
decision_type=2 2 2 2 2 2 2 2 2 2 2 2 2 2
left_child=1 7 5 13 8 10 12 9 -3 -1 -2 -9 -6 -4
right_child=2 4 3 -5 6 -7 -8 11 -10 -11 -12 -13 -14 -15
leaf_value=0 -0.41903665301458909 0 -0.14104488618448377 -0.66585502105362715 -0.067425001502037049 -0.26211927571695298 -0.030758334636688235 0 0.19652500003576279 0.0012762499660253527 0.01580678107067943 0.0056979166701436046 -0.19142500007152558 -0.70419083755619827
leaf_weight=14265 144 10532 1838 1988 749 581 2469 10419 2515 213 939 364 1122 4817
leaf_count=14265 144 10532 1838 1988 749 581 2469 10419 2515 213 939 364 1122 4817
internal_value=-0.000489048 0.00283333 -0.014231 -0.0171196 -0.0013512 0.00077891 -0.00909091 0.00571321 0.00122587 0.00312435 0.0110754 0.00918613 -0.0175107 -0.0130556
internal_weight=52955 42648 10307 8643 17387 1664 4340 25261 13047 14478 1083 10783 1871 6655
internal_count=52955 42648 10307 8643 17387 1664 4340 25261 13047 14478 1083 10783 1871 6655
is_linear=0
shrinkage=0.05


Tree=5
num_leaves=15
num_cat=0
split_feature=106 110 106 163 98 107 84 17 96 145 103 165 37 113
split_gain=843.717 312.104 205.015 112.304 106.185 105.019 134.17 104.721 105.123 96.6443 90.2724 90.2287 76.7366 70.6139
threshold=52.004999160766609 0.17113395035266879 144.0299987792969 1442.0000000000002 23.781919479370121 0.066108681261539473 17.998332977294925 458.83332824707037 324.94645690917974 1465.5166625976565 506.72000122070318 11.500000000000002 2.5000000000000004 40.234045028686531
decision_type=2 2 2 2 2 2 2 2 2 2 2 2 2 2
left_child=5 10 3 4 -3 11 12 8 -4 -8 13 -1 -7 -2
right_child=1 2 7 -5 -6 6 9 -9 -10 -11 -12 -13 -14 -15
leaf_value=0 -0.043250415344150729 -0.25038582429289818 -0.7163185640486498 0.0011901041307300329 -0.088376809948794544 0 -0.11801416660547258 0.10116692700580138 -1.8894216466631613 0.014025416636466982 0.010686650173254313 0 0.23151916541606188 0.044320607857294386
leaf_weight=13961 343 3787 4424 3296 2649 9660 1212 101 762 171 377 10456 1452 304
leaf_count=13961 343 3787 4424 3296 2649 9660 1212 101 762 171 377 10456 1452 304
internal_value=-0.000364426 -0.00993582 -0.0117579 -0.00744583 -0.0112871 0.00379635 6.8e-05 -0.0196807 -0.0206704 -0.0145893 0.0167153 0.00570387 0.00189799 0.00529141
internal_weight=52955 16043 15019 9732 6436 36912 12495 5287 5186 1383 1024 24417 11112 647
internal_count=52955 16043 15019 9732 6436 36912 12495 5287 5186 1383 1024 24417 11112 647
is_linear=0
shrinkage=0.05


Tree=6
num_leaves=15
num_cat=0
split_feature=106 110 107 84 85 157 70 165 124 165 99 7 172 46
split_gain=777.733 226.589 212.993 133.766 125.931 123.924 93.4224 85.7514 81.6443 67.9526 59.4432 59.3942 69.2376 65.9112
threshold=84.001667022705092 2.0783334970474248 0.066108681261539473 69.366668701171889 26.001667022705082 118.50000000000001 719.00000000000011 11.500000000000002 31.983333587646488 2.5000000000000004 117.67267227172853 169.879997253418 -0.12940952181816107 402.00000000000006
decision_type=2 2 2 2 2 2 2 2 2 2 2 2 2 2
left_child=2 5 7 11 -4 9 -7 -1 -6 -2 -5 13 -13 -3
right_child=1 3 4 10 8 6 -8 -9 -10 -11 -12 12 -14 -15
leaf_value=0 -0.46185528158974842 -0.73810043410521009 0 -0.29692590349747755 -0.18007387503325939 -0.47202160540891774 0.064506949366366917 0 0.0055928959000110636 0.034340004125125716 -0.82161386039144935 0.10925172290449303 -0.72491672405909746 0.11484301454183919
leaf_weight=14600 136 5474 15519 580 1396 368 190 10841 596 901 1284 588 275 207
leaf_count=14600 136 5474 15519 580 1396 368 190 10841 596 901 1284 588 275 207
internal_value=-0.000182213 -0.0127348 0.00274228 -0.0160109 -0.00150148 0.00453125 -0.0143872 0.00566297 -0.01332 0.0147313 -0.0278224 -0.0126279 -0.000403226 -0.0144829
internal_weight=52955 10003 42952 8408 17511 1595 558 25441 1992 1037 1864 6544 863 5681
internal_count=52955 10003 42952 8408 17511 1595 558 25441 1992 1037 1864 6544 863 5681
is_linear=0
shrinkage=0.05


Tree=7
num_leaves=15
num_cat=0
split_feature=105 110 86 80 84 149 97 164 130 103 166 76 106 99
split_gain=707.314 272.631 186.56 108.545 153.107 110.074 106.351 94.4295 106.562 84.3276 84.0628 83.7578 83.2769 81.7624
threshold=44.700555801391609 0.034548174589872367 41.014999389648445 59.936666488647468 18.001667022705082 10.108050346374513 374.78666687011724 107.12050628662111 23.663332939147953 495.58666992187506 6.5000000000000009 2140.5000000000005 167.07833099365237 250.8869552612305
decision_type=2 2 2 2 2 2 2 2 2 2 2 2 2 2
left_child=3 9 7 4 10 -6 13 12 -9 -2 -1 -5 -3 -4
right_child=1 2 6 11 5 -7 -8 8 -10 -11 -12 -13 -14 -15
leaf_value=0 0.0022327963087936265 -0.18376093446096925 -0.21909621068406449 0.0056941254794895665 0.0025000000000000005 -0.091425000071525583 -1.3351758748854623 0.0074874999046325693 -0.56500821275609303 0.0084353174583353101 0 0 -2.8305952112687915 0.79248463568770511
leaf_weight=10134 468 4216 3010 300 669 1066 1004 4977 1608 573 24040 117 635 138
leaf_count=10134 468 4216 3010 300 669 1066 1004 4977 1608 573 24040 117 635 138
internal_value=2.36027e-05 -0.00851569 -0.0101712 0.00393328 0.00363646 -0.0108333 -0.0192446 -0.00687003 -0.00296662 0.0162046 0.00437257 0.0291469 -0.0121602 -0.0146844
internal_weight=52955 16629 15588 36326 35909 1735 4152 11436 6585 1041 34174 417 4851 3148
internal_count=52955 16629 15588 36326 35909 1735 4152 11436 6585 1041 34174 417 4851 3148
is_linear=0
shrinkage=0.05


Tree=8
num_leaves=15
num_cat=0
split_feature=105 107 107 94 80 165 113 94 119 105 10 158 29 80
split_gain=641.414 190.82 188.296 130.405 96.4034 91.6056 89.6125 84.2898 78.3217 86.2167 73.2839 71.8558 64.9983 62.3104
threshold=73.801666259765639 0.066108681261539473 0.56402871012687694 256.33833312988287 13.998333454132082 11.500000000000002 102.3051223754883 73.02500152587892 31.582180023193363 10.37055540084839 71.988334655761733 34.271394729614265 5.9400000572204599 65.018333435058608
decision_type=2 2 2 2 2 2 2 2 2 2 2 2 2 2
left_child=1 5 6 -4 8 10 11 -6 9 -3 -1 12 -2 -7
right_child=2 4 3 -5 7 13 -8 -9 -10 -11 -12 -13 -14 -15
leaf_value=0 0.0080135515854185459 0 -0.29659612134788732 -1.8011758470674057 -0.12269654816781601 0 0.063767883729306196 -0.013767453697819934 0.005708333507180214 -0.082008334994316104 0.00025633908614460373 -0.30344114297822627 -0.33045364303957675 0.0041866478925183413
leaf_weight=14265 2008 2868 4880 2233 1871 10657 406 2469 7563 2616 213 535 245 126
leaf_count=14265 2008 2868 4880 2233 1871 10657 406 2469 7563 2616 213 535 245 126
internal_value=0.00022753 0.00293297 -0.010963 -0.0154889 -0.00109821 0.00570727 -0.000875274 -0.00754891 0.00104965 -0.0034979 0.00310709 -0.00408163 -0.000155004 0.0091954
internal_weight=52955 42648 10307 7113 17387 25261 3194 4340 13047 5484 14478 2788 2253 10783
internal_count=52955 42648 10307 7113 17387 25261 3194 4340 13047 5484 14478 2788 2253 10783
is_linear=0
shrinkage=0.05


Tree=9
num_leaves=15
num_cat=0
split_feature=107 106 86 165 123 105 110 111 163 80 104 143 163 15
split_gain=591.528 363.94 102.619 88.9055 86.2154 79.2747 75.0301 86.0027 64.7926 99.3224 61.4649 61.1206 58.1315 52.3654
threshold=0.066108681261539473 100.86166763305665 42.004999160766609 11.500000000000002 18.403332710266117 148.00666809082034 2.3420747518539433 172.30308532714847 1796.0000000000002 13.998333454132082 88.415512084960952 57.046543121337898 5252.0000000000009 34.001667022705085
decision_type=2 2 2 2 2 2 2 2 2 2 2 2 2 2
left_child=3 2 8 11 13 -5 -3 10 9 -2 -8 -1 -9 -4
right_child=1 6 4 5 -6 -7 7 12 -10 -11 -12 -13 -14 -15
leaf_value=0 0 0.035479142323090719 0.13634666365608572 0 0.010846770545625908 -0.34919775364082017 -0.917673068218824 -1.3432149181978377 0.020679954224742315 -0.09840017207868218 -0.11539219032306632 0.012202793630658092 0.17411862014879223 -0.25690672959941624
leaf_weight=15673 10381 558 101 11255 462 250 2480 1892 4360 2867 1288 316 113 959
leaf_count=15673 10381 558 101 11255 462 250 2480 1892 4360 2867 1288 316 113 959
internal_value=0.000338935 -0.00515197 -0.00171152 0.00542383 -0.0141454 0.00877498 -0.0155382 -0.0172291 -0.000633055 -0.00237305 -0.0127485 0.0030105 -0.025597 -0.0219718
internal_weight=52955 25461 19130 27494 1522 11505 6331 5773 17608 13248 3768 15989 2005 1060
internal_count=52955 25461 19130 27494 1522 11505 6331 5773 17608 13248 3768 15989 2005 1060
is_linear=0
shrinkage=0.05


Tree=10
num_leaves=15
num_cat=0
split_feature=107 105 165 89 97 119 166 31 150 142 124 18 88 86
split_gain=545.177 319.557 95.735 90.6201 85.7386 93.8812 74.538 123.785 71.9137 65.2971 80.6169 60.0753 57.755 54.7012
threshold=0.066108681261539473 86.593887329101577 11.500000000000002 77.948333740234389 358.96665954589849 72.308383941650405 7.5000000000000009 2.5000000000000004 450.83332824707037 39.346111297607429 35.046667098999031 36.006666183471687 34.995000839233406 34.995000839233406
decision_type=2 2 2 2 2 2 2 2 2 2 2 2 2 2
left_child=2 3 -1 6 5 13 -2 -8 12 10 -4 -7 -6 -3
right_child=1 4 9 -5 8 11 7 -9 -10 -11 -12 -13 -14 -15
leaf_value=0 0.0098545832931995411 -0.65241383539340514 0 -0.090293752384930856 -2.7169657829368958 0.044363507393551473 -0.023820125151649121 0.032533111933345772 -0.56854895085305124 -0.059434167614579203 0.0092085654025249927 -0.41822742131277729 -0.44523200037455801 -0.80000233161775824
leaf_weight=15989 7959 2177 10909 875 916 1310 6293 3770 434 227 369 926 296 505
leaf_count=15989 7959 2177 10909 875 916 1310 6293 3770 434 227 369 926 296 505
internal_value=0.000476775 -0.00479463 0.00535838 -0.00149191 -0.0142944 -0.0109689 -0.000726688 -0.00358562 -0.0241672 0.00883579 0.00937251 -0.00339134 -0.0304026 -0.0172683
internal_weight=52955 25461 27494 18897 6564 4918 18022 10063 1646 11505 11278 2236 1212 2682
internal_count=52955 25461 27494 18897 6564 4918 18022 10063 1646 11505 11278 2236 1212 2682
is_linear=0
shrinkage=0.05


Tree=11
num_leaves=15
num_cat=0
split_feature=105 110 106 17 163 80 84 159 107 103 113 76 99 106
split_gain=525.816 215.4 123.757 109.565 107.62 103.42 130.261 107.081 84.2814 83.8803 104.726 82.6571 79.975 77.5018
threshold=44.700555801391609 0.034548174589872367 144.0299987792969 458.83332824707037 1442.0000000000002 59.936666488647468 18.001667022705082 39.001735687255866 1.1975798010826113 506.72000122070318 40.234045028686531 2140.5000000000005 16.968217849731449 19.993332862854007
decision_type=2 2 2 2 2 2 2 2 2 2 2 2 2 2
left_child=5 9 4 8 12 6 -1 -8 -4 10 -2 -7 -3 -9
right_child=1 2 3 -5 -6 11 7 13 -10 -11 -12 -13 -14 -15
leaf_value=0 -0.14572412057411108 -1.5848408404011225 -0.14141944701783002 0.14391876941067452 0.03823791054243722 0.0063655852462281897 0.0023750000000000004 -0.0045438636867474848 -1.1728176380388273 0.00032015158444587144 0.036777417198791303 0 -0.11756207827365467 -0.1930927643068383
leaf_weight=34174 386 292 1788 101 3367 300 933 318 3415 371 284 117 6625 484
leaf_count=34174 386 292 1788 101 3367 300 933 318 3415 371 284 117 6625 484
internal_value=0.000927115 -0.00643561 -0.00790739 -0.0141081 -0.00470405 0.00429798 0.00400819 -0.00933908 -0.015121 0.0155354 0.00488889 0.02891 -0.00827073 -0.0226766
internal_weight=52955 16629 15588 5304 10284 36326 35909 1735 5203 1041 670 417 6917 802
internal_count=52955 16629 15588 5304 10284 36326 35909 1735 5203 1041 670 417 6917 802
is_linear=0
shrinkage=0.05


Tree=12
num_leaves=15
num_cat=0
split_feature=105 110 86 80 84 149 102 66 103 97 119 100 76 98
split_gain=491.872 198.706 111.781 103.096 115.741 102.155 96.2994 89.0554 88.1915 86.7386 86.4008 84.741 82.6571 77.8163
threshold=44.700555801391609 0.034548174589872367 41.014999389648445 59.936666488647468 18.001667022705082 10.108050346374513 58.766771316528327 91.500000000000014 506.72000122070318 374.78666687011724 79.382408142089858 489.30667114257818 2140.5000000000005 23.271175384521488
decision_type=2 2 2 2 2 2 2 2 2 2 2 2 2 2
left_child=3 8 6 4 -1 -6 7 -3 13 10 -4 -8 -5 -2
right_child=1 2 9 12 5 -7 11 -9 -10 -11 -12 -13 -14 -15
leaf_value=0 -0.19032543378673414 -0.32463298020445874 -0.26460847152154926 0.0060473059839167807 0.00225625 -0.084472500067949305 -0.039743562842662117 0.1406618786712544 0.00030414400522357787 -1.0766500671524744 -0.016867394237370669 0.24402580669344145 0 0.019580811269641819
leaf_weight=34174 282 4193 1722 300 669 1066 6771 344 371 1004 1426 128 117 388
leaf_count=34174 282 4193 1722 300 669 1066 6771 344 371 1004 1426 128 117 388
internal_value=0.00107628 -0.00604485 -0.00745847 0.00433652 0.00404717 -0.00853448 -0.00490342 -0.010557 0.0150574 -0.0144816 -0.0103711 -0.00118048 0.02891 0.00414815
internal_weight=52955 16629 15588 36326 35909 1735 11436 4537 1041 4152 3148 6899 417 670
internal_count=52955 16629 15588 36326 35909 1735 11436 4537 1041 4152 3148 6899 417 670
is_linear=0
shrinkage=0.05


Tree=13
num_leaves=15
num_cat=0
split_feature=106 110 109 107 146 84 149 163 103 171 117 111 131 99
split_gain=453.264 216.951 104.197 144.87 98.7789 143.597 106.431 97.6598 95.544 75.3176 75.0091 67.3205 66.3318 62.1489
threshold=52.004999160766609 0.17113395035266879 232.73332977294925 1.7498292922973635 90.507259368896499 17.211666107177738 14.108169078826906 1442.0000000000002 506.72000122070318 -0.7865660786628722 54.631521224975593 158.88618469238284 64.394123077392592 24.900780677795414
decision_type=2 2 2 2 2 2 2 2 2 2 2 2 2 2
left_child=4 8 7 -4 5 9 -7 10 -2 -1 -3 -9 -6 -11
right_child=1 2 3 -5 12 6 -8 11 -10 13 -12 -13 -14 -15
leaf_value=0 0.0074175046977742872 -0.28074492844495841 -0.063507263565788064 -1.704966669621883 0.0084720093876179386 0.0021434374999999999 -0.10510461905953672 0.064769115383671208 0.0075816592266641451 0 -0.067010034441311969 -0.18238152145111663 0.0026868125472217803 0
leaf_weight=7188 647 3340 1157 2105 462 952 1161 3496 377 17122 4191 730 493 9534
leaf_count=7188 647 3340 1157 2105 462 952 1161 3496 377 17122 4191 730 493 9534
internal_value=0.00122356 -0.005792 -0.00731163 -0.0152127 0.0042731 0.0038499 -0.00878187 -0.00511393 0.0164237 0.00463972 -0.00852574 0.000969038 0.0201042 0.00586437
internal_weight=52955 16043 15019 3262 36912 35957 2113 11757 1024 33844 7531 4226 955 26656
internal_count=52955 16043 15019 3262 36912 35957 2113 11757 1024 33844 7531 4226 955 26656
is_linear=0
shrinkage=0.05


Tree=14
num_leaves=15
num_cat=0
split_feature=106 7 16 115 105 114 165 97 90 117 164 94 165 167
split_gain=483.703 106.146 103.957 122.057 86.5243 113.96 97.9074 87.0104 77.367 93.0389 81.2475 76.499 71.039 78.0889
threshold=52.004999160766609 27.879999160766605 416.06666564941412 484.50000000000006 7.0005555152893075 3.1251214742660527 11.500000000000002 15.835000038146974 205.30444335937503 64.589996337890639 349.84321594238287 451.98666381835943 21.500000000000004 1.5000000000000002
decision_type=2 2 2 2 2 2 2 2 2 2 2 2 2 2
left_child=4 8 3 11 6 -6 -1 -8 9 10 -2 -3 -7 -14
right_child=1 2 -4 -5 5 12 7 -9 -10 -11 -12 -13 13 -15
leaf_value=0 -0.44308527445357027 -0.045607030189713668 -1.0744146466562527 0.11740463886647041 -0.24341356269270184 0 0 0.0013249999284744263 -1.1830099247130812 0.0073823073650034739 -0.011555409464561968 -1.6742330771049332 0.0012083333656191825 -0.10153170158482767
leaf_weight=11085 1661 10512 336 169 577 14211 6186 3530 1092 1240 852 181 367 956
leaf_count=11085 1661 10512 336 169 577 14211 6186 3530 1092 1240 852 181 367 956
internal_value=0.000962991 -0.00628427 -0.00360618 -0.00275145 0.00411328 0.001362 0.00624339 0.00990639 -0.0124639 -0.00903406 -0.0145552 -0.00342587 0.00217517 -0.00888554
internal_weight=52955 16043 11198 10862 36912 16111 20801 9716 4845 3753 2513 10693 15534 1323
internal_count=52955 16043 11198 10862 36912 16111 20801 9716 4845 3753 2513 10693 15534 1323
is_linear=0
shrinkage=0.05


Tree=15
num_leaves=15
num_cat=0
split_feature=106 113 112 107 113 80 159 110 19 87 90 97 169 172
split_gain=327.055 129.106 129.421 112.661 106.501 74.438 108.984 86.8855 82.3821 70.7363 56.202 51.0644 50.4305 49.5985
threshold=144.0299987792969 4.1546416282653817 72.343330383300795 1.4078439474105837 102.3051223754883 12.861666679382326 2.7135416269302373 0.30154913663864141 51.731666564941413 40.003334045410163 218.20111083984378 76.013332366943374 186.50000000000003 0.78656607866287243
decision_type=2 2 2 2 2 2 2 2 2 2 2 2 2 2
left_child=1 2 -1 4 -2 6 12 8 -7 -8 -5 -9 -3 -12
right_child=3 5 -4 10 -6 7 9 11 -10 -11 13 -13 -14 -15
leaf_value=0 -0.14068022956483825 0 0.021987488113699209 -0.55661692989273293 0.059317398661411835 0.0093269809723705473 0 -0.11532288346135321 -0.031772822310175669 -6.624999642372132e-05 -1.264154196379945 -0.047691635788380426 0.0013249999284744263 -3.5064187744852293
leaf_weight=19321 1821 3583 361 1703 424 474 12300 1640 189 1329 1353 7578 592 287
leaf_count=19321 1821 3583 361 1703 424 474 12300 1640 189 1329 1353 7578 592 287
internal_value=0.000385196 0.0017352 0.0048306 -0.0110495 -0.00237778 -0.000465872 0.00146555 -0.00394497 0.0134731 0.00363063 -0.0168608 -0.00520438 -0.00559809 -0.023465
internal_weight=52955 47367 19682 5588 2245 27685 17804 9881 663 13629 3343 9218 4175 1640
internal_count=52955 47367 19682 5588 2245 27685 17804 9881 663 13629 3343 9218 4175 1640
is_linear=0
shrinkage=0.05


Tree=16
num_leaves=15
num_cat=0
split_feature=106 113 112 107 98 90 105 114 159 87 66 102 67 166
split_gain=294.213 115.82 129.421 112.985 112.714 83.5093 79.7096 141.713 126.531 83.3576 56.2277 54.4932 54.3045 49.9394
threshold=144.0299987792969 4.1546416282653817 72.343330383300795 2.8755909204483037 103.66533660888673 218.20111083984378 18.004444122314457 11.756371498107912 1.8072916865348818 51.004999160766609 134.50000000000003 4.5951504707336435 6.5000000000000009 21.500000000000004
decision_type=2 2 2 2 2 2 2 2 2 2 2 2 2 2
left_child=1 2 -1 4 10 -5 8 12 -3 -9 13 -10 -8 -2
right_child=3 6 -4 5 -6 -7 7 9 11 -11 -12 -13 -14 -15
leaf_value=0 -0.16394808239083317 0 0.020888113708014248 -0.58312961742830449 0.060866623485528341 -2.3365548398179889 -0.37410488597508523 0.00054685408845543855 0.022924092042200674 -0.10677422591719916 0.089315111230167998 0 0.0029695084483702065 -0.70816128298891856
leaf_weight=19321 2035 2801 361 1389 529 1256 1098 13839 363 1814 219 7458 312 160
leaf_count=19321 2035 2801 361 1389 529 1256 1098 13839 363 1814 219 7458 312 160
internal_value=0.000618391 0.0018988 0.0048306 -0.0102271 -0.00347693 -0.017717 -0.000185988 -0.00230255 0.00321351 -0.000932431 -0.00806118 0.00647841 -0.0174558 -0.0104773
internal_weight=52955 47367 19682 5588 2943 2645 27685 17063 10622 15653 2414 7821 1410 2195
internal_count=52955 47367 19682 5588 2943 2645 27685 17063 10622 15653 2414 7821 1410 2195
is_linear=0
shrinkage=0.05


Tree=17
num_leaves=15
num_cat=0
split_feature=106 113 107 98 16 146 80 159 95 90 113 65 66 166
split_gain=255.161 117.541 105.108 109.139 93.153 83.2582 84.475 130.486 90.38 74.36 49.7043 48.2952 46.396 50.0259
threshold=144.0299987792969 4.1546416282653817 2.8755909204483037 100.02796936035158 72.001667022705092 91.447212219238295 13.998333454132082 2.7135416269302373 0.38980561494827276 218.20111083984378 1.4124400019645693 1.0000000180025095e-35 134.50000000000003 21.500000000000004
decision_type=2 2 2 2 2 2 2 2 2 2 2 2 2 2
left_child=1 4 3 12 -1 6 7 -3 -8 -4 -6 -7 13 -2
right_child=2 5 9 -5 10 11 8 -9 -10 -11 -12 -13 -14 -15
leaf_value=0 -0.15865238444348562 0 -0.55397313655688929 0.057823292311251918 0.019843708022613538 -0.044102446042315079 0.0089892360217753205 0 -0.076743959582146803 -2.2197270978270893 0 0.01525342031614855 0.084849355668659587 -0.67275321883947259
leaf_weight=19296 2009 4240 1389 555 257 110 432 14206 7930 1256 129 767 219 160
leaf_count=19296 2009 4240 1389 555 257 110 432 14206 7930 1256 129 767 219 160
internal_value=0.00058818 0.00178059 -0.00951189 -0.00300204 0.00473409 -0.00031961 -0.000816768 0.00107311 -0.00498387 -0.0167358 0.0289003 0.0147959 -0.0076473 -0.00986661
internal_weight=52955 47367 5588 2943 19682 27685 26808 18446 8362 2645 386 877 2388 2169
internal_count=52955 47367 5588 2943 19682 27685 26808 18446 8362 2645 386 877 2388 2169
is_linear=0
shrinkage=0.05


Tree=18
num_leaves=15
num_cat=0
split_feature=105 110 165 11 16 116 172 1 85 95 63 160 171 111
split_gain=240.431 200.153 73.704 72.4209 80.0949 131.932 70.8425 60.9346 65.0419 85.9495 59.0104 54.2929 52.6161 52.2725
threshold=64.959442138671889 0.17113395035266879 21.500000000000004 69.006668090820327 416.06666564941412 163.97520446777347 -0.37940952181816096 95.001667022705092 26.001667022705082 1.0106209516525271 18.500000000000004 442.50000000000006 -0.7865660786628722 54.968784332275398
decision_type=2 2 2 2 2 2 2 2 2 2 2 2 2 2
left_child=2 6 7 -3 5 -5 -2 8 12 -10 -9 -8 -1 -4
right_child=1 3 13 4 -6 -7 11 10 9 -11 -12 -13 -14 -15
leaf_value=0 -3.0204190579295571e-05 -0.47764674969802734 0 -0.15802554435789096 -1.1603771260559805 0.29227465849954376 0.013899371656391891 0.019384291437001246 0.0020362656249999999 -0.08042581310634149 0.0011910062575824561 -0.11721600781712833 0 0.15219277498155834
leaf_weight=7764 203 1192 2867 9561 401 115 605 645 517 1462 504 103 26713 303
leaf_count=7764 203 1192 2867 9561 401 115 605 645 517 1462 504 103 26713 303
internal_value=0.000656156 -0.00550677 0.00249755 -0.00733103 -0.00594624 -0.00503047 0.016976 0.00311486 0.00275637 -0.00604839 0.0144281 0.0244039 0.00326257 -0.0048189
internal_weight=52955 12180 40775 11269 10077 9676 911 37605 36456 1979 1149 708 34477 3170
internal_count=52955 12180 40775 11269 10077 9676 911 37605 36456 1979 1149 708 34477 3170
is_linear=0
shrinkage=0.05


Tree=19
num_leaves=15
num_cat=0
split_feature=106 113 107 113 165 105 161 11 11 96 94 172 162 89
split_gain=224.677 108.684 97.5392 93.9576 74.6819 76.3215 90.1988 90.1076 73.1396 59.9955 57.4678 51.9805 56.1889 48.7863
threshold=144.0299987792969 4.1546416282653817 1.7498292922973635 102.3051223754883 21.500000000000004 18.004444122314457 6.5305140018463144 27.001667022705082 18.006667137146 55.706735610961921 239.053337097168 0.60355338454246532 31.915923118591312 49.004999160766609
decision_type=2 2 2 2 2 2 2 2 2 2 2 2 2 2
left_child=1 8 3 -2 5 6 -3 -7 -1 -6 -4 12 -12 -10
right_child=2 4 10 -5 9 7 -8 -9 13 -11 11 -13 -14 -15
leaf_value=0 -0.10771070945709869 0 -0.29949701940144641 0.053456396710823653 -0.025522428846317093 -0.072185914593935349 0 0.00047441509174769966 0.0056519936997806771 0.0069218828065938905 -3.2998471888604701 -3.3083712035279342 -0.49122806941201702 -0.00012917108437197084
leaf_weight=17244 2035 2651 1189 453 1687 2242 7038 13147 2102 920 344 476 1091 336
leaf_count=17244 2035 2651 1189 453 1687 2242 7038 13147 2102 920 344 476 1091 336
internal_value=0.000734517 0.00185342 -0.00874307 -0.00136382 -0.000166125 0.00067177 0.00414689 -0.00151682 0.00469345 -0.0082121 -0.0146538 -0.0200157 -0.0151736 0.0127916
internal_weight=52955 47367 5588 2488 27685 25078 9689 15389 19682 2607 3100 1911 1435 2438
internal_count=52955 47367 5588 2488 27685 25078 9689 15389 19682 2607 3100 1911 1435 2438
is_linear=0
shrinkage=0.05


Tree=20
num_leaves=15
num_cat=0
split_feature=107 105 118 62 130 65 89 45 105 103 156 169 96 12
split_gain=238.086 196.208 87.5407 72.5053 71.367 70.4566 68.5992 68.0067 86.2797 67.61 93.6328 66.9048 47.3364 41.7451
threshold=0.54691162705421459 82.683887481689467 91.053333282470717 128.50000000000003 381.97332763671881 39.500000000000007 7.2149999141693124 45.500000000000007 12.417222023010256 503.93333435058599 105.19791793823244 101.50000000000001 9.4603819847106951 0.6850000023841859
decision_type=2 2 2 2 2 2 2 2 2 2 2 2 2 2
left_child=2 7 13 5 9 6 -3 8 12 -4 -11 -10 -2 -1
right_child=1 3 4 -5 -6 -7 -8 -9 11 10 -12 -13 -14 -15
leaf_value=0 -0.0001284081290136704 -1.0858654418292155 0 0.097352402815882852 0.15637499618530273 -2.0708032329377661 -0.21234719662008789 0.116447637879548 -0.36906834332616101 0.0013283124282956124 -0.041434480562869164 -0.039079062065593903 0.017245884663992898 0.0041138958369195469
leaf_weight=556 1996 1615 28938 526 149 559 3421 3952 890 2438 130 6103 1257 425
leaf_count=556 1996 1615 28938 526 149 559 3421 3952 890 2438 130 6103 1257 425
internal_value=0.00119052 -0.00305796 0.00383567 -0.0105371 0.00337808 -0.0122054 -0.0103154 0.000168978 -0.00198029 0.00321158 0.0109794 -0.0051086 0.00474217 0.0185091
internal_weight=52955 20319 32636 6121 31655 5595 5036 14198 10246 31506 2568 6993 3253 981
internal_count=52955 20319 32636 6121 31655 5595 5036 14198 10246 31506 2568 6993 3253 981
is_linear=0
shrinkage=0.05


Tree=21
num_leaves=15
num_cat=0
split_feature=106 110 107 118 105 113 86 114 144 97 100 66 172 90
split_gain=189.726 94.0935 84.6034 83.2732 82.4592 79.5618 65.5856 93.0903 60.199 59.962 93.1157 78.7586 59.91 62.9919
threshold=144.0299987792969 7.2874550819396982 0.27237410843372351 91.053333282470717 2.8377777338027959 102.3051223754883 42.004999160766609 16.567204475402836 0.003947241581045092 132.01999664306643 506.72000122070318 28.500000000000004 0.60355338454246532 199.03555297851565
decision_type=2 2 2 2 2 2 2 2 2 2 2 2 2 2
left_child=2 5 3 -1 -4 -2 7 -6 -8 10 -5 -11 -3 -14
right_child=1 12 4 9 6 -7 8 -9 -10 11 -12 -13 13 -15
leaf_value=0 -0.042402205594725656 -0.55480602848631411 0.0011974266640331398 0 -0.045376859075868164 0.051497923655913762 -0.34661513833100577 0.0066845426139775684 -0.021103948531204321 0.0024489365409898437 -6.6415621414780629e-05 -6.624999642372132e-05 -0.95306237252046921 -3.2808701382074661
leaf_weight=930 1616 2859 1488 23479 4184 290 719 11695 1114 2900 169 689 424 399
leaf_count=930 1616 2859 1488 23479 4184 290 719 11695 1114 2900 169 689 424 399
internal_value=0.000895959 -0.00781334 0.00192413 0.00366854 -0.000635251 0.00120356 -0.00158605 -0.000550869 -0.0105277 0.00316423 0.00224919 0.00918197 -0.0124763 -0.0243357
internal_weight=52955 5588 47367 28167 19200 1906 17712 15879 1833 27237 23648 3589 3682 823
internal_count=52955 5588 47367 28167 19200 1906 17712 15879 1833 27237 23648 3589 3682 823
is_linear=0
shrinkage=0.05


Tree=22
num_leaves=15
num_cat=0
split_feature=106 107 113 172 90 88 110 97 66 118 91 87 6 166
split_gain=162.277 87.4991 98.29 72.6842 68.6676 64.5491 69.529 105.041 58.7124 58.3512 117.893 55.9958 54.5768 49.0526
threshold=144.0299987792969 2.7217170000076298 102.3051223754883 0.78656607866287243 218.20111083984378 85.988330841064467 3.9623929262161259 91.278331756591811 134.50000000000003 91.053333282470717 23.996666908264164 34.995000839233406 377.30667114257818 16.500000000000004
decision_type=2 2 2 2 2 2 2 2 2 2 2 2 2 2
left_child=3 2 8 9 -3 6 7 -5 -2 10 -1 -8 13 -11
right_child=1 4 -4 5 -6 -7 11 -9 -10 12 -12 -13 -14 -15
leaf_value=0.0030814339433509652 -0.15954540773677817 -0.43029576776353373 0.062489369434945666 0 -1.8215427322417395 -0.00025511244488799411 0.0085800809932485202 0.025611355116621305 0.10448846458790634 0 -0.54642113097091871 -0.18324124599466082 -0.15003500113513663 0
leaf_weight=1007 2160 1413 497 5801 1286 264 2972 884 232 26475 175 228 301 9260
leaf_count=1007 2160 1413 497 5801 1286 264 2972 884 232 26475 175 228 301 9260
internal_value=0.000706193 -0.00734847 -0.00129578 0.0016571 -0.0138129 0.00540674 0.00606168 0.00896114 -0.00550688 0.000634017 0.0115417 0 0.000274687 0.000454673
internal_weight=52955 5588 2889 47367 2699 10149 9885 6685 2392 37218 1182 3200 36036 35735
internal_count=52955 5588 2889 47367 2699 10149 9885 6685 2392 37218 1182 3200 36036 35735
is_linear=0
shrinkage=0.05


Tree=23
num_leaves=15
num_cat=0
split_feature=106 110 113 172 172 111 88 90 14 104 103 166 80 112
split_gain=138.965 86.0804 74.5696 71.9124 64.176 57.3635 55.0994 49.6864 49.0723 64.3404 44.5718 49.3774 69.3036 60.5684
threshold=144.0299987792969 8.1294226646423358 102.3051223754883 0.78656607866287243 0.60355338454246532 167.90483093261722 85.988330841064467 228.01555633544925 370.99166870117193 99.520111083984389 61.426666259765632 16.500000000000004 13.998333454132082 220.7600021362305
decision_type=2 2 2 2 2 2 2 2 2 2 2 2 2 2
left_child=3 2 -2 10 8 6 -5 -6 9 -3 -1 12 -12 -13
right_child=1 4 -4 5 7 -7 -8 -9 -10 -11 11 13 -14 -15
leaf_value=0.0037541293479060218 -0.030885942732583216 -0.89261432931297624 0.045798559001370788 0 -1.5413173839804761 -0.53790784312076745 -0.00024235682264359441 -3.35791479821245 -1.8901201983552078 0.10963367672858089 0 0 -0.02640101299763177 -0.0010916613988995545
leaf_weight=222 1734 1651 296 9723 488 162 264 305 243 871 20613 9089 6775 519
leaf_count=222 1734 1651 296 9723 488 162 264 305 243 871 20613 9089 6775 519
internal_value=0.000516427 -0.00693724 0.00127764 0.00139639 -0.0116194 0.00512606 0.00560949 -0.0241228 -0.00799639 -0.00589632 0.000378798 0.000243237 0.00132516 -0.0028399
internal_weight=52955 5588 2030 47367 3558 10149 9987 793 2765 2522 37218 36996 27388 9608
internal_count=52955 5588 2030 47367 3558 10149 9987 793 2765 2522 37218 36996 27388 9608
is_linear=0
shrinkage=0.05


Tree=24
num_leaves=15
num_cat=0
split_feature=105 107 113 146 165 113 93 76 144 100 98 14 159 112
split_gain=130.323 102.674 90.9634 73.0675 66.4594 88.4495 65.9904 65.5036 64.5958 63.4851 56.3634 52.9809 56.279 52.4767
threshold=137.00222015380862 2.7217170000076298 102.3051223754883 91.447212219238295 11.500000000000002 4.1546416282653817 344.87402343750006 723.50000000000011 4.6473958492279062 506.72000122070318 9.9602460861206072 345.07666015625006 87.541667938232436 20.011666297912601
decision_type=2 2 2 2 2 2 2 2 2 2 2 2 2 2
left_child=3 2 -2 4 8 13 -5 -7 9 -1 -10 12 -3 -6
right_child=1 11 -4 6 5 7 -8 -9 10 -11 -12 -13 -14 -15
leaf_value=0 -0.085563417321740248 -1.3340409909799238 0.053883217126769335 0.013304059778312394 0 0.0011492891526201148 -0.00061188934097571555 -6.624999642372132e-05 0.0013249999284744263 -6.3094840344041602e-05 -0.04999668750017882 -2.629560919612226 -0.0060082202683620078 0.032571873447933386
leaf_weight=22224 2575 1310 497 1098 7634 14092 205 561 105 144 304 314 706 1186
leaf_count=22224 2575 1310 497 1098 7634 14092 205 561 105 144 304 314 706 1186
internal_value=0.000697696 -0.00665804 -0.000649984 0.00153392 0.00120419 0.00307096 0.0131881 0.000689044 -0.000719867 -0.000357574 -0.0202899 -0.014561 -0.0115289 0.0070255
internal_weight=52955 5402 3072 47553 46250 23473 1303 14653 22777 22368 409 2330 2016 8820
internal_count=52955 5402 3072 47553 46250 23473 1303 14653 22777 22368 409 2330 2016 8820
is_linear=0
shrinkage=0.05


Tree=25
num_leaves=15
num_cat=0
split_feature=107 105 62 103 24 65 119 93 47 166 100 105 118 11
split_gain=121.976 129.967 70.3898 67.8593 68.1889 66.5481 68.6084 65.596 62.9415 61.9344 64.4951 60.2324 60.6191 53.0213
threshold=0.6316937804222108 82.683887481689467 113.50000000000001 63.426666259765632 77.018333435058608 58.500000000000007 79.846950531005874 344.87402343750006 20.500000000000004 6.5000000000000009 506.72000122070318 12.417222023010256 237.02166748046878 12.673333644866945
decision_type=2 2 2 2 2 2 2 2 2 2 2 2 2 2
left_child=3 8 5 -1 9 6 -3 -6 11 -5 -11 13 -13 -2
right_child=1 2 -4 4 7 -7 -8 -9 -10 10 -12 12 -14 -15
leaf_value=0.0038426083490154927 0.0011375553308314828 -0.58669242291626167 0.1251691576102327 0 0.012942099590042652 -2.2118050163982552 -0.018512081413637027 -0.00015998397337023998 0.11725659639730185 0 -5.9940098326839515e-05 -0.27499085472930801 -0.029802839663405287 0.026361340519659257
leaf_weight=266 2697 3276 550 8246 794 434 1749 181 4029 23480 186 1117 5662 288
leaf_count=266 2697 3276 550 8246 794 434 1749 181 4029 23480 186 1117 5662 288
internal_value=0.000716579 -0.00238804 -0.00852178 0.00257102 0.00236532 -0.0102398 -0.00859841 0.0153571 0.000286273 0.00196604 0.000665371 -0.00188351 -0.0044885 0.0040301
internal_weight=52955 19802 6009 33153 32887 5459 5025 975 13793 31912 23666 9764 6779 2985
internal_count=52955 19802 6009 33153 32887 5459 5025 975 13793 31912 23666 9764 6779 2985
is_linear=0
shrinkage=0.05


Tree=26
num_leaves=15
num_cat=0
split_feature=6 107 105 154 161 112 100 37 66 103 169 134 164 105
split_gain=113.213 85.0248 97.6832 80.9282 92.2436 79.2755 77.9898 73.5983 71.3452 66.6243 59.1154 56.4758 43.7304 41.2041
threshold=364.46665954589849 0.6316937804222108 64.959442138671889 572.50000000000011 96.124160766601577 402.05332946777349 506.72000122070318 2.5000000000000004 74.500000000000014 61.426666259765632 127.50000000000001 24.338073730468754 347.85781860351568 15.489999771118166
decision_type=2 2 2 2 2 2 2 2 2 2 2 2 2 2
left_child=1 5 7 4 11 6 9 13 10 -1 -4 -2 -7 -3
right_child=3 2 8 -5 -6 12 -8 -9 -10 -11 -12 -13 -14 -15
leaf_value=0.0033742924630599464 -0.31671071499188019 0.0012626070556167848 -1.1062771488302587 0.19471191058155657 -0.58595009058177749 0.065779511822635459 -5.6943093410497538e-05 0.17535340232936347 0.17802063781137295 0 -0.16694569430935491 0.10531563408295037 -0.00012244682704949219 -0.041199057279950838
leaf_weight=161 248 3461 1024 137 555 504 182 2920 533 31760 6136 137 112 5085
leaf_count=161 248 3461 1024 137 555 504 182 2920 533 31760 6136 137 112 5085
internal_value=0.000711858 0.00104562 -0.00159935 -0.0152957 -0.0205291 0.00259443 0.00225178 0.00132508 -0.00595609 0.00244002 -0.00727146 -0.00166667 0.0202899 -0.00101742
internal_weight=52955 51878 19159 1077 940 32719 32103 11466 7693 31921 7160 385 616 8546
internal_count=52955 51878 19159 1077 940 32719 32103 11466 7693 31921 7160 385 616 8546
is_linear=0
shrinkage=0.05


Tree=27
num_leaves=15
num_cat=0
split_feature=107 109 100 103 25 66 60 80 160 119 172 159 166 132
split_gain=106.135 113.064 79.7478 65.64 61.9438 63.7696 53.4666 52.3113 75.3686 73.394 52.2538 59.5812 51.0575 41.9331
threshold=0.6316937804222108 225.0350036621094 506.72000122070318 61.426666259765632 74.566669464111342 28.500000000000004 128.50000000000003 13.998333454132082 99.000000000000014 32.005182266235359 0.37940952181816107 6.5208332538604745 6.5000000000000009 1.0000000180025095e-35
decision_type=2 2 2 2 2 2 2 2 2 2 2 2 2 2
left_child=2 6 3 -1 12 -6 7 9 -9 -2 11 -3 -5 -13
right_child=1 10 -4 4 5 -7 -8 8 -10 -11 -12 13 -14 -15
leaf_value=0.0032055778399069489 -0.015959594349974581 -1.0200160553800459 -5.4095938739972661e-05 0 0.014757757821401585 0.001186351900915967 0.15281845329297641 0.02879475452828191 -0.17154477127843989 0.02970094417094515 -1.5401655834129671 0.38512972762137665 0 -0.29260293202804066
leaf_weight=161 4022 378 252 8198 577 476 431 2798 3774 6039 900 190 23489 1270
leaf_count=161 4022 378 252 8198 577 476 431 2798 3774 6039 900 190 23489 1270
internal_value=0.000725076 -0.00217095 0.00245491 0.00267125 0.00251183 0.014414 -0.00065616 -0.00110891 -0.00457655 0.00115736 -0.0115931 -0.00672816 0.0021141 -0.00211604
internal_weight=52955 19802 33153 32901 32740 1053 17064 16633 6572 10061 2738 1838 31687 1460
internal_count=52955 19802 33153 32901 32740 1053 17064 16633 6572 10061 2738 1838 31687 1460
is_linear=0
shrinkage=0.05


Tree=28
num_leaves=15
num_cat=0
split_feature=105 110 100 113 166 126 113 149 111 81 93 169 103 88
split_gain=100.49 96.3904 82.3743 70.8485 64.519 59.279 100.375 57.4989 53.5175 55.3482 60.1689 51.3655 47.8951 45.6195
threshold=137.00222015380862 8.1294226646423358 506.72000122070318 102.3051223754883 6.5000000000000009 1.0000000180025095e-35 5.0961291790008554 47.777923583984382 356.06413269042974 22.444999694824222 177.06777191162112 103.50000000000001 61.426666259765632 112.97833251953126
decision_type=2 2 2 2 2 2 2 2 2 2 2 2 2 2
left_child=2 3 4 -2 5 6 -1 -7 9 11 -11 -3 -6 -14
right_child=1 8 -4 -5 12 7 -8 -9 -10 10 -12 -13 13 -15
leaf_value=0 -0.01091175140653209 0.19757380778151648 -5.1391141802974036e-05 0.040814470194963787 0.0030452989479116013 0.17829023293914953 -6.2937496602535255e-05 0 -2.8984957352416143 0.2665928665772837 -0.4679698797789727 -3.0484204015238059 0 -9.5694115848020883e-05
leaf_weight=5013 1881 123 277 297 204 1586 6682 881 234 591 1597 679 31931 979
leaf_count=5013 1881 123 277 297 204 1586 6682 881 234 591 1597 679 31931 979
internal_value=0.000855363 -0.00560385 0.00158964 0.00251947 0.00175017 0.00457401 0.00308547 0.01161 -0.011087 -0.00924875 -0.00510716 -0.0204461 0.000541985 0.0003904
internal_weight=52955 5402 47553 2178 47276 14162 11695 2467 3224 2990 2188 802 33114 32910
internal_count=52955 5402 47553 2178 47276 14162 11695 2467 3224 2990 2188 802 33114 32910
is_linear=0
shrinkage=0.05


Tree=29
num_leaves=15
num_cat=0
split_feature=105 100 110 113 113 112 171 162 80 5 104 14 134 95
split_gain=105.747 82.0407 81.6253 67.2881 63.0581 109.879 75.4173 73.578 73.6937 57.0265 70.753 70.2299 52.6399 50.9266
threshold=137.00222015380862 506.72000122070318 13.612886905670168 64.223533630371108 4.1546416282653817 72.343330383300795 -0.6035533845424651 0.082341272383928313 12.861666679382326 397.55999755859381 99.520111083984389 67.90000152587892 27.389165878295902 0.27566047012805944
decision_type=2 2 2 2 2 2 2 2 2 2 2 2 2 2
left_child=1 4 3 -2 5 6 -1 13 -9 10 -4 -12 -5 -6
right_child=2 -3 9 12 7 -7 -8 8 -10 -11 11 -13 -14 -15
leaf_value=0 -0.067569945647959359 -4.882158471282533e-05 -1.5089420674692324 0.22131106026941327 -0.00012056757922460028 0.016255574512471279 0 0 -0.025509890747229615 -2.8849931603206684 0.27482491016347732 -0.39769092779188925 -0.00062932372735769533 -0.00012056757922460028
leaf_weight=6534 2001 277 1513 426 185 358 12600 17312 9894 208 206 653 395 393
leaf_count=6534 2001 277 1513 426 185 358 12600 17312 9894 208 206 653 395 393
internal_value=0.000781722 0.00153497 -0.00584428 3.53732e-05 0.00169518 0.00387496 0.00335702 0.000165533 0.00054206 -0.0122631 -0.0100126 0.00144676 0.012046 -0.0174099
internal_weight=52955 47553 5402 2822 47276 19492 19134 27784 27206 2580 2372 859 821 578
internal_count=52955 47553 5402 2822 47276 19492 19134 27784 27206 2580 2372 859 821 578
is_linear=0
shrinkage=0.05


Tree=30
num_leaves=15
num_cat=0
split_feature=105 100 66 88 146 93 152 159 113 112 80 19 7 150
split_gain=108.288 82.8051 76.4493 79.5029 73.7276 66.2207 65.0786 67.2868 59.3952 113.578 68.5742 38.7909 36.1105 34.166
threshold=137.00222015380862 506.72000122070318 128.50000000000003 106.00500106811525 80.570999145507827 344.87402343750006 4.5944283008575448 5.487847328186036 4.1546416282653817 72.343330383300795 12.861666679382326 72.001667022705092 33.91333198547364 718.33334350585949
decision_type=2 2 2 2 2 2 2 2 2 2 2 2 2 2
left_child=1 4 3 6 8 12 7 -2 9 -1 -10 -8 -6 -4
right_child=2 -3 13 -5 5 -7 11 -9 10 -11 -12 -13 -14 -15
leaf_value=0 -0.76858524277738072 -4.6380505477184062e-05 -0.0066035070035419755 0.17499416518879932 0.010239179542410609 -0.0025127766202616597 -1.2776294781672917 -0.0069876665538075146 0 0.015442795786847714 -0.042121708787923318 -2.8741800393518604 0.012529358456186041 0.23761206907174515
leaf_weight=18611 840 277 178 130 460 205 830 2935 17549 357 9326 258 768 231
leaf_count=18611 840 277 178 130 460 205 830 2935 17549 357 9326 258 768 231
internal_value=0.000897847 0.00166008 -0.00580729 -0.00751301 0.00182103 0.0129694 -0.00855588 -0.00543651 0.00147117 0.00361303 -4.09226e-05 -0.0193047 0.017356 0.0148551
internal_weight=52955 47553 5402 4993 47276 1433 4863 3775 45843 18968 26875 1088 1228 409
internal_count=52955 47553 5402 4993 47276 1433 4863 3775 45843 18968 26875 1088 1228 409
is_linear=0
shrinkage=0.05


Tree=31
num_leaves=15
num_cat=0
split_feature=106 113 100 1 10 158 164 7 81 103 106 33 107 89
split_gain=103.597 119.375 86.9577 86.3996 94.4732 62.9751 62.8482 58.2303 51.2073 49.7468 51.0885 48.4597 38.4391 24.2894
threshold=52.004999160766609 1.6778897643089297 506.72000122070318 54.095001220703132 53.885000228881843 25.128282546997074 107.12050628662111 134.6983337402344 126.08833312988283 61.426666259765632 12.673333644866945 10.500000000000002 9.1677865982055682 3.9550000429153447
decision_type=2 2 2 2 2 2 2 2 2 2 2 2 2 2
left_child=2 7 8 6 -5 -6 -3 -2 9 10 -1 -11 -8 -4
right_child=1 3 13 4 5 -7 12 -9 -10 11 -12 -13 -14 -15
leaf_value=0.0032348121650788704 0.016222620217293499 -0.45601389717804458 -4.7216222220526936e-05 0.16195190268399351 -0.0031949099603287771 -0.26666866278918966 0.36615200314120094 0.00068645162313368661 0.0062287881372166051 0 0.010160354408566658 0.10198283803383777 -0.45599338222286062 -4.4061480203324862e-05
leaf_weight=132 253 1014 169 876 9502 3552 240 166 114 34672 146 1579 440 100
leaf_count=132 253 1014 169 876 9502 3552 240 166 114 34672 146 1579 440 100
internal_value=0.000877077 -0.00247694 0.00233497 -0.00318638 -0.00188733 -0.00295582 -0.0138317 0.0237028 0.00254448 0.00243746 0.0233216 0.00227411 -0.0020438 -0.0257299
internal_weight=52955 16043 36912 15624 13930 13054 1694 419 36643 36529 278 36251 680 269
internal_count=52955 16043 36912 15624 13930 13054 1694 419 36643 36529 278 36251 680 269
is_linear=0
shrinkage=0.05


Tree=32
num_leaves=15
num_cat=0
split_feature=105 95 100 5 108 76 161 166 113 94 105 103 79 11
split_gain=97.3012 98.2276 86.9641 75.8934 64.8279 62.2749 60.0758 76.3514 62.6637 57.5013 105.633 60.756 57.7096 53.8168
threshold=64.959442138671889 2.4317537546157841 506.72000122070318 397.55999755859381 71.160137176513686 898.00000000000011 15.059280395507814 17.500000000000004 23.638339042663578 73.02500152587892 44.700555801391609 61.426666259765632 83.500000000000014 69.006668090820327
decision_type=2 2 2 2 2 2 2 2 2 2 2 2 2 2
left_child=2 4 9 5 -2 13 7 -6 -8 10 11 -1 -12 -3
right_child=1 3 -4 -5 6 -7 8 -9 -10 -11 12 -13 -14 -15
leaf_value=0.0060318715913371054 -0.28897015184442004 -0.42359777952936484 -4.1858406193158622e-05 -1.6911315812802989 0.0032527474476896552 0.31157084912795718 -0.087400501544933132 0.015411489206428826 0.083468027182300022 0.0075307399552169037 -0.16356229299221642 0 0.03000155652022889 -0.10923961242548963
leaf_weight=271 105 1089 274 386 566 212 716 297 647 5336 1909 32685 300 8162
leaf_count=271 105 1089 274 386 566 212 716 297 647 5336 1909 32685 300 8162
internal_value=0.000843089 -0.00307755 0.00201447 -0.00526182 0.00614298 -0.00436734 0.00797848 0.0182604 0.00142544 0.00220585 0.00147142 0.00218137 -0.00910117 -0.00498596
internal_weight=52955 12180 40775 9849 2331 9463 2226 863 1363 40501 35165 32956 2209 9251
internal_count=52955 12180 40775 9849 2331 9463 2226 863 1363 40501 35165 32956 2209 9251
is_linear=0
shrinkage=0.05


Tree=33
num_leaves=15
num_cat=0
split_feature=105 100 66 81 65 159 88 19 164 102 111 100 167 26
split_gain=91.0062 81.9446 76.4798 80.7451 91.7959 75.7249 53.4167 53.0475 51.986 51.4475 82.9767 61.6001 49.765 32.091
threshold=137.00222015380862 506.72000122070318 128.50000000000003 23.460000038146976 40.500000000000007 5.487847328186036 2.2283333539962773 300.53834533691412 259.53100585937506 159.65010070800784 4.157395839691163 449.17999267578131 4.5000000000000009 76.326667785644545
decision_type=2 2 2 2 2 2 2 2 2 2 2 2 2 2
left_child=1 7 3 6 5 -5 -2 9 -6 11 -11 -1 -9 -4
right_child=2 -3 13 4 8 -7 -8 12 -10 10 -12 -13 -14 -15
leaf_value=0 -1.3172594930311059 -3.9765485883500687e-05 0.16945237801820401 -0.59781641842030353 -1.8166054702050645 0.041013428464183425 -2.9897125337288899 0 -0.055044799783512427 0.038174829801921828 -0.00028770343914242039 0.021776954865449102 -0.032550104133558098 -0.038991218390418997
leaf_weight=43182 340 277 286 769 310 2850 552 596 172 179 1083 1828 408 123
leaf_count=43182 340 277 286 769 310 2850 552 596 172 179 1083 1828 408 123
internal_value=0.000820431 0.0015192 -0.00532643 -0.00703281 -0.00405504 -0.00131071 -0.0206243 0.00167932 -0.0244353 0.00192644 -0.00801105 0.00220593 -0.00966303 0.0153382
internal_weight=52955 47553 5402 4993 4101 3619 892 47276 482 46272 1262 45010 1004 409
internal_count=52955 47553 5402 4993 4101 3619 892 47276 482 46272 1262 45010 1004 409
is_linear=0
shrinkage=0.05


Tree=34
num_leaves=15
num_cat=0
split_feature=116 161 100 10 66 81 82 94 87 156 158 171 105 159
split_gain=100.267 99.8707 81.1109 73.5896 79.2777 72.7386 72.5995 70.9508 63.5609 61.9295 58.9406 58.6276 83.3361 81.1388
threshold=113.77240371704103 83.321697235107436 506.72000122070318 144.0299987792969 63.500000000000007 27.001667022705082 0.61500000953674328 419.05999755859381 117.35333251953126 526.30209350585949 6.9304420948028573 -0.37940952181816096 7.0005555152893075 1.0000000180025095e-35
decision_type=2 2 2 2 2 2 2 2 2 2 2 2 2 2
left_child=2 7 3 11 5 -5 -3 10 9 -8 -2 13 -13 -1
right_child=1 6 -4 4 -6 -7 8 -9 -10 -11 -12 12 -14 -15
leaf_value=0 0.0043315419345235041 0.0014302167044347182 -3.7777211589325651e-05 -2.4776294861280519 0.12587584817346806 -0.079857321203137113 -0.006312801497607168 -1.187628903754588 0.026938026529448919 0.06263729656984944 0.30455518393210218 0 0.00087068245892237244 0
leaf_weight=2284 640 208 288 770 458 2156 2014 256 149 186 408 11284 17268 14586
leaf_count=2284 640 208 288 770 458 2156 2014 256 149 186 408 11284 17268 14586
internal_value=0.000704305 -0.00704863 0.00131469 0.001472 -0.00563588 -0.00866598 -0.012783 0.00420168 -0.0152931 -0.0174376 0.00997151 0.00200211 0.00338271 -0.000334815
internal_weight=52955 3861 49094 48806 3384 2926 2557 1304 2349 2200 1048 45422 28552 16870
internal_count=52955 3861 49094 48806 3384 2926 2557 1304 2349 2200 1048 45422 28552 16870
is_linear=0
shrinkage=0.05


Tree=35
num_leaves=15
num_cat=0
split_feature=105 112 167 113 165 67 112 103 90 103 95 84 158 160
split_gain=97.8147 117.522 142.085 129.585 97.386 85.2288 81.847 81.7249 79.8784 76.0723 73.0182 70.3961 69.4291 128.64
threshold=7.7177777290344247 22.866665840148929 1.0000000180025095e-35 4.1546416282653817 12.500000000000002 27.500000000000004 168.73000335693362 506.72000122070318 1.0000000180025095e-35 145.28666687011722 0.081209871917963042 0.03166666720062495 23.62744235992432 2010.0000000000002
decision_type=2 2 2 2 2 2 2 2 2 2 2 2 2 2
left_child=4 2 10 -3 6 9 7 -1 -8 -4 -2 -6 -5 -14
right_child=1 3 5 12 11 -7 8 -9 -10 -11 -12 -13 13 -15
leaf_value=0 -0.00028259968498903389 0.0030465759523590537 0.0027714779772580714 0.0010482905720429903 0 0.25967243167196608 -0.00012244682704949219 -3.5888351009859368e-05 0.00072221480205209943 -4.3534122946118625e-05 -0.00077320766839209681 0.0025213545460192844 -0.078121405555475698 0.031969200934903595
leaf_weight=11645 362 2567 116 18909 5169 139 267 182 217 2339 234 3596 6264 949
leaf_count=11645 362 2567 116 18909 5169 139 267 182 217 2339 234 3596 6264 949
internal_value=0.000640106 -0.00110714 -0.0102034 -9.40963e-05 0.00328258 -0.00511735 0.000414095 0.00124239 -0.0196319 -0.00729675 -0.0321131 0.00730901 -0.00114824 -0.00532003
internal_weight=52955 31879 3190 28689 21076 2594 12311 11827 484 2455 596 8765 26122 7213
internal_count=52955 31879 3190 28689 21076 2594 12311 11827 484 2455 596 8765 26122 7213
is_linear=0
shrinkage=0.05


Tree=36
num_leaves=15
num_cat=0
split_feature=105 100 174 105 166 64 144 103 110 5 87 14 88 110
split_gain=77.1423 80.4463 68.0837 97.7765 97.1395 86.9386 83.8853 74.8223 67.8649 61.3129 71.8894 65.7998 49.8245 44.1021
threshold=137.00222015380862 506.72000122070318 1.0000000180025095e-35 10.37055540084839 6.5000000000000009 11.500000000000002 6.0588483810424814 479.99333190917974 17.131475448608402 397.55999755859381 43.008333206176765 76.946666717529311 106.00500106811525 0.26957632601261144
decision_type=2 2 2 2 2 2 2 2 2 2 2 2 2 2
left_child=1 2 3 5 -5 -1 7 -4 12 10 -10 -12 13 -2
right_child=8 -3 6 4 -6 -7 -8 -9 9 -11 11 -13 -14 -15
leaf_value=0 -0.020093988444824486 -3.4093933459366397e-05 0 0.063738533248211979 -0.0099383282063857416 0.0086354094146851319 0.0045439678652668247 0.001462541826596161 -1.1401892818776165 -2.7005873259437214 0.24898861649531334 -0.40548620201504226 0.16760911127266118 0.013413260198348098
leaf_weight=10757 354 277 17499 4914 9510 1155 515 2926 1788 166 143 216 104 2631
leaf_count=10757 354 277 17499 4914 9510 1155 515 2926 1788 166 143 216 104 2631
internal_value=0.000628776 0.00127213 0.00143081 0.00312251 0.000353455 0.00647394 -0.000697064 -0.00120166 -0.00503052 -0.011497 -0.00917751 0.0111264 -0.000177763 -0.00138796
internal_weight=52955 47553 47276 26336 14424 11912 20940 20425 5402 2313 2147 359 3089 2985
internal_count=52955 47553 47276 26336 14424 11912 20940 20425 5402 2313 2147 359 3089 2985
is_linear=0
shrinkage=0.05


Tree=37
num_leaves=15
num_cat=0
split_feature=14 100 174 110 172 98 144 105 8 114 168 151 102 89
split_gain=77.5141 81.5048 82.0705 106.569 67.0878 67.0389 69.3148 63.2346 43.202 32.7862 29.6033 26.1436 25.0279 23.6986
threshold=345.07666015625006 506.72000122070318 1.0000000180025095e-35 1.9278236627578738 0.78656607866287243 134.77236938476565 6.0588483810424814 7.7177777290344247 148.0100021362305 167.84133148193362 5.5000000000000009 442.50000000000006 166.20706939697268 3.9550000429153447
decision_type=2 2 2 2 2 2 2 2 2 2 2 2 2 2
left_child=1 2 3 4 -1 6 -4 -5 11 12 -7 -2 -10 -3
right_child=8 13 5 7 -6 10 -8 -9 9 -11 -12 -13 -14 -15
leaf_value=0 -1.498340266821101 -0.00016324838655419724 0 0.0011524069882611276 0 0.01231979573526229 0.0082447783569227356 -0.0090523162359440988 -0.039375667461429488 -0.29760769242429996 0.10997504736687869 -0.034437925915892544 0.16328705478441982 -3.2389236786398084e-05
leaf_weight=10083 383 181 21329 2272 3052 106 876 13922 170 119 115 130 117 100
leaf_count=10083 383 181 21329 2272 3052 106 876 13922 170 119 115 130 117 100
internal_value=0.000664653 0.000919467 0.00106646 0.00280732 0.00615297 -0.00121038 -0.00148582 9.25983e-05 -0.0136905 -0.00145985 0.025885 -0.0232625 0.00770548 -0.0256993
internal_weight=52955 52036 51755 29329 13135 22426 22205 16194 919 406 221 513 287 281
internal_count=52955 52036 51755 29329 13135 22426 22205 16194 919 406 221 513 287 281
is_linear=0
shrinkage=0.05


Tree=38
num_leaves=15
num_cat=0
split_feature=100 110 167 134 98 171 33 0 101 163 113 0 103 105
split_gain=74.3822 72.1409 144.747 98.9534 177.856 72.4572 105.963 78.1047 70.4863 57.0001 56.0664 55.7252 48.346 35.7062
threshold=506.72000122070318 2.4516829252243046 1.5000000000000002 64.173942565917983 2.1676113605499272 0.37940952181816107 7.5000000000000009 377.30667114257818 181.75042724609378 252.50000000000003 178.94116210937503 21.815000534057621 61.426666259765632 50.834999084472663
decision_type=2 2 2 2 2 2 2 2 2 2 2 2 2 2
left_child=1 2 3 9 -5 6 11 8 -7 -1 12 -3 -4 -8
right_child=-2 5 10 4 -6 7 13 -9 -10 -11 -12 -13 -14 -15
leaf_value=0 -3.0769774947078177e-05 0 0.0018593554430980622 -0.00012606772730096422 0.0018603970638994629 0.010760955076188131 0.15809894826430726 -2.9810810532256369 -1.0339634942068432 0 0.069872136811967314 -0.1513437613354498 0 -0.004486708699400821
leaf_weight=2102 288 2751 109 684 240 10832 1268 190 143 7065 102 6523 18267 2391
leaf_count=2102 288 2751 109 684 240 10832 1268 190 143 7065 102 6523 18267 2391
internal_value=0.000549471 0.000689171 0.00238854 -0.0024267 -0.0179763 -0.00132556 -0.00387231 0.00162489 0.00218124 -0.000850414 0.00501812 -0.00671409 0.00480659 0.00332969
internal_weight=52955 52667 28569 10091 924 24098 12933 11165 10975 9167 18478 9274 18376 3659
internal_count=52955 52667 28569 10091 924 24098 12933 11165 10975 9167 18478 9274 18376 3659
is_linear=0
shrinkage=0.05


Tree=39
num_leaves=15
num_cat=0
split_feature=100 174 110 113 16 166 90 104 172 10 97 65 164 89
split_gain=75.1947 70.8803 130.702 82.4566 77.4687 75.6283 83.6375 73.2077 67.0171 66.7185 47.4838 41.8722 38.3641 26.3344
threshold=506.72000122070318 1.0000000180025095e-35 1.9278236627578738 155.6082458496094 341.85499572753912 10.500000000000002 1.0000000180025095e-35 160.6307067871094 0.91597560048103344 370.99166870117193 161.67333984375003 4.5000000000000009 12.865426063537599 3.9550000429153447
decision_type=2 2 2 2 2 2 2 2 2 2 2 2 2 2
left_child=1 2 8 4 7 9 -7 -3 10 -4 -1 -6 -10 -2
right_child=13 3 5 -5 11 6 -8 -9 12 -11 -12 -13 -14 -15
leaf_value=0 -0.00015354747847913348 0 0.021645120055046069 0.066378529971368949 0.0015055354493515251 -5.7620349413056384e-05 -0.02758048675554492 0.0012688471560417525 0 -3.0446482279943838 -0.00011632448569701758 -2.0128697048480677 0.023034842112793132 -2.9231286199724268e-05
leaf_weight=9888 188 21788 9132 163 121 348 7030 503 425 109 1540 255 1365 100
leaf_count=9888 188 21788 9132 163 121 348 7030 503 425 109 1540 255 1365 100
internal_value=0.000686367 0.000826815 0.00243114 -0.00126998 -0.00152832 -0.000520332 -0.00429365 -0.00114595 0.00614082 0.00249297 0.00472754 -0.0238845 0.0151253 -0.0245734
internal_weight=52955 52667 29837 22830 22667 16619 7378 22291 13218 9241 11428 376 1790 288
internal_count=52955 52667 29837 22830 22667 16619 7378 22291 13218 9241 11428 376 1790 288
is_linear=0
shrinkage=0.05


Tree=40
num_leaves=15
num_cat=0
split_feature=100 107 90 127 167 132 95 88 110 61 11 10 172 159
split_gain=73.5908 61.9749 89.784 75.1547 78.0125 145.906 74.2456 67.1225 68.0797 57.9036 50.5157 79.7558 48.9891 41.508
threshold=506.72000122070318 5.4695339202880868 199.03555297851565 58.646665573120124 1.5000000000000002 34.215305328369148 1.9134684801101687 104.03499984741212 5.5682861804962167 18.500000000000004 12.673333644866945 10.703333377838137 0.60355338454246532 87.541667938232436
decision_type=2 2 2 2 2 2 2 2 2 2 2 2 2 2
left_child=1 3 10 4 5 -1 -6 9 -9 -5 -3 -12 13 -4
right_child=-2 2 12 7 6 -7 -8 8 -10 -11 11 -13 -14 -15
leaf_value=0 -2.7769721889738052e-05 -0.57917055079903412 -1.4068363272772091 0.033243444522818952 0 -0.00074798959198519579 -5.4739331942403562e-05 -0.38333609812789399 0.049964506080712554 0.0015821381071433266 0.050242262282088439 -0.03359159894647732 -2.3432744756199462 0.013415660177280402
leaf_weight=11847 288 728 479 1514 15922 339 14119 150 100 1022 323 5419 265 440
leaf_count=11847 288 728 479 1514 15922 339 14119 150 100 1022 323 5419 265 440
internal_value=0.000415408 0.000554374 -0.0036036 0.00126172 0.000736408 -0.00263719 0.00210511 0.00920817 -0.0152941 0.011649 -0.00128185 0.000295807 -0.0162321 -0.0106602
internal_weight=52955 52667 7654 45013 42227 12186 30041 2786 250 2536 6470 5742 1184 919
internal_count=52955 52667 7654 45013 42227 12186 30041 2786 250 2536 6470 5742 1184 919
is_linear=0
shrinkage=0.05


Tree=41
num_leaves=11
num_cat=0
split_feature=100 119 167 117 132 110 109 65 89 86
split_gain=73.5797 61.7628 70.304 124.022 103.714 97.6628 72.2902 61.8047 26.3344 15.682
threshold=506.72000122070318 173.9036560058594 1.5000000000000002 155.92633819580081 36.193798065185554 1.9278236627578738 0.19666666537523272 2.5000000000000004 3.9550000429153447 96.711666107177749
decision_type=2 2 2 2 2 2 2 2 2 2
left_child=1 2 3 4 -1 6 -4 -7 -2 -5
right_child=8 -3 5 9 -6 7 -8 -9 -10 -11
leaf_value=0 -0.0001444816184606899 0.00013400158823051014 0 -0.0015931014152157329 -0.00071059011238593594 -0.0010355622390278588 0.00084571824902178851 0.011703649976025146 -2.638123579525115e-05 -2.1599543662516245
leaf_weight=14239 188 198 6346 252 253 11845 10738 8670 100 126
leaf_count=14239 188 198 6346 252 253 11845 10738 8670 100 126
internal_value=0.00041352 0.000552476 0.000445935 -0.00246387 -0.00172105 0.0015969 0.00438879 -0.000728558 -0.0245734 -0.0305483
internal_weight=52955 52667 52469 14870 14492 37599 17084 20515 288 378
internal_count=52955 52667 52469 14870 14492 37599 17084 20515 288 378
is_linear=0
shrinkage=0.05


Tree=42
num_leaves=15
num_cat=0
split_feature=79 156 1 161 103 106 100 169 102 119 86 105 108 117
split_gain=89.3181 166.211 59.9206 58.083 56.5471 53.4285 51.4656 50.4452 97.9269 47.6427 23.6221 30.2526 24.694 19.0419
threshold=816.50000000000011 209.59375000000003 8.0033335685729998 244.52200317382815 61.426666259765632 12.673333644866945 506.72000122070318 242.50000000000003 47.334213256835945 173.9036560058594 7.9983332157135019 8.0016665458679217 28.180693626403812 61.644567489624031
decision_type=2 2 2 2 2 2 2 2 2 2 2 2 2 2
left_child=4 3 -3 10 5 -1 7 9 -9 -6 11 -2 -12 -5
right_child=1 2 -4 13 6 -7 -8 8 -10 -11 12 -13 -14 -15
leaf_value=0.0023679423290065256 0 -4.0109206303783496e-05 -8.3643329249902135e-05 0 0 0.0065911008663326947 -2.5062174005488591e-05 0 -4.6835355717359419e-05 0.00012730150881898463 0.0028087602544688436 -0.011344268442072897 0.0071801764385021052 -4.228591245108943e-05
leaf_weight=132 796 376 110 107 49549 150 153 365 282 198 109 297 228 103
leaf_count=132 796 376 110 107 49549 150 153 365 282 198 109 297 228 103
internal_value=-0.000600453 -0.0106288 -0.0361507 -0.00297872 -0.000179998 0.0219512 -0.000305626 -0.000216274 -0.0140337 -3.51745e-05 0.000662021 -0.00291439 0.0121345 -0.0272093
internal_weight=52955 2126 486 1640 50829 282 50547 50394 647 49747 1430 1093 337 210
internal_count=52955 2126 486 1640 50829 282 50547 50394 647 49747 1430 1093 337 210
is_linear=0
shrinkage=0.05


Tree=43
num_leaves=11
num_cat=0
split_feature=100 103 115 156 86 169 161 107 106 89
split_gain=68.4945 57.3113 55.3506 247.204 99.2439 72.5529 60.2231 55.4406 53.4285 26.3344
threshold=506.72000122070318 61.426666259765632 65.673332214355483 507.70832824707037 11.161666870117189 242.50000000000003 3.7782994508743291 5.4695339202880868 12.673333644866945 3.9550000429153447
decision_type=2 2 2 2 2 2 2 2 2 2
left_child=1 8 3 4 -3 7 -7 -4 -1 -2
right_child=9 2 5 -5 -6 6 -8 -9 -10 -11
leaf_value=0.0022495452125561991 -0.00013725753753765542 0 0 -3.8103745988594327e-05 -0.022214345322677048 -4.4493587931491451e-05 0 -0.094253774629311782 0.0062615458230160601 -2.380906530521416e-05
leaf_weight=132 188 11074 32639 335 774 148 199 7216 150 100
leaf_count=132 188 11074 32639 335 774 148 199 7216 150 100
internal_value=-0.000465446 -0.000331296 -0.000453331 -0.00340499 -0.00219776 0.000441465 -0.0221591 0.000640993 0.0219512 -0.0245734
internal_weight=52955 52667 52385 12183 11848 40202 347 39855 282 288
internal_count=52955 52667 52385 12183 11848 40202 347 39855 282 288
is_linear=0
shrinkage=0.05


Tree=44
num_leaves=15
num_cat=0
split_feature=7 103 114 80 10 80 159 79 156 119 102 90 6 115
split_gain=59.0138 69.7275 66.7214 82.5639 124.5 76.2694 57.6179 92.7439 107.409 66.1194 117.355 60.423 56.5056 124.089
threshold=13.001666545867922 61.426666259765632 87.123958587646499 66.779998779296889 152.00666809082034 13.998333454132082 40.342014312744148 511.00000000000006 507.70832824707037 43.852674484252937 47.334213256835945 213.2527770996094 364.46665954589849 484.50000000000006
decision_type=2 2 2 2 2 2 2 2 2 2 2 2 2 2
left_child=1 -1 3 4 5 -2 9 -8 -9 10 -3 -11 13 -4
right_child=2 6 12 -5 -6 -7 7 8 -10 11 -12 -13 -14 -15
leaf_value=0.0021370679519283893 0 0 -0.00049308573685175321 0.042808880475493812 -1.9414649755384135 -0.0080994293399633491 0 0 -3.6198558689164608e-05 0 -0.00011632448569701758 -1.1149999550111001 -0.30972101741086178 0.064787525859509407
leaf_weight=268 12883 13014 6995 1151 705 6178 4149 819 293 4712 447 201 792 348
leaf_count=268 12883 13014 6995 1151 705 6178 4149 819 293 4712 447 201 792 348
internal_value=-0.000209592 -0.00204952 0.00130433 0.00279849 0.00203834 0.00280342 -0.00233926 -0.00695025 -0.0197404 -0.00101747 -0.00282935 0.00394469 -0.00253686 -0.00116358
internal_weight=52955 23903 29052 20917 19766 19061 23635 5261 1112 18374 13461 4913 8135 7343
internal_count=52955 23903 29052 20917 19766 19061 23635 5261 1112 18374 13461 4913 8135 7343
is_linear=0
shrinkage=0.05


Tree=45
num_leaves=15
num_cat=0
split_feature=7 148 84 29 128 103 123 159 79 156 119 105 106 119
split_gain=63.7455 85.5131 94.3982 95.9614 85.2079 69.6001 66.2789 58.201 92.7439 107.409 66.9506 112.517 54.2639 94.4541
threshold=13.001666545867922 339.00708007812506 11.161666870117189 52.139999389648445 0.81411391496658336 61.426666259765632 67.993331909179702 40.342014312744148 511.00000000000006 507.70832824707037 43.852674484252937 38.001667022705085 78.205001831054702 72.241840362548842
decision_type=2 2 2 2 2 2 2 2 2 2 2 2 2 2
left_child=5 12 3 4 -3 -1 -4 10 -9 -10 11 -7 -2 -14
right_child=1 2 6 -5 -6 7 -8 8 9 -11 -12 -13 13 -15
leaf_value=0.0020302145543319695 0.0011876339218771436 0 -0.04257831990122532 -0.00065519102571645258 0.0097986274806822378 0 0.013761314658485155 0 0 -3.4388630754706376e-05 0 -0.72429857370089579 -0.18562109449308545 0.05636559940798911
leaf_weight=268 9015 5725 6793 299 1356 12735 1298 4149 819 293 4913 726 3009 1557
leaf_count=268 9015 5725 6793 299 1356 12735 1298 4149 819 293 4913 726 3009 1557
internal_value=-0.000114237 0.0014592 -0.00108232 0.00300609 0.00418431 -0.00202652 -0.00481102 -0.00231599 -0.00695025 -0.0197404 -0.00098754 -0.00281078 0.00435375 -8.75082e-05
internal_weight=52955 29052 15471 7380 7081 23903 8091 23635 5261 1112 18374 13461 13581 4566
internal_count=52955 29052 15471 7380 7081 23903 8091 23635 5261 1112 18374 13461 13581 4566
is_linear=0
shrinkage=0.05


Tree=46
num_leaves=15
num_cat=0
split_feature=4 47 80 98 76 96 162 64 78 105 75 84 110 161
split_gain=138.393 212.478 109.232 169.21 104.535 151.196 93.652 78.0763 100.85 73.6706 67.6753 61.4997 61.1849 79.2909
threshold=12.691666603088381 271.50000000000006 11.954999923706056 0.16853647679090503 434.00000000000006 7.1706945896148691 650.69964599609386 11.500000000000002 64.500000000000014 148.00666809082034 3.5000000000000004 5.8450000286102304 1.2416213154792788 96.124160766601577
decision_type=2 2 2 2 2 2 2 2 2 2 2 2 2 2
left_child=1 4 3 -2 7 -6 -7 11 -9 10 -5 -1 13 -4
right_child=2 -3 12 9 5 6 -8 8 -10 -11 -12 -13 -14 -15
leaf_value=0 -0.00031814087750299568 -5.9381696093857183e-05 0.006103488019865962 0.00045680720401550359 0 -3.266919921697106e-05 2.4430033448697217e-05 0.044512607892743611 -0.00043177047073425664 -2.394518171650013 0.018795851819343682 -4.0109206303783496e-05 -0.037321067609911579 -0.0015270314338922605
leaf_weight=20143 424 397 2398 5317 375 699 106 611 269 253 6314 785 13745 1119
leaf_count=20143 424 397 2398 5317 375 699 106 611 269 253 6314 785 13745 1119
internal_value=-0.000888406 -0.00376229 0.00138462 0.00498254 -0.00313139 -0.0175949 -0.0297531 -0.00234493 0.0122034 0.00609387 0.00667755 -0.00295944 -0.00118144 0.00469903
internal_weight=52955 23385 29570 12308 22988 1180 805 21808 880 11884 11631 20928 17262 3517
internal_count=52955 23385 29570 12308 22988 1180 805 21808 880 11884 11631 20928 17262 3517
is_linear=0
shrinkage=0.05


end of trees

feature_importances:
roll0003_mean_fixed_avg_active_gpus_F30=43
roll0003_stddev_pop_fixed_avg_active_gpus_F30=26
roll0012_stddev_pop_fixed_avg_active_gpus_F30=26
roll0048_stddev_pop_fixed_avg_active_gpus_F30=26
roll2016_max_total_avg_active_gpus=23
roll0288_max_total_avg_active_gpus=22
roll0003_max_fixed_avg_active_gpus_F30=21
lag_running_job_equivalents_0001=18
utc_hour=14
melbourne_hour=13
roll0288_mean_queued_requested_gpus=12
hour_cos=12
roll0003_mean_total_avg_active_gpus=11
roll0048_max_fixed_avg_active_gpus_F30=11
lag_fixed_avg_active_gpus_F30_0001=10
lag_queued_job_count_0048=10
lag_running_job_equivalents_0012=10
roll2016_stddev_pop_fixed_avg_active_gpus_F30=10
lag_running_job_equivalents_0048=9
roll0048_max_total_avg_active_gpus=9
lag_running_job_equivalents_0576=8
lag_running_job_equivalents_2016=8
roll0012_stddev_pop_total_avg_active_gpus=8
roll0048_stddev_pop_total_avg_active_gpus=8
melbourne_day_of_year=8
roll0012_max_total_avg_active_gpus=7
roll0048_mean_fixed_avg_active_gpus_F30=7
roll0288_stddev_pop_queued_requested_gpus=7
hour_sin=7
lag_total_avg_active_gpus_0288=6
lag_fixed_avg_active_gpus_F30_0002=6
lag_queued_job_count_0024=6
lag_queued_requested_gpus_0048=6
lag_running_job_equivalents_0024=6
roll2016_mean_total_avg_active_gpus=6
roll0048_mean_queued_requested_gpus=6
roll2016_max_queued_requested_gpus=6
roll2016_stddev_pop_queued_requested_gpus=6
melbourne_day_of_week=6
lag_total_avg_active_gpus_0048=5
lag_fixed_avg_active_gpus_F30_0012=5
lag_running_job_equivalents_0288=5
roll0288_mean_total_avg_active_gpus=5
roll0288_mean_fixed_avg_active_gpus_F30=5
roll0288_mean_arriving_flexible_gpu_hours_F30=5
roll2016_stddev_pop_arriving_flexible_gpu_hours_F30=5
roll2016_mean_queued_requested_gpus=5
lag_total_avg_active_gpus_0001=4
lag_total_avg_active_gpus_0002=4
lag_total_avg_active_gpus_0024=4
lag_fixed_avg_active_gpus_F30_0048=4
lag_arriving_requested_gpus_0288=4
lag_queued_requested_gpus_2016=4
lag_running_job_equivalents_0002=4
roll0012_mean_total_avg_active_gpus=4
roll0048_mean_total_avg_active_gpus=4
roll2016_stddev_pop_total_avg_active_gpus=4
roll2016_mean_fixed_avg_active_gpus_F30=4
roll2016_max_fixed_avg_active_gpus_F30=4
roll2016_mean_flexible_avg_active_gpus_F30=4
roll0288_stddev_pop_arriving_flexible_gpu_hours_F30=4
roll0048_stddev_pop_queued_requested_gpus=4
weekday_cos=4
lag_fixed_avg_active_gpus_F30_0288=3
lag_fixed_avg_active_gpus_F30_2016=3
roll0012_max_fixed_avg_active_gpus_F30=3
roll0288_max_fixed_avg_active_gpus_F30=3
roll2016_stddev_pop_flexible_avg_active_gpus_F30=3
roll0288_max_queued_requested_gpus=3
lag_fixed_avg_active_gpus_F30_0024=2
lag_flexible_avg_active_gpus_F30_2016=2
lag_arriving_job_count_0006=2
lag_arriving_job_count_0288=2
lag_queued_job_count_0001=2
lag_queued_job_count_0003=2
lag_queued_job_count_0012=2
lag_queued_job_count_0288=2
lag_queued_requested_gpus_0024=2
roll0003_max_total_avg_active_gpus=2
roll0012_mean_fixed_avg_active_gpus_F30=2
roll0288_stddev_pop_fixed_avg_active_gpus_F30=2
roll0012_mean_flexible_avg_active_gpus_F30=2
roll0012_max_flexible_avg_active_gpus_F30=2
roll0288_max_flexible_avg_active_gpus_F30=2
roll0003_mean_queued_requested_gpus=2
roll0048_max_queued_requested_gpus=2
lag_total_avg_active_gpus_0012=1
lag_total_avg_active_gpus_0576=1
lag_fixed_avg_active_gpus_F30_0003=1
lag_fixed_avg_active_gpus_F30_0576=1
lag_flexible_avg_active_gpus_F30_0012=1
lag_flexible_avg_active_gpus_F30_0024=1
lag_flexible_avg_active_gpus_F30_0048=1
lag_arriving_job_count_0002=1
lag_arriving_job_count_0003=1
lag_arriving_requested_gpus_0024=1
lag_arriving_requested_gpus_0048=1
lag_queued_job_count_0002=1
lag_queued_job_count_0006=1
lag_queued_requested_gpus_0001=1
lag_queued_requested_gpus_0576=1
lag_running_job_equivalents_0003=1
roll0288_stddev_pop_total_avg_active_gpus=1
roll0048_mean_flexible_avg_active_gpus_F30=1
roll0048_max_flexible_avg_active_gpus_F30=1
roll0048_stddev_pop_flexible_avg_active_gpus_F30=1
roll0288_stddev_pop_flexible_avg_active_gpus_F30=1
roll0048_max_arriving_flexible_gpu_hours_F30=1
roll0048_stddev_pop_arriving_flexible_gpu_hours_F30=1
roll0288_max_arriving_flexible_gpu_hours_F30=1
roll2016_max_arriving_flexible_gpu_hours_F30=1
roll0003_max_queued_requested_gpus=1
roll0003_stddev_pop_queued_requested_gpus=1
roll0012_max_queued_requested_gpus=1
melbourne_month=1
weekday_sin=1

parameters:
[boosting: gbdt]
[objective: regression_l1]
[metric: l1]
[tree_learner: serial]
[device_type: cpu]
[data_sample_strategy: bagging]
[data: ]
[valid: ]
[num_iterations: 47]
[learning_rate: 0.05]
[num_leaves: 15]
[num_threads: 4]
[seed: 20260721]
[deterministic: 1]
[force_col_wise: 1]
[force_row_wise: 0]
[histogram_pool_size: -1]
[max_depth: 5]
[min_data_in_leaf: 100]
[min_sum_hessian_in_leaf: 0.001]
[bagging_fraction: 1]
[pos_bagging_fraction: 1]
[neg_bagging_fraction: 1]
[bagging_freq: 0]
[bagging_seed: 11591]
[bagging_by_query: 0]
[feature_fraction: 1]
[feature_fraction_bynode: 1]
[feature_fraction_seed: 24120]
[extra_trees: 0]
[extra_seed: 12737]
[early_stopping_round: 0]
[early_stopping_min_delta: 0]
[first_metric_only: 0]
[max_delta_step: 0]
[lambda_l1: 0]
[lambda_l2: 5]
[linear_lambda: 0]
[min_gain_to_split: 0]
[drop_rate: 0.1]
[max_drop: 50]
[skip_drop: 0.5]
[xgboost_dart_mode: 0]
[uniform_drop: 0]
[drop_seed: 6762]
[top_rate: 0.2]
[other_rate: 0.1]
[min_data_per_group: 100]
[max_cat_threshold: 32]
[cat_l2: 10]
[cat_smooth: 10]
[max_cat_to_onehot: 4]
[top_k: 20]
[monotone_constraints: ]
[monotone_constraints_method: basic]
[monotone_penalty: 0]
[feature_contri: ]
[forcedsplits_filename: ]
[refit_decay_rate: 0.9]
[cegb_tradeoff: 1]
[cegb_penalty_split: 0]
[cegb_penalty_feature_lazy: ]
[cegb_penalty_feature_coupled: ]
[path_smooth: 0]
[interaction_constraints: ]
[verbosity: -1]
[saved_feature_importance_type: 0]
[use_quantized_grad: 0]
[num_grad_quant_bins: 4]
[quant_train_renew_leaf: 0]
[stochastic_rounding: 1]
[linear_tree: 0]
[max_bin: 255]
[max_bin_by_feature: ]
[min_data_in_bin: 3]
[bin_construct_sample_cnt: 200000]
[data_random_seed: 4436]
[is_enable_sparse: 1]
[enable_bundle: 1]
[use_missing: 1]
[zero_as_missing: 0]
[feature_pre_filter: 1]
[pre_partition: 0]
[two_round: 0]
[header: 0]
[label_column: ]
[weight_column: ]
[group_column: ]
[ignore_column: ]
[categorical_feature: ]
[forcedbins_filename: ]
[precise_float_parser: 0]
[parser_config_file: ]
[objective_seed: 18074]
[num_class: 1]
[is_unbalance: 0]
[scale_pos_weight: 1]
[sigmoid: 1]
[boost_from_average: 1]
[reg_sqrt: 0]
[alpha: 0.9]
[fair_c: 1]
[poisson_max_delta_step: 0.7]
[tweedie_variance_power: 1.5]
[lambdarank_truncation_level: 30]
[lambdarank_norm: 1]
[label_gain: ]
[lambdarank_position_bias_regularization: 0]
[eval_at: ]
[multi_error_top_k: 1]
[auc_mu_weights: ]
[num_machines: 1]
[local_listen_port: 12400]
[time_out: 120]
[machine_list_filename: ]
[machines: ]
[gpu_platform_id: -1]
[gpu_device_id: -1]
[gpu_use_dp: 0]
[num_gpu: 1]

end of parameters

pandas_categorical:[]
