tree
version=v4
num_class=1
num_tree_per_iteration=1
label_index=0
max_feature_idx=9
objective=regression_l1
feature_names=partition_hash nodes_req gpus_requested wallclock_req_hours qos_hash submit_epoch_days queue_age_hours submit_hour submit_day_of_week submit_month
feature_infos=[0.32223852037551126:0.95489038779014979] [1:16] [4:64] [0.083333333333333329:240] [0.19328610628455029:0.97254289259360405] [20094.732106481482:20177.153750000001] [0.048333333333333332:150.40833333333333] [0:23] [0:6] [1:3]
tree_sizes=1239 1279 1274 1363 1385 1369 1491 1484 1482 1383 1474 1272 1029 1145 1147 1147 1147 1281 1295 1295 1291 1197 953 1032 1028 1031 1024 1199 1182 1227 1225 1227 1227 1225 1227 1207 1263 1045 1045 979 972 976 980 1050 966 968 1046 978 981 981 981 981 973 986 984 875 862 889 889 877 873 890 876 877 1070 1072 1074 1037 1037 1038 1021 890 889 1068 805 891 1067 875 875 879

Tree=0
num_leaves=13
num_cat=0
split_feature=5 5 6 5 7 5 3 6 0 3 5 3
split_gain=54.0751 25.9027 28.0361 23.8571 17.8708 9.56172 5.89939 8.15878 5.73266 3.37119 2.80145 1.81752
threshold=20168.710775462965 20170.205040509263 7.3398611111111123 20174.207685185189 5.5000000000000009 20174.457071759261 36.000000000000007 27.815138888888892 0.63142476009493087 5.0000000000000009 20132.399351851855 10.500000000000002
decision_type=2 2 2 2 2 2 2 2 2 2 2 2
left_child=4 2 -2 11 6 -5 9 -8 -6 -1 -10 -3
right_child=1 3 -4 5 8 -7 7 -9 10 -11 -12 -13
leaf_value=-1.3480323702096939 -1.2379290841519832 -1.4137166738510132 -1.4432171046733857 -1.2968555778264999 -1.3816136062145232 -1.3245361030101777 -1.3928382694721222 -1.3157004803419112 -1.396320778131485 -1.2899160370230676 -1.3517021536827087 -1.3543311119079591
leaf_weight=36 88 10.000000000000002 15.999999999999998 18 12.999999999999998 13.999999999999998 36 20 41 22 32 18
leaf_count=36 88 10 16 18 13 14 36 20 41 22 32 18
internal_value=-1.32383 -1.30262 -1.28764 -1.32875 -1.34125 -1.29959 -1.32818 -1.33962 -1.35832 -1.31705 -1.3637 -1.36176
internal_weight=364 164 104 60 200 32 114 56 86 58 73 28
internal_count=364 164 104 60 200 32 114 56 86 58 73 28
is_linear=0
shrinkage=1


Tree=1
num_leaves=13
num_cat=0
split_feature=5 5 6 5 7 5 3 6 0 3 5 3
split_gain=54.0751 25.9027 28.0361 23.8571 17.8708 9.56172 5.89939 8.15878 5.73266 3.37119 2.80145 1.81752
threshold=20168.710775462965 20170.205040509263 7.3398611111111123 20174.207685185189 5.5000000000000009 20174.457071759261 36.000000000000007 27.815138888888892 0.63142476009493087 5.0000000000000009 20132.399351851855 10.500000000000002
decision_type=2 2 2 2 2 2 2 2 2 2 2 2
left_child=4 2 -2 11 6 -5 9 -8 -6 -1 -10 -3
right_child=1 3 -4 5 8 -7 7 -9 10 -11 -12 -13
leaf_value=-0.02298884615302086 0.081609275601804254 -0.085388934612274175 -0.11341434389352799 0.025629106611013409 -0.054891020357608802 -0.00066739231348037506 -0.065554450452327731 0.0077264492213726006 -0.068862833678722382 0.032221670374274258 -0.02647514045238495 -0.028972650766372676
leaf_weight=36 88 10.000000000000002 15.999999999999998 18 12.999999999999998 13.999999999999998 36 20 41 22 32 18
leaf_count=36 88 10 16 18 13 14 36 20 41 22 32 18
internal_value=0 0.0212121 0.0361905 -0.00491803 -0.0174129 0.0242424 -0.00434783 -0.0157895 -0.0344828 0.00677966 -0.0398649 -0.037931
internal_weight=364 164 104 60 200 32 114 56 86 58 73 28
internal_count=364 164 104 60 200 32 114 56 86 58 73 28
is_linear=0
shrinkage=0.05


Tree=2
num_leaves=13
num_cat=0
split_feature=5 5 6 5 7 5 3 6 0 5 3 3
split_gain=48.0716 27.7809 27.887 25.3223 15.2439 9.56172 5.89939 8.15878 4.90383 4.17504 3.37119 1.92152
threshold=20168.710775462965 20170.204895833336 7.3398611111111123 20174.207685185189 5.5000000000000009 20174.457071759261 36.000000000000007 27.815138888888892 0.63142476009493087 20125.047951388889 5.0000000000000009 10.500000000000002
decision_type=2 2 2 2 2 2 2 2 2 2 2 2
left_child=4 2 -2 11 6 -5 10 -8 -6 -10 -1 -3
right_child=1 3 -4 5 8 -7 7 -9 9 -11 -12 -13
leaf_value=-0.021839403845369823 0.07923894433118403 -0.081119487881660457 -0.10774362669885158 0.024347651280462734 -0.052146469339728364 -0.00063402269780635798 -0.06227672792971134 0.0073401267603039671 -0.083361542418599124 -0.021213596612215047 0.030610586855560552 -0.027031311333179465
leaf_weight=36 86 10.000000000000002 15.999999999999998 18 12.999999999999998 13.999999999999998 36 20 38 35 22 20
leaf_count=36 86 10 16 18 13 14 36 20 38 35 22 20
internal_value=0 0.02 0.0359223 -0.00634921 -0.0164179 0.0242424 -0.00434783 -0.0157895 -0.0321839 -0.0371622 0.00677966 -0.0387097
internal_weight=364 164 102 62 200 32 114 56 86 73 58 30
internal_count=364 164 102 62 200 32 114 56 86 73 58 30
is_linear=0
shrinkage=0.05


Tree=3
num_leaves=14
num_cat=0
split_feature=5 5 6 5 7 5 5 5 6 0 3 3 3
split_gain=44.2118 27.7809 27.887 25.3223 15.9198 9.56172 6.64647 5.72859 12.4536 2.16228 1.9506 1.92152 0.148063
threshold=20168.710775462965 20170.204895833336 7.3398611111111123 20174.207685185189 5.5000000000000009 20174.457071759261 20142.176574074078 20125.047951388889 9.8531944444444459 0.94775069380225008 5.0000000000000009 10.500000000000002 8.5000000000000018
decision_type=2 2 2 2 2 2 2 2 2 2 2 2 2
left_child=4 2 -2 11 6 -5 10 12 -9 -8 -1 -3 -6
right_child=1 3 -4 5 7 -7 9 8 -10 -11 -12 -13 -14
leaf_value=-0.020747433653101333 0.075276997114624822 -0.077063513487577437 -0.102356445363909 0.023130268716439598 -0.10817454892918468 -0.00060232156291604175 -0.064395988609641783 -0.043236693017184739 0.0033328384980559457 -0.024300328768882898 0.0070634651890024609 -0.02567974576652049 -0.032389543836563818
leaf_weight=36 86 10.000000000000002 15.999999999999998 18 25 13.999999999999998 10.999999999999998 20 19 26 41 20 22
leaf_count=36 86 10 16 18 25 14 11 20 19 26 41 20 22
internal_value=0.000821918 0.02 0.0359223 -0.00634921 -0.0149254 0.0242424 -0.0026087 -0.0310345 -0.01625 -0.0197368 0.00576923 -0.0387097 -0.0427083
internal_weight=364 164 102 62 200 32 114 86 39 37 77 30 47
internal_count=364 164 102 62 200 32 114 86 39 37 77 30 47
is_linear=0
shrinkage=0.05


Tree=4
num_leaves=14
num_cat=0
split_feature=5 5 6 5 7 5 5 5 6 3 0 6 3
split_gain=48.646 24.767 23.1939 19.6326 14.9494 9.56172 5.99274 5.72859 12.4536 2.32938 2.16228 1.51483 0.148063
threshold=20168.710775462965 20170.204490740743 7.3398611111111123 20174.207685185189 5.5000000000000009 20174.457071759261 20142.176574074078 20125.047951388889 9.8531944444444459 10.500000000000002 0.94775069380225008 75.780972222222246 8.5000000000000018
decision_type=2 2 2 2 2 2 2 2 2 2 2 2 2
left_child=4 2 -2 9 6 -5 11 12 -9 -3 -8 -1 -6
right_child=1 3 -4 5 7 -7 10 8 -10 -11 -12 -13 -14
leaf_value=0.00067372199782170239 0.077339855933324431 -0.073210337813198564 -0.097238623095713544 0.021973755280617614 -0.10276582148272545 -0.00057220548477023849 -0.061176189179159707 -0.041074858366325497 0.0031661965731531461 -0.023501247732192268 -0.023085312330438746 0.0223231514370162 -0.030770066644735628
leaf_weight=66 84 9.9999999999999982 15.999999999999998 18 25 13.999999999999998 10.999999999999998 20 19 22 26 10.999999999999998 22
leaf_count=66 84 10 16 18 25 14 11 20 19 22 26 11 22
internal_value=0.00109589 0.0212121 0.0366337 -0.00307692 -0.0154229 0.0242424 -0.00347826 -0.0310345 -0.01625 -0.030303 -0.0197368 0.00448718 -0.0427083
internal_weight=364 164 100 64 200 32 114 86 39 32 37 77 47
internal_count=364 164 100 64 200 32 114 86 39 32 37 77 47
is_linear=0
shrinkage=0.05


Tree=5
num_leaves=14
num_cat=0
split_feature=5 5 6 7 5 5 5 5 6 3 6 6 3
split_gain=48.9341 20.9455 23.0552 15.9198 15.0719 9.56172 6.07708 5.72859 12.4536 2.92571 2.72458 2.15325 0.148063
threshold=20168.710775462965 20170.204103009262 7.3398611111111123 5.5000000000000009 20174.207685185189 20174.457071759261 20144.074172453707 20125.047951388889 9.8531944444444459 10.500000000000002 75.780972222222246 3.8037500000000004 8.5000000000000018
decision_type=2 2 2 2 2 2 2 2 2 2 2 2 2
left_child=3 2 -2 6 9 -6 10 12 -9 -3 -1 -8 -5
right_child=1 4 -4 7 5 -7 11 8 -10 -11 -12 -13 -14
leaf_value=0.00057529011542862836 0.078377762137779736 -0.069549820922538627 -0.09237669194092786 -0.097627530408589167 0.020875067516586732 -0.00054359521053172217 -0.26260783868550325 -0.039021115448009229 0.0030078867444954917 -0.021307398915223763 0.021206993865165391 -0.01808835587718547 -0.029231563312498845
leaf_weight=67 82 9.9999999999999982 15.999999999999998 25 18 13.999999999999998 21 20 19 24 12.999999999999998 12.999999999999998 22
leaf_count=67 82 10 16 25 18 14 21 20 19 24 13 13 22
internal_value=0.00164384 0.0218182 0.0363636 -0.0149254 0 0.0242424 -0.0026087 -0.0310345 -0.01625 -0.0228571 0.00493827 -0.02 -0.0427083
internal_weight=364 164 98 200 66 32 114 86 39 34 80 34 47
internal_count=364 164 98 200 66 32 114 86 39 34 80 34 47
is_linear=0
shrinkage=0.05


Tree=6
num_leaves=15
num_cat=0
split_feature=5 5 6 7 5 5 5 5 6 3 6 5 6 3
split_gain=52.2151 16.2393 21.2697 15.9198 14.949 9.56172 6.07708 5.72859 12.4536 4.27015 2.72458 2.43352 2.15325 0.148063
threshold=20168.710775462965 20170.205190972225 7.3398611111111123 5.5000000000000009 20174.207685185189 20174.457071759261 20144.074172453707 20125.047951388889 9.8531944444444459 10.500000000000002 75.780972222222246 20170.203964120374 3.8037500000000004 8.5000000000000018
decision_type=2 2 2 2 2 2 2 2 2 2 2 2 2 2
left_child=3 2 11 6 9 -6 10 13 -9 -3 -1 -2 -8 -5
right_child=1 4 -4 7 5 -7 12 8 -10 -11 -12 -13 -14 -15
leaf_value=0.00054652560965720023 0.075235169394793799 -0.066072329876411692 -0.087757857343881474 -0.09274615388815971 0.019831314140757395 -0.00051641545000513656 -0.24947744675122807 -0.037070059675608773 0.0028574924072707121 -0.023453452724154656 0.020146644171907126 0.00130827489947285 -0.017183938083326199 -0.027769985146873899
leaf_weight=67 80 10.000000000000002 15.999999999999998 25 18 13.999999999999998 21 20 19 15.999999999999998 12.999999999999998 9.9999999999999982 12.999999999999998 22
leaf_count=67 80 10 16 25 18 14 21 20 19 16 13 10 13 22
internal_value=0.00219178 0.0230303 0.0345794 -0.0149254 0.00169492 0.0242424 -0.0026087 -0.0310345 -0.01625 -0.0259259 0.00493827 0.043956 -0.02 -0.0427083
internal_weight=364 164 106 200 58 32 114 86 39 26 80 90 34 47
internal_count=364 164 106 200 58 32 114 86 39 26 80 90 34 47
is_linear=0
shrinkage=0.05


Tree=7
num_leaves=15
num_cat=0
split_feature=5 7 5 6 5 5 3 6 3 5 6 3 5 3
split_gain=50.8547 16.9201 16.2393 21.2697 14.949 9.56172 6.79278 8.66846 6.18917 5.72859 12.4536 4.27015 2.43352 0.148063
threshold=20168.710775462965 5.5000000000000009 20170.205190972225 7.3398611111111123 20174.207685185189 20174.457071759261 36.000000000000007 3.8037500000000004 5.0000000000000009 20125.047951388889 9.8531944444444459 10.500000000000002 20170.203964120374 8.5000000000000018
decision_type=2 2 2 2 2 2 2 2 2 2 2 2 2 2
left_child=1 6 3 12 11 -6 8 -8 -1 13 -11 -4 -2 -3
right_child=2 9 4 -5 5 -7 7 -9 -10 10 -12 -13 -14 -15
leaf_value=-0.019799838856591645 0.071473410925054104 -0.088108846193751714 -0.062768713382591115 -0.083369964476687416 0.018839748433719529 -0.00049059467750487416 -0.33367556222836525 -0.00034794067018240619 0.028637107367187022 -0.035216556691828327 0.0027146177869071808 -0.022280780087946928 0.0012428611544992086 -0.026381485889530199
leaf_weight=36 80 25 10.000000000000002 15.999999999999998 18 13.999999999999998 13.999999999999998 42 22 20 19 15.999999999999998 9.9999999999999982 22
leaf_count=36 80 25 10 16 18 14 14 42 22 20 19 16 10 22
internal_value=0.00246575 -0.0144279 0.0230303 0.0345794 0.00169492 0.0242424 -0.00173913 -0.0140351 0.0101695 -0.0310345 -0.01625 -0.0259259 0.043956 -0.0427083
internal_weight=364 200 164 106 58 32 114 56 58 86 39 26 90 47
internal_count=364 200 164 106 58 32 114 56 58 86 39 26 90 47
is_linear=0
shrinkage=0.05


Tree=8
num_leaves=15
num_cat=0
split_feature=5 7 5 6 5 5 3 6 3 5 6 3 5 3
split_gain=50.8547 16.9201 16.2393 21.2697 14.949 9.56172 6.79278 8.66846 6.18917 5.72859 12.4536 4.27015 2.43352 0.148063
threshold=20168.710775462965 5.5000000000000009 20170.205190972225 7.3398611111111123 20174.207685185189 20174.457071759261 36.000000000000007 3.8037500000000004 5.0000000000000009 20125.047951388889 9.8531944444444459 10.500000000000002 20170.203964120374 8.5000000000000018
decision_type=2 2 2 2 2 2 2 2 2 2 2 2 2 2
left_child=1 6 3 12 11 -6 8 -8 -1 13 -11 -4 -2 -3
right_child=2 9 4 -5 5 -7 7 -9 -10 10 -12 -13 -14 -15
leaf_value=-0.018809846913762064 0.067899740378801407 -0.083703403884064123 -0.059630277713461556 -0.079201466252853056 0.017897761012033553 -0.00046606494362962938 -0.31699178411694701 -0.00033054363667328059 0.027205251998827673 -0.03345572885723691 0.0025788868975618277 -0.02116674108354958 0.0011807180967742471 -0.025062411595053694
leaf_weight=36 80 25 10.000000000000002 15.999999999999998 18 13.999999999999998 13.999999999999998 42 22 20 19 15.999999999999998 9.9999999999999982 22
leaf_count=36 80 25 10 16 18 14 14 42 22 20 19 16 10 22
internal_value=0.00246575 -0.0144279 0.0230303 0.0345794 0.00169492 0.0242424 -0.00173913 -0.0140351 0.0101695 -0.0310345 -0.01625 -0.0259259 0.043956 -0.0427083
internal_weight=364 200 164 106 58 32 114 56 58 86 39 26 90 47
internal_count=364 200 164 106 58 32 114 56 58 86 39 26 90 47
is_linear=0
shrinkage=0.05


Tree=9
num_leaves=14
num_cat=0
split_feature=5 5 6 7 5 5 6 5 3 6 3 3 5
split_gain=49.5122 16.2393 21.2697 15.6176 14.949 9.56172 5.17281 10.8393 4.99438 6.5142 4.67406 4.27015 2.43352
threshold=20168.710775462965 20170.205190972225 7.3398611111111123 5.5000000000000009 20174.207685185189 20174.457071759261 9.0620833333333355 20125.047951388889 36.000000000000007 27.809583333333336 5.0000000000000009 10.500000000000002 20170.203964120374
decision_type=2 2 2 2 2 2 2 2 2 2 2 2 2
left_child=3 2 12 8 11 -6 -5 -8 10 -10 -1 -3 -2
right_child=1 4 -4 6 5 -7 7 -9 9 -11 -12 -13 -14
leaf_value=-0.01786935456807396 0.064504753359861319 -0.056648763827788474 -0.0752413929402104 -0.030259971770839302 0.017002872961431881 -0.00044276169644814624 -0.078630923184947576 0.0014885348539928401 -0.041149367723489046 0.00090268439872855934 0.025844989398886287 -0.020108404029372098 0.0011216821919355358
leaf_weight=36 80 10.000000000000002 15.999999999999998 38 18 13.999999999999998 28 20 34 22 22 15.999999999999998 9.9999999999999982
leaf_count=36 80 10 16 38 18 14 28 20 34 22 22 16 10
internal_value=0.00273973 0.0230303 0.0345794 -0.0139303 0.00169492 0.0242424 -0.0298851 -0.0183673 -0.00173913 -0.0122807 0.00847458 -0.0259259 0.043956
internal_weight=364 164 106 200 58 32 86 48 114 56 58 26 90
internal_count=364 164 106 200 58 32 86 48 114 56 58 26 90
is_linear=0
shrinkage=0.05


Tree=10
num_leaves=15
num_cat=0
split_feature=5 7 5 6 5 5 5 6 3 3 6 3 5 3
split_gain=46.8807 17.6277 16.2393 21.2697 14.949 9.56172 4.83204 8.41548 4.27015 3.4493 7.93864 4.67406 2.43352 0.155603
threshold=20168.710775462965 5.5000000000000009 20170.205190972225 7.3398611111111123 20174.207685185189 20174.457071759261 20125.047951388889 9.8531944444444459 10.500000000000002 36.000000000000007 3.8037500000000004 5.0000000000000009 20170.203964120374 143.33333333333334
decision_type=2 2 2 2 2 2 2 2 2 2 2 2 2 2
left_child=1 9 3 12 8 -6 13 -8 -4 11 -11 -1 -2 -3
right_child=2 6 4 -5 5 -7 7 -9 -10 10 -12 -13 -14 -15
leaf_value=-0.016975886839670263 0.061279515691868264 -0.074994312728977788 -0.053816325636399043 -0.071479323293199878 0.016152729313360294 -0.00042062361162573673 -0.030269943825833104 0.0023755158099840971 -0.019102983827903486 -0.29908472652492518 0.00042398009697359741 0.024552739928941969 0.0010655980823387589 -0.022296292426759037
leaf_weight=36 80 28 10.000000000000002 15.999999999999998 18 13.999999999999998 20 19 15.999999999999998 13.999999999999998 42 22 9.9999999999999982 19
leaf_count=36 80 28 10 16 18 14 20 19 16 14 42 22 10 19
internal_value=0.00328767 -0.0129353 0.0230303 0.0345794 0.00169492 0.0242424 -0.0298851 -0.01625 -0.0259259 0 -0.00877193 0.00847458 0.043956 -0.040625
internal_weight=364 200 164 106 58 32 86 39 26 114 56 58 90 47
internal_count=364 200 164 106 58 32 86 39 26 114 56 58 90 47
is_linear=0
shrinkage=0.05


Tree=11
num_leaves=13
num_cat=0
split_feature=5 7 5 6 6 6 5 6 3 6 3 3
split_gain=45.3146 17.6277 15.9928 22.7604 10.6509 13.3223 4.83204 8.41548 3.4493 7.93864 4.67406 0.155603
threshold=20168.710775462965 5.5000000000000009 20170.203813657408 7.3398611111111123 3.0754166666666669 27.826666666666672 20125.047951388889 9.8531944444444459 36.000000000000007 3.8037500000000004 5.0000000000000009 143.33333333333334
decision_type=2 2 2 2 2 2 2 2 2 2 2 2
left_child=1 8 3 -2 -4 -6 11 -8 10 -10 -1 -3
right_child=2 6 4 -5 5 -7 7 -9 9 -11 -12 -13
leaf_value=-0.016127092497686745 0.058220689748583437 -0.071244597092528908 -0.014936410881816232 -0.067905357128539887 0.015345092847692277 -0.032484390832721081 -0.028756446634541445 0.002256740019484893 -0.28413049019867892 0.00040278109212491534 0.02332510293249487 -0.021181477805421081
leaf_weight=36 78 28 13.999999999999998 15.999999999999998 40 15.999999999999998 20 19 13.999999999999998 42 22 19
leaf_count=36 78 28 14 16 40 16 20 19 14 42 22 19
internal_value=0.0030137 -0.0129353 0.0224242 0.0357895 0.00422535 0.0140351 -0.0298851 -0.01625 0 -0.00877193 0.00847458 -0.040625
internal_weight=364 200 164 94 70 56 86 39 114 56 58 47
internal_count=364 200 164 94 70 56 86 39 114 56 58 47
is_linear=0
shrinkage=0.05


Tree=12
num_leaves=10
num_cat=0
split_feature=7 5 6 0 4 7 5 5 6
split_gain=42.9858 19.5929 20.5928 12.5747 12.5427 8.29632 5.73418 5.61154 5.70695
threshold=6.5000000000000009 20170.110995370374 3.1031944444444446 0.63142476009493087 0.58291449943907725 3.5000000000000004 20146.184542824078 20125.047951388889 33.843611111111116
decision_type=2 2 2 2 2 2 2 2 2
left_child=1 3 -3 -1 7 -4 -5 -2 -9
right_child=4 2 5 6 -6 -7 -8 8 -10
leaf_value=0.022060052771049533 -0.040502932193375411 -0.0020246574294134237 0.03060273667336182 0.00081621211933720079 0.007531077974266099 0.055304505419845676 -0.056655997150988638 -0.019377783848368826 0.0046325673007092732
leaf_weight=12.999999999999998 38 19 11.999999999999998 80 19 81 51 37 13.999999999999998
leaf_count=13 38 19 12 80 19 81 51 37 14
internal_value=0.00246575 0.0136187 0.0292035 0.00137931 -0.0238532 0.0388298 -0.00340909 -0.0316667 -0.0201923
internal_weight=364 256 112 144 108 93 131 89 51
internal_count=364 256 112 144 108 93 131 89 51
is_linear=0
shrinkage=0.05


Tree=13
num_leaves=11
num_cat=0
split_feature=7 5 6 0 4 7 5 6 5 5
split_gain=38.0339 18.3659 23.5019 12.5747 11.3235 8.65322 7.13894 6.05456 5.73418 0.797811
threshold=6.5000000000000009 20170.110995370374 3.1084722222222223 0.63142476009493087 0.58291449943907725 3.5000000000000004 20120.122285879632 33.843611111111116 20146.184542824078 20170.205190972225
decision_type=2 2 2 2 2 2 2 2 2 2
left_child=1 3 9 -1 6 -4 -2 -8 -5 -3
right_child=4 2 5 8 -6 -7 7 -9 -10 -11
leaf_value=0.020957050132497056 -0.05476933553454473 -7.8630893458708775e-05 0.029072599839693725 0.00077540151337034406 0.007154524075552793 0.052544429990161984 -0.018408894655950383 0.0019122746534751879 -0.053823197293439207 -0.014088357466254753
leaf_weight=12.999999999999998 37 12.000000000000002 11.999999999999998 80 19 78 37 14.999999999999998 51 9.9999999999999982
leaf_count=13 37 12 12 80 19 78 37 15 51 10
internal_value=0.00273973 0.0132296 0.0283186 0.00137931 -0.0220183 0.0395604 -0.0294444 -0.0169811 -0.00340909 -0.0173913
internal_weight=364 256 112 144 108 90 89 52 131 22
internal_count=364 256 112 144 108 90 89 52 131 22
is_linear=0
shrinkage=0.05


Tree=14
num_leaves=11
num_cat=0
split_feature=7 5 6 0 4 7 5 6 5 5
split_gain=37.1994 17.1786 26.3818 12.5747 11.3235 9.04486 7.13894 6.05456 5.73418 0.719843
threshold=6.5000000000000009 20170.110995370374 3.1133333333333337 0.63142476009493087 0.58291449943907725 3.5000000000000004 20120.122285879632 33.843611111111116 20146.184542824078 20170.205190972225
decision_type=2 2 2 2 2 2 2 2 2 2
left_child=1 3 9 -1 6 -4 -2 -8 -5 -3
right_child=4 2 5 8 -6 -7 7 -9 -10 -11
leaf_value=0.019909197625872205 -0.052030868757817483 -0.00012825394981480498 0.027618969847709042 0.00073663143770182906 0.0067967978717751515 0.049948107538505454 -0.017488449923152859 0.0018166609208014274 -0.051132037428767242 -0.013383939592942019
leaf_weight=12.999999999999998 37 15.000000000000002 11.999999999999998 80 19 75 37 14.999999999999998 51 9.9999999999999982
leaf_count=13 37 15 12 80 19 75 37 15 51 10
internal_value=0.00246575 0.0128405 0.0274336 0.00137931 -0.0220183 0.0403409 -0.0294444 -0.0169811 -0.00340909 -0.0173077
internal_weight=364 256 112 144 108 87 89 52 131 25
internal_count=364 256 112 144 108 87 89 52 131 25
is_linear=0
shrinkage=0.05


Tree=15
num_leaves=11
num_cat=0
split_feature=7 5 6 0 4 7 5 6 5 5
split_gain=37.1994 17.1786 26.3818 12.5747 11.3235 9.04486 7.13894 6.05456 5.73418 0.719843
threshold=6.5000000000000009 20170.110995370374 3.1133333333333337 0.63142476009493087 0.58291449943907725 3.5000000000000004 20120.122285879632 33.843611111111116 20146.184542824078 20170.205190972225
decision_type=2 2 2 2 2 2 2 2 2 2
left_child=1 3 9 -1 6 -4 -2 -8 -5 -3
right_child=4 2 5 8 -6 -7 7 -9 -10 -11
leaf_value=0.018913737744578593 -0.049429325319926609 -0.00012184125232406195 0.026238021355323594 0.00069979986581674152 0.0064569579781863957 0.047450702161580177 -0.016614027426995217 0.0017258278747613544 -0.048575435557328885 -0.012714742613294916
leaf_weight=12.999999999999998 37 15.000000000000002 11.999999999999998 80 19 75 37 14.999999999999998 51 9.9999999999999982
leaf_count=13 37 15 12 80 19 75 37 15 51 10
internal_value=0.00246575 0.0128405 0.0274336 0.00137931 -0.0220183 0.0403409 -0.0294444 -0.0169811 -0.00340909 -0.0173077
internal_weight=364 256 112 144 108 87 89 52 131 25
internal_count=364 256 112 144 108 87 89 52 131 25
is_linear=0
shrinkage=0.05


Tree=16
num_leaves=11
num_cat=0
split_feature=7 5 6 0 4 7 5 6 5 5
split_gain=35.5578 16.9288 25.3593 12.9605 11.3235 8.54246 7.13894 6.05456 5.08547 0.719843
threshold=6.5000000000000009 20170.110995370374 3.1133333333333337 0.63142476009493087 0.58291449943907725 3.5000000000000004 20120.122285879632 33.843611111111116 20146.184542824078 20170.205190972225
decision_type=2 2 2 2 2 2 2 2 2 2
left_child=1 3 9 -1 6 -4 -2 -8 -5 -3
right_child=4 2 5 8 -6 -7 7 -9 -10 -11
leaf_value=0.017968050857349659 -0.046957859053930288 -0.00011574918970785886 0.024926120287557418 0.00066480987252590671 0.0061341100792770779 0.045078167053501171 -0.015783326055645454 0.001639536481023285 -0.046146663779462443 -0.012079005482630169
leaf_weight=12.999999999999998 37 15.000000000000002 11.999999999999998 80 19 75 37 14.999999999999998 51 9.9999999999999982
leaf_count=13 37 15 12 80 19 75 37 15 51 10
internal_value=0.00191781 0.0120623 0.0265487 0.000689655 -0.0220183 0.0392045 -0.0294444 -0.0169811 -0.00416667 -0.0173077
internal_weight=364 256 112 144 108 87 89 52 131 25
internal_count=364 256 112 144 108 87 89 52 131 25
is_linear=0
shrinkage=0.05


Tree=17
num_leaves=13
num_cat=0
split_feature=5 5 6 5 7 5 6 5 6 6 3 3
split_gain=33.3602 20.1867 22.44 17.3531 12.621 9.34858 8.26612 7.23445 2.75644 8.9103 2.2833 0.122331
threshold=20168.710775462965 20170.203547453708 7.3398611111111123 20174.207685185189 5.5000000000000009 20120.122285879632 8.6643055555555559 20174.457071759261 3.6988888888888893 3.8037500000000004 10.500000000000002 204.00000000000003
decision_type=2 2 2 2 2 2 2 2 2 2 2 2
left_child=4 2 -2 10 8 11 -7 -5 -1 -10 -3 -6
right_child=1 3 -4 7 5 6 -8 -9 9 -11 -12 -13
leaf_value=0.016704058428296819 0.0432218395628714 -0.047664153681261513 -0.05169342271161359 0.00206154259712793 -0.056698014559333147 -0.022935000207308733 0.0027463395106745894 0.00010672088664496205 -0.2571072991282457 0.00034675430719016134 -0.0057717302907720099 -0.0079378878721703128
leaf_weight=13.999999999999998 74 9.9999999999999982 15.999999999999998 18 28 18 22 13.999999999999998 9.9999999999999982 90 32 18
leaf_count=14 74 10 16 18 28 18 22 14 10 90 32 18
internal_value=0.00273973 0.0193939 0.0351648 0 -0.0109453 -0.0252874 -0.00731707 0.0272727 0 -0.0029703 -0.0209302 -0.0404255
internal_weight=364 164 90 74 200 86 40 32 114 100 42 46
internal_count=364 164 90 74 200 86 40 32 114 100 42 46
is_linear=0
shrinkage=0.05


Tree=18
num_leaves=13
num_cat=0
split_feature=5 5 6 5 7 5 5 6 6 6 5 3
split_gain=37.2256 17.2001 22.44 14.163 13.7945 7.96254 7.23445 6.71362 2.75644 8.9103 2.70112 0.122331
threshold=20168.710775462965 20170.203547453708 7.3398611111111123 20174.207685185189 5.5000000000000009 20120.122285879632 20174.457071759261 8.6643055555555559 3.6988888888888893 3.8037500000000004 20170.205190972225 204.00000000000003
decision_type=2 2 2 2 2 2 2 2 2 2 2 2
left_child=4 2 -2 10 8 11 -5 -7 -1 -10 -3 -6
right_child=1 3 -4 6 5 7 -8 -9 9 -11 -12 -13
leaf_value=0.015868855506881975 0.04106074758472783 -0.00065842982046363386 -0.049108751576032922 0.0019584654672715309 -0.053863113831366487 -0.021788250196943294 0.00010138484231271284 0.0026090225351408595 -0.24425193417183341 0.00032941659183065021 -0.015194980562953203 -0.0075409934785617867
leaf_weight=13.999999999999998 74 15.999999999999998 15.999999999999998 18 28 18 13.999999999999998 22 9.9999999999999982 90 26 18
leaf_count=14 74 16 16 18 28 18 14 22 10 90 26 18
internal_value=0.0030137 0.0206061 0.0351648 0.00266667 -0.0114428 -0.0264368 0.0272727 -0.0097561 0 -0.0029703 -0.0162791 -0.0404255
internal_weight=364 164 90 74 200 86 32 40 114 100 42 46
internal_count=364 164 90 74 200 86 32 40 114 100 42 46
is_linear=0
shrinkage=0.05


Tree=19
num_leaves=13
num_cat=0
split_feature=5 5 6 5 7 5 5 6 6 6 5 3
split_gain=37.2256 17.2001 22.44 14.163 13.7945 7.96254 7.23445 6.71362 2.75644 8.9103 2.70112 0.122331
threshold=20168.710775462965 20170.203547453708 7.3398611111111123 20174.207685185189 5.5000000000000009 20120.122285879632 20174.457071759261 8.6643055555555559 3.6988888888888893 3.8037500000000004 20170.205190972225 204.00000000000003
decision_type=2 2 2 2 2 2 2 2 2 2 2 2
left_child=4 2 -2 10 8 11 -5 -7 -1 -10 -3 -6
right_child=1 3 -4 6 5 7 -8 -9 9 -11 -12 -13
leaf_value=0.015075412731537875 0.039007710205491437 -0.00062550832944044963 -0.046653313997231272 0.0018605421939079548 -0.051169958139798168 -0.020698837687096128 9.6315600197072193e-05 0.0024785714083838117 -0.23203933746324173 0.00031294576223911966 -0.014435231534805543 -0.007163943804633699
leaf_weight=13.999999999999998 74 15.999999999999998 15.999999999999998 18 28 18 13.999999999999998 22 9.9999999999999982 90 26 18
leaf_count=14 74 16 16 18 28 18 14 22 10 90 26 18
internal_value=0.0030137 0.0206061 0.0351648 0.00266667 -0.0114428 -0.0264368 0.0272727 -0.0097561 0 -0.0029703 -0.0162791 -0.0404255
internal_weight=364 164 90 74 200 86 32 40 114 100 42 46
internal_count=364 164 90 74 200 86 32 40 114 100 42 46
is_linear=0
shrinkage=0.05


Tree=20
num_leaves=13
num_cat=0
split_feature=5 5 6 5 7 5 5 6 6 6 5 3
split_gain=37.2256 17.2001 22.44 14.163 13.7945 7.23445 6.22399 5.96304 2.75644 8.9103 2.70112 0.70158
threshold=20168.710775462965 20170.203547453708 7.3398611111111123 20174.207685185189 5.5000000000000009 20174.457071759261 20125.047951388889 8.6643055555555559 3.6988888888888893 3.8037500000000004 20170.205190972225 143.33333333333334
decision_type=2 2 2 2 2 2 2 2 2 2 2 2
left_child=4 2 -2 10 8 -5 11 -8 -1 -10 -3 -6
right_child=1 3 -4 5 6 -7 7 -9 9 -11 -12 -13
leaf_value=0.014321642094960986 0.037057324695216866 -0.00059423291296842741 -0.044320648297369702 0.0017675150842125565 -0.048611460232808268 9.149982018721304e-05 -0.019663895802741329 0.0035434226916670978 -0.22043737059007965 0.00029729847412716671 -0.013713469958065267 -0.006805746614402009
leaf_weight=13.999999999999998 74 15.999999999999998 15.999999999999998 18 28 13.999999999999998 18 21 9.9999999999999982 90 26 19
leaf_count=14 74 16 16 18 28 14 18 21 10 90 26 19
internal_value=0.0030137 0.0206061 0.0351648 0.00266667 -0.0114428 0.0272727 -0.0264368 -0.01125 0 -0.0029703 -0.0162791 -0.0385417
internal_weight=364 164 90 74 200 32 86 39 114 100 42 47
internal_count=364 164 90 74 200 32 86 39 114 100 42 47
is_linear=0
shrinkage=0.05


Tree=21
num_leaves=12
num_cat=0
split_feature=5 5 6 5 3 5 3 6 3 5 6
split_gain=30.382 16.9988 22.2691 13.9659 12.5982 7.23445 4.92188 6.28959 6.2052 2.9037 0.405625
threshold=20168.710775462965 20170.203420138892 7.3398611111111123 20174.207685185189 204.00000000000003 20174.457071759261 5.0000000000000009 3.8037500000000004 0.33333333333333337 20170.205190972225 14.05013888888889
decision_type=2 2 2 2 2 2 2 2 2 2 2
left_child=4 2 -2 9 6 -5 8 -8 -1 -3 -6
right_child=1 3 -4 5 10 -7 7 -9 -10 -11 -12
leaf_value=-0.015225559052237436 0.035684910640364775 -0.00026323418918664611 -0.04210461588250123 0.0016791393300019275 -0.006465459283681918 8.6924829177847948e-05 -0.02269374465464833 0.0037010477332124593 -0.054095161854098621 -0.013027796460162007 -0.021011937872794983
leaf_weight=35 72 18 15.999999999999998 18 10.000000000000002 13.999999999999998 37 76 26 26 15.999999999999998
leaf_count=35 72 18 16 18 10 14 37 76 26 26 16
internal_value=0.00410959 0.02 0.0348315 0.0025974 -0.00895522 0.0272727 -0.004 0.00219298 -0.0153226 -0.0155556 -0.0407407
internal_weight=364 164 88 76 200 32 174 113 61 44 26
internal_count=364 164 88 76 200 32 174 113 61 44 26
is_linear=0
shrinkage=0.05


Tree=22
num_leaves=9
num_cat=0
split_feature=3 5 6 6 5 6 6 7
split_gain=28.4047 20.9416 11.2895 13.0363 6.12404 2.82687 2.2239 1.68564
threshold=100.00000000000001 20168.710775462965 3.1179166666666673 4.2254166666666668 20170.203547453708 75.780972222222246 8.9672222222222242 16.500000000000004
decision_type=2 2 2 2 2 2 2 2
left_child=1 5 4 -4 -3 6 -1 -2
right_child=7 2 3 -5 -6 -7 -8 -9
leaf_value=-0.00021357174786674761 -0.030034573629912065 0.0026792722581022474 0.036265473429345683 0.0015951823635018292 -0.0016414524912526263 0.018652748015395626 -0.013558768561662405 -0.0061421863194978336
leaf_weight=100 10.999999999999998 10.999999999999998 63 54 30 12.999999999999998 60 22
leaf_count=100 11 11 63 54 30 13 60 22
internal_value=0.00383562 0.00828313 0.0213836 0.0292373 -0.00119048 -0.00373563 -0.00559006 -0.0397059
internal_weight=364 331 158 117 41 173 160 33
internal_count=364 331 158 117 41 173 160 33
is_linear=0
shrinkage=0.05


Tree=23
num_leaves=10
num_cat=0
split_feature=3 5 6 6 5 3 1 6 7
split_gain=28.7616 19.991 11.2895 13.0363 6.12404 3.07522 6.76803 6.73564 1.68564
threshold=100.00000000000001 20168.710775462965 3.1179166666666673 4.2254166666666668 20170.203547453708 5.0000000000000009 2.5000000000000004 3.8361111111111117 16.500000000000004
decision_type=2 2 2 2 2 2 2 2 2
left_child=1 5 4 -4 -3 6 -1 -7 -2
right_child=8 2 3 -5 -6 7 -8 -9 -10
leaf_value=-0.015489471633783737 -0.028532844948416458 0.0025453086451971349 0.034452199757878402 0.0015154232453267358 -0.0015593798666899959 -0.012636673458333143 -0.043703418361512592 0.0051314128449849398 -0.0058350770035229486
leaf_weight=50 10.999999999999998 10.999999999999998 63 54 30 48 10.999999999999998 64 22
leaf_count=50 11 11 63 54 30 48 11 64 22
internal_value=0.00410959 0.00858434 0.0213836 0.0292373 -0.00119048 -0.00316092 -0.0120968 0.00176991 -0.0397059
internal_weight=364 331 158 117 41 173 61 112 33
internal_count=364 331 158 117 41 173 61 112 33
is_linear=0
shrinkage=0.05


Tree=24
num_leaves=10
num_cat=0
split_feature=3 5 6 6 5 3 1 6 7
split_gain=28.7616 19.991 11.2895 13.0363 6.12404 3.07522 6.76803 6.00314 1.68564
threshold=100.00000000000001 20168.710775462965 3.1179166666666673 4.2254166666666668 20170.203547453708 5.0000000000000009 2.5000000000000004 3.8037500000000004 16.500000000000004
decision_type=2 2 2 2 2 2 2 2 2
left_child=1 5 4 -4 -3 6 -1 -7 -2
right_child=8 2 3 -5 -6 7 -8 -9 -10
leaf_value=-0.014714998052094553 -0.027106202700995643 0.002418043212937278 0.032729589769984475 0.0014396520830604 -0.0014814108733554974 -0.020916545161605918 -0.041518247443436976 0.0042721593085144338 -0.0055433231533468024
leaf_weight=50 10.999999999999998 10.999999999999998 63 54 30 37 10.999999999999998 75 22
leaf_count=50 11 11 63 54 30 37 11 75 22
internal_value=0.00410959 0.00858434 0.0213836 0.0292373 -0.00119048 -0.00316092 -0.0120968 0.00176991 -0.0397059
internal_weight=364 331 158 117 41 173 61 112 33
internal_count=364 331 158 117 41 173 61 112 33
is_linear=0
shrinkage=0.05


Tree=25
num_leaves=10
num_cat=0
split_feature=3 5 6 6 5 3 1 6 7
split_gain=27.6974 17.0372 11.5302 11.3287 8.58644 3.07522 6.76803 6.00314 1.68564
threshold=100.00000000000001 20168.710775462965 3.1223611111111116 4.2254166666666668 20170.203298611115 5.0000000000000009 2.5000000000000004 3.8037500000000004 16.500000000000004
decision_type=2 2 2 2 2 2 2 2 2
left_child=1 5 4 -4 -3 6 -1 -7 -2
right_child=8 2 3 -5 -6 7 -8 -9 -10
leaf_value=-0.013979248149489821 -0.02575089256594585 0.0025384151591652812 0.03214961453105801 0.0013676694789073796 -0.0012280895611438249 -0.019870717903525615 -0.039442335071265135 0.0040585513430887125 -0.0052661569956794722
leaf_weight=50 10.999999999999998 9.9999999999999982 60 54 34 37 10.999999999999998 75 22
leaf_count=50 11 10 60 54 34 37 11 75 22
internal_value=0.00328767 0.00768072 0.0194969 0.0278261 -0.00222222 -0.00316092 -0.0120968 0.00176991 -0.0397059
internal_weight=364 331 158 114 44 173 61 112 33
internal_count=364 331 158 114 44 173 61 112 33
is_linear=0
shrinkage=0.05


Tree=26
num_leaves=10
num_cat=0
split_feature=3 5 6 6 0 6 5 5 7
split_gain=26.9989 16.91 23.022 11.7892 7.09667 4.73104 3.65734 2.06212 1.68564
threshold=100.00000000000001 20170.110995370374 3.1223611111111116 27.826666666666672 0.94775069380225008 9.0620833333333355 20162.296151620376 20170.205190972225 16.500000000000004
decision_type=2 2 2 2 2 2 2 2 2
left_child=1 4 7 -4 5 -1 -6 -3 -2
right_child=8 2 3 -5 6 -7 -8 -9 -10
leaf_value=0.00080177351130088193 -0.024463347937648552 -0.00082670757198145199 0.028958508428280589 -0.024984972717813393 -0.006374225429338254 3.7467634511922922e-05 -0.018877182008349338 -0.0080723781285386709 -0.0050028491458955051
leaf_weight=27 10.999999999999998 21 78 10.999999999999998 100 49 31 13.999999999999998 22
leaf_count=27 11 21 78 11 100 49 31 14 22
internal_value=0.00273973 0.00707831 0.0216 0.035 -0.00168269 0.0103896 -0.00871212 -0.0125 -0.0397059
internal_weight=364 331 124 89 207 76 131 35 33
internal_count=364 331 124 89 207 76 131 35 33
is_linear=0
shrinkage=0.05


Tree=27
num_leaves=12
num_cat=0
split_feature=6 5 5 5 3 5 8 5 3 6 3
split_gain=34.8914 12.5877 20.6119 11.6897 13.6772 6.10307 5.93094 4.28515 6.74728 2.89226 1.39981
threshold=7.3398611111111123 20168.710775462965 20170.203298611115 20173.940341435187 204.00000000000003 20119.95401041667 5.5000000000000009 20161.174843750003 36.000000000000007 3.2745833333333336 5.0000000000000009
decision_type=2 2 2 2 2 2 2 2 2 2 2
left_child=1 7 9 4 5 -2 -4 10 -9 -3 -1
right_child=3 2 6 -5 -6 -7 -8 8 -10 -11 -12
leaf_value=-0.011925705348996908 -0.035341051723969334 0.029253263377674206 0.053547316412294391 -0.00014863941645202328 -0.0047527066886007274 0.00038515510699776989 -0.0013046004730314573 0.014778789242919078 -0.082343508721835684 0.00060488698290301387 0.019841403931847169
leaf_weight=29 31 58 9.9999999999999982 28 22 74 32 9.9999999999999982 25 11.999999999999998 33
leaf_count=29 31 58 10 28 22 74 32 10 25 12 33
internal_value=-0.00164384 0.0116667 0.0230088 -0.0195513 -0.0128906 -0.00518868 -0.00465116 -0.00153061 -0.0152778 0.0394366 0.00634921
internal_weight=364 209 112 155 127 105 42 97 35 70 62
internal_count=364 209 112 155 127 105 42 97 35 70 62
is_linear=0
shrinkage=0.05


Tree=28
num_leaves=12
num_cat=0
split_feature=6 5 5 5 3 5 6 3 6 5 3
split_gain=30.7614 12.8846 25.268 11.6897 13.6772 6.10307 5.31623 3.99545 2.89226 2.65909 2.03449
threshold=7.3398611111111123 20168.710775462965 20170.203298611115 20173.940341435187 204.00000000000003 20119.95401041667 3.0754166666666669 36.000000000000007 3.2745833333333336 20161.174843750003 5.0000000000000009
decision_type=2 2 2 2 2 2 2 2 2 2 2
left_child=1 7 8 4 5 -2 -4 10 -3 -9 -1
right_child=3 2 6 -5 -6 -7 -8 9 -10 -11 -12
leaf_value=-0.011673562399318972 -0.033573999137770864 0.027790600208790497 -0.0076035291984601688 -0.000141207445629421 -0.0045150713541706857 0.0003658973516478814 0.00074133168982086777 0.0066187538727750794 0.00057464263375786313 -0.078226333285743896 0.019278795516452337
leaf_weight=30 31 58 13.999999999999998 28 22 74 28 18 11.999999999999998 25 24
leaf_count=30 31 58 14 28 22 74 28 18 12 25 24
internal_value=-0.00273973 0.0097619 0.0212389 -0.0195513 -0.0128906 -0.00518868 -0.00930233 -0.00357143 0.0394366 -0.0147727 0.00545455
internal_weight=364 209 112 155 127 105 42 97 70 43 54
internal_count=364 209 112 155 127 105 42 97 70 43 54
is_linear=0
shrinkage=0.05


Tree=29
num_leaves=12
num_cat=0
split_feature=7 6 5 5 5 6 0 3 3 6 3
split_gain=27.2551 17.9067 23.5809 9.93791 14.2439 7.65579 5.65285 4.99074 4.74761 1.44524 1.07868
threshold=5.5000000000000009 3.6988888888888893 20170.203298611115 20173.940341435187 20119.95401041667 3.8037500000000004 0.63142476009493087 10.500000000000002 18.000000000000004 3.0922222222222229 204.00000000000003
decision_type=2 2 2 2 2 2 2 2 2 2 2
left_child=1 2 8 4 10 -3 -7 -6 -1 -4 -2
right_child=3 5 9 -5 7 6 -8 -9 -10 -11 -12
leaf_value=0.029097325047784874 -0.04402731992805628 -0.19725173604243074 -0.0064385055982249641 -0.00013414707334795107 0.0080767095686342435 0.00070270835490279402 -0.0026303263371138864 -0.00072206156055612818 0.013078461083746896 -0.0010971862653270271 -0.0042893177864621549
leaf_weight=53 24 9.9999999999999982 13.000000000000002 28 10.999999999999998 19 108 53 12.999999999999998 13.999999999999998 18
leaf_count=53 24 10 13 28 11 19 108 53 13 14 18
internal_value=-0.00438356 0.00606061 0.0228723 -0.0222222 -0.0149533 -0.00543478 -0.00195312 0 0.038806 -0.0160714 -0.0372093
internal_weight=364 230 93 134 106 137 127 64 66 27 42
internal_count=364 230 93 134 106 137 127 64 66 27 42
is_linear=0
shrinkage=0.05


Tree=30
num_leaves=12
num_cat=0
split_feature=7 6 5 5 5 6 0 3 3 6 3
split_gain=28.097 16.9987 23.5809 9.93791 14.2439 7.93658 5.30079 4.99074 4.74761 1.44524 1.07868
threshold=5.5000000000000009 3.6988888888888893 20170.203298611115 20173.940341435187 20119.95401041667 3.8037500000000004 0.63142476009493087 10.500000000000002 18.000000000000004 3.0922222222222229 204.00000000000003
decision_type=2 2 2 2 2 2 2 2 2 2 2
left_child=1 2 8 4 10 -3 -7 -6 -1 -4 -2
right_child=3 5 9 -5 7 6 -8 -9 -10 -11 -12
leaf_value=0.027642458795395626 -0.041825953931653462 -0.18738914924030917 -0.0061165803183137139 -0.00012743971968055546 0.0076728740902025422 0.00066757293715765439 -0.002498810020258202 -0.00068595848252832195 0.012424538029559552 -0.0010423269520606737 -0.004074851897139054
leaf_weight=53 24 9.9999999999999982 13.000000000000002 28 10.999999999999998 19 108 53 12.999999999999998 13.999999999999998 18
leaf_count=53 24 10 13 28 11 19 108 53 13 14 18
internal_value=-0.00410959 0.00649351 0.0228723 -0.0222222 -0.0149533 -0.00471014 -0.00117188 0 0.038806 -0.0160714 -0.0372093
internal_weight=364 230 93 134 106 137 127 64 66 27 42
internal_count=364 230 93 134 106 137 127 64 66 27 42
is_linear=0
shrinkage=0.05


Tree=31
num_leaves=12
num_cat=0
split_feature=7 6 5 5 5 6 0 3 3 6 3
split_gain=28.097 16.9987 23.5809 9.93791 14.2439 7.93658 5.30079 4.99074 4.74761 1.44524 1.07868
threshold=5.5000000000000009 3.6988888888888893 20170.203298611115 20173.940341435187 20119.95401041667 3.8037500000000004 0.63142476009493087 10.500000000000002 18.000000000000004 3.0922222222222229 204.00000000000003
decision_type=2 2 2 2 2 2 2 2 2 2 2
left_child=1 2 8 4 10 -3 -7 -6 -1 -4 -2
right_child=3 5 9 -5 7 6 -8 -9 -10 -11 -12
leaf_value=0.026260335855625844 -0.039734656235070789 -0.17801969177829369 -0.0058107513023980322 -0.00012106773369652824 0.0072892303856924249 0.00063419429029977167 -0.0023738695192452976 -0.0006516605584019064 0.011803311128081573 -0.00099021060445764197 -0.0038711093022820945
leaf_weight=53 24 9.9999999999999982 13.000000000000002 28 10.999999999999998 19 108 53 12.999999999999998 13.999999999999998 18
leaf_count=53 24 10 13 28 11 19 108 53 13 14 18
internal_value=-0.00410959 0.00649351 0.0228723 -0.0222222 -0.0149533 -0.00471014 -0.00117188 0 0.038806 -0.0160714 -0.0372093
internal_weight=364 230 93 134 106 137 127 64 66 27 42
internal_count=364 230 93 134 106 137 127 64 66 27 42
is_linear=0
shrinkage=0.05


Tree=32
num_leaves=12
num_cat=0
split_feature=7 6 5 5 5 6 0 3 3 6 3
split_gain=28.097 16.9987 23.5809 9.93791 14.2439 7.93658 5.30079 4.99074 4.74761 1.44524 1.07868
threshold=5.5000000000000009 3.6988888888888893 20170.203298611115 20173.940341435187 20119.95401041667 3.8037500000000004 0.63142476009493087 10.500000000000002 18.000000000000004 3.0922222222222229 204.00000000000003
decision_type=2 2 2 2 2 2 2 2 2 2 2
left_child=1 2 8 4 10 -3 -7 -6 -1 -4 -2
right_child=3 5 9 -5 7 6 -8 -9 -10 -11 -12
leaf_value=0.024947319062844555 -0.037747923423317245 -0.16911870718937899 -0.0055202137372781348 -0.00011501434701169933 0.0069247688664078044 0.00060248457578478305 -0.002255176043283025 -0.00061907753048181114 0.011213145571677498 -0.00094070007423475716 -0.0036775538371679908
leaf_weight=53 24 9.9999999999999982 13.000000000000002 28 10.999999999999998 19 108 53 12.999999999999998 13.999999999999998 18
leaf_count=53 24 10 13 28 11 19 108 53 13 14 18
internal_value=-0.00410959 0.00649351 0.0228723 -0.0222222 -0.0149533 -0.00471014 -0.00117188 0 0.038806 -0.0160714 -0.0372093
internal_weight=364 230 93 134 106 137 127 64 66 27 42
internal_count=364 230 93 134 106 137 127 64 66 27 42
is_linear=0
shrinkage=0.05


Tree=33
num_leaves=12
num_cat=0
split_feature=7 6 5 5 5 6 0 3 3 6 3
split_gain=28.097 16.9987 23.5809 9.93791 14.2439 7.93658 5.30079 4.99074 4.74761 1.44524 1.07868
threshold=5.5000000000000009 3.6988888888888893 20170.203298611115 20173.940341435187 20119.95401041667 3.8037500000000004 0.63142476009493087 10.500000000000002 18.000000000000004 3.0922222222222229 204.00000000000003
decision_type=2 2 2 2 2 2 2 2 2 2 2
left_child=1 2 8 4 10 -3 -7 -6 -1 -4 -2
right_child=3 5 9 -5 7 6 -8 -9 -10 -11 -12
leaf_value=0.023699953109702326 -0.035860527252151379 -0.16066277182991004 -0.0052442030504142312 -0.00010926362966111603 0.0065785304230874253 0.0005723603469955439 -0.0021424172411188768 -0.00058812365395772008 0.01065248829309362 -0.0008936650705230198 -0.0034936761453095988
leaf_weight=53 24 9.9999999999999982 13.000000000000002 28 10.999999999999998 19 108 53 12.999999999999998 13.999999999999998 18
leaf_count=53 24 10 13 28 11 19 108 53 13 14 18
internal_value=-0.00410959 0.00649351 0.0228723 -0.0222222 -0.0149533 -0.00471014 -0.00117188 0 0.038806 -0.0160714 -0.0372093
internal_weight=364 230 93 134 106 137 127 64 66 27 42
internal_count=364 230 93 134 106 137 127 64 66 27 42
is_linear=0
shrinkage=0.05


Tree=34
num_leaves=12
num_cat=0
split_feature=7 6 5 5 5 6 3 6 3 6 3
split_gain=28.9516 16.1141 23.5809 9.93791 14.2439 8.22191 4.99074 4.98265 4.74761 1.44524 1.07868
threshold=5.5000000000000009 3.6988888888888893 20170.203298611115 20173.940341435187 20119.95401041667 3.8037500000000004 10.500000000000002 7.3398611111111123 18.000000000000004 3.0922222222222229 204.00000000000003
decision_type=2 2 2 2 2 2 2 2 2 2 2
left_child=1 2 8 4 10 -3 -6 -7 -1 -4 -2
right_child=3 5 9 -5 6 7 -8 -9 -10 -11 -12
leaf_value=0.022514955454217212 -0.034067500889543814 -0.15262963323841455 -0.0049819928978935175 -0.00010380044817805968 0.0062496039019330546 0.00054374232964576668 -0.00055871747125983424 -0.0068346974222684986 0.010119863878438939 -0.00084898181699686888 -0.0033189923380441133
leaf_weight=53 24 9.9999999999999982 13.000000000000002 28 10.999999999999998 72 53 55 12.999999999999998 13.999999999999998 18
leaf_count=53 24 10 13 28 11 72 53 55 13 14 18
internal_value=-0.00383562 0.00692641 0.0228723 -0.0222222 -0.0149533 -0.00398551 0 -0.000390625 0.038806 -0.0160714 -0.0372093
internal_weight=364 230 93 134 106 137 64 127 66 27 42
internal_count=364 230 93 134 106 137 64 127 66 27 42
is_linear=0
shrinkage=0.05


Tree=35
num_leaves=12
num_cat=0
split_feature=7 6 5 5 5 0 5 3 6 3 6
split_gain=26.426 15.0414 25.1582 9.93791 14.2439 6.51572 6.62548 4.99074 1.13613 1.07868 0.369777
threshold=5.5000000000000009 3.2745833333333336 20170.203165509261 20173.940341435187 20119.95401041667 0.63142476009493087 20161.174843750003 10.500000000000002 3.0922222222222229 204.00000000000003 3.1276388888888893
decision_type=2 2 2 2 2 2 2 2 2 2 2
left_child=1 2 10 4 9 -3 -7 -6 -4 -2 -1
right_child=3 5 8 -5 7 6 -8 -9 -10 -11 -12
leaf_value=0.009611319605720604 -0.032364125845066614 0.00051655521316347833 -0.0047328932529988382 -9.8610425769157797e-05 0.0059371237068364113 -0.00035693405592506226 -0.055572309207954397 -0.000530781597696843 -0.00075480240475429741 -0.0031530427211419187 0.02247120781788178
leaf_weight=9.9999999999999982 24 19 13.000000000000002 28 10.999999999999998 92 35 53 15.999999999999998 18 45
leaf_count=10 24 19 13 28 11 92 35 53 16 18 45
internal_value=-0.00465753 0.00562771 0.0223529 -0.0222222 -0.0149533 -0.00408163 -0.00820313 0 -0.015 -0.0372093 0.0419643
internal_weight=364 230 84 134 106 146 127 64 29 42 55
internal_count=364 230 84 134 106 146 127 64 29 42 55
is_linear=0
shrinkage=0.05


Tree=36
num_leaves=12
num_cat=0
split_feature=7 6 6 5 6 6 3 6 3 3 6
split_gain=20.0751 15.1152 14.8637 23.2786 10.1523 8.22191 6.53643 4.98265 4.66209 3.06818 1.13613
threshold=5.5000000000000009 33.843611111111116 3.6988888888888893 20170.203165509261 14.953472222222224 3.8037500000000004 143.33333333333334 7.3398611111111123 18.000000000000004 60.000000000000007 3.0922222222222229
decision_type=2 2 2 2 2 2 2 2 2 2 2
left_child=2 4 3 8 6 -4 -2 -7 -1 -3 -5
right_child=1 9 5 10 -6 7 -8 -9 -10 -11 -12
leaf_value=0.020422765134240194 -0.00089849789393418042 0.00010624892232117267 -0.14221953611609611 -0.0044962485903488952 -9.3679904480697962e-05 0.00049072745250530443 -0.043950188764443593 -0.0040852620705903895 0.0091333047042309601 0.00015048091507623431 -0.00071706228451658138
leaf_weight=51 68 10.000000000000002 9.9999999999999982 13.000000000000002 32 72 12.999999999999998 55 12.999999999999998 10.999999999999998 15.999999999999998
leaf_count=51 68 10 10 13 32 72 13 55 13 11 16
internal_value=-0.00246575 -0.0177778 0.00649351 0.0218085 -0.025 -0.00398551 -0.0152439 -0.000390625 0.0384615 0.0204545 -0.015
internal_weight=364 134 230 93 113 137 81 127 64 21 29
internal_count=364 134 230 93 113 137 81 127 64 21 29
is_linear=0
shrinkage=0.05


Tree=37
num_leaves=10
num_cat=0
split_feature=5 5 5 0 6 3 3 5 3
split_gain=18.3409 22.7913 16.8592 7.2194 6.50798 7.55106 5.10196 5.08121 2.82413
threshold=20170.205190972225 20170.110995370374 20170.2030150463 0.63142476009493087 27.820000000000004 204.00000000000003 10.500000000000002 20170.203964120374 76.000000000000014
decision_type=2 2 2 2 2 2 2 2 2
left_child=1 4 -3 -2 5 -1 -5 -4 -6
right_child=3 2 7 6 8 -7 -8 -9 -10
leaf_value=-0.0011403037633372949 0.05059636673216588 0.019323067955714219 -0.00059620792699651565 -0.0014300831633597634 0.0001009364762051157 -0.011544684352380563 -8.9667951626504208e-05 0.0032962618434899116 0.00014295686932241924
leaf_weight=174 9.9999999999999982 48 14.000000000000002 11.999999999999998 22 20 36 9.9999999999999982 18
leaf_count=174 10 48 14 12 22 20 36 10 18
internal_value=-0.00328767 0.00162866 0.0260274 -0.0288136 -0.00595745 -0.00974359 -0.0367347 -0.008 0.0121951
internal_weight=364 306 72 58 234 194 48 24 40
internal_count=364 306 72 58 234 194 48 24 40
is_linear=0
shrinkage=0.05


Tree=38
num_leaves=10
num_cat=0
split_feature=5 5 5 0 6 3 3 5 3
split_gain=18.7362 22.1884 16.8592 7.2194 6.20858 7.83004 5.10196 5.08121 2.82413
threshold=20170.205190972225 20170.110995370374 20170.2030150463 0.63142476009493087 27.820000000000004 204.00000000000003 10.500000000000002 20170.203964120374 76.000000000000014
decision_type=2 2 2 2 2 2 2 2 2
left_child=1 4 -3 -2 5 -1 -5 -4 -6
right_child=3 2 7 6 8 -7 -8 -9 -10
leaf_value=-0.0010832885751704249 0.048066548395557587 0.018356914557928507 -0.00056639753064669093 -0.0013585790051917736 9.5889652394864913e-05 -0.010967450134761525 -8.5184554045181224e-05 0.0031314487513154133 0.00013580902585630383
leaf_weight=174 9.9999999999999982 48 14.000000000000002 11.999999999999998 22 20 36 9.9999999999999982 18
leaf_count=174 10 48 14 12 22 20 36 10 18
internal_value=-0.0030137 0.0019544 0.0260274 -0.0288136 -0.00553191 -0.00923077 -0.0367347 -0.008 0.0121951
internal_weight=364 306 72 58 234 194 48 24 40
internal_count=364 306 72 58 234 194 48 24 40
is_linear=0
shrinkage=0.05


Tree=39
num_leaves=9
num_cat=0
split_feature=5 5 5 7 0 6 3 5
split_gain=20.7752 18.926 17.6263 13.3572 7.2194 6.57358 5.10196 5.08121
threshold=20170.205190972225 20170.196892361117 20170.2030150463 22.500000000000004 0.63142476009493087 27.820000000000004 10.500000000000002 20170.203964120374
decision_type=2 2 2 2 2 2 2 2
left_child=1 3 -3 5 -2 -1 -6 -4
right_child=4 2 7 -5 6 -7 -8 -9
leaf_value=-0.0026858658854737802 0.045663220975779711 0.018442510044593546 -0.00053807765411435641 0.0010922285443040081 -0.0012906500549321855 0.00012901857456348864 -8.0925326342923268e-05 0.0029748763137496417
leaf_weight=185 9.9999999999999982 45 14.000000000000002 11.999999999999998 11.999999999999998 40 36 9.9999999999999982
leaf_count=185 10 45 14 12 12 40 36 10
internal_value=-0.00164384 0.00358306 0.0264286 -0.00315126 -0.0288136 -0.00597345 -0.0367347 -0.008
internal_weight=364 306 69 237 58 225 48 24
internal_count=364 306 69 237 58 225 48 24
is_linear=0
shrinkage=0.05


Tree=40
num_leaves=9
num_cat=0
split_feature=5 5 5 7 0 6 3 5
split_gain=21.1955 16.1322 16.2052 12.9092 7.2194 5.95316 5.10196 5.08121
threshold=20170.205190972225 20170.196892361117 20170.2030150463 22.500000000000004 0.63142476009493087 27.820000000000004 10.500000000000002 20170.203964120374
decision_type=2 2 2 2 2 2 2 2
left_child=1 3 -3 5 -2 -1 -6 -4
right_child=4 2 7 -5 6 -7 -8 -9
leaf_value=-0.0025515725912000913 0.043380059926990726 0.017520384542363873 -0.0005111737714086393 0.0010376171170888183 -0.0012261175521855795 0.0001225676458353142 -7.687906002577517e-05 0.0028261324980621617
leaf_weight=185 9.9999999999999982 45 14.000000000000002 11.999999999999998 11.999999999999998 40 36 9.9999999999999982
leaf_count=185 10 45 14 12 12 40 36 10
internal_value=-0.00136986 0.00390879 0.025 -0.00231092 -0.0288136 -0.0050885 -0.0367347 -0.008
internal_weight=364 306 69 237 58 225 48 24
internal_count=364 306 69 237 58 225 48 24
is_linear=0
shrinkage=0.05


Tree=41
num_leaves=9
num_cat=0
split_feature=5 5 5 7 0 6 3 5
split_gain=21.1955 16.1322 16.2052 12.9092 7.2194 5.95316 5.10196 5.08121
threshold=20170.205190972225 20170.196892361117 20170.2030150463 22.500000000000004 0.63142476009493087 27.820000000000004 10.500000000000002 20170.203964120374
decision_type=2 2 2 2 2 2 2 2
left_child=1 3 -3 5 -2 -1 -6 -4
right_child=4 2 7 -5 6 -7 -8 -9
leaf_value=-0.0024239939616400863 0.041211056930641192 0.016644365315245678 -0.00048561508283820749 0.00098573626123438229 -0.0011648116745763049 0.00011643926354354406 -7.3035107024488347e-05 0.0026848258731590581
leaf_weight=185 9.9999999999999982 45 14.000000000000002 11.999999999999998 11.999999999999998 40 36 9.9999999999999982
leaf_count=185 10 45 14 12 12 40 36 10
internal_value=-0.00136986 0.00390879 0.025 -0.00231092 -0.0288136 -0.0050885 -0.0367347 -0.008
internal_weight=364 306 69 237 58 225 48 24
internal_count=364 306 69 237 58 225 48 24
is_linear=0
shrinkage=0.05


Tree=42
num_leaves=9
num_cat=0
split_feature=5 5 5 7 0 0 3 5
split_gain=22.9178 14.2023 16.2052 12.0347 7.2194 6.09665 5.10196 5.08121
threshold=20170.205190972225 20170.196892361117 20170.2030150463 22.500000000000004 0.63142476009493087 0.94775069380225008 10.500000000000002 20170.203964120374
decision_type=2 2 2 2 2 2 2 2
left_child=1 3 -3 5 -2 -1 -6 -4
right_child=4 2 7 -5 6 -7 -8 -9
leaf_value=0.00011061730036636686 0.039150504084109132 0.015812147049483395 -0.00046133432869629597 0.00093644944817267151 -0.0011065710908474858 -0.0092303083801006155 -6.9383351673263369e-05 0.0025505845795011032
leaf_weight=96 9.9999999999999982 45 14.000000000000002 11.999999999999998 11.999999999999998 129 36 9.9999999999999982
leaf_count=96 10 45 14 12 12 129 36 10
internal_value=-0.000273973 0.00521173 0.025 -0.000630252 -0.0288136 -0.00331858 -0.0367347 -0.008
internal_weight=364 306 69 237 58 225 48 24
internal_count=364 306 69 237 58 225 48 24
is_linear=0
shrinkage=0.05


Tree=43
num_leaves=10
num_cat=0
split_feature=5 5 5 7 0 3 3 5 5
split_gain=23.8038 13.5319 15.5396 11.7227 7.2194 5.87358 5.10196 5.08121 0.216209
threshold=20170.205190972225 20170.110995370374 20170.2030150463 22.500000000000004 0.63142476009493087 5.0000000000000009 10.500000000000002 20170.203964120374 20170.197957175929
decision_type=2 2 2 2 2 2 2 2 2
left_child=1 3 8 5 -2 -1 -6 -4 -3
right_child=4 2 7 -5 6 -7 -8 -9 -10
leaf_value=-0.017063576746013998 0.037192978879903672 0.015648714670497079 -0.00043826761226148234 0.00088962697576403524 -0.0010512425363051082 5.70686682333732e-05 -6.5914184089599378e-05 0.0024230553505260491 0.012799636492091315
leaf_weight=57 9.9999999999999982 18 14.000000000000002 11.999999999999998 11.999999999999998 165 36 9.9999999999999982 30
leaf_count=57 10 18 14 12 12 165 36 10 30
internal_value=0.000273973 0.00586319 0.0246575 0 -0.0288136 -0.00269058 -0.0367347 -0.008 0.0408163
internal_weight=364 306 72 234 58 222 48 24 48
internal_count=364 306 72 234 58 222 48 24 48
is_linear=0
shrinkage=0.05


Tree=44
num_leaves=9
num_cat=0
split_feature=5 5 5 7 0 3 3 5
split_gain=23.3587 13.7387 16.2052 11.8205 7.2194 5.68937 5.10196 5.08121
threshold=20170.205190972225 20170.196892361117 20170.2030150463 22.500000000000004 0.63142476009493087 5.0000000000000009 10.500000000000002 20170.203964120374
decision_type=2 2 2 2 2 2 2 2
left_child=1 3 -3 5 -2 -1 -6 -4
right_child=4 2 7 -5 6 -7 -8 -9
leaf_value=-0.016210397908713304 0.035333329935908486 0.01438155787240466 -0.00041635423164840951 0.0008451456269758296 -0.00099868040948984942 4.1528790520400929e-05 -6.2618474885117736e-05 0.0023019025829997485
leaf_weight=57 9.9999999999999982 45 14.000000000000002 11.999999999999998 11.999999999999998 168 36 9.9999999999999982
leaf_count=57 10 45 14 12 12 168 36 10
internal_value=0 0.00553746 0.025 -0.000210084 -0.0288136 -0.00287611 -0.0367347 -0.008
internal_weight=364 306 69 237 58 225 48 24
internal_count=364 306 69 237 58 225 48 24
is_linear=0
shrinkage=0.05


Tree=45
num_leaves=9
num_cat=0
split_feature=5 5 5 7 0 3 3 5
split_gain=23.3587 13.7387 16.2052 11.8205 7.2194 5.68937 5.10196 5.08121
threshold=20170.205190972225 20170.196892361117 20170.2030150463 22.500000000000004 0.63142476009493087 5.0000000000000009 10.500000000000002 20170.203964120374
decision_type=2 2 2 2 2 2 2 2
left_child=1 3 -3 5 -2 -1 -6 -4
right_child=4 2 7 -5 6 -7 -8 -9
leaf_value=-0.015399878013277647 0.033566663439113069 0.013662479978784427 -0.00039553652006598804 0.00080288834562703977 -0.00094874638901535366 3.9452350994384491e-05 -5.9487551140863241e-05 0.0021868074538497597
leaf_weight=57 9.9999999999999982 45 14.000000000000002 11.999999999999998 11.999999999999998 168 36 9.9999999999999982
leaf_count=57 10 45 14 12 12 168 36 10
internal_value=0 0.00553746 0.025 -0.000210084 -0.0288136 -0.00287611 -0.0367347 -0.008
internal_weight=364 306 69 237 58 225 48 24
internal_count=364 306 69 237 58 225 48 24
is_linear=0
shrinkage=0.05


Tree=46
num_leaves=10
num_cat=0
split_feature=5 5 5 0 3 6 5 5 3
split_gain=21.1955 18.391 13.6681 7.2194 5.10196 4.40066 6.54999 3.69455 2.82413
threshold=20170.205190972225 20170.196892361117 20170.2030150463 0.63142476009493087 10.500000000000002 27.820000000000004 20119.95401041667 20170.203964120374 76.000000000000014
decision_type=2 2 2 2 2 2 2 2 2
left_child=1 5 -3 -2 -5 6 -1 -4 -7
right_child=3 2 7 4 -6 8 -8 -9 -10
leaf_value=-0.014010039290541489 0.031888330267157414 0.012979355979845203 -0.00037575969406268979 -0.00090130906956458205 -5.6513173583822018e-05 0.00052730682409563023 2.3646774681709146e-05 0.0020774670811572692 9.8183944860652519e-05
leaf_weight=67 9.9999999999999982 45 14.000000000000002 11.999999999999998 36 22 130 9.9999999999999982 18
leaf_count=67 10 45 14 12 36 22 130 10 18
internal_value=-0.00136986 0.00390879 0.0264286 -0.0288136 -0.0367347 -0.00273109 -0.00580808 -0.004 0.0121951
internal_weight=364 306 69 58 48 237 197 24 40
internal_count=364 306 69 58 48 237 197 24 40
is_linear=0
shrinkage=0.05


Tree=47
num_leaves=9
num_cat=0
split_feature=5 5 5 7 0 3 3 5
split_gain=23.8038 15.3398 13.6681 11.8205 7.2194 5.68937 5.10196 3.69455
threshold=20170.205190972225 20170.196892361117 20170.2030150463 22.500000000000004 0.63142476009493087 5.0000000000000009 10.500000000000002 20170.203964120374
decision_type=2 2 2 2 2 2 2 2
left_child=1 3 -3 5 -2 -1 -6 -4
right_child=4 2 7 -5 6 -7 -8 -9
leaf_value=-0.0139293821480867 0.030293913753799542 0.012330388180852941 -0.00035697170935955621 0.0011124037412421739 -0.0008562436160863496 3.6297394710571588e-05 -5.3687514904632308e-05 0.0019735937270994098
leaf_weight=57 9.9999999999999982 45 14.000000000000002 11.999999999999998 11.999999999999998 168 36 9.9999999999999982
leaf_count=57 10 45 14 12 12 168 36 10
internal_value=0.000273973 0.00586319 0.0264286 -0.000210084 -0.0288136 -0.00287611 -0.0367347 -0.004
internal_weight=364 306 69 237 58 225 48 24
internal_count=364 306 69 237 58 225 48 24
is_linear=0
shrinkage=0.05


Tree=48
num_leaves=9
num_cat=0
split_feature=5 5 5 7 0 3 3 5
split_gain=23.8038 15.3398 13.6681 11.8205 7.2194 5.68937 5.10196 3.69455
threshold=20170.205190972225 20170.196892361117 20170.2030150463 22.500000000000004 0.63142476009493087 5.0000000000000009 10.500000000000002 20170.203964120374
decision_type=2 2 2 2 2 2 2 2
left_child=1 3 -3 5 -2 -1 -6 -4
right_child=4 2 7 -5 6 -7 -8 -9
leaf_value=-0.013232913040682371 0.028779218066109565 0.011713868771810293 -0.00033912312389157846 0.0010567835541800631 -0.00081343143528203046 3.4482524975038009e-05 -5.1003139159400135e-05 0.0018749140407444355
leaf_weight=57 9.9999999999999982 45 14.000000000000002 11.999999999999998 11.999999999999998 168 36 9.9999999999999982
leaf_count=57 10 45 14 12 12 168 36 10
internal_value=0.000273973 0.00586319 0.0264286 -0.000210084 -0.0288136 -0.00287611 -0.0367347 -0.004
internal_weight=364 306 69 237 58 225 48 24
internal_count=364 306 69 237 58 225 48 24
is_linear=0
shrinkage=0.05


Tree=49
num_leaves=9
num_cat=0
split_feature=5 5 5 7 0 3 3 5
split_gain=23.8038 15.3398 13.6681 11.8205 7.2194 5.68937 5.10196 3.69455
threshold=20170.205190972225 20170.196892361117 20170.2030150463 22.500000000000004 0.63142476009493087 5.0000000000000009 10.500000000000002 20170.203964120374
decision_type=2 2 2 2 2 2 2 2
left_child=1 3 -3 5 -2 -1 -6 -4
right_child=4 2 7 -5 6 -7 -8 -9
leaf_value=-0.012571267388648244 0.027340257162804082 0.011128175333219782 -0.00032216696769700047 0.0010039443764710664 -0.00077275986351792452 3.2758398726290273e-05 -4.8452982201430129e-05 0.0017811683387072175
leaf_weight=57 9.9999999999999982 45 14.000000000000002 11.999999999999998 11.999999999999998 168 36 9.9999999999999982
leaf_count=57 10 45 14 12 12 168 36 10
internal_value=0.000273973 0.00586319 0.0264286 -0.000210084 -0.0288136 -0.00287611 -0.0367347 -0.004
internal_weight=364 306 69 237 58 225 48 24
internal_count=364 306 69 237 58 225 48 24
is_linear=0
shrinkage=0.05


Tree=50
num_leaves=9
num_cat=0
split_feature=5 5 5 7 0 3 3 5
split_gain=23.8038 15.3398 13.6681 11.8205 7.2194 5.68937 5.10196 3.69455
threshold=20170.205190972225 20170.196892361117 20170.2030150463 22.500000000000004 0.63142476009493087 5.0000000000000009 10.500000000000002 20170.203964120374
decision_type=2 2 2 2 2 2 2 2
left_child=1 3 -3 5 -2 -1 -6 -4
right_child=4 2 7 -5 6 -7 -8 -9
leaf_value=-0.011942704019215822 0.02597324430466388 0.010571766566558794 -0.00030605861931215094 0.00095374715764751095 -0.00073412187034203056 3.1120478789981031e-05 -4.6030333091356958e-05 0.0016921099217718561
leaf_weight=57 9.9999999999999982 45 14.000000000000002 11.999999999999998 11.999999999999998 168 36 9.9999999999999982
leaf_count=57 10 45 14 12 12 168 36 10
internal_value=0.000273973 0.00586319 0.0264286 -0.000210084 -0.0288136 -0.00287611 -0.0367347 -0.004
internal_weight=364 306 69 237 58 225 48 24
internal_count=364 306 69 237 58 225 48 24
is_linear=0
shrinkage=0.05


Tree=51
num_leaves=9
num_cat=0
split_feature=5 5 5 7 0 3 3 5
split_gain=23.8038 15.3398 13.6681 11.8205 7.2194 5.68937 5.10196 3.69455
threshold=20170.205190972225 20170.196892361117 20170.2030150463 22.500000000000004 0.63142476009493087 5.0000000000000009 10.500000000000002 20170.203964120374
decision_type=2 2 2 2 2 2 2 2
left_child=1 3 -3 5 -2 -1 -6 -4
right_child=4 2 7 -5 6 -7 -8 -9
leaf_value=-0.011345568818255037 0.024674582089430686 0.010043178238230855 -0.00029075568834654314 0.00090605979976514654 -0.0006974157768249279 2.9564454850483646e-05 -4.3728816436788834e-05 0.0016075044256832595
leaf_weight=57 9.9999999999999982 45 14.000000000000002 11.999999999999998 11.999999999999998 168 36 9.9999999999999982
leaf_count=57 10 45 14 12 12 168 36 10
internal_value=0.000273973 0.00586319 0.0264286 -0.000210084 -0.0288136 -0.00287611 -0.0367347 -0.004
internal_weight=364 306 69 237 58 225 48 24
internal_count=364 306 69 237 58 225 48 24
is_linear=0
shrinkage=0.05


Tree=52
num_leaves=9
num_cat=0
split_feature=5 5 5 7 0 3 3 5
split_gain=23.3587 13.7387 13.7618 11.8205 7.2194 5.68937 5.10196 3.42404
threshold=20170.205190972225 20170.196892361117 20170.202876157411 22.500000000000004 0.63142476009493087 5.0000000000000009 10.500000000000002 20170.203964120374
decision_type=2 2 2 2 2 2 2 2
left_child=1 3 -3 5 -2 -1 -6 -4
right_child=4 2 7 -5 6 -7 -8 -9
leaf_value=-0.010778290377342282 0.023440852984959151 0.0096828020869394252 -0.00024877489143793063 0.00086075680977688591 -0.000662544987983682 2.8086232107960021e-05 -4.1542375614950225e-05 0.0015271292043990915
leaf_weight=57 9.9999999999999982 43 16.000000000000004 11.999999999999998 11.999999999999998 168 36 9.9999999999999982
leaf_count=57 10 43 16 12 12 168 36 10
internal_value=0 0.00553746 0.025 -0.000210084 -0.0288136 -0.00287611 -0.0367347 -0.0037037
internal_weight=364 306 69 237 58 225 48 26
internal_count=364 306 69 237 58 225 48 26
is_linear=0
shrinkage=0.05


Tree=53
num_leaves=9
num_cat=0
split_feature=5 5 5 7 0 3 0 5
split_gain=23.8038 13.2827 13.7618 11.6081 7.2194 5.10196 5.01837 3.42404
threshold=20170.205190972225 20170.196892361117 20170.202876157411 22.500000000000004 0.63142476009493087 10.500000000000002 0.94775069380225008 20170.203964120374
decision_type=2 2 2 2 2 2 2 2
left_child=1 3 -3 6 -2 -6 -1 -4
right_child=4 2 7 -5 5 -7 -8 -9
leaf_value=8.3659273409608667e-05 0.022268810335711195 0.0091986619825924539 -0.00023633614686603411 0.00081771896928803942 -0.00062941773858449235 -3.9465256834203545e-05 -0.0065640817538446311 0.0014507727441791407
leaf_weight=96 9.9999999999999982 43 16.000000000000004 11.999999999999998 11.999999999999998 36 129 9.9999999999999982
leaf_count=96 10 43 16 12 12 36 129 10
internal_value=0.000273973 0.00586319 0.025 0.000210084 -0.0288136 -0.0367347 -0.00243363 -0.0037037
internal_weight=364 306 69 237 58 48 225 26
internal_count=364 306 69 237 58 48 225 26
is_linear=0
shrinkage=0.05


Tree=54
num_leaves=9
num_cat=0
split_feature=5 5 5 7 0 3 3 5
split_gain=24.253 12.8342 13.7618 11.3975 7.2194 5.10196 5.00305 3.42404
threshold=20170.205190972225 20170.196892361117 20170.202876157411 22.500000000000004 0.63142476009493087 10.500000000000002 5.0000000000000009 20170.203964120374
decision_type=2 2 2 2 2 2 2 2
left_child=1 3 -3 6 -2 -6 -1 -4
right_child=4 2 7 -5 5 -7 -8 -9
leaf_value=-0.0099111717707829339 0.021155369818925632 0.0087387288834628318 -0.00022451933952273296 0.00077683302082363079 -0.00059794685165526218 -3.7491993992494478e-05 2.3300399956205366e-05 0.0013782341069701887
leaf_weight=57 9.9999999999999982 43 16.000000000000004 11.999999999999998 11.999999999999998 36 168 9.9999999999999982
leaf_count=57 10 43 16 12 12 36 168 10
internal_value=0.000547945 0.00618893 0.025 0.000630252 -0.0288136 -0.0367347 -0.00199115 -0.0037037
internal_weight=364 306 69 237 58 48 225 26
internal_count=364 306 69 237 58 48 225 26
is_linear=0
shrinkage=0.05


Tree=55
num_leaves=8
num_cat=0
split_feature=5 7 5 5 0 3 3
split_gain=22.9178 9.09735 11.0168 15.7268 7.2194 5.10196 5.00305
threshold=20170.205190972225 22.500000000000004 20170.196892361117 20170.202586805561 0.63142476009493087 10.500000000000002 5.0000000000000009
decision_type=2 2 2 2 2 2 2
left_child=1 2 6 -4 -2 -6 -1
right_child=4 -3 3 -5 5 -7 -8
leaf_value=-0.0094156131822437771 0.020097601327979352 0.0007379913697824537 0.0093944933975416492 -8.9520517520302881e-05 -0.00056804950907249905 -3.5617394292869474e-05 2.2135379958398983e-05
leaf_weight=57 9.9999999999999982 11.999999999999998 39 30 11.999999999999998 36 168
leaf_count=57 10 12 39 30 12 36 168
internal_value=-0.000273973 0.00521173 0.00338983 0.0207143 -0.0288136 -0.0367347 -0.00199115
internal_weight=364 306 294 69 58 48 225
internal_count=364 306 294 69 58 48 225
is_linear=0
shrinkage=0.05


Tree=56
num_leaves=8
num_cat=0
split_feature=5 7 5 5 5 3 3
split_gain=20.6914 9.09735 11.0168 15.7268 7.5475 6.6475 5.00305
threshold=20170.205190972225 22.500000000000004 20170.196892361117 20170.202586805561 20175.496869212966 10.500000000000002 5.0000000000000009
decision_type=2 2 2 2 2 2 2
left_child=1 2 6 -4 5 -2 -1
right_child=4 -3 3 -5 -6 -7 -8
leaf_value=-0.0089448325231315847 -0.042818911064477598 0.00070109180129334096 0.0089247687276645671 -8.5044491644287179e-05 0.0095018089573545312 -3.3836524578223504e-05 2.1028610960482919e-05
leaf_weight=57 9.9999999999999982 11.999999999999998 39 30 11.999999999999998 36 168
leaf_count=57 10 12 39 30 12 36 168
internal_value=0 0.00521173 0.00338983 0.0207143 -0.0271186 -0.0361702 -0.00199115
internal_weight=364 306 294 69 58 46 225
internal_count=364 306 294 69 58 46 225
is_linear=0
shrinkage=0.05


Tree=57
num_leaves=8
num_cat=0
split_feature=5 7 6 6 6 0 3
split_gain=22.481 9.24363 9.69059 11.3966 7.99999 7.2194 5.10196
threshold=20170.205190972225 22.500000000000004 3.6988888888888893 3.1431944444444446 3.8037500000000004 0.63142476009493087 10.500000000000002
decision_type=2 2 2 2 2 2 2
left_child=1 2 3 -1 -4 -2 -7
right_child=5 -3 4 -5 -6 6 -8
leaf_value=6.1442216495018192e-06 0.018617630813712659 0.00066603721122866506 -0.13384561208772613 0.008715840223990079 -0.00029001896538598872 -0.0010147374814866051 -3.2144698349312327e-05
leaf_weight=68 9.9999999999999982 11.999999999999998 9.9999999999999982 45 171 11.999999999999998 36
leaf_count=68 10 12 10 45 171 12 36
internal_value=-0.000547945 0.00488599 0.00305085 0.0144737 -0.00412088 -0.0288136 -0.0367347
internal_weight=364 306 294 113 181 58 48
internal_count=364 306 294 113 181 58 48
is_linear=0
shrinkage=0.05


Tree=58
num_leaves=8
num_cat=0
split_feature=5 7 6 6 6 0 3
split_gain=22.481 9.24363 9.69059 11.3966 7.99999 7.2194 5.10196
threshold=20170.205190972225 22.500000000000004 3.6988888888888893 3.1431944444444446 3.8037500000000004 0.63142476009493087 10.500000000000002
decision_type=2 2 2 2 2 2 2
left_child=1 2 3 -1 -4 -2 -7
right_child=5 -3 4 -5 -6 6 -8
leaf_value=5.8370105670224609e-06 0.017686749273027026 0.0006327353506672351 -0.12715333148333982 0.008280048212790575 -0.00027551801711668929 -0.00096400060741227425 -3.0537463431845602e-05
leaf_weight=68 9.9999999999999982 11.999999999999998 9.9999999999999982 45 171 11.999999999999998 36
leaf_count=68 10 12 10 45 171 12 36
internal_value=-0.000547945 0.00488599 0.00305085 0.0144737 -0.00412088 -0.0288136 -0.0367347
internal_weight=364 306 294 113 181 58 48
internal_count=364 306 294 113 181 58 48
is_linear=0
shrinkage=0.05


Tree=59
num_leaves=8
num_cat=0
split_feature=5 7 6 6 0 0 3
split_gain=21.6198 9.53938 10.2469 15.3717 7.2194 5.74852 5.10196
threshold=20170.205190972225 22.500000000000004 3.2694444444444448 3.1431944444444446 0.63142476009493087 0.94775069380225008 10.500000000000002
decision_type=2 2 2 2 2 2 2
left_child=1 2 3 -1 -2 -4 -6
right_child=4 -3 5 -5 6 -7 -8
leaf_value=5.5451600386745296e-06 0.016802411809375674 0.00060109858313386335 0.00010442993932049394 0.0089814245396006905 -0.00091580057704165885 -0.0074709409884347712 -2.9010590260253322e-05
leaf_weight=68 9.9999999999999982 11.999999999999998 87 33 11.999999999999998 106 36
leaf_count=68 10 12 87 33 12 106 36
internal_value=-0.00109589 0.00423453 0.00237288 0.0151961 -0.0288136 -0.00438144 -0.0367347
internal_weight=364 306 294 101 58 193 48
internal_count=364 306 294 101 58 193 48
is_linear=0
shrinkage=0.05


Tree=60
num_leaves=8
num_cat=0
split_feature=5 7 5 5 0 6 3
split_gain=22.481 9.24363 9.27072 14.9104 7.2194 5.34912 5.10196
threshold=20170.205190972225 22.500000000000004 20170.197106481482 20170.202366898153 0.63142476009493087 27.820000000000004 10.500000000000002
decision_type=2 2 2 2 2 2 2
left_child=1 2 5 -4 -2 -1 -6
right_child=4 -3 3 -5 6 -7 -8
leaf_value=-0.00065222533749557249 0.015962291218906889 0.0005710436539771768 0.0085323533126206563 -3.258098030438084e-05 -0.00087001054818958146 9.9208442354470358e-05 -2.7560060747239271e-05
leaf_weight=188 9.9999999999999982 11.999999999999998 33 33 11.999999999999998 40 36
leaf_count=188 10 12 33 33 12 40 36
internal_value=-0.000547945 0.00488599 0.00305085 0.019403 -0.0288136 -0.00174672 -0.0367347
internal_weight=364 306 294 66 58 228 48
internal_count=364 306 294 66 58 228 48
is_linear=0
shrinkage=0.05


Tree=61
num_leaves=8
num_cat=0
split_feature=5 7 3 3 0 5 3
split_gain=22.9178 9.09735 9.37893 8.51823 7.2194 6.63764 5.10196
threshold=20170.205190972225 22.500000000000004 5.0000000000000009 20.250000000000004 0.63142476009493087 20119.700578703709 10.500000000000002
decision_type=2 2 2 2 2 2 2
left_child=1 2 5 -4 -2 -1 -6
right_child=4 -3 3 -5 6 -7 -8
leaf_value=-0.0016118547250938754 0.015164176657961543 0.00054249147127831692 0.0022088892914738979 2.3900539678362727e-05 -0.00082651002078010238 -0.076836906213382891 -2.6182057709878137e-05
leaf_weight=45 9.9999999999999982 11.999999999999998 85 152 11.999999999999998 11.999999999999998 36
leaf_count=45 10 12 85 152 12 12 36
internal_value=-0.000273973 0.00521173 0.00338983 0.00777311 -0.0288136 -0.0146552 -0.0367347
internal_weight=364 306 294 237 58 57 48
internal_count=364 306 294 237 58 57 48
is_linear=0
shrinkage=0.05


Tree=62
num_leaves=8
num_cat=0
split_feature=5 7 6 6 0 6 3
split_gain=22.0483 9.39097 9.71357 15.3717 7.2194 7.08617 5.10196
threshold=20170.205190972225 22.500000000000004 3.2694444444444448 3.1431944444444446 0.63142476009493087 27.820000000000004 10.500000000000002
decision_type=2 2 2 2 2 2 2
left_child=1 2 3 -1 -2 -4 -6
right_child=4 -3 5 -5 6 -7 -8
leaf_value=3.6684141927594009e-05 0.014405967825063466 0.00051536689771440884 -0.0022790600231701748 0.007995291182415926 -0.00078518451974110006 9.3052993252817914e-05 -2.4872954824384233e-05
leaf_weight=68 9.9999999999999982 11.999999999999998 153 33 11.999999999999998 40 36
leaf_count=68 10 12 153 33 12 40 36
internal_value=-0.000821918 0.00456026 0.00271186 0.0151961 -0.0288136 -0.00386598 -0.0367347
internal_weight=364 306 294 101 58 193 48
internal_count=364 306 294 101 58 193 48
is_linear=0
shrinkage=0.05


Tree=63
num_leaves=8
num_cat=0
split_feature=5 7 3 3 0 5 3
split_gain=23.3587 8.95213 9.73284 7.958 7.2194 6.63764 5.10196
threshold=20170.205190972225 22.500000000000004 5.0000000000000009 20.250000000000004 0.63142476009493087 20119.700578703709 10.500000000000002
decision_type=2 2 2 2 2 2 2
left_child=1 2 5 -4 -2 -1 -6
right_child=4 -3 3 -5 6 -7 -8
leaf_value=-0.0014173089876806768 0.013685669433810291 0.00048959855282868501 0.0020208819384033962 2.7930916572817267e-05 -0.00074592529375404619 -0.072881107901555248 -2.3629307083167241e-05
leaf_weight=45 9.9999999999999982 11.999999999999998 85 152 11.999999999999998 11.999999999999998 36
leaf_count=45 10 12 85 152 12 12 36
internal_value=0 0.00553746 0.00372881 0.00819328 -0.0288136 -0.0146552 -0.0367347
internal_weight=364 306 294 237 58 57 48
internal_count=364 306 294 237 58 57 48
is_linear=0
shrinkage=0.05


Tree=64
num_leaves=10
num_cat=0
split_feature=5 5 7 6 6 3 6 5 5
split_gain=22.9921 15.723 10.8812 6.03704 5.62191 4.21148 3.95125 12.8194 1.65744
threshold=20170.202725694446 20170.197106481482 22.500000000000004 27.809583333333336 8.820972222222224 23.958333333333339 3.0754166666666669 20170.204490740743 20170.198802083338
decision_type=2 2 2 2 2 2 2 2 2
left_child=1 2 3 -1 6 -6 -2 -8 -3
right_child=4 8 -4 -5 5 -7 7 -9 -10
leaf_value=-0.00046330202464797134 -0.0049890631912461458 0.030062506923271316 0.00046511862518725525 8.7003797761520127e-05 -0.023493549998329422 -2.177579935916385e-05 -0.00041713516127615401 0.0020956613707341421 0.0010772854909302688
leaf_weight=184 13.999999999999998 24 11.999999999999998 44 9.9999999999999982 26 22 13.999999999999998 13.999999999999998
leaf_count=184 14 24 12 44 10 26 22 14 14
internal_value=-0.000547945 0.00645161 0.00165975 -0.000873362 -0.0229885 -0.0378378 -0.0117647 -0.0027027 0.0358974
internal_weight=364 278 240 228 86 36 50 36 38
internal_count=364 278 240 228 86 36 50 36 38
is_linear=0
shrinkage=0.05


Tree=65
num_leaves=10
num_cat=0
split_feature=5 5 7 6 6 5 6 3 5
split_gain=21.2319 15.723 10.8812 6.55227 6.03704 4.43802 10.7954 4.21148 1.65744
threshold=20170.202725694446 20170.197106481482 22.500000000000004 8.820972222222224 27.809583333333336 20170.204490740743 3.0754166666666669 23.958333333333339 20170.198802083338
decision_type=2 2 2 2 2 2 2 2 2
left_child=1 2 4 5 -1 -2 -7 -5 -3
right_child=3 8 -4 7 -6 6 -8 -9 -10
leaf_value=-0.00044013692341557945 -0.00039627840321234536 0.028559381577107752 0.00044186269392789692 -0.022318872498412957 8.2653607873450777e-05 -0.0047396100316838387 0.0019908783021974352 -2.0687009391207047e-05 0.0010234212163837575
leaf_weight=184 22 24 11.999999999999998 9.9999999999999982 44 14.000000000000002 13.999999999999998 26 13.999999999999998
leaf_count=184 22 24 12 10 44 14 14 26 14
internal_value=-0.000273973 0.00645161 0.00165975 -0.0218391 -0.000873362 -0.00980392 0.00344828 -0.0378378 0.0358974
internal_weight=364 278 240 86 228 50 28 36 38
internal_count=364 278 240 86 228 50 28 36 38
is_linear=0
shrinkage=0.05


Tree=66
num_leaves=10
num_cat=0
split_feature=5 5 7 6 0 5 6 3 5
split_gain=20.6972 16.1086 11.0848 6.55227 4.87093 4.43802 10.7954 4.21148 1.65744
threshold=20170.202725694446 20170.197106481482 22.500000000000004 8.820972222222224 0.94775069380225008 20170.204490740743 3.0754166666666669 23.958333333333339 20170.198802083338
decision_type=2 2 2 2 2 2 2 2 2
left_child=1 2 4 5 -1 -2 -7 -5 -3
right_child=3 8 -4 7 -6 6 -8 -9 -10
leaf_value=7.8520927479774907e-05 -0.00037646448305172917 0.027131412498252364 0.00041976955923150872 -0.021202928873492313 -0.00088454479453499999 -0.0045026295300996449 0.0018913343870875677 -1.9652658921648358e-05 0.00097225015556456906
leaf_weight=96 22 24 11.999999999999998 9.9999999999999982 132 14.000000000000002 13.999999999999998 26 13.999999999999998
leaf_count=96 22 24 12 10 132 14 14 26 14
internal_value=-0.000547945 0.00609319 0.00124481 -0.0218391 -0.00131004 -0.00980392 0.00344828 -0.0378378 0.0358974
internal_weight=364 278 240 86 228 50 28 36 38
internal_count=364 278 240 86 228 50 28 36 38
is_linear=0
shrinkage=0.05


Tree=67
num_leaves=10
num_cat=0
split_feature=5 5 3 6 6 6 5 6 6
split_gain=18.2643 7.5475 6.6475 6.08199 11.5586 6.83991 5.52055 4.82047 2.07923
threshold=20170.205190972225 20175.496869212966 10.500000000000002 3.2694444444444448 3.1476388888888893 27.809583333333336 20102.027968750004 3.0922222222222229 45.113194444444453
decision_type=2 2 2 2 2 2 2 2 2
left_child=3 2 -2 4 7 6 -5 -1 -7
right_child=1 -3 -4 5 -6 8 -8 -9 -10
leaf_value=0.00034063323251809496 -0.039660291921181971 0.0065779860272257547 -1.9342068345407085e-05 -0.11837589485858109 0.010344838468722434 7.4594881105793942e-05 -1.4879733909012316e-05 -0.00027756400600901647 0.0040887603605558208
leaf_weight=41 9.9999999999999982 11.999999999999998 36 14.999999999999998 30 22 146 30 22
leaf_count=41 10 12 36 15 30 22 146 30 22
internal_value=-0.00164384 -0.0271186 -0.0361702 0.00325733 0.0132353 -0.00169903 -0.00648148 0.00208333 0.0155556
internal_weight=364 58 46 306 101 205 161 71 44
internal_count=364 58 46 306 101 205 161 71 44
is_linear=0
shrinkage=0.05


Tree=68
num_leaves=10
num_cat=0
split_feature=5 5 3 6 6 6 5 6 6
split_gain=18.2643 7.5475 6.6475 6.08199 11.5586 6.83991 5.52055 4.82047 2.07923
threshold=20170.205190972225 20175.496869212966 10.500000000000002 3.2694444444444448 3.1476388888888893 27.809583333333336 20102.027968750004 3.0922222222222229 45.113194444444453
decision_type=2 2 2 2 2 2 2 2 2
left_child=3 2 -2 4 7 6 -5 -1 -7
right_child=1 -3 -4 5 -6 8 -8 -9 -10
leaf_value=0.00032360157089219026 -0.037677277325122875 0.0062490867258644684 -1.8374964928136173e-05 -0.11245710011565205 0.0098275965452863101 7.0865137050502017e-05 -1.4135747213561702e-05 -0.00026368580570856616 0.003884322342528035
leaf_weight=41 9.9999999999999982 11.999999999999998 36 14.999999999999998 30 22 146 30 22
leaf_count=41 10 12 36 15 30 22 146 30 22
internal_value=-0.00164384 -0.0271186 -0.0361702 0.00325733 0.0132353 -0.00169903 -0.00648148 0.00208333 0.0155556
internal_weight=364 58 46 306 101 205 161 71 44
internal_count=364 58 46 306 101 205 161 71 44
is_linear=0
shrinkage=0.05


Tree=69
num_leaves=10
num_cat=0
split_feature=5 0 6 6 6 5 3 6 6
split_gain=19.5394 7.2194 5.29053 10.9114 6.98267 5.43583 5.10196 3.53341 2.07923
threshold=20170.205190972225 0.63142476009493087 3.2641666666666671 3.2287500000000002 27.809583333333336 20102.027968750004 10.500000000000002 3.0922222222222229 45.113194444444453
decision_type=2 2 2 2 2 2 2 2 2
left_child=2 -2 3 7 5 -4 -3 -1 -6
right_child=1 6 4 -5 8 -7 -8 -9 -10
leaf_value=0.00030742149234758018 0.012061138621464308 -0.00063841752906936835 -0.10683424510986944 0.034816785126988062 6.7321880197979134e-05 -1.3428959852879175e-05 -1.7456216681727144e-05 -0.00021638498086860858 0.0036901062254016351
leaf_weight=41 9.9999999999999982 11.999999999999998 14.999999999999998 21 22 149 36 36 22
leaf_count=41 10 12 15 21 22 149 36 36 22
internal_value=-0.00246575 -0.0288136 0.00260586 0.0121212 -0.00191388 -0.00666667 -0.0367347 0.00320513 0.0155556
internal_weight=364 58 306 98 208 164 48 77 44
internal_count=364 58 306 98 208 164 48 77 44
is_linear=0
shrinkage=0.05


Tree=70
num_leaves=10
num_cat=0
split_feature=5 0 3 6 6 6 3 6 3
split_gain=18.7362 7.2194 5.10196 3.87757 9.63081 5.57284 4.91981 3.90842 1.92488
threshold=20170.205190972225 0.63142476009493087 10.500000000000002 3.2641666666666671 3.2338888888888895 27.820000000000004 204.00000000000003 3.0922222222222229 76.000000000000014
decision_type=2 2 2 2 2 2 2 2 2
left_child=3 -2 -3 4 7 6 -5 -1 -7
right_child=1 2 -4 5 -6 8 -8 -9 -10
leaf_value=0.00029205041773020109 0.011458081690391093 -0.00060649665261589556 -1.6583405847642176e-05 -5.8531238786984319e-05 0.037607764498949814 0.0012309314053125632 -0.0099711686749645589 -0.00020886126751502588 6.3955786188074623e-05
leaf_weight=41 9.9999999999999982 11.999999999999998 36 148 18 22 20 39 18
leaf_count=41 10 12 36 148 18 22 20 39 18
internal_value=-0.0030137 -0.0288136 -0.0367347 0.0019544 0.010101 -0.00191388 -0.00591716 0.00246914 0.0146341
internal_weight=364 58 48 306 98 208 168 80 40
internal_count=364 58 48 306 98 208 168 80 40
is_linear=0
shrinkage=0.05


Tree=71
num_leaves=8
num_cat=0
split_feature=5 7 0 3 3 5 3
split_gain=21.1955 9.68884 7.2194 5.10196 3.82076 5.62784 3.06731
threshold=20170.205190972225 22.500000000000004 0.63142476009493087 10.500000000000002 5.0000000000000009 20119.700578703709 36.000000000000007
decision_type=2 2 2 2 2 2 2
left_child=1 4 -2 -4 5 -1 -6
right_child=2 -3 3 -5 6 -7 -8
leaf_value=-0.00055682659516320676 0.010885177605871538 0.0006516458011625037 -0.0005761718199851052 -1.5754235555259789e-05 0.00092019279018649709 -0.069190757821460155 -9.9631457173621211e-06
leaf_weight=45 9.9999999999999982 11.999999999999998 11.999999999999998 36 99 11.999999999999998 138
leaf_count=45 10 12 12 36 99 12 138
internal_value=-0.00136986 0.00390879 -0.0288136 -0.0367347 0.0020339 -0.00948276 0.00483193
internal_weight=364 306 58 48 294 57 237
internal_count=364 306 58 48 294 57 237
is_linear=0
shrinkage=0.05


Tree=72
num_leaves=8
num_cat=0
split_feature=5 7 5 3 6 6 5
split_gain=19.8658 9.39097 7.5475 6.6475 4.64061 7.95987 3.58347
threshold=20170.205190972225 22.500000000000004 20175.496869212966 10.500000000000002 14.718611111111114 14.045555555555557 20125.047951388889
decision_type=2 2 2 2 2 2 2
left_child=1 4 3 -2 5 -1 -6
right_child=2 -3 -4 -5 6 -7 -8
leaf_value=0.00015968412421112356 -0.035702359158783219 0.00061906351110438971 0.0051220495916698295 -1.4966523777498741e-05 0.00069035710872227267 -0.091572744863527122 0.00071594205447886869
leaf_weight=224 9.9999999999999982 11.999999999999998 11.999999999999998 36 19 11.999999999999998 39
leaf_count=224 10 12 12 36 19 12 39
internal_value=-0.000547945 0.00456026 -0.0271186 -0.0361702 0.00271186 -0.000421941 0.0152542
internal_weight=364 306 58 46 294 236 58
internal_count=364 306 58 46 294 236 58
is_linear=0
shrinkage=0.05


Tree=73
num_leaves=10
num_cat=0
split_feature=5 7 5 6 6 3 6 5 5
split_gain=21.3426 9.0646 6.8186 5.62778 5.62191 4.21148 3.95125 12.8194 3.29663
threshold=20170.202725694446 22.500000000000004 20170.197326388894 14.718611111111114 8.820972222222224 23.958333333333339 3.0754166666666669 20170.204490740743 20170.19836805556
decision_type=2 2 2 2 2 2 2 2 2
left_child=1 2 3 -1 6 -6 -2 -8 -4
right_child=4 -3 8 -5 5 -7 7 -9 -10
leaf_value=-0.00029758973845528391 -0.0042723741828378905 0.00058811033554917458 0.035673382428282441 0.00066799210252054268 -0.020137658559060925 -1.3546155218779889e-05 -0.00036331030161396161 0.0016795884863389011 0.00046924243981094908
leaf_weight=173 13.999999999999998 11.999999999999998 14.999999999999998 58 9.9999999999999982 26 22 13.999999999999998 20
leaf_count=173 14 12 15 58 10 26 22 14 20
internal_value=-0.00136986 0.00537634 0.00337079 0.000215517 -0.0229885 -0.0378378 -0.0117647 -0.0027027 0.0236111
internal_weight=364 278 266 231 86 36 50 36 35
internal_count=364 278 266 231 86 36 50 36 35
is_linear=0
shrinkage=0.05


Tree=74
num_leaves=7
num_cat=0
split_feature=5 5 7 0 3 6
split_gain=19.1358 12.73 9.47798 7.2194 5.10196 2.66663
threshold=20170.205190972225 20098.34512731482 22.500000000000004 0.63142476009493087 10.500000000000002 3.2641666666666671
decision_type=2 2 2 2 2 2
left_child=1 -1 5 -2 -5 -3
right_child=3 2 -4 4 -6 -7
leaf_value=-0.048203310419820178 0.010000836821677524 0.00030836817405233629 0.00055870481877171583 -0.00058984699942744585 -1.3540889827684534e-05 -2.0547198291209768e-05
leaf_weight=11.999999999999998 9.9999999999999982 98 11.999999999999998 11.999999999999998 36 184
leaf_count=12 10 98 12 12 36 184
internal_value=-0.00273973 0.00228013 0.00440678 -0.0288136 -0.0367347 0.0024735
internal_weight=364 306 294 58 48 282
internal_count=364 306 294 58 48 282
is_linear=0
shrinkage=0.05


Tree=75
num_leaves=8
num_cat=0
split_feature=5 7 0 3 6 6 5
split_gain=21.6198 9.53938 7.2194 5.10196 3.69145 7.95987 4.33602
threshold=20170.205190972225 22.500000000000004 0.63142476009493087 10.500000000000002 14.718611111111114 14.045555555555557 20125.047951388889
decision_type=2 2 2 2 2 2 2
left_child=1 4 -2 -4 5 -1 -6
right_child=2 -3 3 -5 6 -7 -8
leaf_value=0.00011236606753072809 0.0095007949805936479 0.00053076957783313448 -0.00056035464945607409 -1.2863845336302804e-05 0.0024035042145934106 -0.085773631692975222 0.00064777270654345917
leaf_weight=224 9.9999999999999982 11.999999999999998 11.999999999999998 36 19 11.999999999999998 39
leaf_count=224 10 12 12 36 19 12 39
internal_value=-0.00109589 0.00423453 -0.0288136 -0.0367347 0.00237288 -0.000421941 0.0135593
internal_weight=364 306 58 48 294 236 58
internal_count=364 306 58 48 294 236 58
is_linear=0
shrinkage=0.05


Tree=76
num_leaves=10
num_cat=0
split_feature=5 7 5 6 6 5 6 3 5
split_gain=19.1338 9.22569 7.07329 6.55227 5.99559 4.43802 10.7954 4.21148 3.29663
threshold=20170.202725694446 22.500000000000004 20170.197326388894 8.820972222222224 14.718611111111114 20170.204490740743 3.0754166666666669 23.958333333333339 20170.19836805556
decision_type=2 2 2 2 2 2 2 2 2
left_child=1 2 4 5 -1 -2 -7 -5 -4
right_child=3 -3 8 7 -6 6 -8 -9 -10
leaf_value=-0.0002873011949944937 -0.0003661814986124168 0.00050423109894148777 0.03386867659478917 -0.019129455394349681 0.0022833290038637433 -0.0040574352369378008 0.0015745723499428045 -1.1548610699646523e-05 0.0004247436057412485
leaf_weight=173 22 11.999999999999998 14.999999999999998 9.9999999999999982 58 14.000000000000002 13.999999999999998 26 20
leaf_count=173 22 12 15 10 58 14 14 26 20
internal_value=-0.00136986 0.00501792 0.00299625 -0.0218391 -0.000215517 -0.00980392 0.00344828 -0.0378378 0.0236111
internal_weight=364 278 266 86 231 50 28 36 35
internal_count=364 278 266 86 231 50 28 36 35
is_linear=0
shrinkage=0.05


Tree=77
num_leaves=8
num_cat=0
split_feature=5 7 5 3 6 6 5
split_gain=19.8658 9.39097 7.5475 6.6475 3.47119 8.13675 4.33602
threshold=20170.205190972225 22.500000000000004 20175.496869212966 10.500000000000002 14.718611111111114 14.045555555555557 20125.047951388889
decision_type=2 2 2 2 2 2 2
left_child=1 4 3 -2 5 -1 -6
right_child=2 -3 -4 -5 6 -7 -8
leaf_value=7.4342820714312646e-05 -0.033443240647411089 0.00047901954399440786 0.0045340525728389995 -1.1643222534507559e-05 0.0021691625536705674 -0.081470585048576738 0.000501217621023109
leaf_weight=224 9.9999999999999982 11.999999999999998 11.999999999999998 36 19 11.999999999999998 39
leaf_count=224 10 12 12 36 19 12 39
internal_value=-0.000547945 0.00456026 -0.0271186 -0.0361702 0.00271186 0 0.0135593
internal_weight=364 306 58 46 294 236 58
internal_count=364 306 58 46 294 236 58
is_linear=0
shrinkage=0.05


Tree=78
num_leaves=8
num_cat=0
split_feature=5 7 5 3 6 6 5
split_gain=19.8658 9.39097 7.5475 6.6475 3.47119 8.13675 4.33602
threshold=20170.205190972225 22.500000000000004 20175.496869212966 10.500000000000002 14.718611111111114 14.045555555555557 20125.047951388889
decision_type=2 2 2 2 2 2 2
left_child=1 4 3 -2 5 -1 -6
right_child=2 -3 -4 -5 6 -7 -8
leaf_value=7.0625679678601455e-05 -0.031771078615040541 0.0004550685667946919 0.0043073499441970489 -1.106106140777996e-05 0.0020607044259870477 -0.077397055796147904 0.00047615673997194465
leaf_weight=224 9.9999999999999982 11.999999999999998 11.999999999999998 36 19 11.999999999999998 39
leaf_count=224 10 12 12 36 19 12 39
internal_value=-0.000547945 0.00456026 -0.0271186 -0.0361702 0.00271186 0 0.0135593
internal_weight=364 306 58 46 294 236 58
internal_count=364 306 58 46 294 236 58
is_linear=0
shrinkage=0.05


Tree=79
num_leaves=8
num_cat=0
split_feature=5 7 0 3 6 6 5
split_gain=22.0483 9.39097 7.2194 5.10196 3.47119 8.13675 4.33602
threshold=20170.205190972225 22.500000000000004 0.63142476009493087 10.500000000000002 14.718611111111114 14.045555555555557 20125.047951388889
decision_type=2 2 2 2 2 2 2
left_child=1 4 -2 -4 5 -1 -6
right_child=2 -3 3 -5 6 -7 -8
leaf_value=6.7094395694666803e-05 0.0085049564882150232 0.00043231513845496398 -0.00077153528098817821 -1.0508008337389852e-05 0.0019576692046876956 -0.073527203006340497 0.000452348902973343
leaf_weight=224 9.9999999999999982 11.999999999999998 11.999999999999998 36 19 11.999999999999998 39
leaf_count=224 10 12 12 36 19 12 39
internal_value=-0.000821918 0.00456026 -0.0288136 -0.0367347 0.00271186 0 0.0135593
internal_weight=364 306 58 48 294 236 58
internal_count=364 306 58 48 294 236 58
is_linear=0
shrinkage=0.05


end of trees

feature_importances:
submit_epoch_days=296
queue_age_hours=176
wallclock_req_hours=149
submit_hour=75
partition_hash=53
qos_hash=5
nodes_req=3
submit_day_of_week=1

parameters:
[boosting: gbdt]
[objective: regression_l1]
[metric: l1]
[tree_learner: serial]
[device_type: cpu]
[data_sample_strategy: bagging]
[data: ]
[valid: ]
[num_iterations: 80]
[learning_rate: 0.05]
[num_leaves: 15]
[num_threads: 1]
[seed: 29]
[deterministic: 1]
[force_col_wise: 1]
[force_row_wise: 0]
[histogram_pool_size: -1]
[max_depth: 4]
[min_data_in_leaf: 10]
[min_sum_hessian_in_leaf: 0.001]
[bagging_fraction: 1]
[pos_bagging_fraction: 1]
[neg_bagging_fraction: 1]
[bagging_freq: 0]
[bagging_seed: 24511]
[bagging_by_query: 0]
[feature_fraction: 1]
[feature_fraction_bynode: 1]
[feature_fraction_seed: 12145]
[extra_trees: 0]
[extra_seed: 27368]
[early_stopping_round: 0]
[early_stopping_min_delta: 0]
[first_metric_only: 0]
[max_delta_step: 0]
[lambda_l1: 0]
[lambda_l2: 1]
[linear_lambda: 0]
[min_gain_to_split: 0]
[drop_rate: 0.1]
[max_drop: 50]
[skip_drop: 0.5]
[xgboost_dart_mode: 0]
[uniform_drop: 0]
[drop_seed: 15011]
[top_rate: 0.2]
[other_rate: 0.1]
[min_data_per_group: 100]
[max_cat_threshold: 32]
[cat_l2: 10]
[cat_smooth: 10]
[max_cat_to_onehot: 4]
[top_k: 20]
[monotone_constraints: ]
[monotone_constraints_method: basic]
[monotone_penalty: 0]
[feature_contri: ]
[forcedsplits_filename: ]
[refit_decay_rate: 0.9]
[cegb_tradeoff: 1]
[cegb_penalty_split: 0]
[cegb_penalty_feature_lazy: ]
[cegb_penalty_feature_coupled: ]
[path_smooth: 0]
[interaction_constraints: ]
[verbosity: -1]
[saved_feature_importance_type: 0]
[use_quantized_grad: 0]
[num_grad_quant_bins: 4]
[quant_train_renew_leaf: 0]
[stochastic_rounding: 1]
[linear_tree: 0]
[max_bin: 255]
[max_bin_by_feature: ]
[min_data_in_bin: 3]
[bin_construct_sample_cnt: 200000]
[data_random_seed: 133]
[is_enable_sparse: 1]
[enable_bundle: 1]
[use_missing: 1]
[zero_as_missing: 0]
[feature_pre_filter: 1]
[pre_partition: 0]
[two_round: 0]
[header: 0]
[label_column: ]
[weight_column: ]
[group_column: ]
[ignore_column: ]
[categorical_feature: ]
[forcedbins_filename: ]
[precise_float_parser: 0]
[parser_config_file: ]
[objective_seed: 13065]
[num_class: 1]
[is_unbalance: 0]
[scale_pos_weight: 1]
[sigmoid: 1]
[boost_from_average: 1]
[reg_sqrt: 0]
[alpha: 0.9]
[fair_c: 1]
[poisson_max_delta_step: 0.7]
[tweedie_variance_power: 1.5]
[lambdarank_truncation_level: 30]
[lambdarank_norm: 1]
[label_gain: ]
[lambdarank_position_bias_regularization: 0]
[eval_at: ]
[multi_error_top_k: 1]
[auc_mu_weights: ]
[num_machines: 1]
[local_listen_port: 12400]
[time_out: 120]
[machine_list_filename: ]
[machines: ]
[gpu_platform_id: -1]
[gpu_device_id: -1]
[gpu_use_dp: 0]
[num_gpu: 1]

end of parameters

pandas_categorical:[]
