N,Q50_MAE,Q50_pinball,Q90_MAE,Q90_coverage,Q90_pinball,underprediction_rate,GPU_weighted_coverage,GPU_weighted_underprediction,Q90_predicted_actual_ratio,reserved_GPUh,actual_GPUh,reservation_actual_GPUh,proper_interval_NLL,proper_NLL_N,proper_score_finite,zero_support_count,monotonicity_pass,positive_runtime_N,zero_runtime_N,Q90_actual_ratio_median,Q90_actual_ratio_P90,short_job_N,short_job_reserved_GPUh,short_job_actual_GPUh,short_job_reservation_inflation,gt4h_N,gt4h_coverage,gt8h_N,gt8h_coverage,gt12h_N,gt12h_coverage,gt24h_N,gt24h_coverage,fold,arm,calibration,training_seconds,inference_seconds,TRAIN_N,features,VALID_N,status,semantic_bundle_sha256,TRAIN_membership,VALID_membership,new_rich_fields,source_scope,artifacts,quantile_invalid_support_N,proper_quantile_pinball_finite,interval_distribution_gate,actual_TRAIN_exact_label_N,censored_TRAIN_not_mislabeled
22144,18428.24338775837,9214.121693879186,25162.547221738318,0.7070086705202312,7085.407350894908,0.2929913294797688,0.7581276765926247,0.24187232340737533,1.4751474580794914,438009.0,262975.9252777778,1.6655859259258705,9.726701236570195,22484,True,0.0,True,22142,2,2.239631944401307,162.078784539363,11015,152166.0,4097.714722222222,37.13435666343293,9812,0.4476151651039543,8349,0.380764163372859,8000,0.3615,607,0.34761120263591433,1,R0,C0,202.55048069998156,11.056936800014228,371864,192,22937,FROZEN_REFERENCE_RECOMPUTED,,,,,,,,,,,
36081,6682.047127949531,3341.0235639747657,13274.662912819516,0.9471466977079349,1839.0905329048755,0.05285330229206508,0.929562605319071,0.07043739468092901,2.2357070226992026,394854.0,144921.8452777778,2.724599588441389,7.394922530220455,36361,True,0.0,True,36014,67,3.1922081034972303,13.011319568855535,28609,165791.0,5801.5713888888895,28.576912854596813,5440,0.8477941176470588,4730,0.8414376321353065,4353,0.8348265563978865,914,0.5229759299781181,2,R0,C0,222.11720550002065,31.510007599950768,392695,192,37293,FROZEN_REFERENCE_RECOMPUTED,,,,,,,,,,,
85643,46097.19058375006,23048.59529187503,61423.41568877072,0.9673878775848581,6737.076894101599,0.03261212241514193,0.9409492100386343,0.05905078996136571,7.872729157748708,1830019.25,289434.1044444444,6.32274919195386,8.30808151655665,86146,True,0.0,True,85629,14,2930.482887171882,20220.88555562864,71982,1458949.0,9103.115000000002,160.26920455250755,11046,0.8486329893173999,9546,0.8603603603603603,7904,0.847165991902834,2129,0.6209488022545796,3,R0,C0,275.4543626999948,62.9688041000627,416865,192,86206,FROZEN_REFERENCE_RECOMPUTED,,,,,,,,,,,
21681,17241.05162609506,8620.52581304753,28885.480247108484,0.8714081453807481,5048.908974048489,0.12859185461925188,0.9201930961922298,0.07980690380777027,2.1923715547680764,426312.0,174648.13416666666,2.44097654998805,8.477612240327568,22037,True,0.0,True,21673,8,3.7498740491268983,2855.1974316872765,13053,180121.0,6053.043055555556,29.757098759554136,4929,0.6325826739703794,4003,0.5945540844366725,3635,0.5876203576341128,1422,0.28270042194092826,4,R0,C0,342.9335131000262,18.96355390001554,464642,192,22313,FROZEN_REFERENCE_RECOMPUTED,,,,,,,,,,,
64688,7399.079817002646,3699.539908501323,19896.143995746887,0.9255812515458818,2853.036858950153,0.07441874845411824,0.9121663504705374,0.0878336495294626,3.2214406657540207,774128.5,266937.31333333335,2.9000385533712194,7.425937007104505,64945,True,0.0,True,63489,1199,48.98941807071452,1322.7219736545976,50749,334550.25,7410.125277777778,45.14771848774036,7583,0.7333509165238032,5670,0.6712522045855379,4794,0.6410095953274927,1296,0.44135802469135804,5,R0,C0,383.20570129994303,52.21063300000969,541997,192,65287,FROZEN_REFERENCE_RECOMPUTED,,,,,,,,,,,
22144,20626.72116195915,10313.360580979575,26794.67537894002,0.6674945809248555,8335.518445994077,0.3325054190751445,0.8078852210428088,0.19211477895719117,1.437621738416668,450032.0,262975.9252777778,1.7113049398899824,11.673072876103829,22484,True,0.0,True,22142,2,2.1070006717573944,178.69253121183905,11015,155434.5,4097.714722222222,37.93199637765576,9812,0.3109457806767224,8349,0.21547490717451193,8000,0.189125,607,0.6210873146622735,1,R15,C0,121.6200546,13.228670200000124,371864,233,22937,FROZEN_REFERENCE_RECOMPUTED,c1ef5fdb3000e26f5c5260707f993efeb56d551d752175766e26179a94fef67f,,,,,,,,,,
36081,6648.600762459581,3324.3003812297907,12108.35348584828,0.9220088135029517,1720.1262901668342,0.07799118649704831,0.914059638068723,0.08594036193127702,2.1161624992545893,385823.5,144921.8452777778,2.662286691564518,7.4320980676103945,36361,True,0.0,True,36014,67,2.772783862485107,18.116459242673447,28609,164215.25,5801.5713888888895,28.305305406480628,5440,0.8501838235294118,4730,0.8384778012684989,4353,0.8306914771422008,914,0.5437636761487965,2,R15,C0,142.7050245999999,21.635471800000232,392695,233,37293,FROZEN_REFERENCE_RECOMPUTED,5711efdc59ccd77e4ab767a94817b5e0340c054f52bdb8919b3ad21c9f9a41eb,,,,,,,,,,
85643,31443.00959545703,15721.504797728516,55859.594325319566,0.9628807958618918,6135.738302578538,0.037119204138108194,0.9339840437227126,0.06601595627728743,7.247631678000828,1698376.75,289434.1044444444,5.867922003386425,7.487951869268478,86146,True,0.0,True,85629,14,2698.514699273127,17593.30702005117,71982,1321852.25,9103.115000000002,145.20878292760224,11046,0.8284446858591346,9546,0.8250576157552901,7904,0.8023785425101214,2129,0.506341005166745,3,R15,C0,199.3777855999997,51.43140179999864,416865,233,86206,FROZEN_REFERENCE_RECOMPUTED,8ad2fb5102a0c37e1d1fa28dcb290acc409a65b3119cc1df8b1bdb05e9c8ff49,,,,,,,,,,
21681,18210.619716457662,9105.309858228831,29771.89469034116,0.903556109035561,4917.317118937639,0.09644389096443891,0.9422413392953846,0.05775866070461543,2.265331570536778,435102.5,174648.13416666666,2.491309180462139,8.468465858951367,22037,True,0.0,True,21673,8,4.401141650371494,3203.646680278476,13053,183915.5,6053.043055555556,30.383973533973155,4929,0.689592209373098,4003,0.6577566824881339,3635,0.6365887207702888,1422,0.3368495077355837,4,R15,C0,258.0636445,13.516004799999791,464642,233,22313,FROZEN_REFERENCE_RECOMPUTED,bdb8cc076fd31bde2624a07db062f91a9bccd285446430c605dd20e5c868cf1b,,,,,,,,,,
64688,9637.935178717753,4818.9675893588765,25329.06675339363,0.9362632945832303,3215.7338631300304,0.06373670541676972,0.9275879557450645,0.07241204425493547,3.9583993695596273,978691.25,266937.31333333335,3.6663710958155793,7.355214971793408,64945,True,0.0,True,63489,1199,120.4398335898517,1522.2571272773405,50749,444514.5,7410.125277777778,59.98744735572209,7583,0.7553738625873665,5670,0.6897707231040564,4794,0.6535252398831873,1296,0.375,5,R15,C0,280.8980231000005,37.42696999999862,541997,233,65287,FROZEN_REFERENCE_RECOMPUTED,44bafa916e274fc26f05a454be1ba0dea9917d17e14736f2fdaa43d5dcbe747b,,,,,,,,,,
22144,18268.84375377117,9134.421876885584,24279.29552835592,0.6621206647398844,7765.1777336918185,0.3378793352601156,0.8047357984369532,0.19526420156304677,1.3781966694801162,406363.5,262975.9252777778,1.545249815437531,10.534083870011003,22484,True,0.0,True,22142,2,1.7441426802726838,138.9419508306583,11015,129910.75,4097.714722222222,31.70321967400122,9812,0.317570322054627,8349,0.22960833632770392,8000,0.20775,607,0.6738056013179572,1,R16-A,C0,69.24724490000153,7.819595699998899,371864,194,22937,COMPLETED,,e9bfe19b147d441ba1fe0b41c236cf472338f10ab16ea3a6fe066a23f41185e3,25c17c9597a5481947cfd810c6731b95c41eb63e69cc8f1c24b6e88754356f91,"['user', 'submit_line']",Research trace-proxy; accepted-submit receipt and namespace parity required for future input,"[{'path': 'D:\\ChatGPT\\Mobile ESS 2\\runtime_vnext6_callable_total_pr\\docs\\runtime_vnext16_raddit_rich_metadata\\.local\\runtime_fold1\\R16-A.parquet', 'bytes': 350399, 'sha256': '9cf02e841101557c3655b7f10153d731e129749b410bfd05afd08a7178c6a380'}, {'path': 'D:\\ChatGPT\\Mobile ESS 2\\runtime_vnext6_callable_total_pr\\docs\\runtime_vnext16_raddit_rich_metadata\\.local\\runtime_fold1\\R16-A_quantiles.npz', 'bytes': 104176, 'sha256': 'c6344f86f2a29a58fe74888613fe4200d7e436e96f31cc976666a3d7c0d5928c'}, {'path': 'D:\\ChatGPT\\Mobile ESS 2\\runtime_vnext6_callable_total_pr\\docs\\runtime_vnext16_raddit_rich_metadata\\.local\\runtime_fold1\\rich_adapter.json', 'bytes': 317897, 'sha256': '3b5fc925464ac9c5444c6a7c293118238c8ff084d2780e009ba77cf72c614f7b'}, {'path': 'D:\\ChatGPT\\Mobile ESS 2\\runtime_vnext6_callable_total_pr\\docs\\runtime_vnext16_raddit_rich_metadata\\.local\\runtime_fold1\\R16-A\\hazard.txt', 'bytes': 3301193, 'sha256': 'e0464422074d77ac04b3a14b1d542a178ec32e3f999a1f9042b10400c0f41754'}, {'path': 'D:\\ChatGPT\\Mobile ESS 2\\runtime_vnext6_callable_total_pr\\docs\\runtime_vnext16_raddit_rich_metadata\\.local\\runtime_fold1\\R16-A\\model.json', 'bytes': 11848, 'sha256': '96c5ef3f7e141751cfbef50dce625718f97af6c05474ec5050387ddc35b593e5'}]",,,,,
36081,6588.761078060202,3294.380539030101,13473.497748442162,0.944790887170533,1956.3579333927592,0.055209112829467034,0.9372408235035534,0.06275917649644662,2.231110056998619,386542.75,144921.8452777778,2.667249711450315,7.5335884675826685,36361,True,0.0,True,36014,67,3.3914026021324486,25.169518253019813,28609,140730.25,5801.5713888888895,24.257264207680894,5440,0.8283088235294118,4730,0.8154334038054968,4353,0.8070296347346657,914,0.5273522975929978,2,R16-A,C0,91.58448380000118,10.232768599998963,392695,194,37293,COMPLETED,,f406b9391a3e37cda94c24789ace4b0c72d5f5fcbdabe04aaf04c910dc28077d,735da876ae964aed67cfcfb3649efdfe2528d270ae8f7ede5c5d6ca7e57289da,"['user', 'submit_line']",Research trace-proxy; accepted-submit receipt and namespace parity required for future input,"[{'path': 'D:\\ChatGPT\\Mobile ESS 2\\runtime_vnext6_callable_total_pr\\docs\\runtime_vnext16_raddit_rich_metadata\\.local\\runtime_fold2\\R16-A.parquet', 'bytes': 436755, 'sha256': '2c9a8d472b54def7b8b5811cfec23e66b3dd74090a4d21536275b83af8d8e91a'}, {'path': 'D:\\ChatGPT\\Mobile ESS 2\\runtime_vnext6_callable_total_pr\\docs\\runtime_vnext16_raddit_rich_metadata\\.local\\runtime_fold2\\R16-A_quantiles.npz', 'bytes': 81167, 'sha256': 'fc90f9ee2ea9dcc1f7ea82a0c7a84fb44c28551ae1f1ad08c397839d5cabd69a'}, {'path': 'D:\\ChatGPT\\Mobile ESS 2\\runtime_vnext6_callable_total_pr\\docs\\runtime_vnext16_raddit_rich_metadata\\.local\\runtime_fold2\\rich_adapter.json', 'bytes': 437439, 'sha256': 'd68b9134b9088463027999cb66ea8dfeffa5fdf4522461a66f5bea730e61fc4a'}, {'path': 'D:\\ChatGPT\\Mobile ESS 2\\runtime_vnext6_callable_total_pr\\docs\\runtime_vnext16_raddit_rich_metadata\\.local\\runtime_fold2\\R16-A\\hazard.txt', 'bytes': 3944555, 'sha256': '105f49894ce46f62a6ee1de69ee300f462476d749b165d1b82c82b6a673647ae'}, {'path': 'D:\\ChatGPT\\Mobile ESS 2\\runtime_vnext6_callable_total_pr\\docs\\runtime_vnext16_raddit_rich_metadata\\.local\\runtime_fold2\\R16-A\\model.json', 'bytes': 12112, 'sha256': '3f7629ddb36b45d8678693733c8b08b6b38953e2d5cc7cacbaa01836c98d40ec'}]",,,,,
85643,41853.09766717931,20926.548833589655,62150.41740473407,0.9603703746949547,6824.62770998479,0.039629625305045366,0.9464930740961774,0.0535069259038226,7.951834855114606,1825765.5,289434.1044444444,6.30805240973407,7.833240420909118,86146,True,0.0,True,85629,14,3034.0654683186553,18290.308594177197,71982,1427720.75,9103.115000000002,156.83870301539636,11046,0.823012855332247,9546,0.8318667504714017,7904,0.8097165991902834,2129,0.5664631282292156,3,R16-A,C0,145.42349810000087,40.365431700000045,416865,194,86206,COMPLETED,,14fba3453e403abbea2e33992011b9f9c1b330a171c3393dc0fade5a97e57760,b2e8d14fc7f1af497d17c4e5369cd2d3517226f4ba45fe2221a6dd54099f2fcb,"['user', 'submit_line']",Research trace-proxy; accepted-submit receipt and namespace parity required for future input,"[{'path': 'D:\\ChatGPT\\Mobile ESS 2\\runtime_vnext6_callable_total_pr\\docs\\runtime_vnext16_raddit_rich_metadata\\.local\\runtime_fold3\\R16-A.parquet', 'bytes': 989035, 'sha256': 'cf4b4c800b530197c4e6f218e09816ac1484accf955b0db9f7c0e2f145a13b86'}, {'path': 'D:\\ChatGPT\\Mobile ESS 2\\runtime_vnext6_callable_total_pr\\docs\\runtime_vnext16_raddit_rich_metadata\\.local\\runtime_fold3\\R16-A_quantiles.npz', 'bytes': 150550, 'sha256': 'fe6ed7a72d9cf172fd751751398dfd814273f8353ec0dc1863dea7aa110fdc9b'}, {'path': 'D:\\ChatGPT\\Mobile ESS 2\\runtime_vnext6_callable_total_pr\\docs\\runtime_vnext16_raddit_rich_metadata\\.local\\runtime_fold3\\rich_adapter.json', 'bytes': 525089, 'sha256': '8c9546df9663a59fe2d8a597e1c89cde60c43d91ac87f9791285d06aa46c3bc0'}, {'path': 'D:\\ChatGPT\\Mobile ESS 2\\runtime_vnext6_callable_total_pr\\docs\\runtime_vnext16_raddit_rich_metadata\\.local\\runtime_fold3\\R16-A\\hazard.txt', 'bytes': 4546762, 'sha256': '3d4206226a3509389a5b12044fbe2fb2178a1a5ba864eb3ab00bd4dfdc38f2b4'}, {'path': 'D:\\ChatGPT\\Mobile ESS 2\\runtime_vnext6_callable_total_pr\\docs\\runtime_vnext16_raddit_rich_metadata\\.local\\runtime_fold3\\R16-A\\model.json', 'bytes': 12281, 'sha256': 'a15b8fcad72633d88c92259e7077a1517b0c9759058ca7b5a91fde28e5a077af'}]",,,,,
21681,17715.295598751014,8857.647799375507,27625.410515491552,0.8663807019971403,5308.9413823697,0.13361929800285965,0.921245222880661,0.07875477711933902,2.0793941249408414,383795.5,174648.13416666666,2.1975356440610128,8.455094062050845,22037,True,0.0,True,21673,8,3.216678220442228,2623.4657581522965,13053,161767.75,6053.043055555556,26.725028802087838,4929,0.592006492189085,4003,0.546839870097427,3635,0.51939477303989,1422,0.37834036568213786,4,R16-A,C0,222.72153780000008,18.133924300000217,464642,194,22313,COMPLETED,,b535a9612824e9b7212516e238828e107f95cb45b6e5570c9d8cfd8fd633ab5e,50a4e8e4c857a41db105541a580b68169132630031b964c1e053725f481ad059,"['user', 'submit_line']",Research trace-proxy; accepted-submit receipt and namespace parity required for future input,"[{'path': 'D:\\ChatGPT\\Mobile ESS 2\\runtime_vnext6_callable_total_pr\\docs\\runtime_vnext16_raddit_rich_metadata\\.local\\runtime_fold4\\R16-A.parquet', 'bytes': 390299, 'sha256': 'a8ff27ca38728ad70a6aec1fe1fda46268f40fa00aa95fabd55169667a9f96c8'}, {'path': 'D:\\ChatGPT\\Mobile ESS 2\\runtime_vnext6_callable_total_pr\\docs\\runtime_vnext16_raddit_rich_metadata\\.local\\runtime_fold4\\R16-A_quantiles.npz', 'bytes': 123418, 'sha256': 'bef58d516dd698cda8b03b59951f27a81bd8da74e88608a7c69de6cfdd490b7b'}, {'path': 'D:\\ChatGPT\\Mobile ESS 2\\runtime_vnext6_callable_total_pr\\docs\\runtime_vnext16_raddit_rich_metadata\\.local\\runtime_fold4\\rich_adapter.json', 'bytes': 621229, 'sha256': '8e717521e191eeb1705ded4f9e127513486938493825893f5161f1b78efe4cd6'}, {'path': 'D:\\ChatGPT\\Mobile ESS 2\\runtime_vnext6_callable_total_pr\\docs\\runtime_vnext16_raddit_rich_metadata\\.local\\runtime_fold4\\R16-A\\hazard.txt', 'bytes': 5106943, 'sha256': 'cea1d45d4d657cb1c342345f79c368f4a38c8630f37587b04de7a1d5ad5bd3b5'}, {'path': 'D:\\ChatGPT\\Mobile ESS 2\\runtime_vnext6_callable_total_pr\\docs\\runtime_vnext16_raddit_rich_metadata\\.local\\runtime_fold4\\R16-A\\model.json', 'bytes': 12497, 'sha256': '6956d73cf133a64d737f0060066d3aea43e4945c2f1ce598e015f8d1684a7a07'}]",,,,,
64688,7948.929294688481,3974.4646473442403,26579.160250868797,0.9296469206035123,3528.4338075501664,0.07035307939648776,0.9234648834457239,0.07653511655427617,4.056194500851168,943714.5,266937.31333333335,3.5353412687628007,7.520537977321298,64945,True,0.0,True,63489,1199,120.66139753264908,1428.026761067118,50749,477435.0,7410.125277777778,64.43008479651209,7583,0.7272847158116841,5670,0.6532627865961199,4794,0.605340008343763,1296,0.31867283950617287,5,R16-A,C0,258.23968590000004,28.355310199996893,541997,194,65287,COMPLETED,,521b13fd074e52612da74429a215451f8499dc3017880709c742d47449d2c3f7,779585cb7f674b8022bbe27788c53d04ccc4026fe1a5647580c13b5bb38aef1a,"['user', 'submit_line']",Research trace-proxy; accepted-submit receipt and namespace parity required for future input,"[{'path': 'D:\\ChatGPT\\Mobile ESS 2\\runtime_vnext6_callable_total_pr\\docs\\runtime_vnext16_raddit_rich_metadata\\.local\\runtime_fold5\\R16-A.parquet', 'bytes': 834431, 'sha256': 'fb13285d9715b1f263391fc1f7fa3756a6a9b1ac20c2c5609f29d4c13673e02f'}, {'path': 'D:\\ChatGPT\\Mobile ESS 2\\runtime_vnext6_callable_total_pr\\docs\\runtime_vnext16_raddit_rich_metadata\\.local\\runtime_fold5\\R16-A_quantiles.npz', 'bytes': 175263, 'sha256': 'eff7313ca732ff2f483bfce0c361936479315168572480722f9046699b400e04'}, {'path': 'D:\\ChatGPT\\Mobile ESS 2\\runtime_vnext6_callable_total_pr\\docs\\runtime_vnext16_raddit_rich_metadata\\.local\\runtime_fold5\\rich_adapter.json', 'bytes': 687837, 'sha256': '6763b1ca324d01bb421de3e6d717593457f4c4ea672e81ee6d23763a8bb256c0'}, {'path': 'D:\\ChatGPT\\Mobile ESS 2\\runtime_vnext6_callable_total_pr\\docs\\runtime_vnext16_raddit_rich_metadata\\.local\\runtime_fold5\\R16-A\\hazard.txt', 'bytes': 5325669, 'sha256': '2dac3e7caa9f216028730fbafd1d7a556281b2146ca6d26bf41e47d2554e1033'}, {'path': 'D:\\ChatGPT\\Mobile ESS 2\\runtime_vnext6_callable_total_pr\\docs\\runtime_vnext16_raddit_rich_metadata\\.local\\runtime_fold5\\R16-A\\model.json', 'bytes': 12747, 'sha256': '7442ac37d3b17634342bf00a01a49b0f4749e5d53e4416f08c31dd62bf526e2a'}]",,,,,
22144,22416.168681051735,11208.084340525867,22292.258878569894,0.6548952312138728,7470.442009487159,0.34510476878612717,0.7985702621186116,0.2014297378813884,1.317783122140847,408865.5,262975.9252777778,1.5547639943394862,,22484,False,,True,22142,2,2.415718723013483,224.90919787914964,11015,141134.0,4097.714722222222,34.44212434668023,9812,0.29861394211169995,8349,0.20074260390465923,8000,0.17575,607,0.19604612850082373,1,R16-B,C0,34.81512819999989,,371864,194,22937,COMPLETED,,e9bfe19b147d441ba1fe0b41c236cf472338f10ab16ea3a6fe066a23f41185e3,25c17c9597a5481947cfd810c6731b95c41eb63e69cc8f1c24b6e88754356f91,"['user', 'submit_line']",Research trace-proxy; accepted-submit receipt and namespace parity required for future input,"[{'path': 'D:\\ChatGPT\\Mobile ESS 2\\runtime_vnext6_callable_total_pr\\docs\\runtime_vnext16_raddit_rich_metadata\\.local\\runtime_fold1\\R16-B.parquet', 'bytes': 392519, 'sha256': '2f5bc1c042c43d861c1f38734ab229416a364fe8b9dfef63c2ef61838b11ce18'}, {'path': 'D:\\ChatGPT\\Mobile ESS 2\\runtime_vnext6_callable_total_pr\\docs\\runtime_vnext16_raddit_rich_metadata\\.local\\runtime_fold1\\R16-B_quantiles.npz', 'bytes': 133269, 'sha256': '00d0282783c4fbdbd28792f6898adec1e85f6cfa6f550432b589f2637b67a242'}, {'path': 'D:\\ChatGPT\\Mobile ESS 2\\runtime_vnext6_callable_total_pr\\docs\\runtime_vnext16_raddit_rich_metadata\\.local\\runtime_fold1\\rich_adapter.json', 'bytes': 317897, 'sha256': '3b5fc925464ac9c5444c6a7c293118238c8ff084d2780e009ba77cf72c614f7b'}, {'path': 'D:\\ChatGPT\\Mobile ESS 2\\runtime_vnext6_callable_total_pr\\docs\\runtime_vnext16_raddit_rich_metadata\\.local\\runtime_fold1\\R16-B_q50.txt', 'bytes': 3502456, 'sha256': 'e54132971fa91d295c18f7279f72ff41b8c58067956000891f30af485655ff9b'}, {'path': 'D:\\ChatGPT\\Mobile ESS 2\\runtime_vnext6_callable_total_pr\\docs\\runtime_vnext16_raddit_rich_metadata\\.local\\runtime_fold1\\R16-B_q90.txt', 'bytes': 3329182, 'sha256': '3318e595ebd74ea6b67ba945eefbdb36e019176cb2d1ea7c3d18a684ece62703'}]",0.0,True,NOT_DEFINED_QUANTILE_ONLY,371713.0,151.0
36081,8810.327000097564,4405.163500048782,13716.793702971201,0.9101188991435936,2328.8860782408,0.08988110085640642,0.903157740493809,0.09684225950619094,2.1665000488974715,390043.5,144921.8452777778,2.6914058350029095,,36361,False,,True,36014,67,21.933076943212516,80.73054672126548,28609,186941.25,5801.5713888888895,32.222519981056855,5440,0.5520220588235294,4730,0.49577167019027485,4353,0.47622329427980703,914,0.324945295404814,2,R16-B,C0,43.09310590000314,,392695,194,37293,COMPLETED,,f406b9391a3e37cda94c24789ace4b0c72d5f5fcbdabe04aaf04c910dc28077d,735da876ae964aed67cfcfb3649efdfe2528d270ae8f7ede5c5d6ca7e57289da,"['user', 'submit_line']",Research trace-proxy; accepted-submit receipt and namespace parity required for future input,"[{'path': 'D:\\ChatGPT\\Mobile ESS 2\\runtime_vnext6_callable_total_pr\\docs\\runtime_vnext16_raddit_rich_metadata\\.local\\runtime_fold2\\R16-B.parquet', 'bytes': 489829, 'sha256': '72e01e95d1f1edcc9a9c7036d998a059cad9b1d35bfe98b79d1aa9801aa63904'}, {'path': 'D:\\ChatGPT\\Mobile ESS 2\\runtime_vnext6_callable_total_pr\\docs\\runtime_vnext16_raddit_rich_metadata\\.local\\runtime_fold2\\R16-B_quantiles.npz', 'bytes': 94605, 'sha256': '862a333f1cacb4db562d58515871148612fd540cbb4d1aa594f752093fe58b18'}, {'path': 'D:\\ChatGPT\\Mobile ESS 2\\runtime_vnext6_callable_total_pr\\docs\\runtime_vnext16_raddit_rich_metadata\\.local\\runtime_fold2\\rich_adapter.json', 'bytes': 437439, 'sha256': 'd68b9134b9088463027999cb66ea8dfeffa5fdf4522461a66f5bea730e61fc4a'}, {'path': 'D:\\ChatGPT\\Mobile ESS 2\\runtime_vnext6_callable_total_pr\\docs\\runtime_vnext16_raddit_rich_metadata\\.local\\runtime_fold2\\R16-B_q50.txt', 'bytes': 4699199, 'sha256': '32ad8f43f899b5a44972a5a6afd1f13daac7cbaf088ac64f449cc23fb2f2c3fa'}, {'path': 'D:\\ChatGPT\\Mobile ESS 2\\runtime_vnext6_callable_total_pr\\docs\\runtime_vnext16_raddit_rich_metadata\\.local\\runtime_fold2\\R16-B_q90.txt', 'bytes': 4213410, 'sha256': 'd71be018c6d85d74435c915cf9feccb98a9c272da05bc7b6eeaaf192178645d2'}]",0.0,True,NOT_DEFINED_QUANTILE_ONLY,392386.0,309.0
85643,31449.782095460127,15724.891047730063,56181.206858027144,0.9386289597515267,6440.066961583409,0.06137104024847331,0.9304661243207588,0.06953387567924113,7.206488582417483,1695550.25,289434.1044444444,5.858156395406587,,86146,False,,True,85629,14,2230.820807194215,17694.588476285706,71982,1326560.25,9103.115000000002,145.72596852835537,11046,0.6226688393988774,9546,0.5967944688874921,7904,0.5279605263157895,2129,0.1808360732738375,3,R16-B,C0,56.61127100000158,,416865,194,86206,COMPLETED,,14fba3453e403abbea2e33992011b9f9c1b330a171c3393dc0fade5a97e57760,b2e8d14fc7f1af497d17c4e5369cd2d3517226f4ba45fe2221a6dd54099f2fcb,"['user', 'submit_line']",Research trace-proxy; accepted-submit receipt and namespace parity required for future input,"[{'path': 'D:\\ChatGPT\\Mobile ESS 2\\runtime_vnext6_callable_total_pr\\docs\\runtime_vnext16_raddit_rich_metadata\\.local\\runtime_fold3\\R16-B.parquet', 'bytes': 1029843, 'sha256': '61d92322ad10108f0b5937074683fee133477cc50e51111ba45df5d06e1e9eb4'}, {'path': 'D:\\ChatGPT\\Mobile ESS 2\\runtime_vnext6_callable_total_pr\\docs\\runtime_vnext16_raddit_rich_metadata\\.local\\runtime_fold3\\R16-B_quantiles.npz', 'bytes': 175277, 'sha256': '2e90a090e695900beb0b0d9a122d5a636ce650158e878aebf4999e7d1faa1907'}, {'path': 'D:\\ChatGPT\\Mobile ESS 2\\runtime_vnext6_callable_total_pr\\docs\\runtime_vnext16_raddit_rich_metadata\\.local\\runtime_fold3\\rich_adapter.json', 'bytes': 525089, 'sha256': '8c9546df9663a59fe2d8a597e1c89cde60c43d91ac87f9791285d06aa46c3bc0'}, {'path': 'D:\\ChatGPT\\Mobile ESS 2\\runtime_vnext6_callable_total_pr\\docs\\runtime_vnext16_raddit_rich_metadata\\.local\\runtime_fold3\\R16-B_q50.txt', 'bytes': 5622573, 'sha256': 'afce9b501a6037bf968266b3e5032390f0e166c1cf8513077042b9a2205c1d43'}, {'path': 'D:\\ChatGPT\\Mobile ESS 2\\runtime_vnext6_callable_total_pr\\docs\\runtime_vnext16_raddit_rich_metadata\\.local\\runtime_fold3\\R16-B_q90.txt', 'bytes': 4571220, 'sha256': 'cb9f4dfb1c74060d5c709ead550b139f6bcdbf2224faff1a4c68ac405be86e8b'}]",0.0,True,NOT_DEFINED_QUANTILE_ONLY,416513.0,352.0
21681,17808.264620556205,8904.132310278103,26287.259119526476,0.8140307181403071,5805.7313659295905,0.18596928185969283,0.8949420556698798,0.10505794433012022,1.9314092343007079,374883.5,174648.13416666666,2.146507329086315,,22037,False,,True,21673,8,4.5224970770894775,2867.8794986157914,13053,169347.75,6053.043055555556,27.977291495485165,4929,0.39034286873605195,4003,0.29652760429677744,3635,0.2591471801925722,1422,0.2250351617440225,4,R16-B,C0,72.44620460000078,,464642,194,22313,COMPLETED,,b535a9612824e9b7212516e238828e107f95cb45b6e5570c9d8cfd8fd633ab5e,50a4e8e4c857a41db105541a580b68169132630031b964c1e053725f481ad059,"['user', 'submit_line']",Research trace-proxy; accepted-submit receipt and namespace parity required for future input,"[{'path': 'D:\\ChatGPT\\Mobile ESS 2\\runtime_vnext6_callable_total_pr\\docs\\runtime_vnext16_raddit_rich_metadata\\.local\\runtime_fold4\\R16-B.parquet', 'bytes': 398088, 'sha256': 'c230312fc2f104c9ee72e1af7f736d75eb6eb75764cf1505fa8b5d8267029b67'}, {'path': 'D:\\ChatGPT\\Mobile ESS 2\\runtime_vnext6_callable_total_pr\\docs\\runtime_vnext16_raddit_rich_metadata\\.local\\runtime_fold4\\R16-B_quantiles.npz', 'bytes': 123721, 'sha256': '200ff9a81d9f5e54ab92a53ea2b40cd4f4cc9b1aea4b9a165280aded89b668c7'}, {'path': 'D:\\ChatGPT\\Mobile ESS 2\\runtime_vnext6_callable_total_pr\\docs\\runtime_vnext16_raddit_rich_metadata\\.local\\runtime_fold4\\rich_adapter.json', 'bytes': 621229, 'sha256': '8e717521e191eeb1705ded4f9e127513486938493825893f5161f1b78efe4cd6'}, {'path': 'D:\\ChatGPT\\Mobile ESS 2\\runtime_vnext6_callable_total_pr\\docs\\runtime_vnext16_raddit_rich_metadata\\.local\\runtime_fold4\\R16-B_q50.txt', 'bytes': 6477066, 'sha256': '630fa31a5f8e1731aaa0a54a16e55065b3f8e2c2a2f6cd096f2cde71d6b1edc1'}, {'path': 'D:\\ChatGPT\\Mobile ESS 2\\runtime_vnext6_callable_total_pr\\docs\\runtime_vnext16_raddit_rich_metadata\\.local\\runtime_fold4\\R16-B_q90.txt', 'bytes': 5449876, 'sha256': '520f68b40e64ab4c44eba1caf49f4bb7d631efc3a7f10bf4d30f5e425b3945e0'}]",0.0,True,NOT_DEFINED_QUANTILE_ONLY,464366.0,276.0
64688,10210.73866958701,5105.369334793505,26002.56647580985,0.9394478110314123,3370.064081577117,0.06055218896858768,0.9291658057366118,0.07083419426338824,4.015514578255147,961868.0,266937.31333333335,3.603347872160847,,64945,False,,True,63489,1199,136.22877993253698,1309.2028411117165,50749,460158.5,7410.125277777778,62.098612742752024,7583,0.6430172754846367,5670,0.5493827160493827,4794,0.4885273258239466,1296,0.37808641975308643,5,R16-B,C0,79.44125809999969,,541997,194,65287,COMPLETED,,521b13fd074e52612da74429a215451f8499dc3017880709c742d47449d2c3f7,779585cb7f674b8022bbe27788c53d04ccc4026fe1a5647580c13b5bb38aef1a,"['user', 'submit_line']",Research trace-proxy; accepted-submit receipt and namespace parity required for future input,"[{'path': 'D:\\ChatGPT\\Mobile ESS 2\\runtime_vnext6_callable_total_pr\\docs\\runtime_vnext16_raddit_rich_metadata\\.local\\runtime_fold5\\R16-B.parquet', 'bytes': 841023, 'sha256': 'e68c7ab4961d30212d552ae4246914cc7fc6846d8d6f4a2affb444da17662213'}, {'path': 'D:\\ChatGPT\\Mobile ESS 2\\runtime_vnext6_callable_total_pr\\docs\\runtime_vnext16_raddit_rich_metadata\\.local\\runtime_fold5\\R16-B_quantiles.npz', 'bytes': 180479, 'sha256': '8221b8af3ebd4a1d66505da5bf79d13d4b5c650c44c28af473abc993d37e613d'}, {'path': 'D:\\ChatGPT\\Mobile ESS 2\\runtime_vnext6_callable_total_pr\\docs\\runtime_vnext16_raddit_rich_metadata\\.local\\runtime_fold5\\rich_adapter.json', 'bytes': 687837, 'sha256': '6763b1ca324d01bb421de3e6d717593457f4c4ea672e81ee6d23763a8bb256c0'}, {'path': 'D:\\ChatGPT\\Mobile ESS 2\\runtime_vnext6_callable_total_pr\\docs\\runtime_vnext16_raddit_rich_metadata\\.local\\runtime_fold5\\R16-B_q50.txt', 'bytes': 7314374, 'sha256': 'abab332482fd58b02714ffa0496c5833b63cdf5364666d55caabcbbcca3a5846'}, {'path': 'D:\\ChatGPT\\Mobile ESS 2\\runtime_vnext6_callable_total_pr\\docs\\runtime_vnext16_raddit_rich_metadata\\.local\\runtime_fold5\\R16-B_q90.txt', 'bytes': 5459722, 'sha256': '479f04e24c7e553544f51ebf00fddb06da19e70f00a42ed0a5112687ac90f3f4'}]",0.0,True,NOT_DEFINED_QUANTILE_ONLY,541874.0,123.0
22144,16900.06453065232,8450.03226532616,21888.560145154413,0.6177294075144508,8285.991651108538,0.3822705924855491,0.7321491059972338,0.2678508940027662,1.2298234575869935,347047.5,262975.9252777778,1.3196930465532866,10.824512157621276,22484,True,0.0,True,22142,2,1.3486500990957153,129.51227873435138,11015,101316.0,4097.714722222222,24.72500085243991,9812,0.2836322869955157,8349,0.19235836627140976,8000,0.17,607,0.6919275123558485,1,R16-C,C0,79.11860449999949,7.456974000000628,371864,212,22937,COMPLETED,,e9bfe19b147d441ba1fe0b41c236cf472338f10ab16ea3a6fe066a23f41185e3,25c17c9597a5481947cfd810c6731b95c41eb63e69cc8f1c24b6e88754356f91,"['user', 'submit_line']",Research trace-proxy; accepted-submit receipt and namespace parity required for future input,"[{'path': 'D:\\ChatGPT\\Mobile ESS 2\\runtime_vnext6_callable_total_pr\\docs\\runtime_vnext16_raddit_rich_metadata\\.local\\runtime_fold1\\R16-C.parquet', 'bytes': 348927, 'sha256': 'b96314f8753fc7fb4ad908b52aa4ef9b547cd8c3b61b734053237cc0fe55a4cf'}, {'path': 'D:\\ChatGPT\\Mobile ESS 2\\runtime_vnext6_callable_total_pr\\docs\\runtime_vnext16_raddit_rich_metadata\\.local\\runtime_fold1\\R16-C_quantiles.npz', 'bytes': 105455, 'sha256': '564145fffac1ddd8b9c1b07e8189133de7b89db8be71e517ecb2e5502afe21bf'}, {'path': 'D:\\ChatGPT\\Mobile ESS 2\\runtime_vnext6_callable_total_pr\\docs\\runtime_vnext16_raddit_rich_metadata\\.local\\runtime_fold1\\rich_adapter.json', 'bytes': 317897, 'sha256': '3b5fc925464ac9c5444c6a7c293118238c8ff084d2780e009ba77cf72c614f7b'}, {'path': 'D:\\ChatGPT\\Mobile ESS 2\\runtime_vnext6_callable_total_pr\\docs\\runtime_vnext16_raddit_rich_metadata\\.local\\runtime_fold1\\R16-C\\hazard.txt', 'bytes': 3189772, 'sha256': 'b1fd53243d0ad79a7fbcec12bfb8127e5f54aa0faf2dcc39247d0791f81d0cf1'}, {'path': 'D:\\ChatGPT\\Mobile ESS 2\\runtime_vnext6_callable_total_pr\\docs\\runtime_vnext16_raddit_rich_metadata\\.local\\runtime_fold1\\R16-C\\model.json', 'bytes': 12288, 'sha256': '7ae3f21879175cf1071bf871cc73c4d3d8c28cd5f68e438b96415a665c3203f3'}]",,,,,
36081,6366.281816504581,3183.1409082522905,12644.288050512534,0.8953188658850919,1923.9516860135159,0.10468113411490812,0.7942706425379149,0.20572935746208512,2.1326811736694093,365789.75,144921.8452777778,2.524048388280424,7.517321723602412,36361,True,0.0,True,36014,67,4.583975257650406,20.446001240050638,28609,125880.75,5801.5713888888895,21.697699047724473,5440,0.8435661764705882,4730,0.8367864693446089,4353,0.8316103836434643,914,0.5317286652078774,2,R16-C,C0,156.9459766,16.78646260000096,392695,212,37293,COMPLETED,,f406b9391a3e37cda94c24789ace4b0c72d5f5fcbdabe04aaf04c910dc28077d,735da876ae964aed67cfcfb3649efdfe2528d270ae8f7ede5c5d6ca7e57289da,"['user', 'submit_line']",Research trace-proxy; accepted-submit receipt and namespace parity required for future input,"[{'path': 'D:\\ChatGPT\\Mobile ESS 2\\runtime_vnext6_callable_total_pr\\docs\\runtime_vnext16_raddit_rich_metadata\\.local\\runtime_fold2\\R16-C.parquet', 'bytes': 441569, 'sha256': '861b02d1ac99de3d0f6f006ca189d5a3fc949a0ae78c5f20a0bacfecbd5c2786'}, {'path': 'D:\\ChatGPT\\Mobile ESS 2\\runtime_vnext6_callable_total_pr\\docs\\runtime_vnext16_raddit_rich_metadata\\.local\\runtime_fold2\\R16-C_quantiles.npz', 'bytes': 81954, 'sha256': '33d12e93500646a0f5755b9ba76aced4b3366453a6802cc930b87b6212907bab'}, {'path': 'D:\\ChatGPT\\Mobile ESS 2\\runtime_vnext6_callable_total_pr\\docs\\runtime_vnext16_raddit_rich_metadata\\.local\\runtime_fold2\\rich_adapter.json', 'bytes': 437439, 'sha256': 'd68b9134b9088463027999cb66ea8dfeffa5fdf4522461a66f5bea730e61fc4a'}, {'path': 'D:\\ChatGPT\\Mobile ESS 2\\runtime_vnext6_callable_total_pr\\docs\\runtime_vnext16_raddit_rich_metadata\\.local\\runtime_fold2\\R16-C\\hazard.txt', 'bytes': 3852902, 'sha256': '606eaf28b7028126944c8f459f65ce36d00af998a6e33ab5e807ab8352ffa08c'}, {'path': 'D:\\ChatGPT\\Mobile ESS 2\\runtime_vnext6_callable_total_pr\\docs\\runtime_vnext16_raddit_rich_metadata\\.local\\runtime_fold2\\R16-C\\model.json', 'bytes': 12546, 'sha256': 'd338f0e102d04934ce94a3ae8f162630245cd48bf2b14ab881dfbabf0292eb93'}]",,,,,
85643,44439.69946342895,22219.849731714476,58938.40363916695,0.959681468421237,6610.354659998212,0.04031853157876301,0.9426296447529604,0.05737035524703961,7.552871062415392,1732961.5,289434.1044444444,5.987412932302297,7.910647831068251,86146,True,0.0,True,85629,14,2944.672722196777,17996.241806575294,71982,1390886.5,9103.115000000002,152.79236832666618,11046,0.8227412638059026,9546,0.8296668761785041,7904,0.8038967611336032,2129,0.5180836073273838,3,R16-C,C0,205.88556590000007,31.80281119999927,416865,212,86206,COMPLETED,,14fba3453e403abbea2e33992011b9f9c1b330a171c3393dc0fade5a97e57760,b2e8d14fc7f1af497d17c4e5369cd2d3517226f4ba45fe2221a6dd54099f2fcb,"['user', 'submit_line']",Research trace-proxy; accepted-submit receipt and namespace parity required for future input,"[{'path': 'D:\\ChatGPT\\Mobile ESS 2\\runtime_vnext6_callable_total_pr\\docs\\runtime_vnext16_raddit_rich_metadata\\.local\\runtime_fold3\\R16-C.parquet', 'bytes': 980625, 'sha256': '013630bcfd1ffa98a3ea186aa729d7cd36efda7605b50bec6e529f2900554fcf'}, {'path': 'D:\\ChatGPT\\Mobile ESS 2\\runtime_vnext6_callable_total_pr\\docs\\runtime_vnext16_raddit_rich_metadata\\.local\\runtime_fold3\\R16-C_quantiles.npz', 'bytes': 145744, 'sha256': '33073d46aa3012fe2a5e66713d80f35108fe027966edd48279c8a29a9c595c97'}, {'path': 'D:\\ChatGPT\\Mobile ESS 2\\runtime_vnext6_callable_total_pr\\docs\\runtime_vnext16_raddit_rich_metadata\\.local\\runtime_fold3\\rich_adapter.json', 'bytes': 525089, 'sha256': '8c9546df9663a59fe2d8a597e1c89cde60c43d91ac87f9791285d06aa46c3bc0'}, {'path': 'D:\\ChatGPT\\Mobile ESS 2\\runtime_vnext6_callable_total_pr\\docs\\runtime_vnext16_raddit_rich_metadata\\.local\\runtime_fold3\\R16-C\\hazard.txt', 'bytes': 4366804, 'sha256': '213f9a128156635443aadf2a27cab690e8fd15f808114728bff85399b216a464'}, {'path': 'D:\\ChatGPT\\Mobile ESS 2\\runtime_vnext6_callable_total_pr\\docs\\runtime_vnext16_raddit_rich_metadata\\.local\\runtime_fold3\\R16-C\\model.json', 'bytes': 12721, 'sha256': 'bfd0657f3f7d2937174a14470b5e1669246864fb8945bea0a14e042e5ee403f4'}]",,,,,
21681,15965.540912528153,7982.7704562640765,27983.472114592503,0.9037406023707394,5141.745547433947,0.09625939762926064,0.9456298061301852,0.054370193869814794,2.1233411348342632,395071.75,174648.13416666666,2.2621011778057882,8.390075242879906,22037,True,0.0,True,21673,8,3.494651478019718,2372.1289701942,13053,169843.5,6053.043055555556,28.059192449344234,4929,0.693446946642321,4003,0.6630027479390457,3635,0.6464924346629987,1422,0.2974683544303797,4,R16-C,C0,232.60507700000016,18.882064099998388,464642,212,22313,COMPLETED,,b535a9612824e9b7212516e238828e107f95cb45b6e5570c9d8cfd8fd633ab5e,50a4e8e4c857a41db105541a580b68169132630031b964c1e053725f481ad059,"['user', 'submit_line']",Research trace-proxy; accepted-submit receipt and namespace parity required for future input,"[{'path': 'D:\\ChatGPT\\Mobile ESS 2\\runtime_vnext6_callable_total_pr\\docs\\runtime_vnext16_raddit_rich_metadata\\.local\\runtime_fold4\\R16-C.parquet', 'bytes': 382837, 'sha256': '1c8d91d636e9ecb520964064cf45cf4eebece32b44ee760e36352a7b12cd7c91'}, {'path': 'D:\\ChatGPT\\Mobile ESS 2\\runtime_vnext6_callable_total_pr\\docs\\runtime_vnext16_raddit_rich_metadata\\.local\\runtime_fold4\\R16-C_quantiles.npz', 'bytes': 118347, 'sha256': '9bd129140f449fd58e96be67c516540e28265a3d8a93686e3ce05a1e6a7455e2'}, {'path': 'D:\\ChatGPT\\Mobile ESS 2\\runtime_vnext6_callable_total_pr\\docs\\runtime_vnext16_raddit_rich_metadata\\.local\\runtime_fold4\\rich_adapter.json', 'bytes': 621229, 'sha256': '8e717521e191eeb1705ded4f9e127513486938493825893f5161f1b78efe4cd6'}, {'path': 'D:\\ChatGPT\\Mobile ESS 2\\runtime_vnext6_callable_total_pr\\docs\\runtime_vnext16_raddit_rich_metadata\\.local\\runtime_fold4\\R16-C\\hazard.txt', 'bytes': 4661176, 'sha256': '24c0985f3f6757f6555f0f737090800e1fce54a1385454521dd5a13e5912e4fa'}, {'path': 'D:\\ChatGPT\\Mobile ESS 2\\runtime_vnext6_callable_total_pr\\docs\\runtime_vnext16_raddit_rich_metadata\\.local\\runtime_fold4\\R16-C\\model.json', 'bytes': 12937, 'sha256': '08ad81b41771fca128aba0948d66e7caa0df308d1bf6e4361bc398ba9f29875e'}]",,,,,
64688,7424.633892667993,3712.3169463339964,24205.811911952787,0.9268334157803612,3432.992327825459,0.07316658421963888,0.9167590209816481,0.0832409790183519,3.714531827543879,848214.75,266937.31333333335,3.1775803068071133,7.443212095076212,64945,True,0.0,True,63489,1199,127.04523085322332,1402.9411921689266,50749,431408.25,7410.125277777778,58.21875256195061,7583,0.6976130818937096,5670,0.6158730158730159,4794,0.566750104297038,1296,0.25540123456790126,5,R16-C,C0,327.0990354000023,47.89599149999776,541997,212,65287,COMPLETED,,521b13fd074e52612da74429a215451f8499dc3017880709c742d47449d2c3f7,779585cb7f674b8022bbe27788c53d04ccc4026fe1a5647580c13b5bb38aef1a,"['user', 'submit_line']",Research trace-proxy; accepted-submit receipt and namespace parity required for future input,"[{'path': 'D:\\ChatGPT\\Mobile ESS 2\\runtime_vnext6_callable_total_pr\\docs\\runtime_vnext16_raddit_rich_metadata\\.local\\runtime_fold5\\R16-C.parquet', 'bytes': 818712, 'sha256': '87a729b40bb1fd6d785d7bac950f813c63c76c71fb3dd39414fa0cbae23d91b7'}, {'path': 'D:\\ChatGPT\\Mobile ESS 2\\runtime_vnext6_callable_total_pr\\docs\\runtime_vnext16_raddit_rich_metadata\\.local\\runtime_fold5\\R16-C_quantiles.npz', 'bytes': 163523, 'sha256': '906f61e0d6288d4fa5929fa744d691308130a9f4e32d06804d712e68fc245bbf'}, {'path': 'D:\\ChatGPT\\Mobile ESS 2\\runtime_vnext6_callable_total_pr\\docs\\runtime_vnext16_raddit_rich_metadata\\.local\\runtime_fold5\\rich_adapter.json', 'bytes': 687837, 'sha256': '6763b1ca324d01bb421de3e6d717593457f4c4ea672e81ee6d23763a8bb256c0'}, {'path': 'D:\\ChatGPT\\Mobile ESS 2\\runtime_vnext6_callable_total_pr\\docs\\runtime_vnext16_raddit_rich_metadata\\.local\\runtime_fold5\\R16-C\\hazard.txt', 'bytes': 4879838, 'sha256': 'e7df617608e15f8ce2493b37ed916a5b07a0bcfb1c63e8a156c30df8e310fdfd'}, {'path': 'D:\\ChatGPT\\Mobile ESS 2\\runtime_vnext6_callable_total_pr\\docs\\runtime_vnext16_raddit_rich_metadata\\.local\\runtime_fold5\\R16-C\\model.json', 'bytes': 13186, 'sha256': '94a8d60d3f53d9e5801bc3f38d5f053a1ab28a7074e43e8a83afa0a50e345240'}]",,,,,
