tree
version=v4
num_class=1
num_tree_per_iteration=1
label_index=0
max_feature_idx=176
objective=regression_l1
feature_names=lag_total_avg_active_gpus_0001 lag_total_avg_active_gpus_0002 lag_total_avg_active_gpus_0003 lag_total_avg_active_gpus_0006 lag_total_avg_active_gpus_0012 lag_total_avg_active_gpus_0024 lag_total_avg_active_gpus_0048 lag_total_avg_active_gpus_0288 lag_total_avg_active_gpus_0576 lag_total_avg_active_gpus_2016 lag_fixed_avg_active_gpus_F30_0001 lag_fixed_avg_active_gpus_F30_0002 lag_fixed_avg_active_gpus_F30_0003 lag_fixed_avg_active_gpus_F30_0006 lag_fixed_avg_active_gpus_F30_0012 lag_fixed_avg_active_gpus_F30_0024 lag_fixed_avg_active_gpus_F30_0048 lag_fixed_avg_active_gpus_F30_0288 lag_fixed_avg_active_gpus_F30_0576 lag_fixed_avg_active_gpus_F30_2016 lag_flexible_avg_active_gpus_F30_0001 lag_flexible_avg_active_gpus_F30_0002 lag_flexible_avg_active_gpus_F30_0003 lag_flexible_avg_active_gpus_F30_0006 lag_flexible_avg_active_gpus_F30_0012 lag_flexible_avg_active_gpus_F30_0024 lag_flexible_avg_active_gpus_F30_0048 lag_flexible_avg_active_gpus_F30_0288 lag_flexible_avg_active_gpus_F30_0576 lag_flexible_avg_active_gpus_F30_2016 lag_arriving_job_count_0001 lag_arriving_job_count_0002 lag_arriving_job_count_0003 lag_arriving_job_count_0006 lag_arriving_job_count_0012 lag_arriving_job_count_0024 lag_arriving_job_count_0048 lag_arriving_job_count_0288 lag_arriving_job_count_0576 lag_arriving_job_count_2016 lag_arriving_requested_gpus_0001 lag_arriving_requested_gpus_0002 lag_arriving_requested_gpus_0003 lag_arriving_requested_gpus_0006 lag_arriving_requested_gpus_0012 lag_arriving_requested_gpus_0024 lag_arriving_requested_gpus_0048 lag_arriving_requested_gpus_0288 lag_arriving_requested_gpus_0576 lag_arriving_requested_gpus_2016 lag_arriving_flexible_gpu_hours_F30_0001 lag_arriving_flexible_gpu_hours_F30_0002 lag_arriving_flexible_gpu_hours_F30_0003 lag_arriving_flexible_gpu_hours_F30_0006 lag_arriving_flexible_gpu_hours_F30_0012 lag_arriving_flexible_gpu_hours_F30_0024 lag_arriving_flexible_gpu_hours_F30_0048 lag_arriving_flexible_gpu_hours_F30_0288 lag_arriving_flexible_gpu_hours_F30_0576 lag_arriving_flexible_gpu_hours_F30_2016 lag_queued_job_count_0001 lag_queued_job_count_0002 lag_queued_job_count_0003 lag_queued_job_count_0006 lag_queued_job_count_0012 lag_queued_job_count_0024 lag_queued_job_count_0048 lag_queued_job_count_0288 lag_queued_job_count_0576 lag_queued_job_count_2016 lag_queued_requested_gpus_0001 lag_queued_requested_gpus_0002 lag_queued_requested_gpus_0003 lag_queued_requested_gpus_0006 lag_queued_requested_gpus_0012 lag_queued_requested_gpus_0024 lag_queued_requested_gpus_0048 lag_queued_requested_gpus_0288 lag_queued_requested_gpus_0576 lag_queued_requested_gpus_2016 lag_running_job_equivalents_0001 lag_running_job_equivalents_0002 lag_running_job_equivalents_0003 lag_running_job_equivalents_0006 lag_running_job_equivalents_0012 lag_running_job_equivalents_0024 lag_running_job_equivalents_0048 lag_running_job_equivalents_0288 lag_running_job_equivalents_0576 lag_running_job_equivalents_2016 roll0003_mean_total_avg_active_gpus roll0003_max_total_avg_active_gpus roll0003_stddev_pop_total_avg_active_gpus roll0012_mean_total_avg_active_gpus roll0012_max_total_avg_active_gpus roll0012_stddev_pop_total_avg_active_gpus roll0048_mean_total_avg_active_gpus roll0048_max_total_avg_active_gpus roll0048_stddev_pop_total_avg_active_gpus roll0288_mean_total_avg_active_gpus roll0288_max_total_avg_active_gpus roll0288_stddev_pop_total_avg_active_gpus roll2016_mean_total_avg_active_gpus roll2016_max_total_avg_active_gpus roll2016_stddev_pop_total_avg_active_gpus roll0003_mean_fixed_avg_active_gpus_F30 roll0003_max_fixed_avg_active_gpus_F30 roll0003_stddev_pop_fixed_avg_active_gpus_F30 roll0012_mean_fixed_avg_active_gpus_F30 roll0012_max_fixed_avg_active_gpus_F30 roll0012_stddev_pop_fixed_avg_active_gpus_F30 roll0048_mean_fixed_avg_active_gpus_F30 roll0048_max_fixed_avg_active_gpus_F30 roll0048_stddev_pop_fixed_avg_active_gpus_F30 roll0288_mean_fixed_avg_active_gpus_F30 roll0288_max_fixed_avg_active_gpus_F30 roll0288_stddev_pop_fixed_avg_active_gpus_F30 roll2016_mean_fixed_avg_active_gpus_F30 roll2016_max_fixed_avg_active_gpus_F30 roll2016_stddev_pop_fixed_avg_active_gpus_F30 roll0003_mean_flexible_avg_active_gpus_F30 roll0003_max_flexible_avg_active_gpus_F30 roll0003_stddev_pop_flexible_avg_active_gpus_F30 roll0012_mean_flexible_avg_active_gpus_F30 roll0012_max_flexible_avg_active_gpus_F30 roll0012_stddev_pop_flexible_avg_active_gpus_F30 roll0048_mean_flexible_avg_active_gpus_F30 roll0048_max_flexible_avg_active_gpus_F30 roll0048_stddev_pop_flexible_avg_active_gpus_F30 roll0288_mean_flexible_avg_active_gpus_F30 roll0288_max_flexible_avg_active_gpus_F30 roll0288_stddev_pop_flexible_avg_active_gpus_F30 roll2016_mean_flexible_avg_active_gpus_F30 roll2016_max_flexible_avg_active_gpus_F30 roll2016_stddev_pop_flexible_avg_active_gpus_F30 roll0003_mean_arriving_flexible_gpu_hours_F30 roll0003_max_arriving_flexible_gpu_hours_F30 roll0003_stddev_pop_arriving_flexible_gpu_hours_F30 roll0012_mean_arriving_flexible_gpu_hours_F30 roll0012_max_arriving_flexible_gpu_hours_F30 roll0012_stddev_pop_arriving_flexible_gpu_hours_F30 roll0048_mean_arriving_flexible_gpu_hours_F30 roll0048_max_arriving_flexible_gpu_hours_F30 roll0048_stddev_pop_arriving_flexible_gpu_hours_F30 roll0288_mean_arriving_flexible_gpu_hours_F30 roll0288_max_arriving_flexible_gpu_hours_F30 roll0288_stddev_pop_arriving_flexible_gpu_hours_F30 roll2016_mean_arriving_flexible_gpu_hours_F30 roll2016_max_arriving_flexible_gpu_hours_F30 roll2016_stddev_pop_arriving_flexible_gpu_hours_F30 roll0003_mean_queued_requested_gpus roll0003_max_queued_requested_gpus roll0003_stddev_pop_queued_requested_gpus roll0012_mean_queued_requested_gpus roll0012_max_queued_requested_gpus roll0012_stddev_pop_queued_requested_gpus roll0048_mean_queued_requested_gpus roll0048_max_queued_requested_gpus roll0048_stddev_pop_queued_requested_gpus roll0288_mean_queued_requested_gpus roll0288_max_queued_requested_gpus roll0288_stddev_pop_queued_requested_gpus roll2016_mean_queued_requested_gpus roll2016_max_queued_requested_gpus roll2016_stddev_pop_queued_requested_gpus utc_hour melbourne_hour melbourne_day_of_week melbourne_month melbourne_day_of_year is_weekend hour_sin hour_cos weekday_sin weekday_cos month_sin month_cos
feature_infos=[0:515.73333740234375] [0:515.73333740234375] [0:515.73333740234375] [0:515.73333740234375] [0:515.73333740234375] [0:515.73333740234375] [0:515.73333740234375] [0:515.73333740234375] [0:515.73333740234375] [0:512] [0:515.73333740234375] [0:515.73333740234375] [0:515.73333740234375] [0:515.73333740234375] [0:515.73333740234375] [0:515.73333740234375] [0:515.73333740234375] [0:515.73333740234375] [0:515.73333740234375] [0:512] [0:512] [0:512] [0:512] [0:512] [0:512] [0:512] [0:512] [0:512] [0:512] [0:512] [0:1718] [0:1718] [0:1718] [0:1718] [0:1718] [0:1718] [0:1718] [0:1718] [0:1718] [0:1718] [0:5632] [0:5632] [0:5632] [0:5632] [0:5632] [0:5632] [0:5632] [0:5632] [0:5632] [0:5632] [0:8672.6728515625] [0:8672.6728515625] [0:8672.6728515625] [0:8672.6728515625] [0:8672.6728515625] [0:8672.6728515625] [0:8672.6728515625] [0:8672.6728515625] [0:8672.6728515625] [0:7603.35546875] [0:1592] [0:1592] [0:1592] [0:1592] [0:1592] [0:1592] [0:1592] [0:1592] [0:1592] [0:1592] [0:6127] [0:6127] [0:6127] [0:6127] [0:6127] [0:6127] [0:6127] [0:6127] [0:6127] [0:6127] [0:456.14334106445312] [0:456.14334106445312] [0:456.14334106445312] [0:456.14334106445312] [0:456.14334106445312] [0:456.14334106445312] [0:456.14334106445312] [0:456.14334106445312] [0:425] [0:425] [0:512] [0:515.73333740234375] [0:240.55458068847656] [0:512] [0:515.73333740234375] [0:255.7161865234375] [0:504.01470947265625] [0:515.73333740234375] [0:250.40919494628906] [0:414.0723876953125] [0:515.73333740234375] [0:230.42581176757812] [6.1177248426247388e-05:237.38629150390625] [0.053333334624767303:515.73333740234375] [0.0014853802276775241:183.8941650390625] [0:512] [0:515.73333740234375] [0:240.55458068847656] [0:509.86666870117188] [0:515.73333740234375] [0:246.19882202148438] [0:504.01470947265625] [0:515.73333740234375] [0:250.40919494628906] [0:283.29208374023438] [0:515.73333740234375] [0:225.25091552734375] [6.1177248426247388e-05:169.79315185546875] [0.053333334624767303:515.73333740234375] [0.0014853802276775241:174.28001403808594] [0:512] [0:512] [0:235.18722534179688] [0:512] [0:512] [0:253.82646179199219] [0:483.61279296875] [0:512] [0:226.47317504882812] [0:285.13790893554688] [0:512] [0:233.52969360351562] [0:178.25611877441406] [0:512] [0:154.84040832519531] [0:3500.420654296875] [0:8672.6728515625] [0:4088.33740234375] [0:877.7030029296875] [0:8672.6728515625] [0:2404.00732421875] [0:229.77951049804688] [0:8672.6728515625] [0:1260.3182373046875] [0:42.711639404296875] [0:8672.6728515625] [0:520.9388427734375] [0:15.986562728881836] [0:8672.6728515625] [0:253.68218994140625] [0:5785.66650390625] [0:6127] [0:2476.137451171875] [0:4881.33349609375] [0:6127] [0:2455.648681640625] [0:4502.58349609375] [0:6127] [0:2375.058837890625] [0:1877.25] [0:6127] [0:1890.7261962890625] [0:1056.5416259765625] [0:6127] [0:1105.5494384765625] [0:23] [0:23] [0:6] [3:11] [61:306] [0:1] [-1:1] [-1:1] [-0.97492790222167969:0.97492790222167969] [-0.90096884965896606:1] [-1:1] [-1:0.5]
tree_sizes=1467 1428 1499 1476 1516 1493 1519 1471 1463 1520 1506 1516 1509 1524 1522 1515 1527 1512 1518 1517 1525 1546 1503 1533 1521 1529 1520 1437 1529 1535 1538 1528 1513 1540 1528 1536 1526 1519 1530 1539 1541 1521

Tree=0
num_leaves=15
num_cat=0
split_feature=105 172 106 0 164 99 159 169 174 157 89 163 166 106
split_gain=3608.53 1887.3 942.253 413.432 404.571 341.925 279.588 260.656 260.509 225.583 213.71 210.558 174.895 166.453
threshold=56.001111984252937 0.37940952181816107 3.779999971389771 143.79333496093753 175.86292266845706 42.357418060302741 44.359375000000007 214.50000000000003 1.0000000180025095e-35 34.500000000000007 181.3183288574219 4910.0000000000009 15.500000000000002 24.996666908264164
decision_type=2 2 2 2 2 2 2 2 2 2 2 2 2 2
left_child=1 2 -1 4 -2 11 -7 9 10 -6 -3 -4 -5 -10
right_child=3 8 5 12 7 6 -8 -9 13 -11 -12 -13 -14 -15
leaf_value=0 -1.1525833606719971 0.18133333921432496 -0.18949999809265139 -2.25 1.1348333358764648 0.10000000000000001 -0.064999997615814209 -1.0945833683013917 0 -0.23099999427795412 -0.40000000000000002 0.10000000000000001 -4.1583332061767582 -0.050000000000000003
leaf_weight=12812 4180 11914 9965 5015 1023 3231 5858 978 7500 2713 191 741 2709 1693
leaf_count=12812 4180 11914 9965 5015 1023 3231 5858 978 7500 2713 191 741 2709 1693
internal_value=-0.00318526 0.00309497 -0.00446615 -0.0235517 -0.0161872 -0.011303 -0.00416758 -0.00613477 0.0146693 -0.000106923 0.019488 -0.017356 -0.0320158 0.00831703
internal_weight=70523 53905 32607 16618 8894 19795 9089 4714 21298 3736 12105 10706 7724 9193
internal_count=70523 53905 32607 16618 8894 19795 9089 4714 21298 3736 12105 10706 7724 9193
is_linear=0
shrinkage=0.05


Tree=1
num_leaves=15
num_cat=0
split_feature=105 165 106 100 165 10 103 43 88 106 28 76 161 104
split_gain=2783.8 850.833 530.228 395.229 398.74 308.318 358.176 263.14 251.546 250.03 203.651 180.718 180.547 177.555
threshold=56.001111984252937 10.500000000000002 5.0050001144409189 1.4533333182334902 18.500000000000004 143.02333068847659 450.88000488281256 33.500000000000007 234.06333160400393 10.003333568573 71.056667327880874 55.500000000000007 28.064587593078617 153.09451293945315
decision_type=2 2 2 2 2 2 2 2 2 2 2 2 2 2
left_child=1 2 12 -3 8 6 -2 13 -5 -6 -7 -12 -1 -4
right_child=5 3 7 4 9 10 -8 -9 -10 -11 11 -13 -14 -15
leaf_value=0 -1.0920833396911622 0 -0.14894167065620423 0.10608332753181458 0 -3.9375 -0.085450003147125253 0.10324999988079071 -0.15000000000000002 -0.095416668057441714 -1.4661666870117189 0.20791666030883793 0 0.15324999988079072
leaf_weight=8775 5631 2271 10490 17124 4559 5546 4429 1231 299 5245 475 537 3631 280
leaf_count=8775 5631 2271 10490 17124 4559 5546 4429 1231 299 5245 475 537 3631 280
internal_value=-0.00340149 0.00211464 -0.00479068 0.00782802 0.00949985 -0.0212898 -0.0157774 -0.0122814 0.0140378 0.00143236 -0.0297273 -0.00904621 0.0024575 -0.0147842
internal_weight=70523 53905 24407 29498 27227 16618 10060 12001 17423 9804 6558 1012 12406 10770
internal_count=70523 53905 24407 29498 27227 16618 10060 12001 17423 9804 6558 1012 12406 10770
is_linear=0
shrinkage=0.05


Tree=2
num_leaves=15
num_cat=0
split_feature=105 158 105 106 176 172 166 164 0 100 91 42 81 172
split_gain=2031.15 400.485 379.274 328.399 308.382 304.786 298.28 262.901 396.774 251.027 220.624 207.165 187.147 167.699
threshold=58.991666793823249 7.0705764293670663 4.2333333492279062 21.006667137146 -0.25000000000000006 1.0000000180025095e-35 5.5000000000000009 137.89347839355472 223.52166748046878 150.0866622924805 31.008333206176761 19.500000000000004 9.9916663169860858 0.37940952181816107
decision_type=2 2 2 2 2 2 2 2 2 2 2 2 2 2
left_child=1 3 -3 4 12 11 -5 -2 -9 -8 -7 -4 -1 -6
right_child=7 2 5 6 13 10 9 8 -10 -11 -12 -13 -14 -15
leaf_value=0 -1.7457604126930235 0.06999999880790711 -0.13930291658639909 0.15024583473801614 0 0.31362916380167011 -0.43930291658639908 -0.29117749345302579 -2.8888957796096801 -0.18930291658639908 0.010697083413600922 0.14533749476075172 -0.0053041663765907299 -0.0053041663765907299
leaf_weight=11405 5896 4752 4257 1658 9070 3275 2494 6683 3359 2530 4897 1549 2808 5890
leaf_count=11405 5896 4752 4257 1658 9070 3275 2494 6683 3359 2530 4897 1549 2808 5890
internal_value=-0.00452161 6.41143e-05 0.00598879 -0.00303123 -0.000740284 0.00183795 -0.0130253 -0.020222 -0.0152881 -0.0190893 0.00805919 -0.00691791 0.00453299 -0.00575008
internal_weight=70523 54585 18730 35855 29173 13978 6682 15938 10042 5024 8172 5806 14213 14960
internal_count=70523 54585 18730 35855 29173 13978 6682 15938 10042 5024 8172 5806 14213 14960
is_linear=0
shrinkage=0.05


Tree=3
num_leaves=15
num_cat=0
split_feature=105 165 105 119 102 89 164 0 169 148 65 102 83 117
split_gain=1870.72 420.509 430.176 375.297 324.124 322.268 268.187 294.181 246.734 276.544 192.025 222.375 183.238 155.767
threshold=62.203887939453132 11.500000000000002 10.001111030578615 31.43852519989014 185.92110443115237 72.005001068115249 137.89347839355472 223.52166748046878 110.50000000000001 661.37664794921886 87.500000000000014 56.16919136047364 234.06333160400393 22.227007865905765
decision_type=2 2 2 2 2 2 2 2 2 2 2 2 2 2
left_child=1 2 10 -4 8 -5 -2 13 -3 -10 11 -1 -9 -8
right_child=6 4 3 5 -6 -7 7 12 9 -11 -12 -13 -14 -15
leaf_value=0 -1.8792402979493141 0 -0.25811277359426027 -0.011112770733237265 0.89782768553793435 -0.38307791656255724 -0.72177448456883431 -3.8056385526180265 0.1449610419422388 0 -0.0078177082017064116 0.010697083413600922 -0.0064135322093963332 -0.22610778992772104
leaf_weight=12443 5468 6747 2841 6575 1029 1338 775 2784 10644 9406 1333 3123 543 5474
leaf_count=12443 5468 6747 2841 6575 1029 1338 775 2784 10644 9406 1333 3123 543 5474
internal_value=-0.00408703 0.000154098 -0.00421216 -0.0120271 0.00449319 -0.00642208 -0.0197222 -0.0146644 0.00343258 0.00621541 0.000763133 0.00232483 -0.0266657 -0.00825871
internal_weight=70523 55479 27653 10754 27826 7913 15044 9576 26797 20050 16899 15566 3327 6249
internal_count=70523 55479 27653 10754 27826 7913 15044 9576 26797 20050 16899 15566 3327 6249
is_linear=0
shrinkage=0.05


Tree=4
num_leaves=15
num_cat=0
split_feature=10 172 158 105 101 162 37 174 134 128 103 111 60 164
split_gain=1558.17 384.826 400.528 328.91 387.643 312.377 258.967 250.61 230.634 246.145 227.866 335.004 224.439 218.624
threshold=55.896667480468757 0.37940952181816107 1.0000000180025095e-35 10.001111030578615 15.811439990997316 712.93801879882824 9.5000000000000018 1.0000000180025095e-35 69.789199829101577 23.886742591857914 440.96333312988287 184.43618011474612 199.50000000000003 588.43402099609386
decision_type=2 2 2 2 2 2 2 2 2 2 2 2 2 2
left_child=1 3 5 8 6 13 -5 12 -1 -10 -2 -12 -4 -3
right_child=10 2 7 4 -6 -7 -8 -9 9 -11 11 -13 -14 -15
leaf_value=0 -1.3211833774966002 -0.005038958057761193 0.38212916672229769 -0.32103707296028738 -0.048962010494619609 -0.008801458641886712 0.33117771624028686 0.024494313660264014 0.00039088541008532062 -0.093451521930098536 -0.16547448708742857 -3.1340940030428772 -0.067479947867617004 0.00026520831882953652
leaf_weight=16525 7098 8465 6709 3340 9804 343 397 4648 2420 187 6092 3359 376 760
leaf_count=16525 7098 8465 6709 3340 9804 343 397 4648 2420 187 6092 3359 376 760
internal_value=-0.00453082 -0.000414976 0.0048132 -0.00382367 -0.00978518 -0.00277865 -0.0234768 0.0110027 0.000397136 0.0142037 -0.0179503 -0.0128543 0.0169182 -0.00102384
internal_weight=70523 53974 21301 32673 13541 9568 3737 11733 19132 2607 16549 9451 7085 9225
internal_count=70523 53974 21301 32673 13541 9568 3737 11733 19132 2607 16549 9451 7085 9225
is_linear=0
shrinkage=0.05


Tree=5
num_leaves=15
num_cat=0
split_feature=105 172 105 119 119 164 158 91 130 91 6 29 132 28
split_gain=1320.73 382.931 321.244 513.501 311.184 275.533 264.954 264.317 305.461 243.175 268.89 235.073 229.406 218.786
threshold=74.983886718750014 1.0000000180025095e-35 13.001111030578615 36.065935134887702 82.061923980712905 103.4955291748047 1.0000000180025095e-35 38.001667022705085 355.97999572753912 148.0100021362305 130.77333068847659 9.9683332443237322 3.9018303155899052 71.056667327880874
decision_type=2 2 2 2 2 2 2 2 2 2 2 2 2 2
left_child=1 2 -1 -4 -5 -2 11 -8 -9 10 -7 -3 -13 -11
right_child=5 6 3 4 -6 9 7 8 -10 13 -12 12 -14 -15
leaf_value=0 -2.4637908193395437 0 -0.42883402025159456 0.0054508225942030549 -0.18133402978833765 -0.59374321248301865 0.15084125013649463 -0.015066410180591048 0.43557739802987872 -2.9959201384307299 0.48578593704929951 0.041185280942171811 -0.012300270570814611 -0.11272149990631633
leaf_weight=16656 2801 11745 3665 5717 2443 2151 9421 6645 833 5003 842 212 1166 1223
leaf_count=16656 2801 11745 3665 5717 2443 2151 9421 6645 833 5003 842 212 1166 1223
internal_value=-0.00426781 -0.00116565 -0.0053184 -0.0116188 -0.00462952 -0.0193597 0.00277417 0.00691257 -0.000106909 -0.0151724 -0.0034523 -0.00255561 -0.0220535 -0.0207992
internal_weight=70523 58503 28481 11825 8160 12020 30022 16899 7478 9219 2993 13123 1378 6226
internal_count=70523 58503 28481 11825 8160 12020 30022 16899 7478 9219 2993 13123 1378 6226
is_linear=0
shrinkage=0.05


Tree=6
num_leaves=15
num_cat=0
split_feature=105 172 113 132 174 164 106 100 118 105 160 89 28 134
split_gain=1179.24 322.716 282.831 323.446 296.71 275.5 260.708 438.521 341.863 247.799 264.642 230.146 191.935 188.763
threshold=74.983886718750014 0.37940952181816107 0.037070270627737052 18.908619880676273 1.0000000180025095e-35 103.4955291748047 10.003333568573 88.696666717529311 227.93666076660159 147.809440612793 57.000000000000007 181.3183288574219 71.056667327880874 75.739070892333999
decision_type=2 2 2 2 2 2 2 2 2 2 2 2 2 2
left_child=1 6 3 -3 11 -2 13 -8 -9 10 -7 -4 -11 -1
right_child=5 2 4 -5 -6 9 7 8 -10 12 -12 -13 -14 -15
leaf_value=0 -2.3406012783725667 -0.00028290626779198648 0.26788222927972677 -0.0077463721812516444 -0.0041669457678664484 0.57080642592052067 -0.23034671863087453 -0.51698403155263517 -0.026825603025490408 -3.3684888806522721 -0.53835233381504866 -0.36666390992555581 -0.10708542491100054 0.0094554556341283034
leaf_weight=17045 2801 4589 9808 1140 7026 683 4009 1225 11949 4260 3309 220 967 1492
leaf_count=17045 2801 4589 9808 1140 7026 683 4009 1225 11949 4260 3309 220 967 1492
internal_value=-0.00406789 -0.0011366 0.00351281 -0.00609522 0.00674131 -0.0183285 -0.00410217 -0.00853793 -0.00412778 -0.0141425 -0.00475357 0.0122595 -0.0213016 1.07863e-05
internal_weight=70523 58503 22783 5729 17054 12020 35720 17183 13174 9219 3992 10028 5227 18537
internal_count=70523 58503 22783 5729 17054 12020 35720 17183 13174 9219 3992 10028 5227 18537
is_linear=0
shrinkage=0.05


Tree=7
num_leaves=15
num_cat=0
split_feature=106 172 174 164 105 114 90 127 90 43 28 75 114 78
split_gain=1027.7 327.61 280.419 253.799 252.033 245.183 339.504 269.15 244.308 283.604 245.947 221.325 200.752 199.633
threshold=86.116668701171889 1.0000000180025095e-35 1.0000000180025095e-35 137.89347839355472 215.02278137207034 15.184386253356935 35.968889236450202 284.22500610351568 9.381111145019533 39.500000000000007 73.25333404541017 1364.5000000000002 139.39118194580081 512.50000000000011
decision_type=2 2 2 2 2 2 2 2 2 2 2 2 2 2
left_child=1 2 8 -2 12 -3 13 -8 10 -10 -1 -4 -5 -7
right_child=3 5 11 4 -6 6 7 -9 9 -11 -12 -13 -14 -15
leaf_value=0 -2.1084207474552801 0 0 -0.69500221070123125 -5.094535438309391 0.26154154181326972 -0.041616650977426305 0.58735618811853629 -0.17954127022486902 0.073329391192006418 -0.00010143164212536061 -0.54782779276352889 0.18045463366956493 -0.0048422220675721772
leaf_weight=5916 4022 14722 12588 3759 2513 7154 6748 677 7846 1384 555 442 1373 824
leaf_count=5916 4022 14722 12588 3759 2513 7154 6748 677 7846 1384 555 442 1373 824
internal_value=-0.00416856 -0.00148061 -0.00529997 -0.0177219 -0.0123595 0.0021623 0.00657126 -0.00112382 -0.0097988 -0.0150189 -0.00234713 0.000122746 -0.00599572 0.0137292
internal_weight=70523 58856 28731 11667 7645 30125 15403 7425 15701 9230 6471 13030 5132 7978
internal_count=70523 58856 28731 11667 7645 30125 15403 7425 15701 9230 6471 13030 5132 7978
is_linear=0
shrinkage=0.05


Tree=8
num_leaves=15
num_cat=0
split_feature=105 104 88 165 87 164 105 160 28 130 106 97 96 161
split_gain=914.662 287.635 370.609 284.428 358.31 275.916 235.812 218.556 207.741 183.372 169.238 213.154 148.637 146.329
threshold=79.451667785644545 155.76421356201175 209.38666534423831 11.500000000000002 3.998333334922791 103.4955291748047 9.0011110305786151 73.000000000000014 71.056667327880874 21.300000190734867 154.01999664306643 132.5866622924805 259.85527038574224 48.709566116333015
decision_type=2 2 2 2 2 2 2 2 2 2 2 2 2 2
left_child=1 2 3 6 -5 -2 -1 10 12 -4 11 -7 -9 -10
right_child=5 -3 9 4 -6 7 -8 8 13 -11 -12 -13 -14 -15
leaf_value=0 -2.2812460239725776 0.62176140522759626 0.57663179850876334 0 0.06777343764133606 -0.64943462661639539 -0.13362602479204266 -1.1261863423621248 0.4105271396865911 -0.13114112379408779 -0.50351644998737954 1.4068047389402532 -4.9018608645156405 -1.1775065963469193
leaf_weight=15937 2604 1107 203 13250 15254 280 12329 4034 472 1092 885 654 1588 834
leaf_count=15937 2604 1107 203 13250 15254 280 12329 4034 472 1092 885 654 1588 834
internal_value=-0.00380842 -0.00131386 -0.00179611 -0.00119155 0.0023326 -0.0168061 -0.00474515 -0.01254 -0.0165873 -0.0281923 0.00287829 0.0176784 -0.0207571 0.001373
internal_weight=70523 59172 58065 56770 28504 11351 28266 8747 6928 1295 1819 934 5622 1306
internal_count=70523 59172 58065 56770 28504 11351 28266 8747 6928 1295 1819 934 5622 1306
is_linear=0
shrinkage=0.05


Tree=9
num_leaves=15
num_cat=0
split_feature=105 172 113 132 174 102 164 159 160 166 65 110 169 117
split_gain=831.853 325.454 365.22 341.723 252.471 219.702 213.856 190.607 191.083 185.709 184.726 174.216 168.197 160.861
threshold=79.451667785644545 0.60355338454246532 0.10545102506875993 18.908619880676273 1.0000000180025095e-35 14.695521831512453 103.4955291748047 1339.1128540039065 1022.0000000000001 16.500000000000004 814.00000000000011 8.1397423744201678 177.50000000000003 1.536133408546448
decision_type=2 2 2 2 2 2 2 2 2 2 2 2 2 2
left_child=1 7 3 13 5 -4 -2 8 12 11 -10 -8 -1 -3
right_child=6 2 4 -5 -6 -7 9 -9 10 -11 -12 -13 -14 -15
leaf_value=0 -2.1671837227739483 -0.0047728648414835338 -0.027247788579575723 -0.0077883634278773546 -0.0045786628664798113 0.42385794875611965 0.11871975766674164 -0.17335383235556559 0.011988243596820703 -2.1221856831719785 -0.27296982183575036 -1.1956130142706638 -0.0033712289787828915 0.00026609321627765899
leaf_weight=17042 2604 528 1308 970 5365 6543 2263 745 4639 2393 190 4091 18575 3267
leaf_count=17042 2604 528 1308 970 5365 6543 2263 745 4639 2393 190 4091 18575 3267
internal_value=-0.0040849 -0.0017059 0.00390582 -0.00795597 0.00818395 0.0138938 -0.0164803 -0.00415574 -0.00369212 -0.0127228 0.00563715 -0.00824029 -0.00495761 -0.00117105
internal_weight=70523 59172 17981 4765 13216 7851 11351 41191 40446 8747 4829 6354 35617 3795
internal_count=70523 59172 17981 4765 13216 7851 11351 41191 40446 8747 4829 6354 35617 3795
is_linear=0
shrinkage=0.05


Tree=10
num_leaves=15
num_cat=0
split_feature=105 118 105 169 169 99 165 7 172 162 159 28 156 79
split_gain=951.6 383.742 327.588 285.793 251.136 288.143 335.893 249.065 235.401 178.77 270.781 172.665 148.464 147.128
threshold=34.631666183471687 287.86000061035162 144.01110839843753 110.50000000000001 147.50000000000003 1.2045833468437197 9.5000000000000018 96.00333404541017 0.78656607866287243 60.520336151123054 3.8246527910232548 71.056667327880874 1777.916687011719 148.50000000000003
decision_type=2 2 2 2 2 2 2 2 2 2 2 2 2 2
left_child=3 -2 9 7 12 6 -6 -1 -7 -3 -11 -4 -5 -13
right_child=1 2 11 4 5 8 -8 -9 -10 10 -12 13 -14 -15
leaf_value=0 -1.1590211771929217 -0.29258624394449612 -2.8684851828864071 0.37529071286744276 0.00016856144893914458 -0.00055439844118431217 0.00016856144893914458 -0.0053041663765907299 0.12911828376817672 0.86503831305522538 -0.050452864023710124 -5.0668280301394182 -0.61759447241485788 0.44545159256371569
leaf_weight=12969 2561 6546 5197 3396 1101 20638 1795 386 6356 678 7761 312 126 701
leaf_count=12969 2561 6546 5197 3396 1101 20638 1795 386 6356 678 7761 312 126 701
internal_value=-0.00275635 -0.0109044 -0.00869104 0.00138331 0.00385433 0.00236494 0.0173388 -0.0047979 0.000755584 -0.00468646 0.000124349 -0.0183427 0.0164729 0.000540275
internal_weight=70523 23756 21195 46767 33412 29890 2896 13355 26994 14985 8439 6210 3522 1013
internal_count=70523 23756 21195 46767 33412 29890 2896 13355 26994 14985 8439 6210 3522 1013
is_linear=0
shrinkage=0.05


Tree=11
num_leaves=15
num_cat=0
split_feature=105 103 161 173 116 100 165 99 105 105 166 164 91 145
split_gain=889.242 325.189 298.577 275.338 255.359 299.573 265.326 255.168 338.764 257.273 242.899 228.224 255.039 209.587
threshold=56.001111984252937 479.99333190917974 390.70726013183599 0.6078576147556306 58.765907287597663 306.75666809082037 12.500000000000002 26.475468635559086 9.6538891792297381 13.001111030578615 8.5000000000000018 152.74695587158206 260.09500122070318 1754.9871826171877
decision_type=2 2 2 2 2 2 2 2 2 2 2 2 2 2
left_child=1 4 3 -3 7 -6 -7 8 -1 -9 -5 -2 13 -13
right_child=11 2 -4 10 5 6 -8 9 -10 -11 -12 12 -14 -15
leaf_value=0 -1.041183875575723 0.001041240121310577 -0.018729715965794765 -0.0083379187858123333 -0.020815478695886111 -0.022264535583767495 0.18589099600248513 0.074083510637761099 -0.1326022888082159 0.0031313850363413249 0.00016013337649218735 -0.18787611792406214 -2.9441204410672484 0.46354750065714684
leaf_weight=20403 6365 4665 774 976 1628 2093 1794 4914 6516 8483 1659 7236 2647 370
leaf_count=20403 6365 4665 774 976 1628 2093 1794 4914 6516 8483 1659 7236 2647 370
internal_value=-0.0028237 0.000294009 0.00954326 0.0126762 -0.00133629 -0.0114221 -0.00386691 4.46417e-05 -0.00276148 0.00568199 -0.000246212 -0.0129339 -0.00831059 -0.00365261
internal_weight=70523 53905 8074 7300 45831 5515 3887 40316 26919 13397 2635 16618 10253 7606
internal_count=70523 53905 8074 7300 45831 5515 3887 40316 26919 13397 2635 16618 10253 7606
is_linear=0
shrinkage=0.05


Tree=12
num_leaves=15
num_cat=0
split_feature=105 103 118 164 96 130 64 75 164 172 162 164 78 82
split_gain=827.192 336.867 262.458 248.755 217.73 209.059 203.556 330.078 202.94 256.959 189.017 184.46 179.145 168.747
threshold=45.11444282531739 476.36666870117193 287.86000061035162 570.96173095703136 327.71875000000006 172.02666473388675 178.50000000000003 40.500000000000007 449.96063232421881 0.37940952181816107 425.98265075683599 122.30424880981447 458.00000000000006 251.71333312988284
decision_type=2 2 2 2 2 2 2 2 2 2 2 2 2 2
left_child=1 6 -2 8 5 11 7 10 -3 -10 -1 -4 -6 -8
right_child=2 3 4 -5 12 -7 13 -9 9 -11 -12 -13 -14 -15
leaf_value=0 -1.3912125782329217 0.013079332589823063 -0.47747905031642851 0.00010807137042665848 -5.7983301298060281 -1.0469103261284844 -0.074034243500582728 0.0049053713130662764 0.00014929094703909938 -0.011309596057036972 -0.017703890798965404 -0.013443902690327842 1.0546261675939506 0.92836760431353371
leaf_weight=31426 1793 5766 5541 1345 1131 2084 1810 8578 873 538 354 8968 202 114
leaf_count=31426 1793 5766 5541 1345 1131 2084 1810 8578 873 538 354 8968 202 114
internal_value=-0.00231894 0.00105493 -0.0110094 0.0101208 -0.00917963 -0.00761236 -0.000773287 -1.48651e-05 0.00641186 -0.0105579 -0.00236432 -0.00548091 -0.0285874 -0.0166407
internal_weight=70523 50804 19719 8522 17926 16593 42282 40358 7177 1411 31780 14509 1333 1924
internal_count=70523 50804 19719 8522 17926 16593 42282 40358 7177 1411 31780 14509 1333 1924
is_linear=0
shrinkage=0.05


Tree=13
num_leaves=15
num_cat=0
split_feature=105 89 105 172 164 100 103 16 144 66 114 158 119 86
split_gain=645.131 257.1 337.539 480.089 348.59 325.595 229.981 243.136 220.105 202.428 169.742 162.795 182.615 209.231
threshold=56.001111984252937 0.17499999701976779 4.2333333492279062 0.60355338454246532 585.00811767578136 4.1616666316986093 440.96333312988287 424.82333374023443 13.053499698638918 201.50000000000003 161.85713195800784 7.8750412464141855 82.061847686767592 19.001667022705082
decision_type=2 2 2 2 2 2 2 2 2 2 2 2 2 2
left_child=1 11 4 8 5 -3 10 -8 -4 -5 -2 12 13 -1
right_child=6 2 3 9 -6 -7 7 -9 -10 -11 -12 -13 -14 -15
leaf_value=0 -1.116355123320002 -0.00024526856565331383 -0.045958712282222348 0.20698091138968439 0.00010266780190532556 0.00019628137099836018 -0.18574726436797243 -8.971769530826684 -0.22966654176031584 -0.15770678342944255 0.28177595147940798 0.013072768174359053 -0.00024526856565331383 -0.013854859444892322
leaf_weight=10217 6756 1743 15706 6470 1326 10670 9129 434 620 347 299 3914 2187 705
leaf_count=10217 6756 1743 15706 6470 1326 10670 9129 434 620 347 299 3914 2187 705
internal_value=-0.00292083 -0.000265257 0.00208068 -0.00160489 0.00828725 0.00567724 -0.0115322 -0.00647471 -0.00625804 0.00953533 -0.0183782 -0.00534708 -0.00801815 -0.00537201
internal_weight=70523 53905 36882 23143 13739 12413 16618 9563 16326 6817 7055 17023 13109 10922
internal_count=70523 53905 36882 23143 13739 12413 16618 9563 16326 6817 7055 17023 13109 10922
is_linear=0
shrinkage=0.05


Tree=14
num_leaves=15
num_cat=0
split_feature=105 169 119 80 97 164 169 88 117 68 164 158 153 105
split_gain=568.102 354.192 481.953 308.31 372.425 303.272 332.096 259.621 241.195 233.571 214.701 239.014 210.59 254.592
threshold=63.912776947021491 112.50000000000001 37.694005966186531 12.941666603088381 83.00333404541017 553.39550781250011 264.50000000000006 209.38666534423831 59.478019714355476 11.500000000000002 116.30918121337892 19.250399589538578 43.041666030883796 2.8761111497879033
decision_type=2 2 2 2 2 2 2 2 2 2 2 2 2 2
left_child=1 2 12 5 -5 6 -3 -6 -7 -4 -2 -12 13 -1
right_child=10 3 9 4 7 8 -8 -9 -10 -11 11 -13 -14 -15
leaf_value=0 -1.2248400978041367 0.00070227081535158763 -0.00023300513737064814 -0.094530486932684274 0.044463550757774639 0.00018176151833469077 -0.0043293458512059539 -0.1076906394971277 -0.052760801574637833 -0.00023300513737064814 -0.0073429808448977245 -1.4060982825916506 0.14663793121312768 -0.19052500009536744
leaf_weight=8329 4855 20375 1575 5156 7477 4016 3330 1044 190 573 6078 3765 855 2905
leaf_count=8329 4855 20375 1575 5156 7477 4016 3330 1044 190 573 6078 3765 855 2905
internal_value=-0.00305623 -0.000753179 -0.00755863 0.00157719 -0.0045717 0.00459056 0.0023935 0.00184729 0.0169556 -0.0293544 -0.0118003 -0.00754976 -0.00367538 -0.00549871
internal_weight=70523 55825 14237 41588 13677 27911 23705 8521 4206 2148 14698 9843 12089 11234
internal_count=70523 55825 14237 41588 13677 27911 23705 8521 4206 2148 14698 9843 12089 11234
is_linear=0
shrinkage=0.05


Tree=15
num_leaves=15
num_cat=0
split_feature=105 169 10 165 172 169 132 98 129 103 111 132 61 105
split_gain=581.1 263.509 322.708 403.06 378.61 322.553 263.496 255.233 216.61 195.544 230.317 191.152 182.07 191.414
threshold=62.203887939453132 108.50000000000001 4.9983332157135019 11.500000000000002 -0.7865660786628722 106.50000000000001 7.5983862876892099 3.5236142873764043 3.0001504421234135 440.96333312988287 340.36889648437506 134.50462341308597 13.500000000000002 2.8761111497879033
decision_type=2 2 2 2 2 2 2 2 2 2 2 2 2 2
left_child=1 5 4 8 6 12 -3 -6 -4 -2 -11 -5 13 -1
right_child=9 2 3 11 7 -7 -8 -9 -10 10 -12 -13 -14 -15
leaf_value=0 -1.0438320700505972 1.836188318614398e-06 -0.01497137723017794 0.035233859749090601 -0.00033332126649353154 -0.00022135488050211571 0.0093934472593691018 0.056421544309928101 -0.12994711628202116 -0.11349583484297919 -7.5050097973576673 1.2491304177201557 0.14866374245411859 -0.18099875009059907
leaf_weight=9097 6200 1237 6657 13278 7676 576 1619 5128 6340 7965 879 366 603 2902
leaf_count=9097 6200 1237 6657 13278 7676 576 1619 5128 6340 7965 879 366 603 2902
internal_value=-0.00244938 -8.56103e-05 0.0018378 -0.00151055 0.00753272 -0.00625806 0.0239776 0.00385666 -0.00781034 -0.0111635 -0.0063849 0.00449117 -0.00457682 -0.00592719
internal_weight=70523 55479 42301 26641 15660 13178 2856 12804 12997 15044 8844 13644 12602 11999
internal_count=70523 55479 42301 26641 15660 13178 2856 12804 12997 15044 8844 13644 12602 11999
is_linear=0
shrinkage=0.05


Tree=16
num_leaves=15
num_cat=0
split_feature=106 146 161 119 161 172 104 170 123 174 172 169 162 159
split_gain=464.661 241.717 221.334 397.532 274.401 260.158 204.943 212.459 193.318 192.856 183.506 262.572 231.039 163.264
threshold=142.63999938964847 104.99508285522462 2.4978660345077519 81.860790252685561 3.1418746709823613 0.78656607866287243 60.795042037963874 1.0000000180025095e-35 92.315277099609389 1.0000000180025095e-35 0.37940952181816107 106.50000000000001 13.626736164093019 1392.5416259765627
decision_type=2 2 2 2 2 2 2 2 2 2 2 2 2 2
left_child=2 -2 3 6 -4 13 -1 -8 -3 -7 12 -12 -5 -6
right_child=1 8 4 10 5 9 7 -9 -10 -11 11 -13 -14 -15
leaf_value=0 -2.3094944784227138 0.62508707736167468 0.052834386809015359 0.00015394932733195024 -0.00066251492224936781 0.33067964397860605 0.0001051123992180013 0.00018933950574263282 -8.1188737748156239 -0.0046546669914335906 3.1433674961660309e-05 -0.0087589572228999445 -0.00022135488050211571 -0.1133652000424422
leaf_weight=11316 6398 660 788 347 35740 5925 1862 394 121 4190 171 888 1380 343
leaf_count=11316 6398 660 788 347 35740 5925 1862 394 121 4190 171 888 1380 343
internal_value=-0.00289176 -0.0149429 -0.00152489 -0.00653303 0.000219191 -0.000281367 -0.00299772 0.0107475 0.0112595 0.00680336 -0.0237191 -0.00728383 -0.0337471 -0.00226807
internal_weight=70523 7179 63344 16358 46986 46198 13572 2256 781 10115 2786 1059 1727 36083
internal_count=70523 7179 63344 16358 46986 46198 13572 2256 781 10115 2786 1059 1727 36083
is_linear=0
shrinkage=0.05


Tree=17
num_leaves=15
num_cat=0
split_feature=105 161 119 119 96 88 104 98 172 113 105 172 169 162
split_gain=445.201 320.774 363.689 296.746 287.36 230.111 256.566 216.657 215.894 235.195 204.6 197.27 252.476 243.762
threshold=82.01111221313478 2.4978660345077519 81.860790252685561 72.292530059814467 339.56947326660162 234.06333160400393 155.76421356201175 9.7925877571105975 0.78656607866287243 0.10545102506875993 10.001111030578615 0.37940952181816107 106.50000000000001 13.626736164093019
decision_type=2 2 2 2 2 2 2 2 2 2 2 2 2 2
left_child=1 2 -1 -2 7 8 -7 -5 10 -10 -3 13 -13 -4
right_child=3 5 11 4 -6 6 -8 -9 9 -11 -12 12 -14 -15
leaf_value=0 -1.4594769559663607 3.312574611246839e-05 0.00014625186096535272 0.42409298584467159 -5.9924374178760553 -0.1673052888751832 1.1431957790626344 -0.33619132874166058 -0.0079421080347925384 0.22265550996154451 -0.042386573471582631 2.9861991213577293e-05 -0.0083210093617549479 -0.00021028713647700992
leaf_weight=13343 4749 14026 332 838 1029 958 169 4394 1295 8253 18697 171 889 1380
leaf_count=13343 4749 14026 332 838 1029 958 169 4394 1295 8253 18697 171 889 1380
internal_value=-0.00241393 -0.000704829 -0.00672767 -0.0116478 -0.0044925 0.00153215 -0.0207155 0.000267329 0.00212768 0.00874071 0.000197079 -0.0231905 -0.00619718 -0.0336634
internal_weight=70523 59513 16115 11010 6261 43398 1127 5232 42271 9548 32723 2772 1060 1712
internal_count=70523 59513 16115 11010 6261 43398 1127 5232 42271 9548 32723 2772 1060 1712
is_linear=0
shrinkage=0.05


Tree=18
num_leaves=15
num_cat=0
split_feature=105 146 161 119 105 103 169 160 104 170 79 79 27 87
split_gain=418.174 233.726 233.459 311.853 270.382 344.65 366.464 252.316 206.201 206.657 197.189 195.167 186.194 182.888
threshold=137.00222015380862 104.99508285522462 2.4978660345077519 81.860790252685561 20.371666908264164 504.35333251953131 230.50000000000003 4648.0000000000009 60.795042037963874 1.0000000180025095e-35 30.500000000000004 136.50000000000003 244.22666931152347 251.71333312988284
decision_type=2 2 2 2 2 2 2 2 2 2 2 2 2 2
left_child=2 -2 3 8 7 6 -6 11 -1 -10 -5 -4 -3 -7
right_child=1 12 4 10 5 13 -8 -9 9 -11 -12 -13 -14 -15
leaf_value=0 -2.1561114460692177 0.57924324146215012 0.00069813614161643627 -0.00029507310231989867 -0.030436424070296134 1.0425622770500651 -0.37730147261112928 -0.0424421136459757 9.9856779257101244e-05 0.00017987253045550117 6.9699792417619381e-06 -0.0026248733761131005 -7.466650830123621 -0.17949759305762064
leaf_weight=11351 6012 674 20259 2319 15384 1277 4520 1015 1878 387 469 4466 120 392
leaf_count=11351 6012 674 20259 2319 15384 1277 4520 1015 1878 387 469 4466 120 392
internal_value=-0.00227498 -0.0140508 -0.00101613 -0.00615516 0.000766093 -0.00336222 -0.00519363 0.00422606 -0.00303208 0.0107269 -0.0213749 0.00523049 0.0113892 0.0184289
internal_weight=70523 6806 63717 16404 47313 21573 19904 25740 13616 2265 2788 24725 794 1669
internal_count=70523 6806 63717 16404 47313 21573 19904 25740 13616 2265 2788 24725 794 1669
is_linear=0
shrinkage=0.05


Tree=19
num_leaves=15
num_cat=0
split_feature=106 169 162 119 158 61 80 108 97 89 63 66 101 110
split_gain=307.486 324.751 390.512 277.107 253.264 234.052 223.137 240.442 249.769 231.204 220.46 212.505 206.438 148.383
threshold=118.45999908447267 112.50000000000001 301.33061218261724 72.431812286376967 24.875204086303714 13.500000000000002 12.941666603088381 0.99986112117767345 73.006668090820327 41.003334045410163 2.5000000000000004 3.5000000000000004 7.5755865573883066 6.8306174278259286
decision_type=2 2 2 2 2 2 2 2 2 2 2 2 2 2
left_child=1 2 5 -2 13 12 9 -8 -9 10 -3 -6 -1 -5
right_child=3 6 -4 4 11 -7 7 8 -10 -11 -12 -13 -14 -15
leaf_value=0 -2.6018884348492395 9.4863940294246182e-05 -0.00018621480879472442 0.4956451614498848 -4.575367972387042 0.16788462718695779 0.1011714541121382 -0.10575977806262121 -0.016269293317157704 -0.0057554294332705222 0.12926362371754685 -0.50671913726648621 -1.3251416823894852e-05 -1.1632471226018297
leaf_weight=5573 3122 16948 1132 1799 859 897 437 4574 13791 3938 7814 1237 6748 1654
leaf_count=5573 3122 16948 1132 1799 859 897 437 4574 13791 3938 7814 1237 6748 1654
internal_value=-0.00320086 -0.00196421 -0.00855451 -0.0120159 -0.00530248 -0.00613325 2.73644e-05 -0.00420588 -0.00508165 0.00280091 0.00459079 -0.018991 -0.00793039 0.00302198
internal_weight=70523 61852 14350 8671 5549 13218 47502 18802 18365 28700 24762 2096 12321 3453
internal_count=70523 61852 14350 8671 5549 13218 47502 18802 18365 28700 24762 2096 12321 3453
is_linear=0
shrinkage=0.05


Tree=20
num_leaves=15
num_cat=0
split_feature=105 169 162 117 114 172 174 164 94 114 115 159 90 113
split_gain=275.572 249.578 432.739 270.113 224.898 346.506 191.648 185.867 184.097 223.321 250.649 182.864 250.255 177.41
threshold=63.912776947021491 112.50000000000001 301.33061218261724 1.6270585060119631 1.3837731480598452 0.60355338454246532 1.0000000180025095e-35 152.74695587158206 269.00666809082037 143.17405700683597 458.30000305175787 0.10937500000000001 2.7444444894790654 84.880844116210952
decision_type=2 2 2 2 2 2 2 2 2 2 2 2 2 2
left_child=1 2 11 -3 6 -6 -5 13 9 -9 -11 12 -1 -2
right_child=7 3 -4 4 5 -7 -8 8 -10 10 -12 -13 -14 -15
leaf_value=0 -1.0856263897773537 -0.0070843358236673624 -0.0001769040683549882 -0.00010370301433535938 -0.0031669820012784409 0.10232120752814605 0.00014894972601836771 -0.10410407861747367 -2.2797393230857796 0.76944749428131343 -4.4334074642764021 -9.1514977087232672e-06 -0.17194815001522792 0.6555990422463186
leaf_weight=4217 4750 678 1132 1115 26085 11795 1915 5125 2867 1173 134 7938 950 649
leaf_count=4217 4750 678 1132 1115 26085 11795 1915 5125 2867 1173 134 7938 950 649
internal_value=-0.00297612 -0.00137202 -0.00708468 0.000584233 0.00110473 5.54309e-05 0.014201 -0.00906618 -0.00477752 -7.76759e-05 0.0183308 -0.00451564 0.00280356 -0.0164415
internal_weight=70523 55825 14237 41588 40910 37880 3030 14698 9299 6432 1307 13105 5167 5399
internal_count=70523 55825 14237 41588 40910 37880 3030 14698 9299 6432 1307 13105 5167 5399
is_linear=0
shrinkage=0.05


Tree=21
num_leaves=15
num_cat=0
split_feature=105 163 118 173 65 63 172 116 16 99 171 163 25 10
split_gain=297.656 338.016 273.121 259.279 205.313 250.666 297.426 261.656 199.779 165.532 158.748 212.323 163.794 155.276
threshold=34.631666183471687 5252.0000000000009 287.86000061035162 0.87837970256805431 181.50000000000003 2.5000000000000004 0.78656607866287243 7.5897703170776376 401.13333129882818 259.63775634765631 -0.91597560048103321 1631.5000000000002 3.995000004768372 8.8949999809265154
decision_type=2 2 2 2 2 2 2 2 2 2 2 2 2 2
left_child=1 4 -2 9 5 7 -7 -1 10 -3 11 -4 -12 -6
right_child=2 3 8 -5 13 6 -8 -9 -10 -11 12 -13 -14 -15
leaf_value=4.5757488543616339e-07 -0.95013411900818179 -0.00018456154965172832 -1.1300037726271861 -0.0065902231151235922 -0.001590389430970161 0.011051507685523078 0.32452088174365662 -0.00015481518982776203 -5.4063922657556418 0.092794032524521411 -0.17383123824577928 0.047118307210801777 0.099635948006007877 -0.24846711588118373
leaf_weight=11278 2561 1963 1691 576 1007 6935 3946 19642 553 508 12846 850 5255 912
leaf_count=11278 2561 1963 1691 576 1007 6935 3946 19642 553 508 12846 850 5255 912
internal_value=-0.00246285 -0.000147524 -0.00701991 -0.0162353 0.000975415 0.00171028 0.00823535 -0.000586904 -0.0051533 -0.00914782 -0.00435414 -0.0160448 -0.00270905 -0.0149948
internal_weight=70523 46767 23756 3047 43720 41801 10881 30920 21195 2471 20642 2541 18101 1919
internal_count=70523 46767 23756 3047 43720 41801 10881 30920 21195 2471 20642 2541 18101 1919
is_linear=0
shrinkage=0.05


Tree=22
num_leaves=15
num_cat=0
split_feature=106 159 88 104 119 100 162 159 86 78 77 153 157 78
split_gain=275.833 258.847 211.768 246.909 188.986 246.683 178.197 170.398 148.5 148.262 148.169 176.689 148.331 140.096
threshold=142.63999938964847 0.057291666045784957 222.004997253418 155.76421356201175 72.431812286376967 344.63499450683599 13.626736164093019 1339.1128540039065 123.04499816894533 7.5000000000000009 456.50000000000006 15.958333492279055 744.50000000000011 46.500000000000007
decision_type=2 2 2 2 2 2 2 2 2 2 2 2 2 2
left_child=1 6 7 -4 -2 -6 -1 8 -3 -8 11 -7 -12 -9
right_child=4 2 3 -5 5 10 9 13 -10 -11 12 -13 -14 -15
leaf_value=-2.2878744271808171e-08 -3.2020449676915974 4.3469614116435523e-07 -0.12692911230989637 1.1053687524110527 0.27439435630897208 -0.76718300629208769 -0.020056775720278072 -0.15526265870964656 0.144963901434665 0.0011812049243342033 1.713054009016646 -5.6592653316203645 -9.2039681254814933 -0.017068633961696833
leaf_weight=6711 2371 50390 1188 182 1719 1298 773 364 2792 326 411 1105 275 618
leaf_count=6711 2371 50390 1188 182 1719 1298 773 364 2792 326 411 1105 275 618
internal_value=-0.00221969 -0.00116655 3.24097e-05 -0.0193455 -0.0115047 -0.0057968 -0.0096865 0.000524285 0.000906236 -0.0283062 -0.0142372 -0.0200789 0.00622287 -0.0200608
internal_weight=70523 63344 55534 1370 7179 4808 7810 54164 53182 1099 3089 2403 686 982
internal_count=70523 63344 55534 1370 7179 4808 7810 54164 53182 1099 3089 2403 686 982
is_linear=0
shrinkage=0.05


Tree=23
num_leaves=15
num_cat=0
split_feature=105 119 100 159 60 100 165 91 165 168 114 127 166 78
split_gain=258.492 286.641 280.766 194.322 217.232 207.679 267.102 247.165 240.348 197.985 191.526 186.848 171.696 227.253
threshold=82.01111221313478 79.172031402587905 427.44500732421881 0.057291666045784957 106.50000000000001 63.696666717529304 8.5000000000000018 3.9966666698455815 8.5000000000000018 6.5000000000000009 143.17405700683597 117.90999984741212 12.500000000000002 310.50000000000006
decision_type=2 2 2 2 2 2 2 2 2 2 2 2 2 2
left_child=3 -2 11 5 -5 6 9 8 -7 -1 -4 -3 13 -6
right_child=1 2 10 4 12 7 -8 -9 -10 -11 -12 -13 -14 -15
leaf_value=-2.1734807058217763e-08 -1.1639691744624416 0.3092340990551396 0.24737301635164163 5.4018221369839469e-06 -0.062137598970132539 8.4044742697964358e-06 -2.1734807058217763e-08 -0.16334300061103793 -1.4095942801215742e-06 0.010538320764614398 -4.4666645461126775 -1.9350843157776083 -0.041091058746098773 0.054256803569639848
leaf_weight=1515 5528 2839 938 47206 1038 710 2610 1454 1215 266 1454 251 2068 1431
leaf_count=1515 5528 2839 938 47206 1038 710 2610 1454 1215 266 1454 251 2068 1431
internal_value=-0.00190634 -0.00894235 -0.000838345 -0.000604019 0.000503401 -0.00797428 -0.0151388 0.00134456 0.0130829 -0.0300392 -0.0136838 0.00911147 -0.00994055 -0.00103072
internal_weight=70523 11010 5482 59513 51743 7770 4391 3379 1925 1781 2392 3090 4537 2469
internal_count=70523 11010 5482 59513 51743 7770 4391 3379 1925 1781 2392 3090 4537 2469
is_linear=0
shrinkage=0.05


Tree=24
num_leaves=15
num_cat=0
split_feature=106 119 16 164 159 100 165 0 165 168 88 104 97 156
split_gain=267.838 237.607 244.205 180.579 170.03 234.663 267.102 219.452 234.346 197.985 180.825 196.381 157.398 145.574
threshold=118.45999908447267 72.431812286376967 424.82333374023443 594.71401977539074 0.057291666045784957 63.696666717529304 8.5000000000000018 3.0016666650772099 8.5000000000000018 6.5000000000000009 234.06333160400393 155.76421356201175 24.020000457763675 2116.291625976563
decision_type=2 2 2 2 2 2 2 2 2 2 2 2 2 2
left_child=4 -2 3 -3 5 6 9 8 -7 -1 13 -12 -8 -6
right_child=1 2 -4 -5 10 7 12 -9 -10 -11 11 -13 -14 -15
leaf_value=-2.0648066705306874e-08 -2.2698204809910978 0.059859886827161507 -7.7985077625602264 -8.2811031483959248 1.4287022725694012e-07 7.9842505563066138e-06 1.2242780215960384e-05 -0.15517585058048602 -1.3391145661154956e-06 0.010011404726383679 -0.17554889443411967 0.9878589561119786 -0.07626724774455225 -0.16398363233306937
leaf_weight=1515 3122 4875 385 289 52700 731 2195 1396 1275 266 976 168 415 215
leaf_count=1515 3122 4875 385 289 52700 731 2195 1396 1275 266 976 168 415 215
internal_value=-0.00176029 -0.00998732 -0.00377206 -0.000889921 -0.000606237 -0.00750834 -0.0151388 0.00234811 0.0129289 -0.0300392 0.000389353 -0.0192341 -0.00493308 0.000815382
internal_weight=70523 8671 5549 5164 61852 7793 4391 3402 2006 1781 54059 1144 2610 52915
internal_count=70523 8671 5549 5164 61852 7793 4391 3402 2006 1781 54059 1144 2610 52915
is_linear=0
shrinkage=0.05


Tree=25
num_leaves=15
num_cat=0
split_feature=105 118 160 164 99 171 117 16 26 27 134 97 113 165
split_gain=271.179 264.872 180.547 215.625 225.677 302.485 264.78 177.025 161.735 149.906 209.237 124.668 96.4257 91.0621
threshold=34.631666183471687 287.86000061035162 4648.0000000000009 633.15707397460949 26.475468635559086 -0.6035533845424651 86.164497375488295 424.82333374023443 340.67333984375006 245.62333679199222 123.34816360473634 17.039999961853031 0.062129369005560882 4.5000000000000009
decision_type=2 2 2 2 2 2 2 2 2 2 2 2 2 2
left_child=2 -2 3 4 6 -6 -1 9 11 10 -3 12 -4 -5
right_child=1 7 8 13 5 -7 -8 -9 -10 -11 -12 -13 -14 -15
leaf_value=-1.961566337004153e-08 -0.82293756498843151 -0.082756662741404585 -0.040294410229753302 -0.00011968449169197141 -0.006644734796640777 0.053968683337466176 0.64159840656850553 -6.1946406117703949 0.19794899556070431 -1.6027245259181937 1.6120396634068734 -0.071822254647777015 0.022537301854321363 0.00034023248220058089
leaf_weight=26185 2561 19715 183 587 4921 11478 415 450 162 536 494 618 102 2116
leaf_count=26185 2561 19715 183 587 4921 11478 415 450 162 536 494 618 102 2116
internal_value=-0.00158022 -0.00592989 0.00062965 0.00110486 0.000243001 0.00485552 -0.00260101 -0.00409198 -0.0196729 -0.00341446 -0.00271841 -0.0279185 -0.000517241 0.0147895
internal_weight=70523 23756 46767 45702 42999 16399 26600 21195 1065 20745 20209 903 285 2703
internal_count=70523 23756 46767 45702 42999 16399 26600 21195 1065 20745 20209 903 285 2703
is_linear=0
shrinkage=0.05


Tree=26
num_leaves=15
num_cat=0
split_feature=106 162 119 16 164 65 169 117 10 126 171 113 116 166
split_gain=230.14 216.146 212.419 227.124 168.607 150.783 150.483 212.062 202.006 139.442 70.5859 63.217 75.5892 63.433
threshold=118.45999908447267 1020.5706787109376 72.431812286376967 424.82333374023443 594.71401977539074 715.50000000000011 110.50000000000001 11.084249496459963 4.9983332157135019 91.140483856201186 -0.7865660786628722 82.294368743896499 66.58084869384767 10.500000000000002
decision_type=2 2 2 2 2 2 2 2 2 2 2 2 2 2
left_child=1 5 11 4 9 6 7 -1 -8 -4 -3 -2 -13 -14
right_child=2 10 3 -5 -6 -7 8 -9 -10 -11 -12 12 13 -15
leaf_value=-1.8634880201539455e-08 -2.1763538271631488 -0.0019672803113225711 0.11161659875561698 -7.0988503438436972 -7.8629101578390594 -0.12119334370607293 0.00029869866660112366 -0.0016623497131101493 -0.0097134083352459662 -3.8613670626933918 -0.0062293762648962638 1.2756341121016921 -0.57650652184743922 -8.7104513562835262
leaf_weight=10836 2432 116 4721 385 289 314 14568 3007 32647 154 364 310 202 178
leaf_count=10836 2432 116 4721 385 289 314 14568 3007 32647 154 364 310 202 178
internal_value=-0.00184253 -0.00077275 -0.00946865 -0.00359201 -0.000812536 -0.000509963 -0.000330806 -0.00491407 0.00101334 0.00140369 -0.0340206 -0.0198913 -0.00647482 -0.0212987
internal_weight=70523 61852 8671 5549 5164 61372 61058 13843 47215 4875 480 3122 690 380
internal_count=70523 61852 8671 5549 5164 61372 61058 13843 47215 4875 480 3122 690 380
is_linear=0
shrinkage=0.05


Tree=27
num_leaves=14
num_cat=0
split_feature=16 162 105 118 169 117 63 115 17 69 174 156 7
split_gain=214.175 179.832 182.954 234.629 218.772 255.027 188.413 134.647 92.9127 76.978 59.1286 21.3234 8.71072
threshold=424.82333374023443 1020.5706787109376 34.631666183471687 287.86000061035162 110.50000000000001 11.084249496459963 113.50000000000001 483.40167236328131 28.960000038146976 1.0000000180025095e-35 -0.56174489110708226 70.968750000000014 19.899999618530277
decision_type=2 2 2 2 2 2 2 2 2 2 2 2 2
left_child=1 2 4 8 5 -1 -6 -5 -4 -3 -2 -12 -11
right_child=10 9 3 7 6 -7 -8 -9 -10 12 11 -13 -14
leaf_value=-1.770313619146248e-08 -0.011502007852352981 6.1180615005085318e-05 -1.0749703760395763 -0.094681118862582056 0.00031069621730000244 -0.0015792322274546418 -0.015186534687240922 0.86943946855638043 -0.066633341451058745 -0.0059179074516514506 -0.71011961560835246 -6.5282196765977334 -0.0051638122563796331
leaf_weight=10578 134 134 1842 19861 29307 2777 3488 873 719 252 101 357 100
leaf_count=10578 134 134 1842 19861 29307 2777 3488 873 719 252 101 357 100
internal_value=-0.00166955 -0.00141487 -0.00120158 -0.0048133 0.000621818 -0.00477171 0.0028186 -0.0030474 -0.0190764 -0.0315682 -0.0314908 -0.0399568 -0.0436975
internal_weight=70523 69931 69445 23295 46150 13355 32795 20734 2561 486 592 458 352
internal_count=70523 69931 69445 23295 46150 13355 32795 20734 2561 486 592 458 352
is_linear=0
shrinkage=0.05


Tree=28
num_leaves=15
num_cat=0
split_feature=105 162 162 160 146 27 159 100 165 156 105 90 115 156
split_gain=253.214 196.428 187.217 210.966 173.392 234.389 170.709 252.51 322.123 159.492 152.502 145.668 134.875 238.243
threshold=45.948333740234382 1041.089050292969 19.21552658081055 104.50000000000001 94.140346527099624 53.046667098999031 0.057291666045784957 63.696666717529304 8.5000000000000018 2116.291625976563 117.76444244384767 1.5966666340827944 186.19666290283206 10.114583492279055
decision_type=2 2 2 2 2 2 2 2 2 2 2 2 2 2
left_child=1 6 -2 12 10 -6 7 8 -1 -8 -5 -9 13 -4
right_child=2 -3 3 4 5 -7 9 11 -10 -11 -12 -13 -14 -15
leaf_value=-1.6817979381889356e-08 -1.0077977418417692 -0.012415050972728056 -1.2517725648110798 -0.11550061232626288 0.43324795371093255 -0.59482838157198359 5.1273852027600542e-06 7.5878357124794346e-06 -6.2998939351517398e-07 -0.14537434406436134 -2.241960506730694 -0.053050162981678799 0.50821686904007624 0.1412361159429297
leaf_weight=1781 2562 238 544 6337 959 535 43006 1852 2576 215 4484 1306 2332 1796
leaf_count=1781 2562 238 544 6337 959 535 43006 1852 2576 215 4484 1306 2332 1796
internal_value=-0.00104143 0.000814061 -0.00587859 -0.0039754 -0.00740666 0.00853903 0.00102875 -0.0059242 -0.0137208 0.00223824 -0.00961112 0.00483718 0.00506735 -0.00341151
internal_weight=70523 50974 19549 16987 12315 1494 50736 7515 4357 43221 10821 3158 4672 2340
internal_count=70523 50974 19549 16987 12315 1494 50736 7515 4357 43221 10821 3158 4672 2340
is_linear=0
shrinkage=0.05


Tree=29
num_leaves=15
num_cat=0
split_feature=162 105 101 119 100 143 165 7 127 167 78 165 116 114
split_gain=296.975 255.503 232.374 215.169 271.684 185 171.843 274.337 262.494 242.114 239.845 162.25 422.345 150.491
threshold=0.47519841790199285 84.00888824462892 13.152359485626222 79.172031402587905 344.63499450683599 23.949508666992191 11.500000000000002 137.00666809082034 265.30499267578131 1.5000000000000002 618.00000000000011 8.5000000000000018 7.5897703170776376 143.17405700683597
decision_type=2 2 2 2 2 2 2 2 2 2 2 2 2 2
left_child=2 6 11 13 -5 -6 7 9 10 -2 -8 12 -1 -3
right_child=1 3 -4 4 5 -7 8 -9 -10 -11 -12 -13 -14 -15
leaf_value=-1.1784486025575742e-07 0.0002320313072349652 -1.2966177790434847 7.2084439268554632e-06 0.31171285865982079 -1.6690463345130919 0.73592714862787556 0.0021610395426210128 -0.040018832199240531 0.70615120983428659 -0.0002059060775162653 -0.0065937367850447005 -0.0020005984452203559 7.2084439268554632e-06 0.61210007332165117
leaf_weight=1327 6625 4789 716 1989 3078 359 24520 4520 786 15937 2156 2877 395 449
leaf_count=1327 6625 4789 716 1989 3078 359 24520 4520 786 15937 2156 2877 395 449
internal_value=-0.00175179 -0.000824989 -0.0131109 -0.0079014 -0.000920641 -0.00942766 0.00055913 -0.00226677 0.00334583 -1.32937e-05 0.00250365 -0.017235 -0.0293573 -0.0151249
internal_weight=70523 65208 5315 10664 5426 3437 54544 27082 27462 22562 26676 4599 1722 5238
internal_count=70523 65208 5315 10664 5426 3437 54544 27082 27462 22562 26676 4599 1722 5238
is_linear=0
shrinkage=0.05


Tree=30
num_leaves=15
num_cat=0
split_feature=10 117 171 69 100 114 117 66 96 28 105 130 9 111
split_gain=173.915 202.389 370.028 226.829 211.632 203.993 197.424 190.385 184.767 180.219 169.465 161.324 156.551 139.043
threshold=143.02333068847659 45.736951828002937 -0.7865660786628722 35.500000000000007 68.983333587646499 58.266393661499031 44.862085342407234 207.50000000000003 12.255277633666994 71.056667327880874 13.001111030578615 17.906666755676273 282.32833862304693 384.82415771484381
decision_type=2 2 2 2 2 2 2 2 2 2 2 2 2 2
left_child=1 3 5 6 8 12 10 -6 -4 13 -1 -7 -3 -2
right_child=9 2 4 -5 7 11 -8 -9 -10 -11 -12 -13 -14 -15
leaf_value=2.576657751279343e-06 -1.1826198947735331 0.00081345207056058167 -0.0021592311458855182 -0.0024758469513454593 0.14425785819997272 -0.024320566950120005 -0.056761321855361806 -0.076366507988870541 -0.31731085374987844 0.44379249547140009 -0.10697491357742567 -0.42516257406462793 -0.26888726314721739 -9.3465865767414282
leaf_weight=24598 5146 2729 1469 2235 18092 1086 462 1414 400 1012 10036 1141 301 402
leaf_count=24598 5146 2729 1469 2235 18092 1086 462 1414 400 1012 10036 1141 301 402
internal_value=-0.00158731 -0.000791802 0.00253782 -0.00316718 0.00546071 -0.00934055 -0.00218227 0.00700118 -0.0105923 -0.0093374 -0.00174659 -0.0208109 -0.000889621 -0.0128759
internal_weight=70523 63963 26632 37331 21375 5257 35096 19506 1869 6560 34634 2227 3030 5548
internal_count=70523 63963 26632 37331 21375 5257 35096 19506 1869 6560 34634 2227 3030 5548
is_linear=0
shrinkage=0.05


Tree=31
num_leaves=15
num_cat=0
split_feature=65 163 105 162 160 169 116 169 105 165 101 156 113 158
split_gain=162.208 159.955 183.448 171.681 232.821 165.42 315.62 203.418 161.398 196.253 223.16 102.28 96.4007 76.4934
threshold=814.00000000000011 34.000000000000007 45.948333740234382 19.21552658081055 82.500000000000014 110.50000000000001 27.810274124145511 150.50000000000003 2.9994444847106938 18.500000000000004 8.1803274154663104 0.093750000000000014 84.880844116210952 4.4638543128967294
decision_type=2 2 2 2 2 2 2 2 2 2 2 2 2 2
left_child=1 8 5 12 -5 6 -3 -7 9 10 -1 -11 -4 -10
right_child=-2 2 3 4 -6 7 -8 -9 13 11 -12 -13 -14 -15
leaf_value=-2.4078550480693671e-07 -0.21656869402293039 -1.3891772496397416e-07 -1.0409010034989148 0.18199206905222926 -0.24708503910227331 0.2499735624284628 -0.0022059142842609488 6.2986678697758743e-05 -0.1718448162370175 9.9783244513198076e-05 6.7191888429487234e-06 -0.0069821254355031566 0.432433648571179 1.3806587160574946
leaf_weight=2184 259 8883 2024 4048 12883 4904 992 31096 1226 407 1036 135 343 103
leaf_count=2184 259 8883 2024 4048 12883 4904 992 31096 1226 407 1036 135 343 103
internal_value=-0.0012215 -0.00107444 -0.000407346 -0.00449671 -0.00273087 0.00131321 -0.00441802 0.00288571 -0.00960557 -0.0043005 -0.00899225 0.0234004 -0.0170953 -0.0245502
internal_weight=70523 70264 65173 19298 16931 45875 9875 36000 5091 3762 3220 542 2367 1329
internal_count=70523 70264 65173 19298 16931 45875 9875 36000 5091 3762 3220 542 2367 1329
is_linear=0
shrinkage=0.05


Tree=32
num_leaves=15
num_cat=0
split_feature=159 105 102 114 100 145 169 98 105 146 96 126 27 128
split_gain=158.119 164.696 221.842 272.285 202.769 198.796 175.172 240.163 167.155 161.529 156.898 131.859 124.006 106.451
threshold=1339.1128540039065 211.12667083740237 125.19663619995119 149.81080627441409 62.885000228881843 293.54194641113287 222.50000000000003 56.831594467163093 22.988332748413089 94.001186370849624 348.05766296386724 18.00715255737305 245.62333679199222 0.74147552251815807
decision_type=2 2 2 2 2 2 2 2 2 2 2 2 2 2
left_child=1 4 -3 12 5 8 9 -8 -1 -6 -5 -2 -4 -7
right_child=11 2 3 10 6 13 7 -9 -10 -11 -12 -13 -14 -15
leaf_value=-2.2874622956658988e-07 -0.21356138991231186 -4.1452446419697102 1.1328639357833037 0.12600638913487947 1.7381860801352959e-05 0.011109056157057536 -0.008301846894027895 0.4104518998568068 -0.66874796299419537 0.44555498985551989 -6.2922772640906421 0.01139786198667549 -3.6420408168908764 -0.0026858298264232556
leaf_weight=13830 610 1707 792 611 33190 255 16020 1062 588 672 524 404 134 124
leaf_count=13830 610 1707 792 611 33190 255 16020 1062 588 672 524 404 134 124
internal_value=-0.00115344 -0.000866732 -0.0110257 2.42014e-05 -0.000283667 -0.00543508 0.00121298 -0.0029145 -0.0063787 0.00329524 -0.0163596 -0.0207066 0.0200859 0.0300781
internal_weight=70523 69509 3768 2061 65741 14797 50944 17082 14418 33862 1135 1014 926 379
internal_count=70523 69509 3768 2061 65741 14797 50944 17082 14418 33862 1135 1014 926 379
is_linear=0
shrinkage=0.05


Tree=33
num_leaves=15
num_cat=0
split_feature=163 105 118 166 174 99 130 160 105 165 101 132 98 102
split_gain=158.613 176.613 290.862 271.514 199.58 273 198.348 184.54 151.975 196.253 223.16 178.562 131.775 124.708
threshold=34.000000000000007 8.9516663551330584 241.05999755859378 7.5000000000000009 -0.56174489110708226 2.7142187356948857 173.091667175293 2010.0000000000002 2.9994444847106938 18.500000000000004 8.1803274154663104 0.048177909106016166 1.3195284605026247 211.89482116699222
decision_type=2 2 2 2 2 2 2 2 2 2 2 2 2 2
left_child=8 4 -3 7 5 -2 -5 -4 9 10 11 -1 -12 -6
right_child=1 2 3 6 13 -7 -8 -9 -10 -11 12 -13 -14 -15
leaf_value=-2.1730891808826038e-07 -0.00027373293994078921 -0.26809121686790144 0.13476960803373803 -0.029277149421071916 5.3543615066719805e-07 0.031034459244791753 -0.21016913862393719 -0.080783153975359234 -0.15465985023669576 9.4324874535432841e-05 -0.0045277505913650052 0.00028419144964256406 5.5141363607336398e-06 1.1749295112941298
leaf_weight=1900 1491 3779 11533 19627 20328 4509 3449 541 1329 542 619 284 417 175
leaf_count=1900 1491 3779 11533 19627 20328 4509 3449 541 1329 542 619 284 417 175
internal_value=-0.000952104 -0.000290356 -0.00243361 -0.0010155 0.00285763 0.0108743 -0.00419393 0.00505837 -0.00944859 -0.0043005 -0.00899225 -0.0180448 0.0100865 0.000509557
internal_weight=70523 65432 38929 35150 26503 6000 23076 12074 5091 3762 3220 2184 1036 20503
internal_count=70523 65432 38929 35150 26503 6000 23076 12074 5091 3762 3220 2184 1036 20503
is_linear=0
shrinkage=0.05


Tree=34
num_leaves=15
num_cat=0
split_feature=169 165 100 174 130 104 105 61 26 99 96 169 142 117
split_gain=252.327 379.816 411.096 531.437 230.075 211.722 206.783 180.323 156.367 140.56 137.16 115.456 108.536 75.6183
threshold=95.500000000000014 8.5000000000000018 63.696666717529304 -0.56174489110708226 500.50000000000006 6.445052146911622 1.0000000180025095e-35 492.50000000000006 380.75500488281256 14.091168880462648 371.90274047851568 73.500000000000014 356.16278076171881 10.885619163513185
decision_type=2 2 2 2 2 2 2 2 2 2 2 2 2 2
left_child=1 2 13 -4 7 -3 -5 8 10 11 -2 -7 -9 -1
right_child=4 5 3 6 -6 9 -8 12 -10 -11 -12 -13 -14 -15
leaf_value=-2.064434721838474e-07 9.5595924546030509e-06 0.00061729108513312013 -0.0015473616910124538 5.2384295426969585e-06 -0.013365088257895581 -0.0043013630617967551 -0.1284406721291321 -0.16892904578785109 0.63238916241998222 -0.054638407959090619 -1.8378704094541825 0.00051896425832423702 0.01752941843312239 5.0866434313383812e-07
leaf_weight=1835 58319 240 601 862 299 2029 375 505 284 417 968 3494 188 107
leaf_count=1835 58319 240 601 862 299 2029 375 505 284 417 968 3494 188 107
internal_value=-0.00173903 -0.00911189 -0.0215852 -0.00461205 -0.000525855 -0.0014713 0.0141304 -0.000306957 -1.09104e-05 -0.00334735 -0.000189739 -0.00122106 -0.0255731 -0.0375963
internal_weight=70523 9960 3780 1838 60563 6180 1237 60264 59571 5940 59287 5523 693 1942
internal_count=70523 9960 3780 1838 60563 6180 1237 60264 59571 5940 59287 5523 693 1942
is_linear=0
shrinkage=0.05


Tree=35
num_leaves=15
num_cat=0
split_feature=130 169 105 166 160 157 97 165 130 165 100 104 98 99
split_gain=202.828 211.778 186.739 260.998 247.104 186.127 176.641 279.898 157.231 142.089 406.7 230.055 132.5 35.505
threshold=500.50000000000006 110.50000000000001 7.9344444274902353 7.5000000000000009 2010.0000000000002 1471.5000000000002 13.001666545867922 9.5000000000000018 9.0066666603088397 8.5000000000000018 63.696666717529304 6.445052146911622 0.66383466124534618 56.293981552124031
decision_type=2 2 2 2 2 2 2 2 2 2 2 2 2 2
left_child=1 5 6 4 -4 9 7 -3 -5 10 -1 -11 -8 -7
right_child=-2 2 3 8 -6 13 12 -9 -10 11 -12 -13 -14 -15
leaf_value=-1.9612129857465503e-07 -0.012696833845000803 0.00021624768699107636 0.096210078148692632 -0.011954669809829257 -0.094875222987092903 0.052405041360148702 0.0083184530914402043 -0.0052826396712134455 -0.13197315378856853 0.00058642653087646413 3.2309204202276547e-06 -0.0021567814206183075 0.03278995657144073 5.5910907238158565
leaf_weight=2659 299 3565 12619 13289 448 100 355 5123 12058 240 2572 8539 8475 182
leaf_count=2659 299 3565 12619 13289 448 100 355 5123 12058 240 2572 8539 8475 182
internal_value=-0.00151642 -0.0013399 4.82686e-05 -0.0019027 0.00383644 -0.00677065 0.00432574 -0.000736225 -0.00486155 -0.00758473 -0.0141043 -0.00369422 0.0093039 0.033101
internal_weight=70523 70224 55932 38414 13067 14292 17518 8688 25347 14010 5231 8779 8830 282
internal_count=70523 70224 55932 38414 13067 14292 17518 8688 25347 14010 5231 8779 8830 282
is_linear=0
shrinkage=0.05


Tree=36
num_leaves=15
num_cat=0
split_feature=169 165 100 174 104 105 106 119 100 143 127 62 146 149
split_gain=230.5 412.888 437.297 560.305 199.299 183.441 174.516 189.743 215.062 195.216 172.871 168.445 177.284 211.61
threshold=95.500000000000014 8.5000000000000018 63.696666717529304 -0.56174489110708226 6.445052146911622 0.84611111879348766 79.101665496826186 79.172031402587905 427.44500732421881 25.832744598388675 126.79999923706056 104.50000000000001 94.001186370849624 122.18396759033205
decision_type=2 2 2 2 2 2 2 2 2 2 2 2 2 2
left_child=1 2 -1 -4 -3 -5 11 -8 10 -10 -9 12 13 -2
right_child=6 4 3 5 -6 -7 7 8 9 -11 -12 -13 -14 -15
leaf_value=-1.8631523364592227e-07 2.8673613232902095e-05 0.00055710520433264099 -0.0014701551524828424 4.8149620445507277e-06 -0.0021757047364121575 -0.165512791957664 -0.59903838701705969 0.33623349407338882 -1.9905177193135892 0.61514346688462007 -1.3126270867583152 -0.013312107708177257 0.20107584704550502 0.32455801534214795
leaf_weight=1942 41149 240 601 909 5940 328 6855 2967 2245 303 269 4491 1107 1177
leaf_count=1942 41149 240 601 909 5940 328 6855 2967 2245 303 269 4491 1107 1177
internal_value=-0.00103151 -0.00807827 -0.0210832 -0.00358112 -0.000113177 0.0156602 0.000127955 -0.00509728 0.00157195 -0.0092832 0.0101203 0.00150639 0.00245983 0.00194184
internal_weight=70523 9960 3780 1838 6180 1237 60563 12639 5784 2548 3236 47924 43433 42326
internal_count=70523 9960 3780 1838 6180 1237 60563 12639 5784 2548 3236 47924 43433 42326
is_linear=0
shrinkage=0.05


Tree=37
num_leaves=15
num_cat=0
split_feature=104 165 169 99 106 25 173 101 171 104 101 108 88 156
split_gain=222.553 380.931 193.938 190.038 155.452 191.935 162.325 161.565 186.707 148.786 237.436 217.068 214.477 135.658
threshold=10.688099861145021 8.5000000000000018 69.500000000000014 1.0000000180025095e-35 142.63999938964847 5.9433333873748788 0.87837970256805431 78.70230865478517 0.37940952181816107 155.76421356201175 153.59891510009768 4.1541666984558114 234.06333160400393 2116.291625976563
decision_type=2 2 2 2 2 2 2 2 2 2 2 2 2 2
left_child=1 2 -1 -3 9 6 -6 -7 -9 12 -11 -12 13 -2
right_child=4 3 -4 -5 5 7 -8 8 -10 10 11 -13 -14 -15
leaf_value=2.8286262969887356e-06 9.4031504769449605e-06 0.00052924994411600887 -1.7699947196362616e-07 -0.0036522245624968728 -2.6277102177859035 0.45962605103505355 0.38170004318111311 -2.2346678976250538 1.2650009454230871 2.2077961884528867 0.65891539521369324 -0.063370913175323215 -0.16505157110425431 -0.11996010568122868
leaf_weight=216 56011 180 1604 2946 4024 839 820 1136 348 805 107 289 983 215
leaf_count=216 56011 180 1604 2946 4024 839 820 1136 348 805 107 289 983 215
internal_value=-0.000886882 -0.0111089 -0.0292603 -0.000511019 -0.000115123 -0.00706219 -0.0127243 0.00474656 -0.00517126 0.000737824 0.0181177 -0.0134663 0.000371413 0.000777151
internal_weight=70523 4946 1820 3126 65577 7167 4844 2323 1484 58410 1201 396 57209 56226
internal_count=70523 4946 1820 3126 65577 7167 4844 2323 1484 58410 1201 396 57209 56226
is_linear=0
shrinkage=0.05


Tree=38
num_leaves=15
num_cat=0
split_feature=104 165 169 88 169 105 166 16 113 89 119 68 153 67
split_gain=271.129 334.131 193.938 158.13 175.839 206.733 201.556 166.711 152.721 135.077 117.393 116.874 98.0477 91.5541
threshold=10.688099861145021 8.5000000000000018 69.500000000000014 234.06333160400393 289.50000000000006 171.49777984619143 13.500000000000002 128.02666473388675 4.7183165550231942 99.294998168945327 85.739856719970717 298.50000000000006 0.20833333581686023 1.0000000180025095e-35
decision_type=2 2 2 2 2 2 2 2 2 2 2 2 2 2
left_child=1 2 -1 4 5 7 9 -2 -8 -6 -7 -5 -4 -3
right_child=3 13 12 11 6 10 8 -9 -10 -11 -12 -13 -14 -15
leaf_value=2.6871949821392989e-06 -5.4528921596791169e-07 0.00046337659893239992 -1.6814949836544486e-07 -0.34507224506927509 1.0748501335022327 -3.0884549625623006 0.30277726518065473 0.18447227087919399 -0.15147918131658844 0.098560529305910888 -0.17855822376764846 0.025256718022099722 -0.0017924857095720581 -0.010316669831770446
leaf_weight=216 52130 2466 1231 954 1051 2012 511 3949 1052 1225 2288 405 373 660
leaf_count=216 52130 2466 1231 954 1051 2012 511 3949 1052 1225 2288 405 373 660
internal_value=-0.000977626 -0.0122601 -0.0292603 -0.000125797 0.000232004 -0.000428094 0.0106009 0.000382462 -0.00322066 0.0200789 -0.0109872 -0.0169721 -0.0352393 -0.00233152
internal_weight=70523 4946 1820 65577 64218 60379 3839 56079 1563 2276 4300 1359 1604 3126
internal_count=70523 4946 1820 65577 64218 60379 3839 56079 1563 2276 4300 1359 1604 3126
is_linear=0
shrinkage=0.05


Tree=39
num_leaves=15
num_cat=0
split_feature=104 165 169 105 27 81 134 166 101 156 162 130 153 167
split_gain=260.453 327.366 191.554 136.203 185.054 191.308 161.653 159.736 171.85 130.595 121.553 132.522 107.319 99.4623
threshold=10.688099861145021 8.5000000000000018 69.500000000000014 20.900555610656742 8.9833331108093279 3.7633333206176762 123.34816360473634 16.500000000000004 29.343607902526859 2116.291625976563 1041.089050292969 267.97332763671881 0.20833333581686023 1.0000000180025095e-35
decision_type=2 2 2 2 2 2 2 2 2 2 2 2 2 2
left_child=1 2 -1 9 5 -5 -7 8 -6 10 11 -2 -4 -9
right_child=3 -3 12 4 7 6 -8 13 -10 -11 -12 -13 -14 -15
leaf_value=2.5528352330323339e-06 7.7973580155342956e-06 -0.0010407364157565464 -1.597420234471726e-07 -1.1776270876617905 -0.3544516722608595 0.0013979998157255175 1.7142157777765146 -0.012300837958987586 0.0069469505372796725 -0.11396207313270645 -0.016326844288236435 0.077717276257096665 -0.0017028614240934552 -0.700459982973894
leaf_weight=216 32212 3126 1231 1516 1242 21164 319 543 3673 215 237 3092 373 1364
leaf_count=216 32212 3126 1231 1516 1242 21164 319 543 3673 215 237 3092 373 1364
internal_value=-0.00110098 -0.0121592 -0.0289863 -0.000266079 -0.00276101 -0.00061511 0.000598008 -0.00998975 -0.00521341 0.00181483 0.00205227 0.00229403 -0.0349285 -0.0222542
internal_weight=70523 4946 1820 65577 29821 22999 21483 6822 4915 35756 35541 35304 1604 1907
internal_count=70523 4946 1820 65577 29821 22999 21483 6822 4915 35756 35541 35304 1604 1907
is_linear=0
shrinkage=0.05


Tree=40
num_leaves=15
num_cat=0
split_feature=165 169 130 100 113 28 68 132 105 165 100 174 114 79
split_gain=232.794 384.6 321.068 276.054 260.379 261.026 254.256 240.055 211.767 193.032 222.209 177.219 140.913 133.224
threshold=11.500000000000002 88.500000000000014 173.091667175293 231.64333343505862 0.037070270627737052 90.01666641235353 4.5000000000000009 137.24672698974612 356.00500488281256 8.5000000000000018 63.696666717529304 1.0000000180025095e-35 52.000341415405281 775.50000000000011
decision_type=2 2 2 2 2 2 2 2 2 2 2 2 2 2
left_child=1 3 4 9 6 -6 -3 8 13 10 -1 -11 -4 -2
right_child=7 2 12 -5 5 -7 -8 -9 -10 11 -12 -13 -14 -15
leaf_value=-9.0789265594623073e-07 0.0004922445897736072 0.0002708561939444081 -0.0055601036478409504 3.7414529784976238e-06 -0.0043133724517054649 0.4249342008878399 -1.0583766113483779e-05 1.0804434620701693 -10.740100165164307 -0.0080339159008678829 -0.0013844706537748603 0.0010199697747404963 -0.16981555436144832 -0.0058199946572323816
leaf_weight=1703 32355 3283 2453 294 21332 940 1286 640 300 540 1099 396 1954 1948
leaf_count=1703 32355 3283 2453 294 21332 940 1286 640 300 540 1099 396 1954 1948
internal_value=-0.00115911 -0.00403004 -0.00215339 -0.0185534 -9.87112e-05 -0.00232976 0.0107674 0.00171499 0.00115147 -0.0222282 -0.0287852 -0.00255048 -0.0146532 0.00152005
internal_weight=70523 35280 31248 4032 26841 22272 4569 35243 34603 3738 2802 936 4407 34303
internal_count=70523 35280 31248 4032 26841 22272 4569 35243 34603 3738 2802 936 4407 34303
is_linear=0
shrinkage=0.05


Tree=41
num_leaves=15
num_cat=0
split_feature=104 165 102 116 162 60 102 27 7 165 148 108 67 114
split_gain=208.802 292.252 244.744 201.532 149.947 144.351 163.69 164.945 145.671 118.19 136.746 102.031 96.5892 88.8274
threshold=10.688099861145021 8.5000000000000018 1.8596949577331545 7.5897703170776376 1020.5706787109376 199.50000000000003 192.0094909667969 255.09833526611331 245.966667175293 18.500000000000004 6007.1877441406259 1.2216666340827944 1.0000000180025095e-35 1.0435648560523989
decision_type=2 2 2 2 2 2 2 2 2 2 2 2 2 2
left_child=1 2 3 -1 5 6 8 -8 -2 11 -11 -7 13 -3
right_child=4 12 -4 -5 -6 9 7 -9 -10 10 -12 -13 -14 -15
leaf_value=-4.7223152064460896e-08 1.2864361910211022e-05 0.00050704320826273539 -1.0636028947750243e-07 7.4414831519653977e-05 -0.0050142652104415006 0.33904259286598798 0.54622996518450895 -0.12675591444262388 -0.053178100526518696 -0.12947314392304296 0.1305377843366351 -0.14802524615714072 -0.0095547230267210084 -0.0033979213906671262
leaf_weight=268 56578 475 1149 403 488 203 1013 277 3719 263 553 2483 660 1991
leaf_count=268 56578 475 1149 403 488 203 1013 277 3719 263 553 2483 660 1991
internal_value=-0.00126829 -0.0111695 -0.0270685 -0.00303254 -0.000520722 -0.000312625 0.000249221 0.0178378 -0.00012852 -0.0101796 0.00645554 -0.015236 -0.00188438 0.00267098
internal_weight=70523 4946 1820 671 65577 65089 61587 1290 60297 3502 816 2686 3126 2466
internal_count=70523 4946 1820 671 65577 65089 61587 1290 60297 3502 816 2686 3126 2466
is_linear=0
shrinkage=0.05


end of trees

feature_importances:
roll0003_mean_fixed_avg_active_gpus_F30=52
utc_hour=28
melbourne_day_of_year=28
roll2016_stddev_pop_queued_requested_gpus=20
roll0288_max_total_avg_active_gpus=19
hour_cos=18
roll2016_stddev_pop_fixed_avg_active_gpus_F30=17
roll2016_mean_queued_requested_gpus=16
roll2016_stddev_pop_total_avg_active_gpus=15
roll0003_max_fixed_avg_active_gpus_F30=15
weekday_cos=12
roll0288_mean_fixed_avg_active_gpus_F30=11
roll0288_mean_queued_requested_gpus=11
roll2016_mean_fixed_avg_active_gpus_F30=10
roll0288_max_flexible_avg_active_gpus_F30=10
melbourne_hour=10
roll0288_mean_total_avg_active_gpus=9
roll0048_stddev_pop_fixed_avg_active_gpus_F30=9
roll0288_max_queued_requested_gpus=9
lag_flexible_avg_active_gpus_F30_0576=8
lag_running_job_equivalents_0576=8
roll0288_stddev_pop_total_avg_active_gpus=8
roll0048_mean_queued_requested_gpus=8
lag_fixed_avg_active_gpus_F30_0048=7
roll2016_mean_total_avg_active_gpus=7
roll2016_max_total_avg_active_gpus=7
roll2016_max_fixed_avg_active_gpus_F30=7
roll2016_mean_flexible_avg_active_gpus_F30=7
roll0048_stddev_pop_queued_requested_gpus=7
roll0288_stddev_pop_queued_requested_gpus=7
lag_fixed_avg_active_gpus_F30_0001=6
lag_flexible_avg_active_gpus_F30_0288=6
lag_queued_requested_gpus_0576=6
lag_running_job_equivalents_2016=6
roll0048_mean_total_avg_active_gpus=6
roll0048_max_total_avg_active_gpus=6
roll0288_stddev_pop_fixed_avg_active_gpus_F30=6
lag_queued_job_count_0024=5
roll0003_max_total_avg_active_gpus=5
roll0048_stddev_pop_total_avg_active_gpus=5
roll0288_stddev_pop_arriving_flexible_gpu_hours_F30=5
roll2016_max_queued_requested_gpus=5
hour_sin=5
lag_total_avg_active_gpus_0001=4
lag_total_avg_active_gpus_0288=4
lag_queued_requested_gpus_2016=4
roll0003_mean_total_avg_active_gpus=4
roll0048_max_flexible_avg_active_gpus_F30=4
roll2016_stddev_pop_flexible_avg_active_gpus_F30=4
roll0012_mean_queued_requested_gpus=4
lag_queued_job_count_0001=3
lag_queued_job_count_0002=3
lag_queued_job_count_0006=3
lag_queued_job_count_0048=3
lag_queued_job_count_0576=3
roll0012_mean_fixed_avg_active_gpus_F30=3
roll0048_mean_fixed_avg_active_gpus_F30=3
roll0288_max_fixed_avg_active_gpus_F30=3
roll0048_max_queued_requested_gpus=3
weekday_sin=3
lag_flexible_avg_active_gpus_F30_0024=2
lag_flexible_avg_active_gpus_F30_0048=2
lag_arriving_requested_gpus_0006=2
lag_queued_job_count_0288=2
lag_queued_job_count_2016=2
lag_queued_requested_gpus_0024=2
lag_running_job_equivalents_0001=2
lag_running_job_equivalents_0002=2
lag_running_job_equivalents_0048=2
lag_running_job_equivalents_0288=2
roll0012_stddev_pop_fixed_avg_active_gpus_F30=2
roll0048_mean_flexible_avg_active_gpus_F30=2
roll0048_stddev_pop_flexible_avg_active_gpus_F30=2
roll0048_stddev_pop_arriving_flexible_gpu_hours_F30=2
roll0288_max_arriving_flexible_gpu_hours_F30=2
roll2016_max_arriving_flexible_gpu_hours_F30=2
melbourne_day_of_week=2
melbourne_month=2
is_weekend=2
lag_total_avg_active_gpus_0048=1
lag_total_avg_active_gpus_2016=1
lag_fixed_avg_active_gpus_F30_0288=1
lag_flexible_avg_active_gpus_F30_2016=1
lag_arriving_job_count_0288=1
lag_arriving_requested_gpus_0003=1
lag_queued_job_count_0003=1
lag_queued_job_count_0012=1
lag_queued_requested_gpus_0048=1
lag_queued_requested_gpus_0288=1
lag_running_job_equivalents_0003=1
lag_running_job_equivalents_0006=1
roll0012_max_total_avg_active_gpus=1
roll0012_mean_flexible_avg_active_gpus_F30=1
roll0288_mean_flexible_avg_active_gpus_F30=1
roll0048_max_arriving_flexible_gpu_hours_F30=1
roll0288_mean_arriving_flexible_gpu_hours_F30=1
roll2016_stddev_pop_arriving_flexible_gpu_hours_F30=1
month_cos=1

parameters:
[boosting: gbdt]
[objective: regression_l1]
[metric: l1]
[tree_learner: serial]
[device_type: cpu]
[data_sample_strategy: bagging]
[data: ]
[valid: ]
[num_iterations: 42]
[learning_rate: 0.05]
[num_leaves: 15]
[num_threads: 4]
[seed: 20260721]
[deterministic: 1]
[force_col_wise: 1]
[force_row_wise: 0]
[histogram_pool_size: -1]
[max_depth: 5]
[min_data_in_leaf: 100]
[min_sum_hessian_in_leaf: 0.001]
[bagging_fraction: 1]
[pos_bagging_fraction: 1]
[neg_bagging_fraction: 1]
[bagging_freq: 0]
[bagging_seed: 11591]
[bagging_by_query: 0]
[feature_fraction: 1]
[feature_fraction_bynode: 1]
[feature_fraction_seed: 24120]
[extra_trees: 0]
[extra_seed: 12737]
[early_stopping_round: 0]
[early_stopping_min_delta: 0]
[first_metric_only: 0]
[max_delta_step: 0]
[lambda_l1: 0]
[lambda_l2: 5]
[linear_lambda: 0]
[min_gain_to_split: 0]
[drop_rate: 0.1]
[max_drop: 50]
[skip_drop: 0.5]
[xgboost_dart_mode: 0]
[uniform_drop: 0]
[drop_seed: 6762]
[top_rate: 0.2]
[other_rate: 0.1]
[min_data_per_group: 100]
[max_cat_threshold: 32]
[cat_l2: 10]
[cat_smooth: 10]
[max_cat_to_onehot: 4]
[top_k: 20]
[monotone_constraints: ]
[monotone_constraints_method: basic]
[monotone_penalty: 0]
[feature_contri: ]
[forcedsplits_filename: ]
[refit_decay_rate: 0.9]
[cegb_tradeoff: 1]
[cegb_penalty_split: 0]
[cegb_penalty_feature_lazy: ]
[cegb_penalty_feature_coupled: ]
[path_smooth: 0]
[interaction_constraints: ]
[verbosity: -1]
[saved_feature_importance_type: 0]
[use_quantized_grad: 0]
[num_grad_quant_bins: 4]
[quant_train_renew_leaf: 0]
[stochastic_rounding: 1]
[linear_tree: 0]
[max_bin: 255]
[max_bin_by_feature: ]
[min_data_in_bin: 3]
[bin_construct_sample_cnt: 200000]
[data_random_seed: 4436]
[is_enable_sparse: 1]
[enable_bundle: 1]
[use_missing: 1]
[zero_as_missing: 0]
[feature_pre_filter: 1]
[pre_partition: 0]
[two_round: 0]
[header: 0]
[label_column: ]
[weight_column: ]
[group_column: ]
[ignore_column: ]
[categorical_feature: ]
[forcedbins_filename: ]
[precise_float_parser: 0]
[parser_config_file: ]
[objective_seed: 18074]
[num_class: 1]
[is_unbalance: 0]
[scale_pos_weight: 1]
[sigmoid: 1]
[boost_from_average: 1]
[reg_sqrt: 0]
[alpha: 0.9]
[fair_c: 1]
[poisson_max_delta_step: 0.7]
[tweedie_variance_power: 1.5]
[lambdarank_truncation_level: 30]
[lambdarank_norm: 1]
[label_gain: ]
[lambdarank_position_bias_regularization: 0]
[eval_at: ]
[multi_error_top_k: 1]
[auc_mu_weights: ]
[num_machines: 1]
[local_listen_port: 12400]
[time_out: 120]
[machine_list_filename: ]
[machines: ]
[gpu_platform_id: -1]
[gpu_device_id: -1]
[gpu_use_dp: 0]
[num_gpu: 1]

end of parameters

pandas_categorical:[]
