tree
version=v4
num_class=1
num_tree_per_iteration=1
label_index=0
max_feature_idx=176
objective=regression_l1
feature_names=lag_total_avg_active_gpus_0001 lag_total_avg_active_gpus_0002 lag_total_avg_active_gpus_0003 lag_total_avg_active_gpus_0006 lag_total_avg_active_gpus_0012 lag_total_avg_active_gpus_0024 lag_total_avg_active_gpus_0048 lag_total_avg_active_gpus_0288 lag_total_avg_active_gpus_0576 lag_total_avg_active_gpus_2016 lag_fixed_avg_active_gpus_F30_0001 lag_fixed_avg_active_gpus_F30_0002 lag_fixed_avg_active_gpus_F30_0003 lag_fixed_avg_active_gpus_F30_0006 lag_fixed_avg_active_gpus_F30_0012 lag_fixed_avg_active_gpus_F30_0024 lag_fixed_avg_active_gpus_F30_0048 lag_fixed_avg_active_gpus_F30_0288 lag_fixed_avg_active_gpus_F30_0576 lag_fixed_avg_active_gpus_F30_2016 lag_flexible_avg_active_gpus_F30_0001 lag_flexible_avg_active_gpus_F30_0002 lag_flexible_avg_active_gpus_F30_0003 lag_flexible_avg_active_gpus_F30_0006 lag_flexible_avg_active_gpus_F30_0012 lag_flexible_avg_active_gpus_F30_0024 lag_flexible_avg_active_gpus_F30_0048 lag_flexible_avg_active_gpus_F30_0288 lag_flexible_avg_active_gpus_F30_0576 lag_flexible_avg_active_gpus_F30_2016 lag_arriving_job_count_0001 lag_arriving_job_count_0002 lag_arriving_job_count_0003 lag_arriving_job_count_0006 lag_arriving_job_count_0012 lag_arriving_job_count_0024 lag_arriving_job_count_0048 lag_arriving_job_count_0288 lag_arriving_job_count_0576 lag_arriving_job_count_2016 lag_arriving_requested_gpus_0001 lag_arriving_requested_gpus_0002 lag_arriving_requested_gpus_0003 lag_arriving_requested_gpus_0006 lag_arriving_requested_gpus_0012 lag_arriving_requested_gpus_0024 lag_arriving_requested_gpus_0048 lag_arriving_requested_gpus_0288 lag_arriving_requested_gpus_0576 lag_arriving_requested_gpus_2016 lag_arriving_flexible_gpu_hours_F30_0001 lag_arriving_flexible_gpu_hours_F30_0002 lag_arriving_flexible_gpu_hours_F30_0003 lag_arriving_flexible_gpu_hours_F30_0006 lag_arriving_flexible_gpu_hours_F30_0012 lag_arriving_flexible_gpu_hours_F30_0024 lag_arriving_flexible_gpu_hours_F30_0048 lag_arriving_flexible_gpu_hours_F30_0288 lag_arriving_flexible_gpu_hours_F30_0576 lag_arriving_flexible_gpu_hours_F30_2016 lag_queued_job_count_0001 lag_queued_job_count_0002 lag_queued_job_count_0003 lag_queued_job_count_0006 lag_queued_job_count_0012 lag_queued_job_count_0024 lag_queued_job_count_0048 lag_queued_job_count_0288 lag_queued_job_count_0576 lag_queued_job_count_2016 lag_queued_requested_gpus_0001 lag_queued_requested_gpus_0002 lag_queued_requested_gpus_0003 lag_queued_requested_gpus_0006 lag_queued_requested_gpus_0012 lag_queued_requested_gpus_0024 lag_queued_requested_gpus_0048 lag_queued_requested_gpus_0288 lag_queued_requested_gpus_0576 lag_queued_requested_gpus_2016 lag_running_job_equivalents_0001 lag_running_job_equivalents_0002 lag_running_job_equivalents_0003 lag_running_job_equivalents_0006 lag_running_job_equivalents_0012 lag_running_job_equivalents_0024 lag_running_job_equivalents_0048 lag_running_job_equivalents_0288 lag_running_job_equivalents_0576 lag_running_job_equivalents_2016 roll0003_mean_total_avg_active_gpus roll0003_max_total_avg_active_gpus roll0003_stddev_pop_total_avg_active_gpus roll0012_mean_total_avg_active_gpus roll0012_max_total_avg_active_gpus roll0012_stddev_pop_total_avg_active_gpus roll0048_mean_total_avg_active_gpus roll0048_max_total_avg_active_gpus roll0048_stddev_pop_total_avg_active_gpus roll0288_mean_total_avg_active_gpus roll0288_max_total_avg_active_gpus roll0288_stddev_pop_total_avg_active_gpus roll2016_mean_total_avg_active_gpus roll2016_max_total_avg_active_gpus roll2016_stddev_pop_total_avg_active_gpus roll0003_mean_fixed_avg_active_gpus_F30 roll0003_max_fixed_avg_active_gpus_F30 roll0003_stddev_pop_fixed_avg_active_gpus_F30 roll0012_mean_fixed_avg_active_gpus_F30 roll0012_max_fixed_avg_active_gpus_F30 roll0012_stddev_pop_fixed_avg_active_gpus_F30 roll0048_mean_fixed_avg_active_gpus_F30 roll0048_max_fixed_avg_active_gpus_F30 roll0048_stddev_pop_fixed_avg_active_gpus_F30 roll0288_mean_fixed_avg_active_gpus_F30 roll0288_max_fixed_avg_active_gpus_F30 roll0288_stddev_pop_fixed_avg_active_gpus_F30 roll2016_mean_fixed_avg_active_gpus_F30 roll2016_max_fixed_avg_active_gpus_F30 roll2016_stddev_pop_fixed_avg_active_gpus_F30 roll0003_mean_flexible_avg_active_gpus_F30 roll0003_max_flexible_avg_active_gpus_F30 roll0003_stddev_pop_flexible_avg_active_gpus_F30 roll0012_mean_flexible_avg_active_gpus_F30 roll0012_max_flexible_avg_active_gpus_F30 roll0012_stddev_pop_flexible_avg_active_gpus_F30 roll0048_mean_flexible_avg_active_gpus_F30 roll0048_max_flexible_avg_active_gpus_F30 roll0048_stddev_pop_flexible_avg_active_gpus_F30 roll0288_mean_flexible_avg_active_gpus_F30 roll0288_max_flexible_avg_active_gpus_F30 roll0288_stddev_pop_flexible_avg_active_gpus_F30 roll2016_mean_flexible_avg_active_gpus_F30 roll2016_max_flexible_avg_active_gpus_F30 roll2016_stddev_pop_flexible_avg_active_gpus_F30 roll0003_mean_arriving_flexible_gpu_hours_F30 roll0003_max_arriving_flexible_gpu_hours_F30 roll0003_stddev_pop_arriving_flexible_gpu_hours_F30 roll0012_mean_arriving_flexible_gpu_hours_F30 roll0012_max_arriving_flexible_gpu_hours_F30 roll0012_stddev_pop_arriving_flexible_gpu_hours_F30 roll0048_mean_arriving_flexible_gpu_hours_F30 roll0048_max_arriving_flexible_gpu_hours_F30 roll0048_stddev_pop_arriving_flexible_gpu_hours_F30 roll0288_mean_arriving_flexible_gpu_hours_F30 roll0288_max_arriving_flexible_gpu_hours_F30 roll0288_stddev_pop_arriving_flexible_gpu_hours_F30 roll2016_mean_arriving_flexible_gpu_hours_F30 roll2016_max_arriving_flexible_gpu_hours_F30 roll2016_stddev_pop_arriving_flexible_gpu_hours_F30 roll0003_mean_queued_requested_gpus roll0003_max_queued_requested_gpus roll0003_stddev_pop_queued_requested_gpus roll0012_mean_queued_requested_gpus roll0012_max_queued_requested_gpus roll0012_stddev_pop_queued_requested_gpus roll0048_mean_queued_requested_gpus roll0048_max_queued_requested_gpus roll0048_stddev_pop_queued_requested_gpus roll0288_mean_queued_requested_gpus roll0288_max_queued_requested_gpus roll0288_stddev_pop_queued_requested_gpus roll2016_mean_queued_requested_gpus roll2016_max_queued_requested_gpus roll2016_stddev_pop_queued_requested_gpus utc_hour melbourne_hour melbourne_day_of_week melbourne_month melbourne_day_of_year is_weekend hour_sin hour_cos weekday_sin weekday_cos month_sin month_cos
feature_infos=[0:515.73333740234375] [0:515.73333740234375] [0:515.73333740234375] [0:515.73333740234375] [0:515.73333740234375] [0:515.73333740234375] [0:515.73333740234375] [0:515.73333740234375] [0:515.73333740234375] [0:512] [0:515.73333740234375] [0:515.73333740234375] [0:515.73333740234375] [0:515.73333740234375] [0:515.73333740234375] [0:515.73333740234375] [0:515.73333740234375] [0:515.73333740234375] [0:515.73333740234375] [0:512] [0:512] [0:512] [0:512] [0:512] [0:512] [0:512] [0:512] [0:512] [0:512] [0:512] [0:1718] [0:1718] [0:1718] [0:1718] [0:1718] [0:1718] [0:1718] [0:1718] [0:1718] [0:1718] [0:5632] [0:5632] [0:5632] [0:5632] [0:5632] [0:5632] [0:5632] [0:5632] [0:5632] [0:5632] [0:8672.6728515625] [0:8672.6728515625] [0:8672.6728515625] [0:8672.6728515625] [0:8672.6728515625] [0:8672.6728515625] [0:8672.6728515625] [0:8672.6728515625] [0:8672.6728515625] [0:7603.35546875] [0:1592] [0:1592] [0:1592] [0:1592] [0:1592] [0:1592] [0:1592] [0:1592] [0:1592] [0:1592] [0:6127] [0:6127] [0:6127] [0:6127] [0:6127] [0:6127] [0:6127] [0:6127] [0:6127] [0:6127] [0:456.14334106445312] [0:456.14334106445312] [0:456.14334106445312] [0:456.14334106445312] [0:456.14334106445312] [0:456.14334106445312] [0:456.14334106445312] [0:456.14334106445312] [0:425] [0:425] [0:512] [0:515.73333740234375] [0:240.55458068847656] [0:512] [0:515.73333740234375] [0:255.7161865234375] [0:504.01470947265625] [0:515.73333740234375] [0:250.40919494628906] [0:414.0723876953125] [0:515.73333740234375] [0:230.42581176757812] [6.1177248426247388e-05:237.38629150390625] [0.053333334624767303:515.73333740234375] [0.0014853802276775241:183.8941650390625] [0:512] [0:515.73333740234375] [0:240.55458068847656] [0:509.86666870117188] [0:515.73333740234375] [0:246.19882202148438] [0:504.01470947265625] [0:515.73333740234375] [0:250.40919494628906] [0:283.29208374023438] [0:515.73333740234375] [0:225.25091552734375] [6.1177248426247388e-05:169.79315185546875] [0.053333334624767303:515.73333740234375] [0.0014853802276775241:174.28001403808594] [0:512] [0:512] [0:235.18722534179688] [0:512] [0:512] [0:253.82646179199219] [0:483.61279296875] [0:512] [0:226.47317504882812] [0:285.13790893554688] [0:512] [0:233.52969360351562] [0:178.25611877441406] [0:512] [0:154.84040832519531] [0:3500.420654296875] [0:8672.6728515625] [0:4088.33740234375] [0:877.7030029296875] [0:8672.6728515625] [0:2404.00732421875] [0:229.77951049804688] [0:8672.6728515625] [0:1260.3182373046875] [0:42.711639404296875] [0:8672.6728515625] [0:520.9388427734375] [0:15.986562728881836] [0:8672.6728515625] [0:253.68218994140625] [0:5785.66650390625] [0:6127] [0:2476.137451171875] [0:4881.33349609375] [0:6127] [0:2455.648681640625] [0:4502.58349609375] [0:6127] [0:2375.058837890625] [0:1877.25] [0:6127] [0:1890.7261962890625] [0:1056.5416259765625] [0:6127] [0:1105.5494384765625] [0:23] [0:23] [0:6] [3:11] [61:306] [0:1] [-1:1] [-1:1] [-0.97492790222167969:0.97492790222167969] [-0.90096884965896606:1] [-1:1] [-1:0.5]
tree_sizes=1418 1429 1432 1430 1454 1454 1430 1454 1489 1485 1468 1412 1411 1458 1471 1439 1482 1492 1473 1485 1533 1479 1502 1539 1517 1509 1500 1496 1460 1492 1502 1527 1516 1513 1523 1506 1504 1504 1495 1529 1503 1518 1457 1495 1493 1496 1466

Tree=0
num_leaves=15
num_cat=0
split_feature=105 106 166 105 43 106 95 169 114 165 174 162 87 6
split_gain=1968.32 680.86 396.1 229.177 220.825 175.959 123.686 121.327 115.97 108.724 102.041 70.7811 66.0458 59.0433
threshold=64.966110229492202 3.9966666698455815 6.5000000000000009 139.95111083984378 40.500000000000007 20.005000114440922 0.023657296784222129 214.50000000000003 4.1588425636291513 12.500000000000002 1.0000000180025095e-35 13.160218238830568 2.9916666746139531 375.69499206542974
decision_type=2 2 2 2 2 2 2 2 2 2 2 2 2 2
left_child=1 6 8 7 5 -4 -1 11 -3 -8 -10 -2 -5 -14
right_child=3 2 4 12 -6 -7 9 -9 10 -11 -12 -13 13 -15
leaf_value=0 -0.75399999618530278 -0.11133333444595338 0 -0.31533334255218509 0.0625 -0.050000000000000003 0 -0.28533332347869872 0.050249999761581426 0 0 -0.13958333134651185 -0.59333333969116209 -1.6589999198913574
leaf_weight=15586 573 917 11263 1349 2408 9374 3455 2077 5774 3757 3629 5070 4695 596
leaf_count=15586 573 917 11263 1349 2408 9374 3455 2077 5774 3757 3629 5070 4695 596
internal_value=-0.0046081 -0.00038367 -0.00493407 -0.0211243 -0.00857918 -0.0102509 0.00627549 -0.0152492 0.00320581 0.0116877 0.00486288 -0.0114288 -0.0279383 -0.0304664
internal_weight=70523 56163 33365 14360 23045 20637 22798 7720 10320 7212 9403 5643 6640 5291
internal_count=70523 56163 33365 14360 23045 20637 22798 7720 10320 7212 9403 5643 6640 5291
is_linear=0
shrinkage=0.05


Tree=1
num_leaves=15
num_cat=0
split_feature=105 110 105 85 169 169 166 171 112 103 110 162 7 113
split_gain=1282.52 503.515 441.574 172.912 160.097 160.721 147.651 118.63 138.017 94.3553 84.4323 83.9515 88.0531 78.8282
threshold=64.066665649414077 0.16219938546419146 3.0011111497879033 54.006666183471687 97.500000000000014 150.50000000000003 5.5000000000000009 -0.6035533845424651 1.0066666603088381 506.72000122070318 2.0840368270874028 62.372768402099616 14.996666431427004 53.473161697387702
decision_type=2 2 2 2 2 2 2 2 2 2 2 2 2 2
left_child=2 9 7 11 -4 -6 -7 -1 -9 -2 13 12 -3 -5
right_child=1 3 4 10 5 6 -8 8 -10 -11 -12 -13 -14 -15
leaf_value=0 0.0069791665673255929 -1.3419833326339721 -0.097124999761581426 -0.152950000166893 0.0031666666828095917 0 0 0 0 0.0069791665673255929 -0.64296041235327728 -0.28166665554046633 -0.57068749755620962 0.017666667252779007
leaf_weight=7922 601 706 2999 942 5849 6255 17616 7622 7731 475 3294 5453 2875 183
leaf_count=7922 601 706 2999 942 5849 6255 17616 7622 7731 475 3294 5453 2875 183
internal_value=-0.00250468 -0.015739 0.000930374 -0.018372 -0.00281445 -0.00170227 -0.00352237 0.00619416 0.00875765 0.0171138 -0.0264806 -0.0143932 -0.020343 -0.0145575
internal_weight=70523 14529 55994 13453 32719 29720 23871 23275 15353 1076 4419 9034 3581 1125
internal_count=70523 14529 55994 13453 32719 29720 23871 23275 15353 1076 4419 9034 3581 1125
is_linear=0
shrinkage=0.05


Tree=2
num_leaves=15
num_cat=0
split_feature=105 110 105 86 166 42 107 171 112 82 5 113 17 138
split_gain=1166.66 477.026 408.477 161.361 120.962 119.342 182.739 118.63 138.017 87.0695 85.8177 80.4939 101.846 75.4374
threshold=64.966110229492202 0.0047048251144588002 3.0011111497879033 37.006666183471687 6.5000000000000009 40.500000000000007 0.0036500468850135808 -0.6035533845424651 1.0066666603088381 209.28666687011722 309.86500549316412 1.6870517134666445 19.998332977294925 10.838367938995363
decision_type=2 2 2 2 2 2 2 2 2 2 2 2 2 2
left_child=2 11 7 9 -4 6 -6 -1 -9 13 -5 -2 -13 -3
right_child=1 3 4 10 5 -7 -8 8 -10 -11 -12 12 -14 -15
leaf_value=0 0.0066302082389593136 -0.34176041790843015 0 -0.34687280232459305 0 0.056716666069813071 -0.048333331942558289 0 0 0.043749999761581421 -1.2828728395178914 -0.2673989623337984 0.0066302082389593136 -3.5826341061592104
leaf_weight=7922 370 7722 10142 4025 10543 2394 9809 7622 7731 149 1149 107 541 297
leaf_count=7922 370 7722 10142 4025 10543 2394 9809 7622 7731 149 1149 107 541 297
internal_value=-0.00212611 -0.0148416 0.00112609 -0.0173597 -0.00246101 -0.00448552 -0.00572776 0.00619416 0.00875765 -0.0129695 -0.0242711 0.0180841 0.00735069 -0.0136777
internal_weight=70523 14360 56163 13342 32888 22746 20352 23275 15353 8168 5174 1018 648 8019
internal_count=70523 14360 56163 13342 32888 22746 20352 23275 15353 8168 5174 1018 648 8019
is_linear=0
shrinkage=0.05


Tree=3
num_leaves=15
num_cat=0
split_feature=105 110 10 10 110 99 17 171 112 113 96 80 67 104
split_gain=1077.98 359.925 254.196 217.155 160.805 143.117 117.875 115.994 122.363 115.257 111.818 102.342 101.788 99.0262
threshold=44.715555191040046 0.037312028929591186 3.9966666698455815 128.02666473388675 2.1261037588119511 2.7142187356948857 15.993333339691164 -0.6035533845424651 1.0066666603088381 1.402748227119446 313.33198547363287 12.941666603088381 9.5000000000000018 56.916585922241218
decision_type=2 2 2 2 2 2 2 2 2 2 2 2 2 2
left_child=2 9 7 6 -5 -4 13 -1 -9 -2 -6 -7 -13 -3
right_child=1 3 5 4 10 11 -8 8 -10 -11 -12 12 -14 -15
leaf_value=0 0.0062986978270113472 -0.44877945962101223 -0.18891041725873947 -0.029373025785014037 -0.76807503567151736 0 -0.083956514346320191 0 0 0.0025000000000000005 -2.256091593364999 -0.045083333402872086 0 -0.18684708947206383
leaf_weight=8082 376 925 947 1133 4807 17234 8932 7622 8437 915 837 4153 4159 1964
leaf_count=8082 376 925 947 1133 4807 17234 8932 7622 8437 915 837 4153 4159 1964
internal_value=-0.00146821 -0.01133 0.00240625 -0.0131027 -0.0202374 -0.000975545 -0.00900558 0.00611696 0.00857507 0.014159 -0.0236856 -0.000266134 -0.00482145 -0.0177782
internal_weight=70523 19889 50634 18598 6777 26493 11821 24141 16059 1291 5644 25546 8312 2889
internal_count=70523 19889 50634 18598 6777 26493 11821 24141 16059 1291 5644 25546 8312 2889
is_linear=0
shrinkage=0.05


Tree=4
num_leaves=15
num_cat=0
split_feature=105 110 106 86 95 129 97 163 165 113 102 106 142 88
split_gain=995.845 336.503 196.387 168.762 127.174 121.808 127.04 106.626 105.626 105.462 102.743 129.11 94.4152 97.5568
threshold=44.715555191040046 0.29720801115036016 3.9966666698455815 41.003334045410163 0.023657296784222129 230.23191833496097 384.75498962402349 34.000000000000007 12.500000000000002 1.402748227119446 58.901462554931648 86.116668701171889 1358.5554199218752 209.38666534423831
decision_type=2 2 2 2 2 2 2 2 2 2 2 2 2 2
left_child=2 9 4 10 -1 6 -5 -4 -6 -2 -3 -12 13 -9
right_child=1 3 7 5 8 -7 -8 12 -10 -11 11 -13 -14 -15
leaf_value=0 0.0059837629356607807 -0.33835999408463019 -0.092179166607558732 -0.21021884642304386 0 0.047876451961081506 -1.5569712316265889 0 0 0.0023750000000000004 0.0089561589803034448 -0.38082464256720505 0.0049166665971279149 -0.047583333402872088
leaf_weight=15586 437 5219 1212 4633 3455 189 1061 25483 3757 1200 3143 4007 286 855
leaf_count=15586 437 5219 1212 4633 3455 189 1061 25483 3757 1200 3143 4007 286 855
internal_value=-0.000853562 -0.0103323 0.00287032 -0.0122802 0.00631057 -0.019251 -0.020565 5.20815e-05 0.0117985 0.0113581 -0.0089583 -0.0050594 0.000713508 0.000400486
internal_weight=70523 19889 50634 18252 22798 5883 5694 27836 7212 1637 12369 7150 26624 26338
internal_count=70523 19889 50634 18252 22798 5883 5694 27836 7212 1637 12369 7150 26624 26338
is_linear=0
shrinkage=0.05


Tree=5
num_leaves=15
num_cat=0
split_feature=106 110 105 86 75 165 102 98 131 61 142 157 89 103
split_gain=925.665 378.34 242.253 151.439 140.388 132.573 112.282 109.041 106.536 99.5152 98.387 89.8612 88.074 83.4093
threshold=60.010000228881843 0.037312028929591186 7.2594444751739511 37.006666183471687 3.5000000000000004 11.500000000000002 76.22687149047853 3.9124419689178471 58.151775360107429 15.500000000000002 1727.475524902344 1127.0000000000002 126.74666595458986 506.72000122070318
decision_type=2 2 2 2 2 2 2 2 2 2 2 2 2 2
left_child=2 13 5 6 8 -1 -3 -7 -4 11 -11 -6 -5 -2
right_child=1 3 4 12 9 7 -8 -9 -10 10 -12 -13 -14 -15
leaf_value=0 0.0060549478270113472 -0.38024020863865227 0 -0.41922497816062254 0.0022541666701436044 0 -0.032317638267257483 0 -0.00015833333414047958 -0.003333333507180214 0.024491165032035439 -0.047500000000000001 -0.027449829124270238 0.0056845747888777422
leaf_weight=15116 617 6817 9602 4935 8857 9115 3576 4768 498 4683 201 552 722 464
leaf_count=15116 617 6817 9602 4935 8857 9115 3576 4768 498 4683 201 552 722 464
internal_value=-0.000460101 -0.0105713 0.0027848 -0.0125008 -0.000887368 0.00587333 -0.00891037 0.0094002 -0.00539832 0.00230102 -0.00348742 0.00530593 -0.0190834 0.0180018
internal_weight=70523 17131 53392 16050 24393 28999 10393 13883 10100 14293 4884 9409 5657 1081
internal_count=70523 17131 53392 16050 24393 28999 10393 13883 10100 14293 4884 9409 5657 1081
is_linear=0
shrinkage=0.05


Tree=6
num_leaves=15
num_cat=0
split_feature=105 106 107 100 110 80 14 102 165 84 113 98 159 4
split_gain=841.882 395.102 224.514 196.004 233.719 180.812 161.545 151.79 130.992 116.376 126.752 104.457 71.0469 63.6118
threshold=7.5738887786865243 145.01999664306643 0.56589487195014965 50.686666488647468 0.43780893087387091 13.97499990463257 70.99499893188478 74.157585144042983 11.500000000000002 209.28666687011722 61.055711746215827 3.9124419689178471 93.482639312744155 304.00666809082037
decision_type=2 2 2 2 2 2 2 2 2 2 2 2 2 2
left_child=8 3 9 7 6 -6 -5 -2 -1 10 -3 -10 13 -4
right_child=1 2 12 4 5 -7 -8 -9 11 -11 -12 -13 -14 -15
leaf_value=0 -0.00011270833350718023 -0.26240135037243356 -1.122660963438366 0 0 -0.077339557754593849 0.0054003460494338549 -0.00011270833350718023 0 0.018009892175748811 0.028439700852893296 0 -0.44113239339232441 -2.6161607048086077
leaf_weight=15174 992 1177 2296 5379 13294 13372 722 556 9161 405 839 4841 1693 622
leaf_count=15174 992 1177 2296 5379 13294 13372 722 556 9161 405 839 4841 1693 622
internal_value=-0.00064797 -0.00523675 -0.0160296 -0.00302302 -0.00220005 -0.00421994 0.00662463 -0.0203799 0.00585484 -0.0036892 -0.0086096 0.00934176 -0.0224978 -0.0272323
internal_weight=70523 41347 7032 34315 32767 26666 6101 1548 29176 2421 2016 14002 4611 2918
internal_count=70523 41347 7032 34315 32767 26666 6101 1548 29176 2421 2016 14002 4611 2918
is_linear=0
shrinkage=0.05


Tree=7
num_leaves=15
num_cat=0
split_feature=105 113 105 101 106 107 165 17 142 100 75 113 98 110
split_gain=757.732 317.754 226.264 212.2 156.406 155.002 130.992 121.805 115.448 115.134 105.863 105.58 104.457 101.247
threshold=44.715555191040046 1.9941908121109011 7.5738887786865243 5.1036255359649667 145.01999664306643 0.59761357307434093 11.500000000000002 15.993333339691164 1358.5554199218752 428.10667419433599 15.500000000000002 61.055711746215827 3.9124419689178471 0.27983322739601141
decision_type=2 2 2 2 2 2 2 2 2 2 2 2 2 2
left_child=2 -2 6 10 7 11 -1 9 -5 -3 -4 -6 -8 -9
right_child=1 4 3 8 5 -7 12 13 -10 -11 -12 -13 -14 -15
leaf_value=0 0.0051303287469621622 -0.29957107861332305 -0.0025068645714037122 0 -0.15991097517496411 -1.0810819019578417 0 0.0055007017850957672 0.0073132529033994396 0.047181523590516208 -0.00010707291683182122 0.027017715810248633 0 -0.076960901327785713
leaf_weight=15174 759 2529 631 20246 1313 4560 9161 570 234 425 347 920 4841 8813
leaf_count=15174 759 2529 631 20246 1313 4560 9161 570 234 425 347 920 4841 8813
internal_value=-0.000259471 -0.0085277 0.0029888 -0.00090854 -0.00978835 -0.0158797 0.00585484 -0.00642927 0.00018062 -0.0152754 -0.0236012 -0.00507149 0.00934176 -0.00363762
internal_weight=70523 19889 50634 21458 19130 6793 29176 12337 20480 2954 978 2233 14002 9383
internal_count=70523 19889 50634 21458 19130 6793 29176 12337 20480 2954 978 2233 14002 9383
is_linear=0
shrinkage=0.05


Tree=8
num_leaves=15
num_cat=0
split_feature=105 113 105 114 74 165 86 103 107 75 98 110 101 110
split_gain=694.929 305.866 209.141 157.192 172.473 130.992 125.651 110.644 109.289 108.637 104.457 101.903 94.5578 103.329
threshold=44.715555191040046 1.9941908121109011 7.5738887786865243 11.924583435058596 413.50000000000006 11.500000000000002 43.008333206176765 450.88000488281256 1.5576367378234866 15.500000000000002 3.9124419689178471 2.0840368270874028 108.61277389526369 0.10814845561981203
decision_type=2 2 2 2 2 2 2 2 2 2 2 2 2 2
left_child=2 -2 5 4 9 -1 7 -3 -8 -4 -7 -9 13 -5
right_child=1 6 3 12 -6 10 8 11 -10 -11 -12 -13 -14 -15
leaf_value=0 0.0048738123096140539 -0.21603721931235742 -0.021170730748271062 0.0018357103491232402 -0.00010171927099023015 0 -0.086945911252690078 0.025666830019736204 -0.76018994999453182 0.004743541654571891 0 -0.12980716688817645 -0.00011270833350718023 5.6354166753590114e-06
leaf_weight=15174 759 6850 3553 2432 711 9161 3576 790 2407 818 4841 5507 1816 12128
leaf_count=15174 759 6850 3553 2432 711 9161 3576 790 2407 818 4841 5507 1816 12128
internal_value=-1.1343e-05 -0.00792953 0.00309939 -0.000647626 -0.00832514 0.00585484 -0.00916645 -0.00642868 -0.015172 -0.00459324 0.00934176 -0.00164234 0.00173677 0.0030793
internal_weight=70523 19889 50634 21458 5082 29176 19130 13147 5983 4371 14002 6297 16376 14560
internal_count=70523 19889 50634 21458 5082 29176 19130 13147 5983 4371 14002 6297 16376 14560
is_linear=0
shrinkage=0.05


Tree=9
num_leaves=15
num_cat=0
split_feature=105 105 110 161 165 158 98 113 47 13 107 94 119 159
split_gain=644.382 285.608 284.227 183.464 130.992 105.354 104.457 100.688 148.031 147.423 94.3176 87.8209 100.068 84.7182
threshold=73.967224121093764 7.5738887786865243 2.0840368270874028 0.70621952414512645 11.500000000000002 21.300430297851566 3.9124419689178471 4.1215646266937265 20.500000000000004 8.0033335685729998 0.0036500468850135808 242.35499572753909 79.529739379882827 93.482639312744155
decision_type=2 2 2 2 2 2 2 2 2 2 2 2 2 2
left_child=1 4 5 -3 -1 -2 -6 9 -9 -5 -4 12 -12 -13
right_child=2 3 10 7 6 -7 -8 8 -10 -11 11 13 -14 -15
leaf_value=0 0.016009009009552169 -0.029962470258204688 -0.025502817428784796 -9.6633307440718657e-05 0 -0.14609738730710231 0 -0.0051573075956870447 0.078703910698585788 0.0011838797659837388 -0.46400625192628731 -1.9728173112680225 -0.015503851511899525 -0.62086045135722612
leaf_weight=15174 1623 2469 1301 965 9161 682 4841 16434 3871 5421 3935 1745 1434 1467
leaf_count=15174 1623 2469 1301 965 9161 682 4841 16434 3871 5421 3935 1745 1434 1467
internal_value=0.000172981 0.00235769 -0.0102813 -0.00114178 0.00585484 0.00551948 0.00934176 6.55529e-05 -0.00165682 0.00553904 -0.0139678 -0.0158689 -0.0119371 -0.0224122
internal_weight=70523 58336 12187 29160 29176 2305 14002 26691 20305 6386 9882 8581 5369 3212
internal_count=70523 58336 12187 29160 29176 2305 14002 26691 20305 6386 9882 8581 5369 3212
is_linear=0
shrinkage=0.05


Tree=10
num_leaves=15
num_cat=0
split_feature=105 110 172 106 107 118 113 107 81 118 47 105 163 105
split_gain=681.711 295.506 147.185 123.593 116.606 115.061 108.717 98.9852 108.287 89.2396 87.5419 87.8274 78.6807 77.5117
threshold=44.715555191040046 0.73147204518318187 0.78656607866287243 100.24166870117189 1.615676283836365 392.21665954589849 1.2032456398010256 0.2562598735094071 35.001667022705085 91.053333282470717 11.500000000000002 7.5738887786865243 339.00000000000006 19.001111030578617
decision_type=2 2 2 2 2 2 2 2 2 2 2 2 2 2
left_child=2 6 7 5 -5 -3 -2 8 9 -1 11 -9 -10 -4
right_child=1 3 13 4 -6 -7 -8 10 12 -11 -12 -13 -14 -15
leaf_value=0 0.0045709277058341644 -0.13199378670289175 0 -0.094890012898802778 -0.94829390925106893 -0.0048800586769210952 0.0042312930952453859 0 0.0024405242408670454 0 0.14079511375867598 -0.042526673352548297 0.00068161323997517577 6.2729235215508179e-05
leaf_weight=785 446 3406 9108 3284 5528 5321 1904 3131 270 24416 1406 6985 2138 2395
leaf_count=785 446 3406 9108 3284 5528 5321 1904 3131 270 24416 1406 6985 2138 2395
internal_value=0.00105915 -0.00678345 0.00414009 -0.00901448 -0.0131904 -0.00479272 0.00985138 0.00267784 0.00430217 0.00333254 -0.00121454 -0.00284063 0.0144219 0.00911105
internal_weight=70523 19889 50634 17539 8812 8727 2350 39131 27609 25201 11522 10116 2408 11503
internal_count=70523 19889 50634 17539 8812 8727 2350 39131 27609 25201 11522 10116 2408 11503
is_linear=0
shrinkage=0.05


Tree=11
num_leaves=15
num_cat=0
split_feature=107 105 172 47 105 10 149 160 77 116 7 171 161 60
split_gain=568.498 339.606 170.415 114.207 133.089 110.523 103.303 154.842 89.5465 79.9263 77.385 75.5427 74.9568 71.3686
threshold=0.4655436128377915 74.983886718750014 0.78656607866287243 11.500000000000002 15.464444160461428 148.08333587646487 10.39131021499634 4648.0000000000009 34.500000000000007 4.539417266845704 1.0066666603088381 0.37940952181816107 255.24074554443362 304.50000000000006
decision_type=2 2 2 2 2 2 2 2 2 2 2 2 2 2
left_child=2 3 6 4 -2 9 10 8 -8 -4 -1 12 -3 -9
right_child=1 11 5 -5 -6 -7 7 13 -10 -11 -12 -13 -14 -15
leaf_value=0 4.4160062244716187e-05 -0.79864401364128756 0 0.11869727321925101 -0.079766181493321583 -0.38299438833796667 0 -5.3558571623827934e-05 0 0 0 -0.30374560995032734 -0.034521134030623471 -3.4080661998758788e-05
leaf_weight=8431 5171 3819 1898 4117 7962 197 9732 294 7613 7484 9156 3799 570 280
leaf_count=8431 5171 3819 1898 4117 7962 197 9732 294 7613 7484 9156 3799 570 280
internal_value=0.000858524 -0.00511732 0.00423043 -0.0011359 -0.00341376 0.0101471 0.00263299 -3.90538e-05 0.000809798 0.01093 0.00535471 -0.0134993 -0.0179677 -0.025475
internal_weight=70523 25438 45085 17250 13133 9579 35506 17919 17345 9382 17587 8188 4389 574
internal_count=70523 25438 45085 17250 13133 9579 35506 17919 17345 9382 17587 8188 4389 574
is_linear=0
shrinkage=0.05


Tree=12
num_leaves=15
num_cat=0
split_feature=107 105 172 118 10 149 160 77 110 116 80 103 7 60
split_gain=585.615 264.743 169.84 116.319 110.523 102.343 145.821 89.5465 83.0935 79.9263 77.4855 85.9215 77.385 75.1729
threshold=0.4655436128377915 87.024444580078139 0.78656607866287243 333.50666809082037 148.08333587646487 10.39131021499634 4648.0000000000009 34.500000000000007 6.8306174278259286 4.539417266845704 12.941666603088381 483.98666381835943 1.0066666603088381 304.50000000000006
decision_type=2 2 2 2 2 2 2 2 2 2 2 2 2 2
left_child=2 3 5 -2 9 12 7 -7 -3 -4 -5 -12 -1 -8
right_child=1 8 4 10 -6 6 13 -9 -10 -11 11 -13 -14 -15
leaf_value=0 -0.029564300463660393 -0.06426109767031539 0 0.015307018483873159 -0.36384466892106837 0 -5.0880643042636535e-05 0 -0.96517041514770485 0 -0.11800355840743432 0.048402823223234109 0 -3.2376628898820848e-05
leaf_weight=8431 7974 1605 1898 5775 197 9732 294 7613 5227 7484 2696 2161 9156 280
leaf_count=8431 7974 1605 1898 5775 197 9732 294 7613 5227 7484 2696 2161 9156 280
internal_value=0.000818115 -0.00524702 0.00424041 -0.00215464 0.0101471 0.00264566 -1.39478e-05 0.000809798 -0.013661 0.01093 0.00126915 -0.00338338 0.00535471 -0.0246978
internal_weight=70523 25438 45085 18606 9579 35506 17919 17345 6832 9382 10632 4857 17587 574
internal_count=70523 25438 45085 18606 9579 35506 17919 17345 6832 9382 10632 4857 17587 574
is_linear=0
shrinkage=0.05


Tree=13
num_leaves=15
num_cat=0
split_feature=105 113 171 106 15 16 115 17 119 117 79 98 100 130
split_gain=494.845 273.094 174.842 118.706 131.06 115.007 144.883 108.113 102.076 83.1411 81.7602 78.4646 77.6833 87.2497
threshold=44.715555191040046 1.9941908121109011 -0.6035533845424651 13.001666545867922 14.740000247955324 424.82333374023443 484.50000000000006 18.006667137146 97.067157745361342 26.079282760620121 23.500000000000004 8.4577503204345721 72.006668090820327 328.87500000000006
decision_type=2 2 2 2 2 2 2 2 2 2 2 2 2 2
left_child=2 10 8 11 9 6 7 -3 -1 -5 -2 -4 -10 -14
right_child=1 5 3 4 -6 -7 -8 -9 12 -11 -12 -13 13 -15
leaf_value=0 -0.023288162386613055 -0.28002947810109258 0 -0.17146774892922453 0.0026385007964597113 -1.6260260180626265 0.11626973485050021 -0.073400072637430466 -0.00015097950575534896 0.00015079246295253104 0.0043423813205424556 0 0 -3.4080661998758788e-05
leaf_weight=13768 214 5021 16955 1850 8806 405 507 13197 275 1886 545 6002 770 322
leaf_count=13768 214 5021 16955 1850 8806 405 507 13197 275 1886 545 6002 770 322
internal_value=0.00125057 -0.00543129 0.00387547 0.00579371 0.00188093 -0.00660047 -0.00602509 -0.00676069 -0.000624174 -0.00596097 0.0238874 0.00793049 -0.0136297 -0.00756609
internal_weight=70523 19889 50634 35499 12542 19130 18725 18218 15135 3736 759 22957 1367 1092
internal_count=70523 19889 50634 35499 12542 19130 18725 18218 15135 3736 759 22957 1367 1092
is_linear=0
shrinkage=0.05


Tree=14
num_leaves=15
num_cat=0
split_feature=106 110 171 10 80 98 96 80 114 164 86 17 27 85
split_gain=463.452 271.857 192.594 167.752 134.496 113.049 112.012 108.717 163.141 96.8549 91.7602 88.6029 84.77 103.28
threshold=18.006667137146 0.73147204518318187 -0.6035533845424651 128.02666473388675 209.28666687011722 8.4577503204345721 20.05267429351807 13.97499990463257 17.695207595825199 1037.7305297851565 6.6583333015441903 446.50000000000006 1.9399999976158144 102.08833312988283
decision_type=2 2 2 2 2 2 2 2 2 2 2 2 2 2
left_child=2 6 10 7 11 9 -2 8 -3 -4 -1 -5 -8 -14
right_child=1 3 5 4 -6 -7 12 -9 -10 -11 -12 -13 13 -15
leaf_value=0 -0.00020397523905728353 -0.1456729060510504 0 -0.6015172964532165 0.098670003279208718 2.6429674840343929e-05 0.0038391073023719873 -0.070528178941019995 0.011460751337302032 -5.5876234038131267e-05 0 0.13827357086819519 -0.014989932636056736 0.0051778325458320465
leaf_weight=8431 262 2639 18298 5701 543 7298 3009 11224 7439 129 3629 116 1206 599
leaf_count=8431 262 2639 18298 5701 543 7298 3009 11224 7439 129 3629 116 1206 599
internal_value=0.00130019 -0.00305409 0.00507277 -0.00500596 -0.0121288 0.00751652 0.00757725 -0.00287699 0.000892591 0.00542806 -0.000140903 -0.0143507 0.00931729 0.000745856
internal_weight=70523 32738 37785 27662 6360 25725 5076 21302 10078 18427 12060 5817 4814 1805
internal_count=70523 32738 37785 27662 6360 25725 5076 21302 10078 18427 12060 5817 4814 1805
is_linear=0
shrinkage=0.05


Tree=15
num_leaves=15
num_cat=0
split_feature=113 10 110 165 105 171 69 89 77 164 149 5 77 96
split_gain=285.412 150.193 165.151 141.715 100.564 153.91 92.4052 86.5355 97.7204 83.4106 79.7396 101.95 105.125 76.7022
threshold=10.873764514923097 128.02666473388675 2.0840368270874028 11.500000000000002 0.20777777582407 -0.6035533845424651 1.5000000000000002 210.02666473388675 5.5000000000000009 1046.0760498046877 8.7673630714416522 5.0050001144409189 5.5000000000000009 339.56947326660162
decision_type=2 2 2 2 2 2 2 2 2 2 2 2 2 2
left_child=3 4 -3 10 5 -2 -7 8 -6 -5 -1 -12 -13 -4
right_child=1 2 13 9 7 6 -8 -9 -10 -11 11 12 -14 -15
leaf_value=0 0 0.017366031305865906 -0.67739091231491821 0 -7.8871236092343725e-05 -1.3214837420171965e-06 -1.3214837420171965e-06 -0.15724036879545378 0.0044274207285452376 -5.3082422336224706e-05 0 -8.4252666780915277e-05 0 -2.6796343158834421
leaf_weight=11160 928 939 4510 20991 9174 906 502 411 9591 111 2616 3808 4350 526
leaf_count=11160 928 939 4510 20991 9174 906 502 411 9591 111 2616 3808 4350 526
internal_value=0.000194958 -0.00378474 -0.0107943 0.00273693 -0.00183576 -0.011619 -0.0220099 -0.00064126 -0.000141183 0.00566163 -7.74876e-05 -0.003145 -0.00589857 -0.0143821
internal_weight=70523 27487 5975 43036 21512 2336 1408 19176 18765 21102 21934 10774 8158 5036
internal_count=70523 27487 5975 43036 21512 2336 1408 19176 18765 21102 21934 10774 8158 5036
is_linear=0
shrinkage=0.05


Tree=16
num_leaves=15
num_cat=0
split_feature=107 105 105 45 166 160 134 97 119 77 113 82 12 111
split_gain=316.319 255.837 105.693 104.553 102.036 92.8986 131.375 81.827 112.732 95.815 70.7897 138.802 207.721 125.637
threshold=0.55090162158012401 82.01111221313478 2.1977777481079106 39.500000000000007 7.5000000000000009 4448.0000000000009 78.741600036621108 358.96665954589849 79.838081359863295 397.50000000000006 4.7183165550231942 1.0016666650772097 16.714999198913578 33.534999847412116
decision_type=2 2 2 2 2 2 2 2 2 2 2 2 2 2
left_child=5 2 -2 4 -4 10 -7 8 -3 -9 13 -12 -13 -1
right_child=1 7 3 -5 -6 6 -8 9 -10 -11 11 12 -14 -15
leaf_value=0 0.001479950581875401 -0.52881188007912339 0.0046819292684163781 0.099142257056430705 -0.061231364759206444 0 -4.8869788997178941e-05 -2.0138302272717516 0.040023051935023403 -0.136588122473872 0 2.3953386679056978e-05 -1.3214837420171965e-06 0.0039333068893967335
leaf_weight=24216 987 3541 5864 4117 6514 791 510 1296 1774 551 4159 4451 10037 1715
leaf_count=24216 987 3541 5864 4117 6514 791 510 1296 1774 551 4159 4451 10037 1715
internal_value=0.000929418 -0.00363909 -0.000377423 -0.0013303 -0.00362594 0.00338353 -0.00976263 -0.0115948 -0.00843045 -0.0206533 0.00376825 0.00141808 0.00372939 0.00545767
internal_weight=70523 24644 17482 16495 12378 45879 1301 7162 5315 1847 44578 18647 14488 25931
internal_count=70523 24644 17482 16495 12378 45879 1301 7162 5315 1847 44578 18647 14488 25931
is_linear=0
shrinkage=0.05


Tree=17
num_leaves=15
num_cat=0
split_feature=105 113 99 1 110 79 161 111 16 115 23 17 101 172
split_gain=290.198 260.444 121.822 121.839 123.162 98.247 96.15 100.907 94.4699 107.953 84.3559 83.7956 73.9174 67.4865
threshold=44.715555191040046 2.1535592079162602 94.396224975585952 46.003334045410163 0.20761240273714068 23.500000000000004 335.34960937500006 97.224235534667983 424.82333374023443 484.50000000000006 36.014999389648445 16.001667022705082 48.617366790771491 0.60355338454246532
decision_type=2 2 2 2 2 2 2 2 2 2 2 2 2 2
left_child=2 5 3 10 -5 -2 7 12 9 11 13 -3 -4 -1
right_child=1 8 6 4 -6 -7 -8 -9 -10 -11 -12 -13 -14 -15
leaf_value=0 -0.10294736198104584 -0.24373518598932728 -3.5402145740775985e-05 0.0021869363956499087 0.0066680785673505702 0.0041239963135899418 -2.6610274904082928e-05 -0.14134819149951836 -1.382302450303728 0.11472616238795026 -2.9868028659713026e-05 -0.054718150450413339 1.6348270053575412e-05 0
leaf_weight=27369 241 4715 1502 537 1830 614 1742 527 405 499 183 13415 4391 12553
leaf_count=27369 241 4715 1502 537 1830 614 1742 527 405 499 183 13415 4391 12553
internal_value=0.000932254 -0.00418468 0.0029424 0.00401747 0.0150295 0.0227326 -0.00265091 0.000178988 -0.00539944 -0.0048755 0.00336574 -0.00550868 0.00206002 0.00352268
internal_weight=70523 19889 50634 42472 2367 855 8162 6420 19034 18629 40105 18130 5893 39922
internal_count=70523 19889 50634 42472 2367 855 8162 6420 19034 18629 40105 18130 5893 39922
is_linear=0
shrinkage=0.05


Tree=18
num_leaves=15
num_cat=0
split_feature=107 106 105 172 118 11 160 134 117 157 163 114 169 17
split_gain=272.083 230.158 122.549 104.021 99.8198 89.6191 82.8257 166.58 82.4639 102.143 119.844 76.9268 74.1649 88.3404
threshold=0.55090162158012401 91.226665496826186 2.8761111497879033 0.78656607866287243 333.50666809082037 1.0016666650772097 4255.0000000000009 78.741600036621108 61.634132385253913 75.500000000000014 422.50000000000006 5.3084433078765878 201.50000000000003 94.076667785644545
decision_type=2 2 2 2 2 2 2 2 2 2 2 2 2 2
left_child=3 2 5 6 -4 -2 -1 -8 11 10 -10 -5 -3 -14
right_child=1 12 4 8 -6 -7 7 -9 9 -11 -12 -13 13 -15
leaf_value=0 0.0014006880072349966 -0.79085547816519153 -0.047878004356757604 0 0.0089788056369092348 0.0060109678213549509 0 -4.6654298024350381e-05 -0.00032883797868818026 -1.2554095549163368e-06 0.0027891852670689781 0.00032411013557040545 -0.26647660344931517 0.16142044511752063
leaf_weight=35069 637 5147 6338 2976 9522 685 678 402 224 1221 742 4567 1718 597
leaf_count=35069 637 5147 6338 2976 9522 685 678 402 224 1221 742 4567 1718 597
internal_value=0.000999603 -0.00323745 -5.23652e-05 0.00327565 -0.00127324 0.0145441 0.00203988 -0.0115668 0.00786338 -0.000684307 0.0114315 0.0103405 -0.0105665 -0.003125
internal_weight=70523 24644 17182 45879 15860 1322 36149 1080 9730 2187 966 7543 7462 2315
internal_count=70523 24644 17182 45879 15860 1322 36149 1080 9730 2187 966 7543 7462 2315
is_linear=0
shrinkage=0.05


Tree=19
num_leaves=15
num_cat=0
split_feature=101 106 80 129 156 98 96 83 138 102 110 111 105 160
split_gain=175.852 163.407 140.287 127.565 81.7864 96.4639 126.89 80.2841 107.438 88.1168 71.0783 140.764 123.388 120.648
threshold=108.61277389526369 145.01999664306643 209.28666687011722 234.35566711425784 466.91667175292974 0.66383466124534618 11.914131641387941 1.0016666650772097 1.8577430844306948 97.005867004394545 1.1114471554756167 71.97208404541017 13.001111030578615 4.5000000000000009
decision_type=2 2 2 2 2 2 2 2 2 2 2 2 2 2
left_child=1 10 -3 4 5 -2 -7 9 -9 -6 11 -1 -12 -14
right_child=3 2 -4 -5 7 6 -8 8 -10 -11 12 -13 13 -15
leaf_value=0 -4.4321583123132867e-05 -0.44462044494969738 0.11416782357470981 0.18674163370689958 0 0.0021100068181065241 -0.017227106664684345 0.020320901809881664 -0.39696335590279674 -8.1741350267877066e-07 1.1414360808380091e-06 0.0035304417292474004 -0.19878674709970423 -0.013263009812261167
leaf_weight=28407 713 3814 428 171 252 648 4842 1221 147 187 9128 1000 719 18846
leaf_count=28407 713 3814 428 171 252 648 4842 1221 147 187 9128 1000 719 18846
internal_value=0.000275068 0.00117969 -0.0082882 -0.00661495 -0.00753587 -0.010261 -0.00799818 0.00182119 0.00779315 -0.0166667 0.00187161 0.00359887 0.000101052 -0.00213848
internal_weight=70523 62342 4242 8181 8010 6203 5490 1807 1368 439 58100 29407 28693 19565
internal_count=70523 62342 4242 8181 8010 6203 5490 1807 1368 439 58100 29407 28693 19565
is_linear=0
shrinkage=0.05


Tree=20
num_leaves=15
num_cat=0
split_feature=110 105 90 93 129 101 112 161 98 103 67 77 42 105
split_gain=260.634 146.457 151.932 112.984 160.042 130.838 112.055 102.503 203.378 99.7061 113.953 90.5576 88.6215 122.652
threshold=1.1114471554756167 64.966110229492202 1.0000000180025095e-35 1.0000000180025095e-35 33.908790588378913 110.50903320312501 35.004999160766609 130.95971679687503 0.15965472906827929 503.93333435058599 301.50000000000006 40.500000000000007 62.500000000000007 21.910555839538578
decision_type=2 2 2 2 2 2 2 2 2 2 2 2 2 2
left_child=3 2 -2 4 5 6 -1 9 -9 -5 -11 -10 13 -4
right_child=1 -3 12 7 -6 -7 -8 8 11 10 -12 -13 -14 -15
leaf_value=0 -5.7071804041900457e-08 -0.20441539047431903 0.00095623821414972583 2.7458924706643375e-06 -7.7654282754483216e-07 2.2160791561566435e-06 0 -8.0040033441869512e-05 -9.8253160721138366e-05 0.0028605586859162041 -3.2310554711719986e-05 0.00084030738316500037 0.1252784468316778 -0.042823969408678664
leaf_weight=12064 1687 12317 11471 13426 314 331 1143 409 1533 1481 146 2246 2805 9150
leaf_count=12064 1687 12317 11471 13426 314 331 1143 409 1533 1481 146 2246 2805 9150
internal_value=0.0004204 -0.00243756 -0.000246835 0.00365279 0.000209281 0.00103374 0.000249773 0.00613114 -0.000787026 0.00805552 0.0197304 0.00285412 0.000798088 -0.000336953
internal_weight=70523 37430 25113 33093 13852 13538 13207 19241 4188 15053 1627 3779 23426 20621
internal_count=70523 37430 25113 33093 13852 13538 13207 19241 4188 15053 1627 3779 23426 20621
is_linear=0
shrinkage=0.05


Tree=21
num_leaves=15
num_cat=0
split_feature=130 106 107 81 6 11 80 108 99 169 98 77 112 65
split_gain=165.536 124.444 155.34 107.564 114.339 106.198 190.564 173.553 178.611 132.881 91.66 82.2782 83.5471 68.3143
threshold=446.87500000000006 145.01999664306643 1.7464492917060854 64.186668395996108 65.006668090820327 1.0016666650772097 0.97166669368743908 0.36833332479000097 29.606301307678226 73.500000000000014 6.3138005733489999 1339.5000000000002 241.754997253418 377.50000000000006
decision_type=2 2 2 2 2 2 2 2 2 2 2 2 2 2
left_child=1 5 3 -3 -5 7 -7 10 -9 -8 -1 12 -2 -14
right_child=11 2 -4 4 -6 6 9 8 -10 -11 -12 -13 13 -15
leaf_value=0 0.0008009955600527509 -0.6066089544464528 -1.0130412456916247 0.098558588938817804 0.0097871354962469972 0.013825018813819333 -0.18108940811322957 -1.3729462353321687e-07 2.6085978471311209e-06 5.4658642926123924e-05 0 -1.398942762236363e-05 -0.12068330331082243 0.083136806970665167
leaf_weight=13266 509 1080 3611 428 1661 904 401 3707 1512 40832 2196 100 200 116
leaf_count=13266 509 1080 3611 428 1661 904 401 3707 1512 40832 2196 100 200 116
internal_value=-0.00084789 -0.00112782 -0.0075608 0.000519849 0.00713945 -0.000432962 0.00100731 -0.00336701 -0.0112462 0.000508027 -0.000704726 0.0201075 0.0253012 0.00498442
internal_weight=70523 69598 6780 3169 2089 62818 42137 20681 5219 41233 15462 925 825 316
internal_count=70523 69598 6780 3169 2089 62818 42137 20681 5219 41233 15462 925 825 316
is_linear=0
shrinkage=0.05


Tree=22
num_leaves=15
num_cat=0
split_feature=132 112 6 162 130 13 110 111 159 106 171 107 106 98
split_gain=130.338 131.977 122.305 126.256 124.431 89.6859 265.856 107.383 82.9419 79.5624 65.6135 58.8035 54.4664 43.539
threshold=130.14839172363284 59.013334274291999 375.69499206542974 163.77108001708987 500.50000000000006 8.4683332443237322 0.38180708885192877 0.78902778029441845 26.751735687255863 354.50666809082037 1.0000000180025095e-35 1.0000000180025095e-35 60.010000228881843 5.8503804206848153
decision_type=2 2 2 2 2 2 2 2 2 2 2 2 2 2
left_child=2 -2 4 8 5 7 -7 -1 -4 10 -3 -5 -12 -10
right_child=1 9 3 11 -6 6 -8 -9 13 -11 12 -13 -14 -15
leaf_value=0 0.040118979620361331 -0.045637761988030455 0.01789077038023449 0.0031512550692642232 -3.7944502804288739e-05 0.001260577129011956 -0.00038128882066518032 -1.1080395780783218e-07 -0.22365918149960012 0.049901762421625855 0.08149804233142896 -0.05240035705588051 -0.012880345802208027 -1.2746133923830067
leaf_weight=13064 638 553 198 176 285 5678 30680 17533 145 247 209 218 368 531
leaf_count=13064 638 553 198 176 285 5678 30680 17533 145 247 209 218 368 531
internal_value=-0.0012059 0.0113119 -0.00157488 -0.0169285 -0.00128411 -0.00114247 0.000536259 -0.00313705 -0.0274744 0.00256874 -0.0030837 0.00651629 0.00867698 -0.0357562
internal_weight=70523 2015 68508 1268 67240 66955 36358 30597 874 1377 1130 394 577 676
internal_count=70523 2015 68508 1268 67240 66955 36358 30597 874 1377 1130 394 577 676
is_linear=0
shrinkage=0.05


Tree=23
num_leaves=15
num_cat=0
split_feature=110 97 130 154 172 93 111 106 105 43 166 129 69 113
split_gain=130.896 169.696 241.507 165.916 225.747 148.6 313.412 207.056 116.79 114.98 124.266 101.581 100.903 97.6423
threshold=1.1114471554756167 71.975002288818374 358.18333435058599 59.500000000000007 -0.7865660786628722 1.0000000180025095e-35 0.78902778029441845 1.0016666650772097 64.966110229492202 40.500000000000007 6.5000000000000009 17.854491233825687 36.500000000000007 1.4639700055122378
decision_type=2 2 2 2 2 2 2 2 2 2 2 2 2 2
left_child=1 2 5 4 11 6 -1 -7 9 10 -2 -3 -6 -5
right_child=8 3 -4 13 12 7 -8 -9 -10 -11 -12 -13 -14 -15
leaf_value=0 0.0070592990011518588 -1.249869357025945e-06 -3.6047277664074305e-05 0.0022150669398761625 0.0024038734577138941 -1.3042989235655602e-07 5.5401978903916095e-09 1.2746097236776711e-06 -0.1822998236123799 0.073520129428502501 -2.2519309659010766e-06 0.019918951378546854 -1.249869357025945e-06 -1.9875850431935355e-06
leaf_weight=11077 7898 769 361 1127 2625 2822 1636 8713 12317 3489 13726 268 268 3427
leaf_count=11077 7898 769 361 1127 2625 2822 1636 8713 12317 3489 13726 268 268 3427
internal_value=-0.000175817 0.00211493 1.21882e-05 0.00821063 0.0157306 0.000620542 0.00434817 -0.00348787 -0.00220115 -0.000244844 -0.00160433 -0.00427063 0.0228951 0.0017109
internal_weight=70523 33093 24609 8484 3930 24248 12713 11535 37430 25113 21624 1037 2893 4554
internal_count=70523 33093 24609 8484 3930 24248 12713 11535 37430 25113 21624 1037 2893 4554
is_linear=0
shrinkage=0.05


Tree=24
num_leaves=15
num_cat=0
split_feature=107 90 130 146 144 156 146 132 27 141 159 159 105 11
split_gain=119.347 234.351 122.003 90.9515 156.122 121.552 96.3674 103.36 78.629 72.5442 68.9525 56.3544 48.1408 82.5265
threshold=3.4443154335021977 216.37555694580081 500.50000000000006 67.381210327148452 2.5166454315185551 10.677083492279055 113.47917556762697 5.4132580757141122 2.0216666460037236 9.6891636848449725 805.32293701171886 93.482639312744155 82.01111221313478 74.00333404541017
decision_type=2 2 2 2 2 2 2 2 2 2 2 2 2 2
left_child=2 12 3 4 8 -6 7 -5 -1 -8 -4 -3 13 -2
right_child=1 11 10 6 5 -7 9 -9 -10 -11 -12 -13 -14 -15
leaf_value=0 -0.021110819873814492 -2.5595574940206647 -3.4244913780870584e-05 -0.00038114181380851313 -2.8492995426575715e-05 -0.00012980222736116583 -6.0839858629839475e-05 0.0060070637263625127 -1.3077312891538908e-07 0.01293195171242474 6.6151395606929771e-06 -0.49076603631924326 -0.37458986097100422 0.22474251739264722
leaf_weight=39479 6571 859 197 591 410 2274 1984 2582 10048 642 100 967 2837 982
leaf_count=39479 6571 859 197 591 410 2274 1984 2582 10048 642 100 967 2837 982
internal_value=-0.000204174 -0.00469683 0.000737413 0.000902353 0.000242263 -0.0114913 0.00684011 0.0126967 0.00087923 -0.000247054 -0.0309603 -0.0211906 -0.00178932 0.000297698
internal_weight=70523 12216 58307 58010 52211 2684 5799 3173 49527 2626 297 1826 10390 7553
internal_count=70523 12216 58307 58010 52211 2684 5799 3173 49527 2626 297 1826 10390 7553
is_linear=0
shrinkage=0.05


Tree=25
num_leaves=15
num_cat=0
split_feature=107 90 130 80 94 166 98 114 112 159 36 11 10 169
split_gain=132.412 132.948 124.601 98.2098 178.927 113.791 113.297 111.402 192.19 68.9525 62.863 57.135 125.119 53.7266
threshold=5.5492353439331064 216.37555694580081 500.50000000000006 0.97166669368743908 6.0066666603088388 6.5000000000000009 1.0000000180025095e-35 79.182022094726577 74.860000610351577 805.32293701171886 2.5000000000000004 9.0033335685729998 10.63000011444092 228.50000000000003
decision_type=2 2 2 2 2 2 2 2 2 2 2 2 2 2
left_child=2 11 3 7 6 -6 -5 8 -1 -4 -9 -2 -13 -3
right_child=1 13 9 4 5 -7 -8 10 -10 -11 -12 12 -14 -15
leaf_value=0 -0.66167643995083436 -2.4442158871030095 -3.2532668091827059e-05 0.0046060299133198037 0.0058687054240531399 -1.316363608532077e-06 -2.9218784016871354e-06 5.8573151319407696e-06 -1.187375889174648e-06 6.2843825826583276e-06 -2.1393344176060227e-06 0.035690453504450284 -0.083308605860635335 -0.17942563333756656
leaf_weight=15858 763 973 197 257 11495 28337 3441 623 1279 100 106 410 6239 445
leaf_count=15858 763 973 197 257 11495 28337 3441 623 1279 100 106 410 6239 445
internal_value=0.000258054 -0.00546689 0.00107783 0.00123532 -4.594e-05 0.000931295 -0.010559 0.00435622 0.00353809 -0.0309603 0.0234332 -0.0027774 -0.00128494 -0.0194659
internal_weight=70523 8830 61693 61396 43530 39832 3698 17866 17137 297 729 7412 6649 1418
internal_count=70523 8830 61693 61396 43530 39832 3698 17866 17137 297 729 7412 6649 1418
is_linear=0
shrinkage=0.05


Tree=26
num_leaves=15
num_cat=0
split_feature=107 90 130 98 163 162 90 112 169 159 159 106 1 105
split_gain=126.757 195.136 127.304 78.198 102.471 93.5148 91.3494 129.801 115.795 68.9525 58.4344 52.9048 71.6925 49.4209
threshold=3.4443154335021977 229.53055572509768 500.50000000000006 90.367183685302749 554.00000000000011 54.691965103149421 2.7444444894790654 74.860000610351577 72.500000000000014 805.32293701171886 93.482639312744155 84.001667022705092 72.001667022705092 84.00888824462892
decision_type=2 2 2 2 2 2 2 2 2 2 2 2 2 2
left_child=2 11 3 6 -5 -6 7 -1 -8 -4 -3 -2 -13 -14
right_child=1 10 9 4 5 -7 8 -9 -10 -11 -12 12 13 -15
leaf_value=0 0.0088449222597106383 -2.6241170966431433 -3.0906034687235708e-05 0.19137940270723572 -0.34705708422528114 0.0063687289362038511 -0.1720348498039363 -1.1280070947159154e-06 3.4264376681789613e-08 5.9701634535254115e-06 -0.46019227226526899 -1.3532748120186489 0.13687250470120041 -0.30387494191109399
leaf_weight=17420 6532 730 197 477 122 1582 363 1386 36660 100 898 775 661 2620
leaf_count=17420 6532 730 197 477 122 1582 363 1386 36660 100 898 775 661 2620
internal_value=0.000448758 -0.00418133 0.00141909 0.00158752 0.0108646 0.0050907 0.00122416 0.00406145 -0.000217403 -0.0309603 -0.0202694 -0.00169924 -0.00618074 -0.0029367
internal_weight=70523 12216 58307 58010 2181 1704 55829 18806 37023 297 1628 10588 4056 3281
internal_count=70523 12216 58307 58010 2181 1704 55829 18806 37023 297 1628 10588 4056 3281
is_linear=0
shrinkage=0.05


Tree=27
num_leaves=15
num_cat=0
split_feature=110 105 130 161 88 65 29 8 21 28 85 116 152 14
split_gain=118.884 158.293 118.42 82.3421 190.51 134.468 119.959 101.217 90.3456 67.626 63.5492 85.9847 57.0176 68.3311
threshold=15.101274013519289 129.09777832031253 500.50000000000006 15.093286514282228 110.01333236694337 2.5000000000000004 8.0033335685729998 48.898332595825202 35.026666641235359 111.06000137329103 46.008333206176765 23.508450508117679 3.2829090356826787 84.001667022705092
decision_type=2 2 2 2 2 2 2 2 2 2 2 2 2 2
left_child=2 10 3 4 8 6 -5 -7 -1 -4 11 -2 13 -3
right_child=1 12 9 5 -6 7 -8 -9 -10 -11 -12 -13 -14 -15
leaf_value=0 -0.0036560382076116444 0.16001203419756552 -2.9360732952873921e-05 0 4.5365797823011062e-08 0.0010878837708299071 -5.8214354442152463e-05 -1.8501920534326971e-07 -2.7004240693654418e-05 5.671655280849141e-06 -0.1721892216407388 0.019336834021204841 -2.9387622675555995 -0.95741936412424389
leaf_weight=25683 2318 693 188 12327 290 10048 2822 8920 101 100 828 3823 1112 1270
leaf_count=25683 2318 693 188 12327 290 10048 2822 8920 101 100 828 3823 1112 1270
internal_value=0.000498384 -0.00453776 0.00133506 0.0014893 0.00360443 -0.000127484 -0.0036393 0.00267749 0.00314669 -0.0303754 -0.000365644 0.00139115 -0.0139773 -0.00881606
internal_weight=70523 10044 60479 60191 26074 34117 15149 18968 25784 288 6969 6141 3075 1963
internal_count=70523 10044 60479 60191 26074 34117 15149 18968 25784 288 6969 6141 3075 1963
is_linear=0
shrinkage=0.05


Tree=28
num_leaves=15
num_cat=0
split_feature=130 107 94 118 102 118 164 16 18 67 14 77 105 70
split_gain=115.852 111.642 177.83 88.2912 120.183 86.069 74.7672 71.5376 54.6032 52.3922 52.0142 50.8522 54.6177 30.8105
threshold=500.50000000000006 3.4443154335021977 239.82666778564456 131.00000000000003 0.34703372418880468 491.00666809082037 507.89157104492193 48.004999160766609 4.0016667842864999 372.50000000000006 344.26000976562506 7.5000000000000009 11.400555133819582 756.50000000000011
decision_type=2 2 2 2 2 2 2 2 2 2 2 2 2 2
left_child=1 3 11 7 -5 -6 -2 8 -1 10 -4 12 -3 -13
right_child=6 2 9 4 5 -7 -8 -9 -10 -11 -12 13 -14 -15
leaf_value=0 5.3880725168066836e-06 0.020061787313153463 -0.76802941456031459 -0.0006476323065769087 0 0 -2.7892696305230224e-05 -0.089273210149004759 4.145965171722889e-06 0.43803709170939786 -2.8347554307814895 0.044682139414248687 -0.17612963345863553 -0.1702199889630378
leaf_weight=2924 100 534 2041 186 45459 7772 199 124 1545 157 330 4894 3868 390
leaf_count=2924 100 534 2041 186 45459 7772 199 124 1545 157 330 4894 3868 390
internal_value=0.000372193 0.000505489 -0.00383828 0.00142032 0.000847965 0.000989932 -0.0304276 0.00806873 0.00911936 -0.0156336 -0.0174874 -0.000753276 -0.00471976 0.00255247
internal_weight=70523 70224 12214 58010 53417 53231 299 4593 4469 2528 2371 9686 4402 5284
internal_count=70523 70224 12214 58010 53417 53231 299 4593 4469 2528 2371 9686 4402 5284
is_linear=0
shrinkage=0.05


Tree=29
num_leaves=15
num_cat=0
split_feature=130 107 105 164 149 77 161 102 7 112 7 11 10 6
split_gain=114.062 87.9633 110.226 74.7672 70.5417 137.355 106.913 101.266 80.9187 105.713 73.3321 55.0087 114.844 46.988
threshold=500.50000000000006 6.0649502277374276 100.51889038085939 507.89157104492193 10.39131021499634 34.500000000000007 4.1067802906036386 0.34703372418880468 18.006667137146 88.059997558593764 70.005001068115249 12.996666431427004 10.63000011444092 375.69499206542974
decision_type=2 2 2 2 2 2 2 2 2 2 2 2 2 2
left_child=1 4 11 -2 8 7 -7 -6 9 -1 -10 -3 -13 -4
right_child=3 2 13 -5 5 6 -8 -9 10 -11 -12 12 -14 -15
leaf_value=0 5.1186688909663496e-06 -0.60230499224738665 -0.9037526190451356 -2.6498061489968712e-05 -0.00061525069124806326 4.270366554618901e-09 2.9847325317482214e-06 0 0.0050208782056734118 -0.0001200723635386098 5.2631879958720289e-09 0.038000465887172749 -0.021858338267887242 -3.203341997954519
leaf_weight=18072 100 840 2363 199 167 290 13979 15892 6397 2606 4643 367 4396 212
leaf_count=18072 100 840 2363 199 167 290 13979 15892 6397 2606 4643 367 4396 212
internal_value=0.00013328 0.00026556 -0.00460711 -0.0304276 0.000908124 -0.000815943 0.00275326 -0.00398718 0.0025565 0.000710729 0.00601177 -0.000668688 0.00141569 -0.0131589
internal_weight=70523 70224 8178 299 62046 30328 14269 16059 31718 20678 11040 5603 4763 2575
internal_count=70523 70224 8178 299 62046 30328 14269 16059 31718 20678 11040 5603 4763 2575
is_linear=0
shrinkage=0.05


Tree=30
num_leaves=15
num_cat=0
split_feature=130 164 107 105 149 146 169 97 104 146 110 163 105 64
split_gain=111.709 74.7672 67.6566 101.863 81.4604 123.264 112.439 73.6625 73.9977 71.4359 69.7609 48.2718 40.5163 39.0209
threshold=500.50000000000006 507.89157104492193 6.0649502277374276 183.748893737793 10.39131021499634 67.381210327148452 294.50000000000006 1.0066666603088381 84.435596466064467 113.47917556762697 0.037312028929591186 1410.0000000000002 48.776666641235359 471.50000000000006
decision_type=2 2 2 2 2 2 2 2 2 2 2 2 2 2
left_child=2 -2 4 11 7 6 -6 8 -1 -7 -9 12 -4 -5
right_child=1 -3 3 13 5 9 -8 10 -10 -11 -12 -13 -14 -15
leaf_value=0 4.862735446418032e-06 -2.5173158415470274e-05 0.000106654053262778 -1.9798806368212689 0 0.0043308981504380575 0.029625054928864098 5.2631879958720289e-09 2.9107177221076232e-06 -5.134693242200751e-05 6.1901705896473199e-06 0.046944207172928645 -0.38783475676636325 0.60781276111263427
leaf_weight=7565 100 199 1923 1144 22879 3279 1421 5845 307 2749 18001 2734 2274 103
leaf_count=7565 100 199 1923 1144 22879 3279 1421 5845 307 2749 18001 2734 2274 103
internal_value=-0.000183615 -0.0304276 -5.26848e-05 -0.00432604 0.00051087 -0.00134177 -0.00292944 0.00228226 -0.00191063 0.00505553 0.00366651 -0.00195358 -0.0053189 -0.0174521
internal_weight=70523 299 70224 8178 62046 30328 24300 31718 7872 6028 23846 6931 4197 1247
internal_count=70523 299 70224 8178 62046 30328 24300 31718 7872 6028 23846 6931 4197 1247
is_linear=0
shrinkage=0.05


Tree=31
num_leaves=15
num_cat=0
split_feature=96 131 113 166 110 12 100 98 158 117 104 100 80 169
split_gain=115.667 228.913 146.97 117.543 80.7997 123.584 110.481 154.702 107.797 83.7128 80.4759 77.3441 76.6559 139.774
threshold=0.8182986080646516 64.415679931640639 0.062129369005560882 3.5000000000000004 1.0199238657951357 71.661666870117202 34.430000305175788 0.15965472906827929 21.300430297851566 63.613121032714851 120.45055389404298 9.9966664314270037 13.97499990463257 289.50000000000006
decision_type=2 2 2 2 2 2 2 2 2 2 2 2 2 2
left_child=1 2 10 -4 5 6 11 -8 -7 -10 -1 -2 -6 -14
right_child=4 -3 3 -5 12 8 7 -9 9 -11 -12 -13 13 -15
leaf_value=0 -2.0229822999006601e-07 -2.380369653688893e-05 2.7614810955202124e-06 -2.6315939979360144e-10 1.8820175569408563e-05 0.010209367688473482 -7.8765049242783214e-05 5.000028596078427e-09 0.041567895139563639 -0.53878647458083617 4.0568482268879566e-09 0.0013445675255209675 -0.069473121764035556 0.017753709492407635
leaf_weight=9758 395 417 624 1735 19499 1434 1345 15899 191 247 165 866 15235 2713
leaf_count=9758 395 417 624 1735 19499 1434 1345 15899 191 247 165 866 15235 2713
internal_value=-0.00105632 -0.00537626 -0.00413038 -0.0153342 -0.000107213 0.00242616 0.00118585 0.000139139 0.014651 -0.00699774 -0.00146052 0.0154423 -0.0014859 -0.00384337
internal_weight=70523 12699 12282 2359 57824 20377 18505 17244 1872 438 9923 1261 37447 17948
internal_count=70523 12699 12282 2359 57824 20377 18505 17244 1872 438 9923 1261 37447 17948
is_linear=0
shrinkage=0.05


Tree=32
num_leaves=15
num_cat=0
split_feature=132 98 5 131 6 117 141 161 87 106 116 114 95 171
split_gain=114.798 130.63 96.9008 115.652 90.9948 124.076 88.7161 91.8858 76.5959 76.4485 75.6332 79.5266 71.9765 53.6761
threshold=129.60713958740237 0.50265523791313182 1.9983333349227907 102.8514747619629 375.69499206542974 154.9152755737305 6.6482784748077401 87.344432830810561 54.006666183471687 14.696666717529299 1.2142398953437807 1.3837731480598452 0.23630951344966891 1.0000000180025095e-35
decision_type=2 2 2 2 2 2 2 2 2 2 2 2 2 2
left_child=2 -2 3 6 10 9 7 -1 -3 -6 -4 -12 -10 -14
right_child=1 8 4 -5 5 -7 -8 -9 12 -11 11 -13 13 -15
leaf_value=0 2.7815145566843951e-07 0.087129902684836988 9.3839777107246724e-06 -2.2724315667852316e-05 0.007025864277287984 -1.8358149826914159 -0.00063528027765038337 8.9878008673698856e-09 -0.043350241300530334 -0.25085439703100304 -2.5654278660401502e-05 1.511494009558173e-08 -0.0013621715087317693 0.036661211470136637
leaf_weight=16251 399 628 202 281 205 295 151 2121 134 703 622 47242 680 609
leaf_count=16251 399 628 202 281 205 295 151 2121 134 703 622 47242 680 609
internal_value=-0.000846472 0.00977597 -0.00122947 -0.00428252 -6.39282e-05 -0.0136175 -0.00379426 -0.00347445 0.00464494 -0.00438116 0.000276674 0.000146232 -0.00178571 0.00189335
internal_weight=70523 2450 68073 18804 49269 1203 18523 18372 2051 908 48066 47864 1423 1289
internal_count=70523 2450 68073 18804 49269 1203 18523 18372 2051 908 48066 47864 1423 1289
is_linear=0
shrinkage=0.05


Tree=33
num_leaves=15
num_cat=0
split_feature=5 87 134 19 131 16 117 166 174 8 112 88 91 109
split_gain=104.423 177.613 134.849 90.2759 78.1047 71.0742 85.0189 73.7374 142.89 130.135 109.376 91.6648 81.8977 80.2871
threshold=1.9983333349227907 163.74499511718753 75.400852203369155 47.378332138061531 102.8514747619629 401.13333129882818 152.51422882080081 6.5000000000000009 1.0000000180025095e-35 12.001666545867922 4.9466667175292978 4.1949999332427987 37.004999160766609 7.3433334827423105
decision_type=2 2 2 2 2 2 2 2 2 2 2 2 2 2
left_child=1 2 3 4 -1 7 -7 8 12 -10 11 -9 -2 -12
right_child=5 -3 -4 -5 -6 6 -8 10 9 -11 13 -13 -14 -15
leaf_value=0 0.066565466030026485 1.0701381354054739e-06 -1.4923662658741107e-07 0 -2.1588099884459699e-05 -8.134873199026317e-05 -2.2323982809502128 3.9942801614954192e-09 -0.00029084823891842038 0.00045477063621604524 -1.3376182641966418e-06 4.8394401096758903e-06 0.027617291961512792 -2.6703736981320505e-05
leaf_weight=16059 3768 158 670 2011 230 399 272 917 1389 4448 4773 639 4701 30089
leaf_count=16059 3768 158 670 2011 230 399 272 917 1389 4448 4773 639 4701 30089
internal_value=-0.000970537 -0.00412377 -0.00456917 -0.00375854 -0.00499264 0.000203307 -0.0159024 0.000417907 0.00345888 -0.00255906 -0.000776982 0.0121717 0.00760562 -0.00135658
internal_weight=70523 19128 18970 18300 16289 51395 671 50724 14306 5837 36418 1556 8469 34862
internal_count=70523 19128 18970 18300 16289 51395 671 50724 14306 5837 36418 1556 8469 34862
is_linear=0
shrinkage=0.05


Tree=34
num_leaves=15
num_cat=0
split_feature=94 87 129 104 107 105 31 103 85 171 113 133 99 87
split_gain=129.055 127.624 134.35 101.752 100.534 133.13 124.922 124.818 139.215 111.925 104.016 281.269 82.1075 76.6377
threshold=7.0066666603088388 167.04166412353518 21.761794090271 62.662797927856452 0.234107181429863 12.338333606719972 1.0000000180025095e-35 503.93333435058599 35.001667022705085 0.12940952181816109 0.10545102506875993 199.84666442871097 22.436660766601566 76.908332824707045
decision_type=2 2 2 2 2 2 2 2 2 2 2 2 2 2
left_child=1 2 -1 -4 7 -6 9 10 13 -7 11 -2 -8 -9
right_child=4 -3 3 -5 5 6 12 8 -10 -11 -12 -13 -14 -15
leaf_value=0 0.0014055237236212015 1.0166312286352003e-06 4.1458516728065748e-06 -2.0508694890236716e-05 0.0048757081843479391 -0.14506867560941697 -0.10777487771827832 0.0022648222252035304 0.0001134661958691738 -0.028814704339381398 6.3786681351030706e-05 -9.8585694195731923e-05 0.035431250179128813 0.00012493983118341221
leaf_weight=19505 291 163 122 517 5127 5729 1692 1161 1764 6485 17409 832 9433 293
leaf_count=19505 291 163 122 517 5127 5729 1692 1161 1764 6485 17409 832 9433 293
internal_value=-0.00105561 -0.00441857 -0.00477939 -0.0272516 0.000304653 -0.0016508 -0.00325351 0.00286371 0.0119454 -0.0067436 0.00128392 -0.0134309 0.000579515 0.0233722
internal_weight=70523 20307 20144 639 50216 28466 23339 21750 3218 12214 18532 1123 11125 1454
internal_count=70523 20307 20144 639 50216 28466 23339 21750 3218 12214 18532 1123 11125 1454
is_linear=0
shrinkage=0.05


Tree=35
num_leaves=15
num_cat=0
split_feature=109 110 27 113 105 77 154 117 92 87 5 134 66 131
split_gain=124.482 164.165 180.376 127.225 90.778 110.512 107.832 96.3999 90.663 81.7596 125.651 122.611 103.195 83.9643
threshold=8.5933337211608904 0.42920842766761785 0.93333333730697643 0.2374195605516434 22.006667137146 5.5000000000000009 59.500000000000007 49.974843978881843 0.025552255101501945 130.053337097168 3.9966666698455815 73.293392181396499 1.5000000000000002 102.8514747619629
decision_type=2 2 2 2 2 2 2 2 2 2 2 2 2 2
left_child=8 2 -2 -4 -3 7 -7 -6 9 11 -11 13 -13 -1
right_child=1 4 3 -5 5 6 -8 -9 -10 10 -12 12 -14 -15
leaf_value=0 0.0013437934908462508 0.00032936009463434388 -0.00041643911858412776 0.00019539578927352079 -0.14720352070783102 0.05369261200564366 -0.03550617317995243 -0.035463488730547992 0.00010775934576210614 9.6579966720344026e-07 -0.00014985254259532331 0 -2.7527558195332085e-05 -1.9483260145724881e-05
leaf_weight=19006 3963 12166 252 2440 4869 7282 7265 6488 4415 180 167 455 1268 307
leaf_count=19006 3963 12166 252 2440 4869 7282 7265 6488 4415 180 167 455 1268 307
internal_value=-0.00118747 0.000408004 0.00765015 -0.00233593 -0.000858831 -0.00253194 0.000353903 -0.0062269 -0.00395303 -0.0052997 0.018608 -0.0056984 -0.0184606 -0.00455534
internal_weight=70523 44725 6655 2692 38070 25904 14547 11357 25798 21383 347 21036 1723 19313
internal_count=70523 44725 6655 2692 38070 25904 14547 11357 25798 21383 347 21036 1723 19313
is_linear=0
shrinkage=0.05


Tree=36
num_leaves=15
num_cat=0
split_feature=149 128 13 110 27 80 80 169 105 113 97 130 15 103
split_gain=167.238 166.18 125.604 159.194 181.175 128.54 117.614 115.106 103.296 92.2474 91.5436 152.807 71.131 67.2367
threshold=253.67825317382815 5.2744791507720956 8.4683332443237322 0.037312028929591186 0.93333333730697643 15.998333454132082 12.941666603088381 294.50000000000006 105.25277709960939 0.18150808662176135 288.10000610351568 367.99333190917974 17.6966667175293 61.426666259765632
decision_type=2 2 2 2 2 2 2 2 2 2 2 2 2 2
left_child=2 -2 10 4 5 -4 8 -8 -5 -6 11 13 -12 -1
right_child=1 -3 3 6 9 -7 7 -9 -10 -11 12 -13 -14 -15
leaf_value=0 1.3672475176823271e-06 -0.0011555479448331003 0.00072248744791572009 0.0023067006922112194 -0.00039040926159969089 0.0036625730432807446 -0.038976627095367769 0.02844791576764278 -2.5012151406735117 -1.6797118634655141e-05 0.00010920280429909066 -1.8509097138438635e-05 0.023362812305982274 0
leaf_weight=282 362 254 1560 13226 148 1156 18911 1952 756 1291 1431 426 370 28398
leaf_count=282 362 254 1560 13226 148 1156 18911 1952 756 1291 1431 426 370 28398
internal_value=-0.00103434 0.0247987 -0.00126373 0.000622997 0.00986779 0.0174568 -0.000480631 -0.00285844 0.00306713 -0.00446676 -0.00364422 -0.00432139 0.00728128 -0.00387659
internal_weight=70523 616 69907 39000 4155 2716 34845 20863 13982 1439 30907 29106 1801 28680
internal_count=70523 616 69907 39000 4155 2716 34845 20863 13982 1439 30907 29106 1801 28680
is_linear=0
shrinkage=0.05


Tree=37
num_leaves=15
num_cat=0
split_feature=149 128 13 110 9 113 29 113 97 130 171 80 103 68
split_gain=169.127 163.711 130.923 160.39 139.843 172.966 102.398 89.1529 85.4638 148.153 77.9954 77.629 66.9494 52.1511
threshold=253.67825317382815 5.2744791507720956 8.4683332443237322 0.42920842766761785 57.001667022705085 0.43341062963008886 3.995000004768372 2.5788942575454716 309.62165832519537 356.30667114257818 -0.37940952181816096 13.97499990463257 61.426666259765632 298.50000000000006
decision_type=2 2 2 2 2 2 2 2 2 2 2 2 2 2
left_child=2 -2 8 4 6 -6 -4 10 9 12 -5 -9 -1 -10
right_child=1 -3 3 7 5 -7 -8 11 13 -11 -12 -13 -14 -15
leaf_value=0 1.2988851417982106e-06 -0.0010977705475914454 0.0016082466710797582 -0.00017272019070783341 -0.00046919105116615436 0.00051508838025614029 -0.00018410910061265971 0.00096417408428474708 0.0067696269525094445 -1.7583642281516703e-05 0.02739493510275523 -0.041528050356636717 0 -8.6611580292001518e-05
leaf_weight=282 362 254 3460 841 326 1922 814 12745 991 476 1247 17645 28596 562
leaf_count=282 362 254 3460 841 326 1922 814 12745 991 476 1247 17645 28596 562
internal_value=-0.00101874 0.0249597 -0.00124943 0.000676836 0.00782902 -0.00226365 0.0131339 -0.000760398 -0.0036798 -0.00428489 0.00922121 -0.00144761 -0.00382578 0.00773427
internal_weight=70523 616 69907 39000 6522 2248 4274 32478 30907 29354 2088 30390 28878 1553
internal_count=70523 616 69907 39000 6522 2248 4274 32478 30907 29354 2088 30390 28878 1553
is_linear=0
shrinkage=0.05


Tree=38
num_leaves=15
num_cat=0
split_feature=65 117 117 102 111 129 86 161 119 159 174 103 109 134
split_gain=120.432 155.982 89.7544 94.8273 110.852 93.6786 84.5402 77.9061 122.518 148.235 77.0154 74.1009 85.9999 73.7841
threshold=5.5000000000000009 150.21347808837893 48.196533203125007 46.972385406494148 0.061493054032325752 58.559791564941413 11.571666717529299 140.89572906494143 95.955623626708999 192.77083587646487 -0.56174489110708226 503.93333435058599 391.71333312988287 123.34816360473634
decision_type=2 2 2 2 2 2 2 2 2 2 2 2 2 2
left_child=2 13 3 5 -5 -1 -6 11 -9 -10 -3 12 -4 -2
right_child=1 10 7 4 6 -7 -8 8 9 -11 -12 -13 -14 -15
leaf_value=0 0 0.00068829113788035443 0 -5.6085951053194105e-06 -3.2096352938489381e-07 0.064658903428072192 -0.00030334260564610045 2.7647324459588737e-06 -0.00010131149548693679 -0.00016470993560899219 -1.1538817481015593 0.0009019148100663356 -1.613672101080952 1.6495913957208276e-05
leaf_weight=25076 18860 211 13803 443 2334 322 1831 1559 1127 679 504 1829 308 1637
leaf_count=25076 18860 211 13803 443 2334 322 1831 1559 1127 679 504 1829 308 1637
internal_value=-0.00117755 0.00197247 -0.00253265 -0.00424344 -0.0108389 -0.00304492 -0.00828537 0.000126877 -0.00678042 -0.0156267 -0.0209028 0.0015867 0.00035775 0.00277534
internal_weight=70523 21212 49311 30006 4608 25398 4165 19305 3365 1806 715 15940 14111 20497
internal_count=70523 21212 49311 30006 4608 25398 4165 19305 3365 1806 715 15940 14111 20497
is_linear=0
shrinkage=0.05


Tree=39
num_leaves=15
num_cat=0
split_feature=5 130 110 10 103 98 98 10 161 8 100 99 77 117
split_gain=102.004 118.451 89.7806 134.261 86.0355 116.101 123.165 89.8483 122.135 79.7973 79.5478 79.4476 143.596 123.634
threshold=12.001666545867922 358.18333435058599 16.469232559204105 128.02666473388675 440.96333312988287 0.039885217323899276 0.15965472906827929 59.996665954589851 6.5883049964904794 82.005001068115249 442.16667175292974 13.457951068878176 203.50000000000003 14.046271324157717
decision_type=2 2 2 2 2 2 2 2 2 2 2 2 2 2
left_child=1 10 4 -4 7 -6 -7 -2 -9 -3 11 12 -1 -13
right_child=2 9 3 -5 5 6 -8 8 -10 -11 -12 13 -14 -15
leaf_value=0 1.4417745368257881e-05 -1.670446016744087e-05 0.0016378187138859524 -1.1404597126739715 0.0018046449469044966 -0.00019048628280119437 0.0024205288120267804 0.11201321342803397 -0.15127268994434323 -5.3281653500534401e-06 1.2396163010746318e-06 -1.0305809976056552e-05 2.62649582366093e-06 -1.4923662658741107e-07
leaf_weight=18706 16637 236 4541 2576 326 215 12759 406 3511 236 1237 2070 1143 5924
leaf_count=18706 16637 236 4541 2576 326 215 12759 406 3511 236 1237 2070 1143 5924
internal_value=-0.000928 -0.00316676 0.000686988 -0.00441589 0.00176024 0.0048929 0.00414516 -0.000267523 -0.00707547 -0.0278826 -0.00276087 -0.00331263 -0.0016168 -0.00751969
internal_weight=70523 29552 40971 7117 33854 13300 12974 20554 3917 472 29080 27843 19849 7994
internal_count=70523 29552 40971 7117 33854 13300 12974 20554 3917 472 29080 27843 19849 7994
is_linear=0
shrinkage=0.05


Tree=40
num_leaves=15
num_cat=0
split_feature=162 98 107 161 101 100 74 160 162 129 87 98 145 111
split_gain=69.9525 99.0105 106.258 78.6731 211.294 87.3964 157.184 83.3928 148.704 139.887 97.167 73.5725 69.4405 67.2336
threshold=2.3072916269302373 0.22090547531843188 0.0036500468850135808 14.133594512939455 3.6919459104537968 53.33833312988282 504.50000000000006 8.5000000000000018 532.71502685546886 6.5476620197296151 29.003333091735843 4.7978191375732431 1145.7250976562502 0.425208330154419
decision_type=2 2 2 2 2 2 2 2 2 2 2 2 2 2
left_child=1 -1 13 7 -5 6 -6 10 9 -9 11 -2 -7 -3
right_child=3 2 -4 4 5 12 -8 8 -10 -11 -12 -13 -14 -15
leaf_value=0 0 -2.5000142980392136e-10 -5.822958750042475e-06 -5.4394188541495358e-05 -2.8934693189617919e-07 -8.3902506818225832e-07 -0.000104339108183572 0 2.843590521106092e-07 -6.4457015422471175e-06 0.00060266991980474128 -0.00023591128323278309 0.0020223599167116194 -1.2506595277500621e-06
leaf_weight=2851 5782 436 1653 401 1290 34475 275 11670 270 1533 331 1827 5781 1948
leaf_count=2851 5782 436 1653 401 1290 34475 275 11670 270 1533 331 1827 5781 1948
internal_value=-0.000684834 -0.00546932 -0.0105022 -0.000166562 -0.00141852 -0.00106991 -0.0126433 0.0023018 0.00469654 0.00393701 -0.00176211 -0.00292225 -0.000618465 -0.0172457
internal_weight=70523 6888 4037 63635 42222 41821 1565 21413 13473 13203 7940 7609 40256 2384
internal_count=70523 6888 4037 63635 42222 41821 1565 21413 13473 13203 7940 7609 40256 2384
is_linear=0
shrinkage=0.05


Tree=41
num_leaves=15
num_cat=0
split_feature=132 129 129 134 98 144 145 131 78 90 114 15 129 15
split_gain=74.5337 134.805 79.0082 77.2511 178.648 107.255 95.7341 120.745 78.2856 77.5711 65.6526 61.559 55.0197 50.4772
threshold=129.60713958740237 43.121011734008796 230.23191833496097 75.739070892333999 0.22090547531843188 23.136540412902836 934.75778198242199 102.8514747619629 336.50000000000006 260.63055419921881 58.843780517578132 56.128334045410163 76.185100555419936 33.001667022705085
decision_type=2 2 2 2 2 2 2 2 2 2 2 2 2 2
left_child=3 -2 11 5 -5 6 7 -1 13 -8 -10 12 -3 -6
right_child=1 2 -4 4 8 -7 9 -9 10 -11 -12 -13 -14 -15
leaf_value=0 0.005121840068108301 2.8915426145055389e-07 0.14071355379196038 -5.3734250869401395e-05 0.0023648711462079153 -0.00070462924641687911 0.0098046510062153244 -1.5546856150393744e-05 -0.00027704979492921894 -0.0020571853682077603 -0.00038187960170780457 -0.058475237951841785 2.8915426145055389e-07 -0.071777394391816574
leaf_weight=58738 458 118 272 446 1612 379 2600 537 1875 900 408 520 1082 578
leaf_count=58738 458 118 272 446 1612 379 2600 537 1875 900 408 520 1082 578
internal_value=-0.000249546 0.00830957 0.00265398 -0.000558183 -0.00659017 -8.78735e-05 7.32717e-05 -0.000401484 -0.00356186 0.00810271 -0.0100306 -0.00133333 0.00489627 0.00318907
internal_weight=70523 2450 1992 68073 4919 63154 62775 59275 4473 3500 2283 1720 1200 2190
internal_count=70523 2450 1992 68073 4919 63154 62775 59275 4473 3500 2283 1720 1200 2190
is_linear=0
shrinkage=0.05


Tree=42
num_leaves=15
num_cat=0
split_feature=114 97 165 77 100 100 74 114 160 98 148 104 7 102
split_gain=74.3685 99.9086 307.763 120.051 112.736 115.926 159.483 110.86 113.921 87.6086 109.544 90.9987 78.1587 79.4844
threshold=4.1588425636291513 3.9600000381469731 11.500000000000002 512.50000000000011 29.080000877380375 54.908334732055671 72.500000000000014 6.4927082061767587 446.00000000000006 1.0000000180025095e-35 1754.9871826171877 77.283981323242202 21.005000114440922 46.972385406494148
decision_type=2 2 2 2 2 2 2 2 2 2 2 2 2 2
left_child=9 2 7 -4 -3 6 -6 -2 -9 10 12 -11 13 -1
right_child=1 4 3 -5 5 -7 -8 8 -10 11 -12 -13 -14 -15
leaf_value=0 0 0.001338891854556425 0 -1.4769513342874055e-05 -1.3810159287891316e-05 4.6701280575387422e-08 -6.4333723694322414e-05 4.9149925338689875e-08 5.7951495562484864e-08 -4.4025600035627518e-07 -0.00013945926335344892 2.719709427074768e-06 -3.0348294232052546e-06 0
leaf_weight=6743 279 516 956 437 1463 50236 323 865 476 6116 425 884 142 662
leaf_count=6743 279 516 956 437 1463 50236 323 865 476 6116 425 884 142 662
internal_value=-0.000445213 0.000397797 0.00924453 -0.00797568 -0.000110386 -0.00034213 -0.012842 0.0240308 0.0299777 -0.00357214 1.2536e-05 -0.00765168 0.00141022 0.00212551
internal_weight=70523 55551 3013 1393 52538 52022 1786 1620 1341 14972 7972 7000 7547 7405
internal_count=70523 55551 3013 1393 52538 52022 1786 1620 1341 14972 7972 7000 7547 7405
is_linear=0
shrinkage=0.05


Tree=43
num_leaves=15
num_cat=0
split_feature=148 98 68 114 24 99 102 130 162 166 121 67 98 171
split_gain=83.0861 136.102 130.861 117.833 116.585 107.03 105.031 99.4567 99.3996 92.4808 91.3491 89.9229 85.7295 78.3536
threshold=299.59944152832037 1.4937738180160525 6.5000000000000009 4.1588425636291513 28.006667137146 36.333003997802741 0.34703372418880468 356.30667114257818 365.48661804199224 11.500000000000002 9.0066666603088397 36.500000000000007 0.039885217323899276 1.0000000180025095e-35
decision_type=2 2 2 2 2 2 2 2 2 2 2 2 2 2
left_child=1 2 5 9 6 8 -2 10 -1 -3 -8 -9 -6 -14
right_child=4 3 -4 -5 12 -7 7 11 -10 -11 -12 -13 13 -15
leaf_value=0 -0.00061736745666142413 -1.0951882680251765e-06 0 4.929163212092004e-06 0.00013831950991173466 8.5333382271350128e-06 0 -2.3660279271028029e-05 1.3489386916058936e-07 -2.0815060043681408e-05 -0.00013642802019409489 7.0703474066052492e-06 -1.5119965099918482e-05 0.014641331815733783
leaf_weight=7359 167 2293 2022 18553 106 845 23581 583 231 1652 3138 333 5385 4275
leaf_count=7359 167 2293 2022 18553 106 845 23581 583 231 1652 3138 333 5385 4275
internal_value=6.09687e-05 0.0018932 0.00660486 -0.000297738 -0.00154632 0.00934242 -0.00319704 -0.00295405 0.00745227 -0.00813924 -0.00239672 -0.0191097 0.00315219 0.00264873
internal_weight=70523 32955 10457 22498 37568 8435 27802 27635 7590 3945 26719 916 9766 9660
internal_count=70523 32955 10457 22498 37568 8435 27802 27635 7590 3945 26719 916 9766 9660
is_linear=0
shrinkage=0.05


Tree=44
num_leaves=15
num_cat=0
split_feature=154 102 174 24 102 64 131 98 153 110 163 75 0 101
split_gain=80.735 107.707 114.311 101.675 145.672 96.7509 155.289 133.31 128.091 117.118 111.397 90.4375 102.289 72.033
threshold=60.500000000000007 0.34703372418880468 -0.56174489110708226 25.013333320617679 95.321704864501967 5.5000000000000009 4.9179394245147714 0.039885217323899276 36.041666030883796 0.053637346252799041 346.00000000000006 384.50000000000006 259.00166320800787 11.67387104034424
decision_type=2 2 2 2 2 2 2 2 2 2 2 2 2 2
left_child=5 -2 11 4 -4 6 8 13 9 -1 -9 12 -3 -8
right_child=1 2 3 -5 -6 -7 7 10 -10 -11 -12 -13 -14 -15
leaf_value=0 -0.00058872612044947356 0 0 0.00013140353441614791 -0.00024910934566434005 0.010475920927339611 3.1116681914687923e-05 0.0014194325554335158 -5.1674479114420589e-05 -2.689910888646622e-07 -0.00024838822245221907 0.017169206816801064 -0.14880466671184908 -1.2848023712178952e-05
leaf_weight=15429 166 2575 6165 5868 2476 6354 104 2077 169 20209 5271 2716 472 472
leaf_count=15429 166 2575 6165 5868 2476 6354 104 2077 169 20209 5271 2716 472 472
internal_value=6.02598e-05 -0.00258768 -0.00225379 -0.00461968 -0.00806731 0.00114095 0.000302954 -0.0060285 0.00170474 0.00191342 -0.00420237 0.00370146 -0.00221166 -0.0290878
internal_weight=70523 20438 20272 14509 8641 50085 43731 7924 35807 35638 7348 5763 3047 576
internal_count=70523 20438 20272 14509 8641 50085 43731 7924 35807 35638 7348 5763 3047 576
is_linear=0
shrinkage=0.05


Tree=45
num_leaves=15
num_cat=0
split_feature=113 115 114 63 131 172 160 132 77 154 174 141 126 166
split_gain=102.419 319.255 256.156 100.004 161.735 102.084 86.7026 86.0769 77.3788 86.985 106.421 103.799 77.7093 77.2232
threshold=1.2032456398010256 407.06666564941412 35.980085372924812 1.5000000000000002 68.313774108886733 0.78656607866287243 1604.5000000000002 18.667522430419925 5.5000000000000009 59.500000000000007 -0.56174489110708226 7.4531452655792245 41.021007537841804 7.5000000000000009
decision_type=2 2 2 2 2 2 2 2 2 2 2 2 2 2
left_child=1 2 3 5 -5 -1 -4 -3 13 12 -11 -12 -10 -2
right_child=8 7 6 4 -6 -7 -8 -9 9 10 11 -13 -14 -15
leaf_value=0 0.00038196697716467499 -7.5783514266706435e-09 0.0002893267335597672 0 1.9703126999267477e-05 0 1.269647166339035e-07 -2.27376050958336e-05 0.00017884872426066512 0.0066752452831250978 -0.0012090008359421133 0.017434333553827865 0.028461264253098778 -2.1836658503694616e-05
leaf_weight=7351 7777 514 1444 4386 224 2756 419 876 11527 3799 8236 1152 975 19087
leaf_count=7351 7777 514 1444 4386 224 2756 419 876 11527 3799 8236 1152 975 19087
internal_value=0.00014675 0.00340473 0.00533615 0.00312118 -0.00297941 0.00590388 0.0227784 -0.0195699 -0.000967503 0.000994396 -0.00183824 -0.00469499 0.00398177 -0.00284343
internal_weight=70523 17970 16580 14717 4610 10107 1863 1390 52553 25689 13187 9388 12502 26864
internal_count=70523 17970 16580 14717 4610 10107 1863 1390 52553 25689 13187 9388 12502 26864
is_linear=0
shrinkage=0.05


Tree=46
num_leaves=15
num_cat=0
split_feature=117 141 142 139 160 95 165 131 90 132 161 75 102 105
split_gain=87.7391 90.501 71.2488 88.7329 68.9992 96.5357 219.914 83.6558 106.52 64.3793 78.7838 61.958 54.2176 38.2451
threshold=7.6578052043914804 25.791092872619632 1662.1563720703127 77.700553894042983 70.000000000000014 0.023657296784222129 10.500000000000002 1.9972438812255862 2.7444444894790654 130.14839172363284 136.3159103393555 797.00000000000011 30.464617729187015 24.00222206115723
decision_type=2 2 2 2 2 2 2 2 2 2 2 2 2 2
left_child=1 4 3 9 7 6 -6 8 -1 10 -2 -11 -5 -7
right_child=2 -3 -4 12 5 13 -8 -9 -10 11 -12 -13 -14 -15
leaf_value=0 0 -0.00060212515525938403 0.04930379078430977 -0.12891511972203762 3.9493757142178426e-08 0.0083095749436539953 0 0.092680693657099508 -0.067381626609284775 0.014970008406687996 -1.4411282757203998e-05 -0.10551757627680201 -0.03845055091038789 -0.090378123111316377
leaf_weight=6740 45527 101 623 208 528 1039 408 180 2054 1617 9841 114 1046 497
leaf_count=6740 45527 101 623 208 528 1039 408 180 2054 1617 9841 114 1046 497
internal_value=3.19022e-05 0.00401662 -0.000748546 -0.00092875 0.00444066 0.0118288 0.0244421 0.00240004 0.00169906 -0.000639185 -0.000936377 0.00884217 -0.0140588 0.00408825
internal_weight=70523 11547 58976 58353 11446 2472 936 8974 8794 57099 55368 1731 1254 1536
internal_count=70523 11547 58976 58353 11446 2472 936 8974 8794 57099 55368 1731 1254 1536
is_linear=0
shrinkage=0.05


end of trees

feature_importances:
roll0003_mean_fixed_avg_active_gpus_F30=43
roll0012_stddev_pop_fixed_avg_active_gpus_F30=29
roll0048_stddev_pop_total_avg_active_gpus=24
roll0048_stddev_pop_fixed_avg_active_gpus_F30=22
roll0003_stddev_pop_fixed_avg_active_gpus_F30=21
roll0003_max_fixed_avg_active_gpus_F30=18
roll0288_max_flexible_avg_active_gpus_F30=15
lag_queued_requested_gpus_0288=13
lag_running_job_equivalents_0001=12
roll2016_mean_total_avg_active_gpus=12
hour_sin=12
roll0288_mean_fixed_avg_active_gpus_F30=11
roll0288_stddev_pop_queued_requested_gpus=11
lag_fixed_avg_active_gpus_F30_0001=10
roll2016_max_total_avg_active_gpus=10
roll0048_max_fixed_avg_active_gpus_F30=10
roll2016_mean_fixed_avg_active_gpus_F30=10
roll0288_mean_flexible_avg_active_gpus_F30=10
utc_hour=10
melbourne_hour=10
melbourne_day_of_year=10
roll0288_max_total_avg_active_gpus=9
roll0288_stddev_pop_flexible_avg_active_gpus_F30=9
roll0288_mean_queued_requested_gpus=9
roll0288_max_queued_requested_gpus=9
lag_fixed_avg_active_gpus_F30_0288=7
lag_running_job_equivalents_0288=7
roll0003_mean_total_avg_active_gpus=7
roll0048_max_total_avg_active_gpus=7
roll0288_stddev_pop_total_avg_active_gpus=7
roll0048_mean_fixed_avg_active_gpus_F30=7
roll2016_stddev_pop_arriving_flexible_gpu_hours_F30=7
roll2016_mean_queued_requested_gpus=7
hour_cos=7
lag_total_avg_active_gpus_0024=6
lag_total_avg_active_gpus_0288=6
lag_running_job_equivalents_0048=6
roll0288_mean_total_avg_active_gpus=6
roll2016_max_fixed_avg_active_gpus_F30=6
roll2016_mean_flexible_avg_active_gpus_F30=6
roll2016_stddev_pop_flexible_avg_active_gpus_F30=6
roll2016_max_queued_requested_gpus=6
lag_total_avg_active_gpus_0048=5
lag_fixed_avg_active_gpus_F30_0002=5
lag_queued_requested_gpus_0024=5
roll0048_mean_total_avg_active_gpus=5
roll2016_stddev_pop_total_avg_active_gpus=5
roll2016_stddev_pop_queued_requested_gpus=5
weekday_cos=5
lag_fixed_avg_active_gpus_F30_0006=4
lag_fixed_avg_active_gpus_F30_0024=4
lag_fixed_avg_active_gpus_F30_0048=4
lag_flexible_avg_active_gpus_F30_0288=4
lag_queued_job_count_0288=4
lag_running_job_equivalents_0024=4
roll0012_max_total_avg_active_gpus=4
roll0012_stddev_pop_total_avg_active_gpus=4
roll0288_stddev_pop_fixed_avg_active_gpus_F30=4
roll2016_stddev_pop_fixed_avg_active_gpus_F30=4
roll0048_mean_arriving_flexible_gpu_hours_F30=4
roll0048_max_arriving_flexible_gpu_hours_F30=4
roll0288_stddev_pop_arriving_flexible_gpu_hours_F30=4
roll0012_max_queued_requested_gpus=4
lag_total_avg_active_gpus_0576=3
lag_fixed_avg_active_gpus_F30_0012=3
lag_arriving_requested_gpus_0288=3
lag_queued_job_count_0024=3
lag_queued_requested_gpus_0012=3
lag_running_job_equivalents_0576=3
roll0012_max_fixed_avg_active_gpus_F30=3
roll0288_max_fixed_avg_active_gpus_F30=3
lag_total_avg_active_gpus_0002=2
lag_fixed_avg_active_gpus_F30_0003=2
lag_flexible_avg_active_gpus_F30_0012=2
lag_flexible_avg_active_gpus_F30_2016=2
lag_arriving_requested_gpus_0003=2
lag_arriving_requested_gpus_0006=2
lag_queued_job_count_0001=2
lag_queued_job_count_0012=2
lag_queued_job_count_0576=2
lag_queued_job_count_2016=2
lag_queued_requested_gpus_2016=2
lag_running_job_equivalents_0002=2
lag_running_job_equivalents_0003=2
lag_running_job_equivalents_2016=2
roll0012_mean_total_avg_active_gpus=2
roll0048_stddev_pop_flexible_avg_active_gpus_F30=2
roll0012_mean_arriving_flexible_gpu_hours_F30=2
roll0288_mean_arriving_flexible_gpu_hours_F30=2
roll0288_max_arriving_flexible_gpu_hours_F30=2
roll2016_max_arriving_flexible_gpu_hours_F30=2
roll0048_mean_queued_requested_gpus=2
roll0048_max_queued_requested_gpus=2
roll0048_stddev_pop_queued_requested_gpus=2
lag_total_avg_active_gpus_0001=1
lag_total_avg_active_gpus_0012=1
lag_total_avg_active_gpus_2016=1
lag_fixed_avg_active_gpus_F30_0576=1
lag_fixed_avg_active_gpus_F30_2016=1
lag_flexible_avg_active_gpus_F30_0002=1
lag_flexible_avg_active_gpus_F30_0006=1
lag_flexible_avg_active_gpus_F30_0576=1
lag_arriving_job_count_0002=1
lag_arriving_job_count_0048=1
lag_arriving_requested_gpus_0024=1
lag_queued_job_count_0002=1
lag_queued_job_count_0006=1
lag_queued_job_count_0048=1
lag_queued_requested_gpus_0001=1
lag_queued_requested_gpus_0576=1
lag_running_job_equivalents_0006=1
lag_running_job_equivalents_0012=1
roll0003_max_total_avg_active_gpus=1
roll0003_stddev_pop_total_avg_active_gpus=1
roll0012_mean_fixed_avg_active_gpus_F30=1
roll0003_max_flexible_avg_active_gpus_F30=1
roll0048_mean_flexible_avg_active_gpus_F30=1
roll2016_max_flexible_avg_active_gpus_F30=1
roll0012_max_arriving_flexible_gpu_hours_F30=1
roll0003_stddev_pop_queued_requested_gpus=1
roll0012_mean_queued_requested_gpus=1

parameters:
[boosting: gbdt]
[objective: regression_l1]
[metric: l1]
[tree_learner: serial]
[device_type: cpu]
[data_sample_strategy: bagging]
[data: ]
[valid: ]
[num_iterations: 47]
[learning_rate: 0.05]
[num_leaves: 15]
[num_threads: 4]
[seed: 20260721]
[deterministic: 1]
[force_col_wise: 1]
[force_row_wise: 0]
[histogram_pool_size: -1]
[max_depth: 5]
[min_data_in_leaf: 100]
[min_sum_hessian_in_leaf: 0.001]
[bagging_fraction: 1]
[pos_bagging_fraction: 1]
[neg_bagging_fraction: 1]
[bagging_freq: 0]
[bagging_seed: 11591]
[bagging_by_query: 0]
[feature_fraction: 1]
[feature_fraction_bynode: 1]
[feature_fraction_seed: 24120]
[extra_trees: 0]
[extra_seed: 12737]
[early_stopping_round: 0]
[early_stopping_min_delta: 0]
[first_metric_only: 0]
[max_delta_step: 0]
[lambda_l1: 0]
[lambda_l2: 5]
[linear_lambda: 0]
[min_gain_to_split: 0]
[drop_rate: 0.1]
[max_drop: 50]
[skip_drop: 0.5]
[xgboost_dart_mode: 0]
[uniform_drop: 0]
[drop_seed: 6762]
[top_rate: 0.2]
[other_rate: 0.1]
[min_data_per_group: 100]
[max_cat_threshold: 32]
[cat_l2: 10]
[cat_smooth: 10]
[max_cat_to_onehot: 4]
[top_k: 20]
[monotone_constraints: ]
[monotone_constraints_method: basic]
[monotone_penalty: 0]
[feature_contri: ]
[forcedsplits_filename: ]
[refit_decay_rate: 0.9]
[cegb_tradeoff: 1]
[cegb_penalty_split: 0]
[cegb_penalty_feature_lazy: ]
[cegb_penalty_feature_coupled: ]
[path_smooth: 0]
[interaction_constraints: ]
[verbosity: -1]
[saved_feature_importance_type: 0]
[use_quantized_grad: 0]
[num_grad_quant_bins: 4]
[quant_train_renew_leaf: 0]
[stochastic_rounding: 1]
[linear_tree: 0]
[max_bin: 255]
[max_bin_by_feature: ]
[min_data_in_bin: 3]
[bin_construct_sample_cnt: 200000]
[data_random_seed: 4436]
[is_enable_sparse: 1]
[enable_bundle: 1]
[use_missing: 1]
[zero_as_missing: 0]
[feature_pre_filter: 1]
[pre_partition: 0]
[two_round: 0]
[header: 0]
[label_column: ]
[weight_column: ]
[group_column: ]
[ignore_column: ]
[categorical_feature: ]
[forcedbins_filename: ]
[precise_float_parser: 0]
[parser_config_file: ]
[objective_seed: 18074]
[num_class: 1]
[is_unbalance: 0]
[scale_pos_weight: 1]
[sigmoid: 1]
[boost_from_average: 1]
[reg_sqrt: 0]
[alpha: 0.9]
[fair_c: 1]
[poisson_max_delta_step: 0.7]
[tweedie_variance_power: 1.5]
[lambdarank_truncation_level: 30]
[lambdarank_norm: 1]
[label_gain: ]
[lambdarank_position_bias_regularization: 0]
[eval_at: ]
[multi_error_top_k: 1]
[auc_mu_weights: ]
[num_machines: 1]
[local_listen_port: 12400]
[time_out: 120]
[machine_list_filename: ]
[machines: ]
[gpu_platform_id: -1]
[gpu_device_id: -1]
[gpu_use_dp: 0]
[num_gpu: 1]

end of parameters

pandas_categorical:[]
