tree
version=v4
num_class=1
num_tree_per_iteration=1
label_index=0
max_feature_idx=176
objective=regression_l1
feature_names=lag_total_avg_active_gpus_0001 lag_total_avg_active_gpus_0002 lag_total_avg_active_gpus_0003 lag_total_avg_active_gpus_0006 lag_total_avg_active_gpus_0012 lag_total_avg_active_gpus_0024 lag_total_avg_active_gpus_0048 lag_total_avg_active_gpus_0288 lag_total_avg_active_gpus_0576 lag_total_avg_active_gpus_2016 lag_fixed_avg_active_gpus_F30_0001 lag_fixed_avg_active_gpus_F30_0002 lag_fixed_avg_active_gpus_F30_0003 lag_fixed_avg_active_gpus_F30_0006 lag_fixed_avg_active_gpus_F30_0012 lag_fixed_avg_active_gpus_F30_0024 lag_fixed_avg_active_gpus_F30_0048 lag_fixed_avg_active_gpus_F30_0288 lag_fixed_avg_active_gpus_F30_0576 lag_fixed_avg_active_gpus_F30_2016 lag_flexible_avg_active_gpus_F30_0001 lag_flexible_avg_active_gpus_F30_0002 lag_flexible_avg_active_gpus_F30_0003 lag_flexible_avg_active_gpus_F30_0006 lag_flexible_avg_active_gpus_F30_0012 lag_flexible_avg_active_gpus_F30_0024 lag_flexible_avg_active_gpus_F30_0048 lag_flexible_avg_active_gpus_F30_0288 lag_flexible_avg_active_gpus_F30_0576 lag_flexible_avg_active_gpus_F30_2016 lag_arriving_job_count_0001 lag_arriving_job_count_0002 lag_arriving_job_count_0003 lag_arriving_job_count_0006 lag_arriving_job_count_0012 lag_arriving_job_count_0024 lag_arriving_job_count_0048 lag_arriving_job_count_0288 lag_arriving_job_count_0576 lag_arriving_job_count_2016 lag_arriving_requested_gpus_0001 lag_arriving_requested_gpus_0002 lag_arriving_requested_gpus_0003 lag_arriving_requested_gpus_0006 lag_arriving_requested_gpus_0012 lag_arriving_requested_gpus_0024 lag_arriving_requested_gpus_0048 lag_arriving_requested_gpus_0288 lag_arriving_requested_gpus_0576 lag_arriving_requested_gpus_2016 lag_arriving_flexible_gpu_hours_F30_0001 lag_arriving_flexible_gpu_hours_F30_0002 lag_arriving_flexible_gpu_hours_F30_0003 lag_arriving_flexible_gpu_hours_F30_0006 lag_arriving_flexible_gpu_hours_F30_0012 lag_arriving_flexible_gpu_hours_F30_0024 lag_arriving_flexible_gpu_hours_F30_0048 lag_arriving_flexible_gpu_hours_F30_0288 lag_arriving_flexible_gpu_hours_F30_0576 lag_arriving_flexible_gpu_hours_F30_2016 lag_queued_job_count_0001 lag_queued_job_count_0002 lag_queued_job_count_0003 lag_queued_job_count_0006 lag_queued_job_count_0012 lag_queued_job_count_0024 lag_queued_job_count_0048 lag_queued_job_count_0288 lag_queued_job_count_0576 lag_queued_job_count_2016 lag_queued_requested_gpus_0001 lag_queued_requested_gpus_0002 lag_queued_requested_gpus_0003 lag_queued_requested_gpus_0006 lag_queued_requested_gpus_0012 lag_queued_requested_gpus_0024 lag_queued_requested_gpus_0048 lag_queued_requested_gpus_0288 lag_queued_requested_gpus_0576 lag_queued_requested_gpus_2016 lag_running_job_equivalents_0001 lag_running_job_equivalents_0002 lag_running_job_equivalents_0003 lag_running_job_equivalents_0006 lag_running_job_equivalents_0012 lag_running_job_equivalents_0024 lag_running_job_equivalents_0048 lag_running_job_equivalents_0288 lag_running_job_equivalents_0576 lag_running_job_equivalents_2016 roll0003_mean_total_avg_active_gpus roll0003_max_total_avg_active_gpus roll0003_stddev_pop_total_avg_active_gpus roll0012_mean_total_avg_active_gpus roll0012_max_total_avg_active_gpus roll0012_stddev_pop_total_avg_active_gpus roll0048_mean_total_avg_active_gpus roll0048_max_total_avg_active_gpus roll0048_stddev_pop_total_avg_active_gpus roll0288_mean_total_avg_active_gpus roll0288_max_total_avg_active_gpus roll0288_stddev_pop_total_avg_active_gpus roll2016_mean_total_avg_active_gpus roll2016_max_total_avg_active_gpus roll2016_stddev_pop_total_avg_active_gpus roll0003_mean_fixed_avg_active_gpus_F30 roll0003_max_fixed_avg_active_gpus_F30 roll0003_stddev_pop_fixed_avg_active_gpus_F30 roll0012_mean_fixed_avg_active_gpus_F30 roll0012_max_fixed_avg_active_gpus_F30 roll0012_stddev_pop_fixed_avg_active_gpus_F30 roll0048_mean_fixed_avg_active_gpus_F30 roll0048_max_fixed_avg_active_gpus_F30 roll0048_stddev_pop_fixed_avg_active_gpus_F30 roll0288_mean_fixed_avg_active_gpus_F30 roll0288_max_fixed_avg_active_gpus_F30 roll0288_stddev_pop_fixed_avg_active_gpus_F30 roll2016_mean_fixed_avg_active_gpus_F30 roll2016_max_fixed_avg_active_gpus_F30 roll2016_stddev_pop_fixed_avg_active_gpus_F30 roll0003_mean_flexible_avg_active_gpus_F30 roll0003_max_flexible_avg_active_gpus_F30 roll0003_stddev_pop_flexible_avg_active_gpus_F30 roll0012_mean_flexible_avg_active_gpus_F30 roll0012_max_flexible_avg_active_gpus_F30 roll0012_stddev_pop_flexible_avg_active_gpus_F30 roll0048_mean_flexible_avg_active_gpus_F30 roll0048_max_flexible_avg_active_gpus_F30 roll0048_stddev_pop_flexible_avg_active_gpus_F30 roll0288_mean_flexible_avg_active_gpus_F30 roll0288_max_flexible_avg_active_gpus_F30 roll0288_stddev_pop_flexible_avg_active_gpus_F30 roll2016_mean_flexible_avg_active_gpus_F30 roll2016_max_flexible_avg_active_gpus_F30 roll2016_stddev_pop_flexible_avg_active_gpus_F30 roll0003_mean_arriving_flexible_gpu_hours_F30 roll0003_max_arriving_flexible_gpu_hours_F30 roll0003_stddev_pop_arriving_flexible_gpu_hours_F30 roll0012_mean_arriving_flexible_gpu_hours_F30 roll0012_max_arriving_flexible_gpu_hours_F30 roll0012_stddev_pop_arriving_flexible_gpu_hours_F30 roll0048_mean_arriving_flexible_gpu_hours_F30 roll0048_max_arriving_flexible_gpu_hours_F30 roll0048_stddev_pop_arriving_flexible_gpu_hours_F30 roll0288_mean_arriving_flexible_gpu_hours_F30 roll0288_max_arriving_flexible_gpu_hours_F30 roll0288_stddev_pop_arriving_flexible_gpu_hours_F30 roll2016_mean_arriving_flexible_gpu_hours_F30 roll2016_max_arriving_flexible_gpu_hours_F30 roll2016_stddev_pop_arriving_flexible_gpu_hours_F30 roll0003_mean_queued_requested_gpus roll0003_max_queued_requested_gpus roll0003_stddev_pop_queued_requested_gpus roll0012_mean_queued_requested_gpus roll0012_max_queued_requested_gpus roll0012_stddev_pop_queued_requested_gpus roll0048_mean_queued_requested_gpus roll0048_max_queued_requested_gpus roll0048_stddev_pop_queued_requested_gpus roll0288_mean_queued_requested_gpus roll0288_max_queued_requested_gpus roll0288_stddev_pop_queued_requested_gpus roll2016_mean_queued_requested_gpus roll2016_max_queued_requested_gpus roll2016_stddev_pop_queued_requested_gpus utc_hour melbourne_hour melbourne_day_of_week melbourne_month melbourne_day_of_year is_weekend hour_sin hour_cos weekday_sin weekday_cos month_sin month_cos
feature_infos=[0:515.73333740234375] [0:515.73333740234375] [0:515.73333740234375] [0:515.73333740234375] [0:515.73333740234375] [0:515.73333740234375] [0:515.73333740234375] [0:515.73333740234375] [0:515.73333740234375] [0:512] [0:515.73333740234375] [0:515.73333740234375] [0:515.73333740234375] [0:515.73333740234375] [0:515.73333740234375] [0:515.73333740234375] [0:515.73333740234375] [0:515.73333740234375] [0:515.73333740234375] [0:512] [0:512] [0:512] [0:512] [0:512] [0:512] [0:512] [0:512] [0:512] [0:512] [0:512] [0:1718] [0:1718] [0:1718] [0:1718] [0:1718] [0:1718] [0:1718] [0:1718] [0:1718] [0:1718] [0:5632] [0:5632] [0:5632] [0:5632] [0:5632] [0:5632] [0:5632] [0:5632] [0:5632] [0:5632] [0:8672.6728515625] [0:8672.6728515625] [0:8672.6728515625] [0:8672.6728515625] [0:8672.6728515625] [0:8672.6728515625] [0:8672.6728515625] [0:8672.6728515625] [0:8672.6728515625] [0:7603.35546875] [0:1592] [0:1592] [0:1592] [0:1592] [0:1592] [0:1592] [0:1592] [0:1592] [0:1592] [0:1592] [0:6127] [0:6127] [0:6127] [0:6127] [0:6127] [0:6127] [0:6127] [0:6127] [0:6127] [0:6127] [0:456.14334106445312] [0:456.14334106445312] [0:456.14334106445312] [0:456.14334106445312] [0:456.14334106445312] [0:456.14334106445312] [0:456.14334106445312] [0:456.14334106445312] [0:425] [0:425] [0:512] [0:515.73333740234375] [0:240.55458068847656] [0:512] [0:515.73333740234375] [0:255.7161865234375] [0:504.01470947265625] [0:515.73333740234375] [0:250.40919494628906] [0:414.0723876953125] [0:515.73333740234375] [0:230.42581176757812] [6.1177248426247388e-05:237.38629150390625] [0.053333334624767303:515.73333740234375] [0.0014853802276775241:183.8941650390625] [0:512] [0:515.73333740234375] [0:240.55458068847656] [0:509.86666870117188] [0:515.73333740234375] [0:246.19882202148438] [0:504.01470947265625] [0:515.73333740234375] [0:250.40919494628906] [0:283.29208374023438] [0:515.73333740234375] [0:225.25091552734375] [6.1177248426247388e-05:169.79315185546875] [0.053333334624767303:515.73333740234375] [0.0014853802276775241:174.28001403808594] [0:512] [0:512] [0:235.18722534179688] [0:512] [0:512] [0:253.82646179199219] [0:483.61279296875] [0:512] [0:226.47317504882812] [0:285.13790893554688] [0:512] [0:233.52969360351562] [0:178.25611877441406] [0:512] [0:154.84040832519531] [0:3500.420654296875] [0:8672.6728515625] [0:4088.33740234375] [0:877.7030029296875] [0:8672.6728515625] [0:2404.00732421875] [0:229.77951049804688] [0:8672.6728515625] [0:1260.3182373046875] [0:42.711639404296875] [0:8672.6728515625] [0:520.9388427734375] [0:15.986562728881836] [0:8672.6728515625] [0:253.68218994140625] [0:5785.66650390625] [0:6127] [0:2476.137451171875] [0:4881.33349609375] [0:6127] [0:2455.648681640625] [0:4502.58349609375] [0:6127] [0:2375.058837890625] [0:1877.25] [0:6127] [0:1890.7261962890625] [0:1056.5416259765625] [0:6127] [0:1105.5494384765625] [0:23] [0:23] [0:6] [3:11] [61:306] [0:1] [-1:1] [-1:1] [-0.97492790222167969:0.97492790222167969] [-0.90096884965896606:1] [-1:1] [-1:0.5]
tree_sizes=1415 1422 1382 1443 1459 1439 1446 1436 1458 1454 1419 1449 1485 1464 1399 1471 1430 1459 1461 1461 1447 1450 1454 1433 1489 1442 1448 1414 1429 1412 1449 1449 1466 1465

Tree=0
num_leaves=15
num_cat=0
split_feature=10 105 166 33 10 107 169 80 114 110 162 171 16 6
split_gain=1474.29 371.08 188.141 173.364 140.697 85.3197 78.7996 70.2628 68.5334 68.3414 55.5355 54.0322 52.7608 50.3077
threshold=61.44166564941407 3.0011111497879033 6.5000000000000009 9.5000000000000018 137.00666809082034 0.18351830542087558 214.50000000000003 204.1166687011719 4.7188889980316171 0.019699904136359695 72.461559295654311 -0.37940952181816096 44.003334045410163 355.94166564941412
decision_type=2 2 2 2 2 2 2 2 2 2 2 2 2 2
left_child=1 9 8 5 6 -4 10 13 -3 -1 -2 -11 -8 -6
right_child=4 2 3 -5 7 -7 12 -9 -10 11 -12 -13 -14 -15
leaf_value=0 -0.20000000000000001 -0.049666666984558107 0 0.059666669368743902 -0.25991666316986084 -0.021833333373069766 -0.050000000000000003 0 0 0 -0.012000000104308128 0 -0.14866666793823244 -0.80000000000000004
leaf_weight=16261 2734 830 11585 2191 5334 8435 1005 788 9063 2204 3238 4810 1349 696
leaf_count=16261 2734 830 11585 2191 5334 8435 1005 788 9063 2204 3238 4810 1349 696
internal_value=-0.00429829 -0.000517297 -0.00400199 -0.00655609 -0.01812 -0.00801748 -0.0137438 -0.0234501 0.00173267 0.00428909 -0.0106743 0.00841288 -0.0214922 -0.0252858
internal_weight=70523 55379 32104 22211 15144 20020 8326 6818 9893 23275 5972 7014 2354 6030
internal_count=70523 55379 32104 22211 15144 20020 8326 6818 9893 23275 5972 7014 2354 6030
is_linear=0
shrinkage=0.05


Tree=1
num_leaves=15
num_cat=0
split_feature=105 107 105 118 105 62 110 84 171 42 95 113 110 160
split_gain=821.383 487.409 223.745 137.227 132.022 95.4981 93.7949 93.7738 77.1763 72.9098 61.874 61.0102 56.909 47.6031
threshold=73.002777099609389 0.0036500468850135808 11.854444503784181 390.83000183105474 72.974998474121108 9.5000000000000018 0.49023723602294927 69.479999542236342 -0.37940952181816096 80.500000000000014 5.8816070556640634 2.2521988153457646 13.481982707977297 4.5000000000000009
decision_type=2 2 2 2 2 2 2 2 2 2 2 2 2 2
left_child=2 5 8 11 9 6 -2 -3 -1 -5 -10 -4 -9 -13
right_child=1 7 3 4 -6 -7 -8 12 10 -11 -12 13 -14 -15
leaf_value=0 0.010000000000000002 -0.38300417065620423 0 0 0.0006000000052154065 -2.8421709430404009e-15 0.0006000000052154065 -0.17300416827201845 0 0.17384999811649324 0 -0.13290833666920662 -1.1616687494516373 0
leaf_weight=13908 719 6821 1838 8258 165 795 1158 1989 17178 2335 2398 437 872 11652
leaf_count=13908 719 6821 1838 8258 165 795 1158 1989 17178 2335 2398 437 872 11652
internal_value=-0.00183048 -0.0135367 0.000656651 -0.00295464 0.00128682 0.00536048 0.0115037 -0.0187519 0.003319 0.000585016 0.00534191 -0.00623026 -0.0263608 -0.00752026
internal_weight=70523 12354 58169 24685 10758 2672 1877 9682 33484 10593 19576 13927 2861 12089
internal_count=70523 12354 58169 24685 10758 2672 1877 9682 33484 10593 19576 13927 2861 12089
is_linear=0
shrinkage=0.05


Tree=2
num_leaves=15
num_cat=0
split_feature=105 110 80 14 107 111 34 165 117 113 10 167 106 94
split_gain=633.162 360.105 265.584 245.22 140.018 190.792 132.983 89.2426 78.1038 56.609 51.2668 46.0443 50.2215 63.8507
threshold=21.910555839538578 0.0047048251144588002 13.781666755676271 62.968332290649421 0.58205997943878185 156.99940490722659 3.5000000000000004 11.500000000000002 13.308715820312502 113.28420639038087 2.3349999189376835 1.5000000000000002 7.0016667842864999 7.4716665744781503
decision_type=2 2 2 2 2 2 2 2 2 2 2 2 2 2
left_child=7 3 6 -2 9 -6 8 10 -3 -4 -1 -9 13 -13
right_child=1 2 4 -5 5 -7 -8 11 -10 -11 -12 12 -14 -15
leaf_value=0 0 -0.39666666984558108 -0.010870833247900009 0.0095000000000000015 -0.1407497915811837 -0.55908322474360472 0.071324164956808087 0 0 0.012495833158493043 0 0 0 0
leaf_weight=11959 1158 1107 6354 1067 8469 2757 2861 6841 5379 320 8801 5467 5375 2608
leaf_count=11959 1158 1107 6354 1067 8469 2757 2861 6841 5379 320 8801 5467 5375 2608
internal_value=-0.00153343 -0.0071242 -0.00870395 0.0121973 -0.0122703 -0.0156798 -0.00187126 0.00248076 -0.00583115 -0.00652792 0.000175777 0.00483839 0.0065366 0.00902847
internal_weight=70523 29472 27247 2225 17900 11226 9347 41051 6486 6674 20760 20291 13450 8075
internal_count=70523 29472 27247 2225 17900 11226 9347 41051 6486 6674 20760 20291 13450 8075
is_linear=0
shrinkage=0.05


Tree=3
num_leaves=15
num_cat=0
split_feature=105 107 10 70 105 166 90 45 159 110 110 162 111 171
split_gain=780.609 309.968 136.591 126.47 108.957 92.3064 76.5797 74.3403 72.8844 68.0519 62.8192 58.1639 51.1697 50.3579
threshold=73.002777099609389 0.0036500468850135808 3.0016666650772099 520.50000000000011 72.974998474121108 5.5000000000000009 216.37555694580081 37.500000000000007 93.482639312744155 0.019699904136359695 2.2168488502502446 119.22767639160158 112.56371688842775 -0.37940952181816096
decision_type=2 2 2 2 2 2 2 2 2 2 2 2 2 2
left_child=2 3 9 -2 5 12 11 -7 10 -1 -8 -3 -4 -11
right_child=1 6 4 -5 -6 7 8 -9 -10 13 -12 -13 -14 -15
leaf_value=0 0.0079468750590458524 -0.32081229521241039 0 -0.00047499999999985802 9.5000004954636045e-05 0 -0.020566464294493204 0.030591292704641816 -0.18172485007522629 0 -1.0883997627392412 -0.078377187706530099 -0.11427291628196837 0
leaf_weight=16263 2285 4503 8642 387 210 22210 245 3077 1644 2329 1491 1799 240 5198
leaf_count=16263 2285 4503 8642 387 210 22210 245 3077 1644 2329 1491 1799 240 5198
internal_value=-0.00100811 -0.0124201 0.00141644 0.00265222 -0.000599116 -0.000822263 -0.0165789 -0.00236241 -0.0226588 0.00432864 -0.0298105 -0.0133027 0.00356138 0.0082581
internal_weight=70523 12354 58169 2672 34379 34169 9682 25287 3380 23790 1736 6302 8882 7527
internal_count=70523 12354 58169 2672 34379 34169 9682 25287 3380 23790 1736 6302 8882 7527
is_linear=0
shrinkage=0.05


Tree=4
num_leaves=15
num_cat=0
split_feature=106 107 10 70 105 166 86 132 112 38 110 10 1 107
split_gain=668.004 237.722 134.518 126.111 120.689 109.139 97.6089 91.6339 78.1046 77.8218 69.687 58.5357 87.7792 57.7857
threshold=73.006668090820327 0.0036500468850135808 3.0016666650772099 520.50000000000011 71.311668395996108 5.5000000000000009 40.003334045410163 1.1142575740814211 391.71333312988287 12.500000000000002 0.019699904136359695 90.686668395996108 72.996665954589858 0.69772115349769603
decision_type=2 2 2 2 2 2 2 2 2 2 2 2 2 2
left_child=2 3 10 -2 5 -4 11 -6 -8 -7 -1 12 -3 -13
right_child=1 6 4 -5 7 9 8 -9 -10 -11 -12 13 -14 -15
leaf_value=0 0.0075495313060935602 -0.50266332285139714 0 -0.00045124999999986517 9.0250004706904244e-05 0 -0.18172000742024277 -0.037784770831619394 -1.0888757566591352 0.058043780554942796 0 -0.0029144879281311296 0.0013736930353334177 -0.53017168902964329
leaf_weight=16263 2285 1046 8432 387 258 22219 3126 162 589 1882 7477 620 1964 3813
leaf_count=16263 2285 1046 8432 387 258 22219 3126 162 589 1882 7477 620 1964 3813
internal_value=-0.000926582 -0.010777 0.00147712 0.00261487 -0.000590145 -0.000935829 -0.0139837 0.0258824 -0.0206048 -0.00264872 0.00434618 -0.0106673 -0.00527363 -0.0143195
internal_weight=70523 13830 56693 2672 32953 32533 11158 420 3715 24101 23740 7443 3010 4433
internal_count=70523 13830 56693 2672 32953 32533 11158 420 3715 24101 23740 7443 3010 4433
is_linear=0
shrinkage=0.05


Tree=5
num_leaves=15
num_cat=0
split_feature=105 107 10 146 166 105 110 114 110 32 162 171 77 105
split_gain=653.717 196.947 157.942 141.858 111.546 104.307 98.3668 74.1426 67.4247 67.0819 61.6 49.9211 47.5791 42.6264
threshold=73.002777099609389 0.52146038413047802 3.0016666650772099 94.001186370849624 5.5000000000000009 72.974998474121108 0.0047048251144588002 188.11990356445315 0.019699904136359695 19.500000000000004 63.557538986206062 -0.37940952181816096 288.50000000000006 139.95111083984378
decision_type=2 2 2 2 2 2 2 2 2 2 2 2 2 2
left_child=2 3 8 6 -4 9 10 12 -1 -6 -2 -10 13 -3
right_child=1 7 4 -5 5 -7 -8 -9 11 -11 -12 -13 -14 -15
leaf_value=0 0.0082501796817430299 -0.25200704162485782 0 -0.00057847915792452395 0 8.5737504471559032e-05 -0.0068518749032180056 -0.83494459218571149 0 0.072616980084242305 -0.0011498203130415644 0 -0.1025348476504977 -0.48905670046272665
leaf_weight=16263 435 3367 8926 582 23111 166 2803 914 2329 2176 175 5198 1359 2719
leaf_count=16263 435 3367 8926 582 23111 166 2803 914 2329 2176 175 5198 1359 2719
internal_value=-0.00103009 -0.0114734 0.00118868 -0.0023375 -0.000978653 -0.00266517 0.00156524 -0.0158357 0.00432024 -0.0029278 0.0196748 0.00823155 -0.0141678 -0.0160565
internal_weight=70523 12354 58169 3995 34379 25453 3413 8359 23790 25287 610 7527 7445 6086
internal_count=70523 12354 58169 3995 34379 25453 3413 8359 23790 25287 610 7527 7445 6086
is_linear=0
shrinkage=0.05


Tree=6
num_leaves=15
num_cat=0
split_feature=106 107 10 105 166 145 96 110 132 157 110 10 164 32
split_gain=533.25 176.51 152.443 123.61 124.001 122.18 107.361 100.7 91.6339 84.2928 69.687 63.6731 60.649 56.0783
threshold=73.006668090820327 0.84383895993232738 3.0016666650772099 71.311668395996108 5.5000000000000009 1304.3688964843752 162.919303894043 0.95881304144859325 1.1142575740814211 1.5000000000000002 0.019699904136359695 66.00333404541017 103.02283477783205 1.0000000180025095e-35
decision_type=2 2 2 2 2 2 2 2 2 2 2 2 2 2
left_child=2 5 10 4 -4 7 12 9 -5 -2 -1 -6 -3 -8
right_child=1 6 3 8 11 -7 13 -9 -10 -11 -12 -13 -14 -15
leaf_value=0 0.007837670697655879 -0.44577702049963525 0 8.1450629247981088e-05 0 -0.0068112783172691767 -0.61831667085328934 -0.038061185072527537 -0.035897675727650208 0.00033767069765587793 0 -0.1920231249406934 -0.12645150416695025 -0.20105844901146966
leaf_weight=16263 521 2190 8432 258 23595 644 2353 2754 162 660 7477 506 3985 723
leaf_count=16263 521 2190 8432 258 23595 644 2353 2754 162 660 7477 506 3985 723
internal_value=-0.000855689 -0.00965667 0.00129193 -0.000908732 -0.00125853 -0.00162522 -0.013629 0.00168782 0.0258824 0.0138702 0.00434618 -0.00308429 -0.00981392 -0.0212593
internal_weight=70523 13830 56693 32953 32533 4579 9251 3935 420 1181 23740 24101 6175 3076
internal_count=70523 13830 56693 32953 32533 4579 9251 3935 420 1181 23740 24101 6175 3076
is_linear=0
shrinkage=0.05


Tree=7
num_leaves=15
num_cat=0
split_feature=105 107 10 166 11 95 86 157 5 110 106 142 163 171
split_gain=468.518 209.837 158.502 115.192 113.702 99.4476 84.3905 92.1607 77.9392 68.9983 66.3817 62.1454 51.5421 51.0165
threshold=73.002777099609389 1.615676283836365 3.0016666650772099 5.5000000000000009 71.661666870117202 0.62813124060630809 37.006666183471687 1.5000000000000002 361.01333618164068 0.019699904136359695 66.759998321533217 232.98847198486331 4976.0000000000009 -0.37940952181816096
decision_type=2 2 2 2 2 2 2 2 2 2 2 2 2 2
left_child=2 6 9 -4 10 -6 7 -2 -3 -1 -5 12 -8 -11
right_child=1 8 3 4 5 -7 11 -9 -10 13 -12 -13 -14 -15
leaf_value=0 0.0074457871627730855 -0.38617362853661419 0 0 7.737809778558203e-05 0.0073455572252343303 -0.057576223910497437 -0.00031664707177117535 -1.3519368046146376 0 -0.18389640336195009 0.00032078716277343937 -5.9199626240186851e-05 0
leaf_weight=16263 669 6268 8926 23245 209 669 2471 1906 588 2329 1330 322 130 5198
leaf_count=16263 669 6268 8926 23245 209 669 2471 1906 588 2329 1330 322 130 5198
internal_value=-0.0006742 -0.00951533 0.00120415 -0.00096702 -0.00268089 0.014949 -0.00223514 0.00436047 -0.0153476 0.00434125 -0.00331367 -0.00804303 -0.0106101 0.00829793
internal_weight=70523 12354 58169 34379 25453 878 5498 2575 6856 23790 24575 2923 2601 7527
internal_count=70523 12354 58169 34379 25453 878 5498 2575 6856 23790 24575 2923 2601 7527
is_linear=0
shrinkage=0.05


Tree=8
num_leaves=15
num_cat=0
split_feature=105 107 10 64 11 166 95 165 96 110 67 169 110 156
split_gain=399.037 214.738 155.39 129.124 114.205 120.431 112.046 73.6507 72.3628 68.9983 60.1749 57.072 54.5781 62.5942
threshold=73.002777099609389 0.0036500468850135808 3.0016666650772099 177.50000000000003 71.661666870117202 5.5000000000000009 1.0000000180025095e-35 18.500000000000004 303.25245666503912 0.019699904136359695 14.500000000000002 78.500000000000014 0.019699904136359695 29.927083015441898
decision_type=2 2 2 2 2 2 2 2 2 2 2 2 2 2
left_child=2 3 9 12 5 -4 -6 8 10 -1 -3 -7 13 -2
right_child=1 7 4 -5 6 11 -8 -9 -10 -11 -12 -13 -14 -15
leaf_value=0 0.0070734978046344309 -0.3228517460373852 0 -5.6239644931019676e-05 7.3509192896302925e-05 -0.080241666585206983 0.011284682650537078 -0.083842094165733502 -0.72534250078108831 0 -0.021112808422832918 0 0.0020566650390735014 -0.00030081471818261656
leaf_weight=16263 475 4818 8638 269 232 693 934 2687 970 7527 1207 23882 1747 181
leaf_count=16263 475 4818 8638 269 232 693 934 2687 970 7527 1207 23882 1747 181
internal_value=-0.000498384 -0.00865766 0.00123509 0.00388495 -0.00091467 -0.00145554 0.0144321 -0.0121193 -0.0148214 0.00434125 -0.0127612 -0.00324044 0.0075789 0.0198185
internal_weight=70523 12354 58169 2672 34379 33213 1166 9682 6995 23790 6025 24575 2403 656
internal_count=70523 12354 58169 2672 34379 33213 1166 9682 6995 23790 6025 24575 2403 656
is_linear=0
shrinkage=0.05


Tree=9
num_leaves=15
num_cat=0
split_feature=105 107 10 11 95 166 17 114 159 95 11 105 110 110
split_gain=365.763 218.957 145.521 111.956 112.046 110.941 84.693 75.8827 73.9966 145.878 66.5837 56.5664 65.649 54.0224
threshold=73.002777099609389 1.7464492917060854 3.9966666698455815 71.661666870117202 1.0000000180025095e-35 5.5000000000000009 228.01999664306643 188.11990356445315 6.987847328186036 1.4852398037910464 9.0033335685729998 4.7883334159851083 0.019699904136359695 0.072850599884986891
decision_type=2 2 2 2 2 2 2 2 2 2 2 2 2 2
left_child=2 6 10 5 -5 -4 8 -3 9 -2 11 12 -1 -10
right_child=1 7 3 4 -6 -7 -8 -9 13 -11 -12 -13 -14 -15
leaf_value=0 0.0067198229144027101 -0.36639653867148164 0 6.9833733251487774e-05 0.010720448518010224 0 0.010185656072634981 -1.0779463568306011 -5.3427662681626521e-05 -0.079283926038873076 0.0024833333492279056 -0.55715833142399784 0 -0.043458345057275055
leaf_weight=16263 514 5900 8509 232 934 24338 807 702 294 759 263 244 7386 3378
leaf_count=16263 514 5900 8509 232 934 24338 807 702 294 759 263 244 7386 3378
internal_value=-0.000311933 -0.00812363 0.00134768 -0.000759892 0.0144321 -0.00130129 -0.000990099 -0.0143333 -0.00344444 0.00692488 0.0043148 0.0040359 0.00428469 -0.00704379
internal_weight=70523 12354 58169 34013 1166 32847 5752 6602 4945 1273 24156 23893 23649 3672
internal_count=70523 12354 58169 34013 1166 32847 5752 6602 4945 1273 24156 23893 23649 3672
is_linear=0
shrinkage=0.05


Tree=10
num_leaves=15
num_cat=0
split_feature=10 95 156 10 166 16 115 41 110 112 15 171 37 107
split_gain=343.723 296.788 163.313 118.858 97.9485 81.6561 80.2993 70.7143 64.1497 61.6121 51.5835 50.0157 40.7971 38.7362
threshold=53.100000381469734 1.0000000180025095e-35 29.927083015441898 3.9966666698455815 6.5000000000000009 372.11999511718756 484.50000000000006 36.500000000000007 0.019699904136359695 457.77999877929693 281.03999328613287 -0.37940952181816096 12.500000000000002 0.39914105832576757
decision_type=2 2 2 2 2 2 2 2 2 2 2 2 2 2
left_child=3 2 -2 8 12 6 9 -6 -1 -3 -7 -10 13 -5
right_child=1 5 -4 4 7 10 -8 -9 11 -11 -12 -13 -14 -15
leaf_value=0 0.0063838317686825746 -0.080990284374716975 -0.00052311646061418689 0 0 0.0025798762427969089 0.012827468767113846 0.060695356068334261 0 -1.0538870850988935 -0.59651928533200105 0 0.17527457526419313 0
leaf_weight=16263 701 14744 182 3944 18508 154 432 1622 2438 368 565 5496 606 4500
leaf_count=16263 701 14744 182 3944 18508 154 432 1622 2438 368 565 5496 606 4500
internal_value=-0.000261598 -0.00641945 0.0217342 0.00171687 -0.000431729 -0.00795427 -0.00718696 -0.00237398 0.0043075 -0.00779586 -0.0243785 0.00799219 0.00388736 0.0029826
internal_weight=70523 17146 883 53377 29180 16263 15544 20130 24197 15112 719 7934 9050 8444
internal_count=70523 17146 883 53377 29180 16263 15544 20130 24197 15112 719 7934 9050 8444
is_linear=0
shrinkage=0.05


Tree=11
num_leaves=15
num_cat=0
split_feature=10 110 108 91 156 176 107 118 80 109 172 165 166 94
split_gain=313.487 159.19 179.64 99.4109 118.999 82.9706 90.1619 79.8029 82.9427 78.6002 71.3722 68.0929 67.6492 56.8369
threshold=7.0016667842864999 2.4270603656768803 119.90861129760744 86.020000457763686 1.0000000180025095e-35 -0.25000000000000006 1.7464492917060854 390.83000183105474 13.781666755676271 72.001667022705092 -0.37940952181816096 11.500000000000002 5.5000000000000009 73.006668090820327
decision_type=2 2 2 2 2 2 2 2 2 2 2 2 2 2
left_child=11 3 7 9 10 6 -4 -3 -9 12 -5 -1 -2 -11
right_child=1 2 5 4 -6 -7 -8 8 -10 13 -12 -13 -14 -15
leaf_value=0 0 -0.02409035535228787 -0.079272483637335148 0.0014630830695305963 0 -0.03098228412597295 -0.75680354080587953 0.0010916666686534883 -0.066740274988543832 -0.00025284954184521537 0.0088871816808298743 0 0 -0.033110965081132607
leaf_weight=15222 2372 9101 1757 195 3825 1379 2719 5753 4511 151 506 14138 8663 231
leaf_count=15222 2372 9101 1757 195 3825 1379 2719 5753 4511 151 506 14138 8663 231
internal_value=-0.000233241 -0.00304848 -0.00552032 0.000862177 0.00712867 -0.0131911 -0.0164919 -0.00319824 -0.000175285 -0.00162406 0.0259915 0.0037136 -0.00084692 -0.0237726
internal_weight=70523 41163 25220 15943 4526 5855 4476 19365 10264 11417 701 29360 11035 382
internal_count=70523 41163 25220 15943 4526 5855 4476 19365 10264 11417 701 29360 11035 382
is_linear=0
shrinkage=0.05


Tree=12
num_leaves=15
num_cat=0
split_feature=107 10 166 169 80 103 105 0 15 103 109 107 17 119
split_gain=296.932 231.4 123.668 99.1073 95.2087 88.4343 69.6402 93.6638 67.4766 60.9935 57.9191 49.9711 48.8438 47.4068
threshold=0.56589487195014965 88.805000305175795 6.5000000000000009 207.50000000000003 13.97499990463257 309.08500671386724 2.6299999952316289 83.00333404541017 355.02166748046881 483.98666381835943 40.013334274291999 0.0036500468850135808 62.978332519531257 58.091878890991218
decision_type=2 2 2 2 2 2 2 2 2 2 2 2 2 2
left_child=2 4 -1 8 5 -2 -4 10 -3 -6 -8 -9 -5 -7
right_child=1 3 6 12 9 13 7 11 -10 -11 -12 -13 -14 -15
leaf_value=0 -0.001035761993275844 -0.49224083846661132 0 -0.12337735174877636 -0.058257994799093639 0.063577099762079578 0 0.00054354166239500054 -1.335467015318222 0.003337013749427192 -0.00024020706475295458 -0.0092723801628120991 0.046572191648617416 0.00096750000119209313
leaf_weight=11868 4714 4096 15523 1304 4825 2670 10020 3824 442 2003 3008 1768 649 3809
leaf_count=11868 4714 4096 15523 1304 4825 2670 10020 3824 442 2003 3008 1768 649 3809
internal_value=-3.4029e-05 -0.00447853 0.00233397 -0.0125693 -0.00156163 0.00127701 0.000805318 -0.00125638 -0.016619 -0.0062125 -0.00357938 0.00415401 -0.00314096 0.00506632
internal_weight=70523 24512 46011 6491 18021 11193 34143 18620 4538 6828 13028 5592 1953 6479
internal_count=70523 24512 46011 6491 18021 11193 34143 18620 4538 6828 13028 5592 1953 6479
is_linear=0
shrinkage=0.05


Tree=13
num_leaves=15
num_cat=0
split_feature=10 107 31 166 166 110 108 13 164 105 2 16 86 1
split_gain=331.853 124.546 153.454 101.34 94.9324 90.403 86.9689 77.1636 87.7263 62.8072 95.4299 58.3926 57.8782 57.3613
threshold=4.9983332157135019 0.64897260069847118 1.0000000180025095e-35 5.5000000000000009 10.500000000000002 0.019699904136359695 144.08555603027347 306.48001098632818 74.475131988525405 64.066665649414077 55.001667022705085 65.24499893188478 75.281665802001967 62.001667022705085
decision_type=2 2 2 2 2 2 2 2 2 2 2 2 2 2
left_child=5 3 4 12 6 -1 -3 8 -5 10 -4 -9 -2 -11
right_child=1 2 9 7 -6 -7 -8 11 -10 13 -12 -13 -14 -15
leaf_value=0 1.3077911515399081e-05 -0.0054296314385110364 -0.0033071987654335168 0 -0.13401621975545883 0 -0.52799289793819104 0.0085889371715802427 0 -0.7163451775318932 0.14366125148217074 0.0084156455136686296 -0.033416666090488434 -0.081266556421565536
leaf_weight=16985 4242 4432 4464 6254 5022 9600 1049 263 10759 405 1619 533 600 4296
leaf_count=16985 4242 4432 4464 6254 5022 9600 1049 263 10759 405 1619 533 600 4296
internal_value=-0.000102796 -0.00277063 -0.00551616 -0.000189795 -0.00981633 0.00430613 -0.00525884 -0.00193387 -0.0026472 -0.00132542 0.00202858 0.0132335 0.00622034 -0.00566298
internal_weight=70523 43938 21287 22651 10503 26585 5481 17809 17013 10784 6083 796 4842 4701
internal_count=70523 43938 21287 22651 10503 26585 5481 17809 17013 10784 6083 796 4842 4701
is_linear=0
shrinkage=0.05


Tree=14
num_leaves=15
num_cat=0
split_feature=10 0 107 109 110 110 115 129 169 86 25 171 77 105
split_gain=369.239 98.7517 158.102 95.3002 90.403 84.8277 69.2931 58.9895 57.2436 54.9017 81.4556 49.3163 47.414 45.1317
threshold=4.9983332157135019 197.00666809082034 2.6178976297378544 26.653332710266117 0.019699904136359695 0.66812518239021312 84.193332672119155 234.35566711425784 207.50000000000003 43.008333206176765 58.058332443237312 -0.37940952181816096 5.5000000000000009 3.0011111497879033
decision_type=2 2 2 2 2 2 2 2 2 2 2 2 2 2
left_child=4 7 3 6 -1 -5 -3 9 -4 12 -11 -6 -2 -13
right_child=1 2 8 5 11 -7 -8 -9 -10 10 -12 13 -14 -15
leaf_value=0 0 0.0016708333045244218 -1.1557695926263913 0.0079861986550896179 0 -0.029540059684190153 -2.717708311975003e-05 0.007902892547438289 -0.14089054545381702 -0.042161199720164272 0 0 0 0
leaf_weight=16985 16950 150 1559 818 2850 2778 532 224 811 3980 2039 4792 14097 1958
leaf_count=16985 16950 150 1559 818 2850 2778 532 224 811 3980 2039 4792 14097 1958
internal_value=-0.000344544 -0.00315864 -0.00877048 -0.00302358 0.00430613 0.000236046 -0.0200873 -0.00215713 -0.0191158 -0.00231313 -0.00668161 0.00818324 -0.00146528 0.0105107
internal_weight=70523 43938 6648 4278 26585 3596 682 37290 2370 37066 6019 9600 31047 6750
internal_count=70523 43938 6648 4278 26585 3596 682 37290 2370 37066 6019 9600 31047 6750
is_linear=0
shrinkage=0.05


Tree=15
num_leaves=15
num_cat=0
split_feature=10 0 107 145 109 110 110 174 116 176 80 159 34 171
split_gain=311.473 100.884 137.753 114.064 104.376 90.403 83.0389 69.1107 60.1741 54.3855 49.9766 90.8188 81.0614 49.3163
threshold=4.9983332157135019 197.00666809082034 2.8963755369186406 1145.7250976562502 26.653332710266117 0.019699904136359695 0.66812518239021312 1.0000000180025095e-35 14.015135288238527 -0.25000000000000006 12.738333225250246 0.19791667163372043 5.5000000000000009 -0.37940952181816096
decision_type=2 2 2 2 2 2 2 2 2 2 2 2 2 2
left_child=5 3 4 10 8 -1 -6 -5 -3 -4 12 -12 -2 -7
right_child=1 2 9 7 6 13 -8 -9 -10 -11 11 -13 -14 -15
leaf_value=0 0 0.0015872916392982005 -0.97705854379002677 0.00051636457927525055 0.0075868887223351361 0 -0.029447821445263402 0.0021074060904324437 -2.581822896376253e-05 -0.21437890294936102 0.0091981976819091073 -0.0063339871494362439 0.057513975197630886 0
leaf_weight=16985 15819 128 1474 1472 818 2850 2861 1055 558 809 523 15745 2676 6750
leaf_count=16985 15819 128 1474 1472 818 2850 2861 1055 558 809 523 15745 2676 6750
internal_value=3.4738e-05 -0.00254989 -0.00822185 -0.00153774 -0.00300915 0.00430613 0.000339305 0.00870853 -0.0208394 -0.01816 -0.00228371 -0.00430468 -0.000505405 0.00818324
internal_weight=70523 43938 6648 37290 4365 26585 3679 2527 686 2283 34763 16268 18495 9600
internal_count=70523 43938 6648 37290 4365 26585 3679 2527 686 2283 34763 16268 18495 9600
is_linear=0
shrinkage=0.05


Tree=16
num_leaves=15
num_cat=0
split_feature=107 105 105 47 165 60 94 118 115 101 98 84 155 11
split_gain=250.182 210.802 77.7101 87.3678 68.286 68.0109 78.3482 58.2267 63.7233 70.6419 69.9485 64.6095 55.5433 53.4882
threshold=0.50408205389976513 64.966110229492202 2.9994444847106938 8.5000000000000018 18.500000000000004 113.50000000000001 236.82833099365237 333.50666809082037 264.97666931152349 59.568021774291999 31.079770088195804 17.998332977294925 9.0269656181335467 1.3350000381469729
decision_type=2 2 2 2 2 2 2 2 2 2 2 2 2 2
left_child=7 2 13 -4 5 6 -3 -1 -9 11 -11 -10 -6 -2
right_child=1 4 3 -5 12 -7 -8 8 9 10 -12 -13 -14 -15
leaf_value=0 5.1788099663792206e-05 -0.16759348940085667 -0.011486667585401296 0.076942746058034847 0.037226972638074708 0.022559464500968809 -0.80482127373156909 0 0 0 0 0.0056621575239934399 -0.39977918313782956 5.1788099663792206e-05
leaf_weight=23059 737 4156 10779 3215 1667 814 1985 13657 1025 4432 2848 462 985 702
leaf_count=23059 737 4156 10779 3215 1667 814 1985 13657 1025 4432 2848 462 985 702
internal_value=0.000811025 -0.00320224 0.0004178 -0.00072148 -0.00901477 -0.0116164 -0.0134152 0.00302058 0.00120603 0.00453146 0.00249828 0.0144437 -0.00218291 0.0114612
internal_weight=70523 25040 15433 13994 9607 6955 6141 45483 22424 8767 7280 1487 2652 1439
internal_count=70523 25040 15433 13994 9607 6955 6141 45483 22424 8767 7280 1487 2652 1439
is_linear=0
shrinkage=0.05


Tree=17
num_leaves=15
num_cat=0
split_feature=10 110 97 157 105 0 1 110 107 98 65 7 125 17
split_gain=236.98 189.483 150.359 93.136 92.1957 121.897 184.442 109.753 94.2848 84.9258 80.1143 74.5613 71.5863 61.3374
threshold=53.100000381469734 0.5034334957599641 86.033332824707045 1.5000000000000002 2.9994444847106938 197.00666809082034 48.004999160766609 0.019699904136359695 1.0000000180025095e-35 11.284017562866213 2.5000000000000004 72.001667022705092 0.0076525988988578328 438.01333618164068
decision_type=2 2 2 2 2 2 2 2 2 2 2 2 2 2
left_child=4 2 11 -4 7 6 10 -1 -8 -7 -6 -2 -5 -3
right_child=1 13 3 12 5 9 8 -9 -10 -11 -12 -13 -14 -15
leaf_value=0 -0.00019460523024316664 -0.092933416243408687 0.0073808359441299935 -0.0012512141841912552 0 -8.2250753778032959e-05 0.00042425586852597359 0 0.0021726457865656221 -2.4527317515574404e-05 0 0.0084463845776898416 0.0048054707955954533 0.040627049151837333
leaf_weight=16087 184 15133 580 568 15197 592 1948 6657 3640 902 8354 105 376 200
leaf_count=16087 184 15133 580 568 15197 592 1948 6657 3640 902 8354 105 376 200
internal_value=0.000711065 -0.00440208 0.0108636 0.0171354 0.00235379 0.000563026 0.00127814 0.00476504 0.00944037 -0.0133422 -0.000660129 -0.0219388 0.00737619 -0.00621007
internal_weight=70523 17146 1813 1524 53377 30633 29139 22744 5588 1494 23551 289 944 15333
internal_count=70523 17146 1813 1524 53377 30633 29139 22744 5588 1494 23551 289 944 15333
is_linear=0
shrinkage=0.05


Tree=18
num_leaves=15
num_cat=0
split_feature=10 107 0 110 121 120 113 98 77 113 171 109 159 111
split_gain=225.893 116.286 183.969 93.9229 78.0176 122.239 95.5878 89.3036 65.1415 62.9879 62.2984 52.1859 69.2471 43.7101
threshold=3.9966666698455815 1.7727028131484988 88.653331756591811 0.019699904136359695 191.01999664306643 39.004999160766609 1.9694111347198489 11.484621047973635 5.5000000000000009 82.294368743896499 -0.37940952181816096 225.72333526611331 97.961803436279311 11.991562366485597
decision_type=2 2 2 2 2 2 2 2 2 2 2 2 2 2
left_child=3 4 8 -1 5 9 -7 -6 -3 -2 -5 -4 -13 -9
right_child=1 2 11 10 7 6 -8 13 -10 -11 -12 12 -14 -15
leaf_value=0 0 -0.043206194165256388 -0.15608778388987557 0 -2.306454543084838e-05 0.0019542998049405427 0.00046933355688518928 0.052923443339228708 0.0095229538032512839 0.0068385024890118794 0 -1.073535315838575 -0.2554722231929768 -2.3300951639795683e-05
leaf_weight=16263 23500 4563 3742 2438 488 978 3454 116 5282 1399 5496 1433 896 475
leaf_count=16263 23500 4563 3742 2438 488 978 3454 116 5282 1399 5496 1433 896 475
internal_value=0.00072099 -0.00132417 -0.00478613 0.00463598 0.000488246 0.000974911 0.00862069 -0.0126845 -0.000563452 -0.000387488 0.00909434 -0.0116277 -0.0175021 0.000419463
internal_weight=70523 46326 15916 24197 30410 29331 4432 1079 9845 24899 7934 6071 2329 591
internal_count=70523 46326 15916 24197 30410 29331 4432 1079 9845 24899 7934 6071 2329 591
is_linear=0
shrinkage=0.05


Tree=19
num_leaves=15
num_cat=0
split_feature=10 0 120 110 109 113 110 6 67 172 107 171 86 110
split_gain=221.173 108.802 162.721 106.98 125.796 98.7323 93.9229 86.3866 63.9402 71.6737 63.7564 62.2984 48.9345 138.48
threshold=3.9966666698455815 197.00666809082034 27.99555587768555 14.181831359863283 28.010000228881839 1.7700105309486391 0.019699904136359695 20.939999580383304 375.50000000000006 0.60355338454246532 0.0036500468850135808 -0.37940952181816096 43.008333206176765 0.0047048251144588002
decision_type=2 2 2 2 2 2 2 2 2 2 2 2 2 2
left_child=6 2 12 4 -3 -4 -1 -6 9 -5 -7 -8 -2 -14
right_child=1 3 5 8 7 10 11 -9 -10 -11 -12 -13 13 -15
leaf_value=0 0 -2.2135904057805899e-05 0.0016656377546905975 -0.45657902442290182 0.0066698690224728996 0.00044586687904092978 0 -0.00025702402463554313 0.098759351002451465 -1.8542298080727357 -0.0017601139478077958 0 0.002424759343480026 -0.062376276141526833
leaf_weight=16263 31340 877 923 1867 229 1617 2438 3145 167 468 2277 5496 217 3199
leaf_count=16263 31340 877 923 1867 229 1617 2438 3145 167 468 2277 5496 217 3199
internal_value=0.000762109 -0.00126157 -0.000260246 -0.00712489 -0.00229088 0.00834716 0.00463598 0.00210121 -0.0153171 -0.0174573 0.0048474 0.00909434 -0.00145422 -0.00713242
internal_weight=70523 46326 39573 6753 4251 4817 24197 3374 2502 2335 3894 7934 34756 3416
internal_count=70523 46326 39573 6753 4251 4817 24197 3374 2502 2335 3894 7934 34756 3416
is_linear=0
shrinkage=0.05


Tree=20
num_leaves=15
num_cat=0
split_feature=10 107 105 110 110 121 81 110 98 35 4 98 171 111
split_gain=213.47 100.756 118.397 104.014 93.9229 92.5336 113.448 124.866 92.6109 87.6363 76.9337 76.8013 62.2984 46.3263
threshold=3.9966666698455815 0.64897260069847118 74.983886718750014 5.2293086051940927 0.019699904136359695 191.01999664306643 33.013334274291999 0.0047048251144588002 11.955240726470949 7.5000000000000009 361.01333618164068 0.15965472906827929 -0.37940952181816096 61.650972366333015
decision_type=2 2 2 2 2 2 2 2 2 2 2 2 2 2
left_child=4 5 9 -4 -1 6 11 -8 -7 -3 -5 -2 -6 -11
right_child=1 2 3 10 12 8 7 -9 -10 13 -12 -13 -14 -15
leaf_value=0 0 -0.01540170932792846 0.043047757921187202 -0.2743145187890132 0 -2.0804522956415666e-05 0.0019350629706882173 0.00076609112152445803 0.0010179326459641711 0.0042093697099096833 -1.0761174766174462 0 0 0.28968892724118345
leaf_weight=16263 1201 10221 1209 6038 2438 433 1365 4859 466 2208 554 16180 5496 1592
leaf_count=16263 1201 10221 1209 6038 2438 433 1365 4859 466 2208 554 16180 5496 1592
internal_value=0.000830167 -0.00115797 -0.00362853 -0.00856393 0.00463598 0.00104247 0.00164337 0.00743297 -0.0146571 -0.000880508 -0.0110353 -0.000431382 0.00909434 0.0055979
internal_weight=70523 46326 21822 7801 24197 24504 23605 6224 899 14021 6592 17381 7934 3800
internal_count=70523 46326 21822 7801 24197 24504 23605 6224 899 14021 6592 17381 7934 3800
is_linear=0
shrinkage=0.05


Tree=21
num_leaves=15
num_cat=0
split_feature=10 110 121 25 107 166 98 86 107 138 164 171 150 115
split_gain=214.904 93.9229 92.5616 105.397 108.003 75.9604 74.9777 71.4538 136.578 64.7961 64.2557 62.2984 33.6432 33.3249
threshold=3.9966666698455815 0.019699904136359695 191.01999664306643 0.93333333730697643 0.0036500468850135808 19.500000000000004 11.366733551025392 40.003334045410163 0.88061216473579418 0.26449073851108557 80.499420166015639 -0.37940952181816096 207.16666412353518 481.67332458496099
decision_type=2 2 2 2 2 2 2 2 2 2 2 2 2 2
left_child=1 -1 3 7 10 -6 13 9 -9 -2 -5 -3 -8 -4
right_child=2 11 6 4 5 -7 12 8 -10 -11 -12 -13 -14 -15
leaf_value=0 0 0 -0.0028015424106971722 0.00031669935747181223 0.0010916666686534883 -0.041101039084616764 -0.15007192574115313 0.0016569072476212662 -0.37405913087814996 -0.34918326511751152 0 0 0.00025331433731192414 -1.7114531204397055e-05
leaf_weight=16263 27195 2438 496 2330 7263 1161 159 1498 1624 584 3175 5496 739 102
leaf_count=16263 27195 2438 496 2330 7263 1161 159 1498 1624 584 3175 5496 739 102
internal_value=0.000817406 0.00463598 -0.0011774 -0.000768373 0.00284197 -0.00071776 -0.0133911 -0.00239597 -0.00956188 -0.00158904 0.00828494 0.00909434 -0.00420819 -0.0270315
internal_weight=70523 24197 46326 44830 13929 8424 1496 30901 3122 27779 5505 7934 898 598
internal_count=70523 24197 46326 44830 13929 8424 1496 30901 3122 27779 5505 7934 898 598
is_linear=0
shrinkage=0.05


Tree=22
num_leaves=15
num_cat=0
split_feature=105 110 84 158 110 105 169 110 77 107 165 98 167 171
split_gain=210.638 98.2334 109.286 132.387 93.7025 92.7811 85.7916 74.9326 71.4982 66.3514 63.4842 63.2772 61.999 43.5239
threshold=7.0005555152893075 2.5454899072647099 34.004999160766609 1.0000000180025095e-35 0.088596612215042128 102.47055435180665 207.50000000000003 0.49023723602294927 5.5000000000000009 1.7727028131484988 16.500000000000004 0.15965472906827929 3.5000000000000004 -0.37940952181816096
decision_type=2 2 2 2 2 2 2 2 2 2 2 2 2 2
left_child=4 2 11 7 -1 8 9 -4 -3 -7 -8 -2 -5 -6
right_child=1 5 3 12 13 6 10 -9 -10 -11 -12 -13 -14 -15
leaf_value=0 0 -0.01925837294325853 0.0060663307649032293 0.0016134189296254514 0 -0.074666920014228699 -0.077525022448044295 0.012908226974922077 0.0012165281208520414 -0.65441770432069013 0.080947721141077733 0 -0.00021672127584052806 0
leaf_weight=18114 882 8413 617 2373 3307 1558 1189 389 10131 3209 908 10309 1725 7399
leaf_count=18114 882 8413 617 2373 3307 1558 1189 389 10131 3209 908 10309 1725 7399
internal_value=0.00101165 -0.00125995 0.00176994 0.00782932 0.00429835 -0.00320309 -0.00816713 0.0240356 -0.00136395 -0.0118713 0.000261656 -0.000995891 0.00382647 0.00800579
internal_weight=70523 41703 16295 5104 28820 25408 6864 1006 18544 4767 2097 11191 4098 10706
internal_count=70523 41703 16295 5104 28820 25408 6864 1006 18544 4767 2097 11191 4098 10706
is_linear=0
shrinkage=0.05


Tree=23
num_leaves=15
num_cat=0
split_feature=10 110 97 157 125 105 110 99 7 162 154 169 75 70
split_gain=193.237 158.572 160.519 93.9184 70.2509 66.5809 110.618 88.9782 64.2686 60.8846 65.3325 66.2489 54.7127 82.5092
threshold=53.100000381469734 0.5034334957599641 86.033332824707045 1.5000000000000002 0.0076525988988578328 2.9994444847106938 0.019699904136359695 26.475468635559086 72.001667022705092 69.578125000000014 140.50000000000003 129.50000000000003 4.5000000000000009 535.50000000000011
decision_type=2 2 2 2 2 2 2 2 2 2 2 2 2 2
left_child=5 2 8 -4 -5 6 -1 -7 -2 10 11 -3 -9 -14
right_child=1 9 3 4 -6 7 -8 12 -10 -11 -12 -13 13 -15
leaf_value=0 -0.0001848749687310083 -0.48519487337497513 0.0059363058845696816 -0.0014509413590126259 0.0044356062766457019 0 0 0 0.0080240653488053496 -0.031536895112572898 -0.40326447622117972 -0.039766625079535413 0.00081693755970902555 0
leaf_weight=16087 184 1249 580 568 376 11858 6657 6749 105 9058 1093 3933 8908 3118
leaf_count=16087 184 1249 580 568 376 11858 6657 6749 105 9058 1093 3933 8908 3118
internal_value=0.00124135 -0.0033759 0.0105886 0.01707 0.00727081 0.0027247 0.00477384 0.00120275 -0.0232993 -0.00502999 -0.00881369 -0.00645845 0.00334398 0.00536531
internal_weight=70523 17146 1813 1524 944 53377 22744 30633 289 15333 6275 5182 18775 12026
internal_count=70523 17146 1813 1524 944 53377 22744 30633 289 15333 6275 5182 18775 12026
is_linear=0
shrinkage=0.05


Tree=24
num_leaves=15
num_cat=0
split_feature=105 110 107 80 97 80 105 113 107 99 132 90 150 15
split_gain=184.782 110.618 75.9198 101.125 100.361 95.4382 99.2994 82.158 76.0134 73.5652 70.7119 66.1571 63.2279 57.2981
threshold=2.9994444847106938 0.019699904136359695 0.66616553068161022 13.781666755676271 97.786666870117202 68.005001068115249 53.411111831665046 1.9436278939247134 0.0036500468850135808 9.5102143287658709 93.186470031738295 209.00389099121097 457.16667175292974 355.02166748046881
decision_type=2 2 2 2 2 2 2 2 2 2 2 2 2 2
left_child=1 -1 4 9 5 6 -2 12 -9 -4 13 -11 -6 -5
right_child=2 -3 3 10 7 -7 -8 8 -10 11 -12 -13 -14 -15
leaf_value=0 0 0 -0.066385817254945953 -0.081332474524260956 0.0049826939793973625 0.0017016109253892618 -0.0092621964352786659 0.00060626874098151137 -0.0060749998688697819 0.0047133801607948667 0.014688299602547189 -2.259310068882828 5.9844110660009976e-05 -0.95730063957811107
leaf_weight=16087 13914 6657 1870 9951 379 172 782 5887 3511 8249 1519 365 713 467
leaf_count=16087 13914 6657 1870 9951 379 172 782 5887 3511 8249 1519 365 713 467
internal_value=0.00106483 0.00477384 -0.000701071 -0.00282039 0.00117297 -0.00146911 -0.00190803 0.00491663 0.00340317 0.000762704 -0.00596634 0.00271493 0.0178669 -0.00743548
internal_weight=70523 22744 47779 22421 25358 14868 14696 10490 9398 10484 11937 8614 1092 10418
internal_count=70523 22744 47779 22421 25358 14868 14696 10490 9398 10484 11937 8614 1092 10418
is_linear=0
shrinkage=0.05


Tree=25
num_leaves=15
num_cat=0
split_feature=105 110 107 0 94 98 158 88 77 26 166 171 110 80
split_gain=180.569 110.618 62.3357 152.604 82.995 137.497 65.1697 54.0355 53.1228 50.3804 76.7407 50.294 48.4892 172.222
threshold=2.9994444847106938 0.019699904136359695 1.7727028131484988 88.653331756591811 72.979999542236342 2.7352787256240849 2.0401779413223271 222.004997253418 5.5000000000000009 1.9399999976158144 12.500000000000002 -0.37940952181816096 0.16219938546419146 12.738333225250246
decision_type=2 2 2 2 2 2 2 2 2 2 2 2 2 2
left_child=1 -1 4 8 12 6 -6 -7 -4 -5 -11 -3 13 -2
right_child=2 11 3 9 5 7 -8 -9 -10 10 -12 -13 -14 -15
leaf_value=0 0 0 -0.035206303929051955 -0.48346568397321782 0.0014806396273587773 0.0010718771509614945 0.00042775201026611369 -0.00027883934740707302 0.011736437625399634 0.030507350003885797 -0.21700360831507273 0 0 0.0002600175116127703
leaf_weight=16087 4450 2070 4950 3855 379 10255 669 824 5513 1369 880 4587 13673 962
leaf_count=16087 4450 2070 4950 3855 379 10255 669 824 5513 1369 880 4587 13673 962
internal_value=0.00110736 0.00477384 -0.000638289 -0.0031167 0.000677515 0.00391114 0.0211776 0.00226904 0.000549293 -0.00939597 -0.00343833 0.0101921 -0.00137768 -0.00538121
internal_weight=70523 22744 47779 16567 31212 12127 1048 11079 10463 6104 2249 6657 19085 5412
internal_count=70523 22744 47779 16567 31212 12127 1048 11079 10463 6104 2249 6657 19085 5412
is_linear=0
shrinkage=0.05


Tree=26
num_leaves=15
num_cat=0
split_feature=105 110 171 107 0 93 113 110 80 117 106 110 1 80
split_gain=185.773 110.618 50.294 48.3947 135.142 68.9782 140.986 67.2334 122.257 59.446 56.5432 52.716 48.9026 81.4457
threshold=2.9994444847106938 0.019699904136359695 -0.37940952181816096 1.7727028131484988 90.005001068115249 71.152915954589858 0.2374195605516434 0.16219938546419146 12.738333225250246 48.196533203125007 39.864999771118171 15.101274013519289 5.7216665744781503 0.99833333492279064
decision_type=2 2 2 2 2 2 2 2 2 2 2 2 2 2
left_child=1 -1 -3 5 12 7 -7 8 -2 -8 -9 -6 -5 -14
right_child=3 2 -4 4 11 6 9 10 -10 -11 -12 -13 13 -15
leaf_value=0 0 0 0 -0.15432058647087785 -0.057693802523838315 0.0014066076459908383 -8.2462529733434795e-05 0 0.00024701663603213182 0.0018310479017366551 -0.024160755033914655 -0.58349833484958524 0.010551332724394864 0.0018933814199277197
leaf_weight=16087 4447 2070 4587 847 2646 369 3132 12478 891 7383 2512 3371 371 9332
leaf_count=16087 4447 2070 4587 847 2646 369 3132 12478 891 7383 2512 3371 371 9332
internal_value=0.0010549 0.00477384 0.0101921 -0.000715721 -0.00289947 0.000443669 0.00365506 -0.00127625 -0.00609208 0.0025808 0.000440147 -0.00887579 0.000511606 0.00151937
internal_weight=70523 22744 6657 47779 16567 31212 10884 20328 5338 10515 14990 6017 10550 9703
internal_count=70523 22744 6657 47779 16567 31212 10884 20328 5338 10515 14990 6017 10550 9703
is_linear=0
shrinkage=0.05


Tree=27
num_leaves=15
num_cat=0
split_feature=105 110 79 79 113 171 105 110 110 166 98 8 162 7
split_gain=174.065 110.618 53.1217 72.4886 102.09 50.294 49.4468 173.372 79.151 46.0018 44.4874 33.7029 33.4016 31.6601
threshold=2.9994444847106938 0.019699904136359695 758.50000000000011 395.50000000000006 2.9151595830917363 -0.37940952181816096 64.966110229492202 0.49023723602294927 0.16219938546419146 4.5000000000000009 5.5744762420654306 215.92166137695315 546.32513427734386 9.0033335685729998
decision_type=2 2 2 2 2 2 2 2 2 2 2 2 2 2
left_child=1 -1 3 6 13 -3 8 -8 -2 12 -6 -11 -4 -5
right_child=2 5 9 4 10 -7 7 -9 -10 11 -12 -13 -14 -15
leaf_value=0 0 0 -0.033048330066152064 0.00014311623780199461 -0.025731590417402517 0 0.0054640309006572145 -0.084501433157328568 0 0 0.0022726402567936105 -0.0036070989665914393 -6.5389557576995415e-07 0.0041937948410514158
leaf_weight=16087 5254 2070 116 219 294 4587 883 11039 24493 1593 3071 252 131 434
leaf_count=16087 5254 2070 116 219 294 4587 883 11039 24493 1593 3071 252 131 434
internal_value=0.001174 0.00477384 -0.00053993 -0.000182745 0.0062267 0.0101921 -0.000801459 -0.00352142 0.000289056 -0.00832141 0.0027003 -0.00556757 -0.028373 0.0242401
internal_weight=70523 22744 47779 45687 4018 6657 41669 11922 29747 2092 3365 1845 247 653
internal_count=70523 22744 47779 45687 4018 6657 41669 11922 29747 2092 3365 1845 247 653
is_linear=0
shrinkage=0.05


Tree=28
num_leaves=15
num_cat=0
split_feature=105 110 171 67 154 117 100 27 66 0 138 113 91 18
split_gain=174.339 110.618 50.294 48.2445 81.8701 75.0532 59.0853 59.0676 54.5437 48.4137 44.5559 70.1013 54.2742 31.4136
threshold=2.9994444847106938 0.019699904136359695 -0.37940952181816096 20.500000000000004 54.500000000000007 152.51422882080081 119.54000091552736 96.013332366943374 10.500000000000002 265.02667236328131 0.64962962269783031 155.43312835693362 316.21832275390631 332.36000061035162
decision_type=2 2 2 2 2 2 2 2 2 2 2 2 2 2
left_child=1 -1 -3 7 8 6 -6 10 13 -10 11 -2 -12 -5
right_child=3 2 -4 4 5 -7 -8 -9 9 -11 12 -13 -14 -15
leaf_value=0 0 0 0 0.0002600175116127703 0.0014713841264848912 -0.82930627757339037 0 -0.090622762572956636 0.030318065871773693 -0.050768483026074597 -0.010322460348266494 0.0051908293556243539 -2.9049444925874157 -4.0846877985451277e-05
leaf_weight=16087 36045 2070 4587 1500 473 195 6528 469 677 109 1203 225 235 120
leaf_count=16087 36045 2070 4587 1500 473 195 6528 469 677 109 1203 225 235 120
internal_value=0.00117117 0.00477384 0.0101921 -0.000544115 0.00262309 -4.86044e-05 0.000813588 -0.00134095 0.0105973 0.0213654 -0.0011203 -0.000777395 -0.00973666 0.00532308
internal_weight=70523 22744 6657 47779 9602 7196 7001 38177 2406 786 37708 36270 1438 1620
internal_count=70523 22744 6657 47779 9602 7196 7001 38177 2406 786 37708 36270 1438 1620
is_linear=0
shrinkage=0.05


Tree=29
num_leaves=15
num_cat=0
split_feature=105 110 166 16 119 115 8 88 107 159 171 101 76 15
split_gain=188.973 110.618 54.425 57.6867 75.3044 62.6544 52.1222 77.8255 65.0276 51.7405 50.294 49.9385 41.4138 34.2915
threshold=2.9994444847106938 0.019699904136359695 19.500000000000004 372.11999511718756 147.51077270507815 484.50000000000006 310.05332946777349 11.764999866485597 0.0036500468850135808 601.15451049804699 -0.37940952181816096 153.59891510009768 4.5000000000000009 205.18666839599612
decision_type=2 2 2 2 2 2 2 2 2 2 2 2 2 2
left_child=1 -1 3 5 13 11 7 12 -9 -7 -3 -2 -4 -5
right_child=2 10 6 4 -6 9 -8 8 -10 -11 -12 -13 -14 -15
leaf_value=0 0 0 -4.0846877985451277e-05 0.045142708033699928 -1.4727029908678517 0.015858894956122787 -0.00031380907681405633 0.00024701663603213182 -0.03124454200959554 -0.016374607589651435 0 0 0 -0.087018079145949903
leaf_weight=16087 38653 2070 2380 151 179 615 505 1135 1377 137 4587 1031 1355 261
leaf_count=16087 38653 2070 2380 151 179 615 505 1135 1377 137 4587 1031 1355 261
internal_value=0.001023 0.00477384 -0.000762808 -7.79879e-05 -0.0155201 0.000149601 -0.00492082 -0.00366283 0.00313866 0.0143989 0.0101921 -0.0001222 -0.00823529 -0.00359712
internal_weight=70523 22744 47779 41027 591 40436 6752 6247 2512 752 6657 39684 3735 412
internal_count=70523 22744 47779 41027 591 40436 6752 6247 2512 752 6657 39684 3735 412
is_linear=0
shrinkage=0.05


Tree=30
num_leaves=15
num_cat=0
split_feature=105 110 171 107 105 164 98 65 6 117 162 111 160 165
split_gain=168.286 110.618 50.294 46.5765 104.643 85.278 102.926 78.5065 75.5182 68.9246 65.0021 59.0769 50.2332 48.6967
threshold=2.9994444847106938 0.019699904136359695 -0.37940952181816096 0.9377863109111787 64.066665649414077 75.566490173339858 158.18476867675784 74.500000000000014 130.77333068847659 25.104142189025882 72.461559295654311 6.2625000476837167 73.000000000000014 18.500000000000004
decision_type=2 2 2 2 2 2 2 2 2 2 2 2 2 2
left_child=1 -1 -3 5 9 7 8 11 -7 -5 12 -2 -6 -12
right_child=3 2 -4 4 10 6 -8 -9 -10 -11 13 -13 -14 -15
leaf_value=0 0 0 0 -0.031806464572766584 -0.036211051155203622 0 0.0049312878878431362 0.00138546408835904 8.8960755004204584e-05 0.008308283037314252 -0.11923122430757971 2.0423438992725638e-06 -0.47809799529231101 0.10215708016460395
leaf_weight=16087 1513 2070 4587 3709 1000 11601 245 242 5259 7940 3883 8371 2532 1484
leaf_count=16087 1513 2070 4587 3709 1000 11601 245 242 5259 7940 3883 8371 2532 1484
internal_value=0.00123426 0.00477384 0.0101921 -0.000450988 -0.00224785 0.000905052 -0.00124781 0.00454052 -0.00171954 0.000870946 -0.00632862 0.00384265 -0.0115917 -0.00285741
internal_weight=70523 22744 6657 47779 20548 27231 17105 10126 16860 11649 8899 9884 3532 5367
internal_count=70523 22744 6657 47779 20548 27231 17105 10126 16860 11649 8899 9884 3532 5367
is_linear=0
shrinkage=0.05


Tree=31
num_leaves=15
num_cat=0
split_feature=105 110 97 98 97 111 166 16 115 94 171 162 107 166
split_gain=211.086 110.618 58.5666 61.064 103.212 58.3804 55.7143 102.814 78.9506 52.5114 50.294 43.1018 43.0556 66.9707
threshold=2.9994444847106938 0.019699904136359695 17.726666450500492 2.7352787256240849 73.006668090820327 15.716979026794435 6.5000000000000009 385.85333251953131 484.50000000000006 72.001667022705092 -0.37940952181816096 29.476934432983402 0.022330592386424545 5.5000000000000009
decision_type=2 2 2 2 2 2 2 2 2 2 2 2 2 2
left_child=1 -1 5 4 9 12 7 -5 -8 -4 -3 -6 13 -2
right_child=2 10 3 6 11 -7 8 -9 -10 -11 -12 -13 -14 -15
leaf_value=0 -6.5389557576995415e-07 0 0 0.001764887105873855 -0.00013631392674730365 -1.021171949636282e-07 -3.0415554244039199e-05 -1.3472382322938061 0.0077378424347596762 -6.4531160351303629e-05 0 0.0031471708514329887 0.00023953843458846046 0
leaf_weight=16087 593 2070 2204 11743 151 125 26698 189 692 115 4587 884 1610 2775
leaf_count=16087 593 2070 2204 11743 151 125 26698 189 692 115 4587 884 1610 2775
internal_value=0.000809608 0.00477384 -0.00107777 -0.000472107 0.00599881 -0.00613743 -0.00102474 0.00182625 -0.00226684 0.000129088 0.0101921 0.0190865 -0.00526791 -0.0084791
internal_weight=70523 22744 47779 42676 3354 5103 39322 11932 27390 2319 6657 1035 4978 3368
internal_count=70523 22744 47779 42676 3354 5103 39322 11932 27390 2319 6657 1035 4978 3368
is_linear=0
shrinkage=0.05


Tree=32
num_leaves=15
num_cat=0
split_feature=105 110 112 107 80 100 109 107 103 146 67 90 2 171
split_gain=169.028 110.618 77.949 140.256 105.668 96.2388 123.316 79.4139 70.1279 75.2323 65.3264 60.5356 59.9367 50.294
threshold=2.9994444847106938 0.019699904136359695 17.10000038146973 0.0036500468850135808 13.781666755676271 128.1600036621094 35.004999160766609 0.18351830542087558 506.72000122070318 86.441047668457045 335.50000000000006 209.00389099121097 8.611666679382326 -0.37940952181816096
decision_type=2 2 2 2 2 2 2 2 2 2 2 2 2 2
left_child=1 -1 7 5 11 12 -7 8 9 -2 -6 -5 -4 -3
right_child=2 13 3 4 10 6 -8 -9 -10 -11 -12 -13 -14 -15
leaf_value=0 0 0 1.5207777122019601e-06 0.0019042593994710475 -0.040785206001603728 -2.5351707382245107e-05 0.0011472544831832661 0.0010796897469240653 -5.3945431768696255e-05 0.001361945015582071 0.036479941337749948 -2.1581087675353152 1.781560805737262e-06 0
leaf_weight=16087 4114 2070 707 12139 15388 3475 5632 1823 434 148 586 385 2948 4587
leaf_count=16087 4114 2070 707 12139 15388 3475 5632 1823 434 148 586 385 2948 4587
internal_value=0.00122646 0.00477384 -0.000462498 0.000340482 -0.00161036 0.0046957 0.00194249 -0.00554108 -0.00897681 -0.00700727 -0.00430565 0.00182776 0.0115437 0.0101921
internal_weight=70523 22744 47779 41260 28498 12762 9107 6519 4696 4262 15974 12524 3655 6657
internal_count=70523 22744 47779 41260 28498 12762 9107 6519 4696 4262 15974 12524 3655 6657
is_linear=0
shrinkage=0.05


Tree=33
num_leaves=15
num_cat=0
split_feature=105 110 112 107 164 113 102 80 107 163 169 17 171 116
split_gain=169.231 110.618 86.4327 113.9 110.149 163.277 143.006 90.0736 61.7534 73.0138 57.085 56.6178 50.294 43.1109
threshold=2.9994444847106938 0.019699904136359695 14.708333492279055 0.0036500468850135808 213.55677795410159 0.49391831457614904 80.553630828857436 13.781666755676271 0.14348375052213672 2085.0000000000005 129.50000000000003 0.41499999165534979 -0.37940952181816096 16.338614463806156
decision_type=2 2 2 2 2 2 2 2 2 2 2 2 2 2
left_child=1 -1 8 4 5 -4 -6 11 9 13 -9 -5 -3 -2
right_child=2 12 3 7 6 -7 -8 10 -10 -11 -12 -13 -14 -15
leaf_value=0 0 0 3.207812073421191e-06 -0.026550480869632222 -5.8016619734933254e-05 2.6862458863505874e-06 2.7883630813142154e-06 -0.34740229641117631 0.0010256031423828986 -1.3000875580638515e-05 -0.024284289737110561 0.0024291278508034686 0 0
leaf_weight=16087 1998 2070 466 2752 2203 7701 3080 1525 1382 840 14558 10272 4587 1002
leaf_count=16087 1998 2070 466 2752 2203 7701 3080 1525 1382 840 14558 10272 4587 1002
internal_value=0.00122434 0.00477384 -0.000465637 0.000279592 0.00408398 0.00772149 -0.00154123 -0.00147877 -0.00653338 -0.00979194 -0.00398123 0.00161179 0.0101921 -0.00612313
internal_weight=70523 22744 47779 42557 13450 8167 5283 29107 5222 3840 16083 13024 6657 3000
internal_count=70523 22744 47779 42557 13450 8167 5283 29107 5222 3840 16083 13024 6657 3000
is_linear=0
shrinkage=0.05


end of trees

feature_importances:
roll0012_stddev_pop_fixed_avg_active_gpus_F30=53
roll0003_mean_fixed_avg_active_gpus_F30=39
roll0003_stddev_pop_fixed_avg_active_gpus_F30=37
lag_fixed_avg_active_gpus_F30_0001=25
hour_sin=22
melbourne_hour=19
lag_running_job_equivalents_0001=12
roll0048_stddev_pop_total_avg_active_gpus=11
roll0048_stddev_pop_fixed_avg_active_gpus_F30=10
lag_total_avg_active_gpus_0001=9
roll0012_max_fixed_avg_active_gpus_F30=7
roll2016_mean_queued_requested_gpus=7
melbourne_day_of_year=7
lag_running_job_equivalents_0048=6
roll0012_stddev_pop_total_avg_active_gpus=6
roll0048_mean_fixed_avg_active_gpus_F30=6
roll0288_max_fixed_avg_active_gpus_F30=6
utc_hour=6
lag_fixed_avg_active_gpus_F30_0002=5
lag_fixed_avg_active_gpus_F30_0048=5
lag_queued_requested_gpus_0288=5
roll0012_max_total_avg_active_gpus=5
roll0048_max_total_avg_active_gpus=5
roll0003_max_fixed_avg_active_gpus_F30=5
roll0288_mean_queued_requested_gpus=5
roll2016_stddev_pop_queued_requested_gpus=5
lag_total_avg_active_gpus_0002=4
lag_fixed_avg_active_gpus_F30_0024=4
lag_fixed_avg_active_gpus_F30_0288=4
lag_queued_job_count_0288=4
roll0048_max_fixed_avg_active_gpus_F30=4
roll2016_mean_fixed_avg_active_gpus_F30=4
roll0048_max_queued_requested_gpus=4
lag_total_avg_active_gpus_0048=3
lag_total_avg_active_gpus_0288=3
lag_queued_requested_gpus_0001=3
lag_running_job_equivalents_0012=3
roll0003_mean_total_avg_active_gpus=3
roll2016_max_total_avg_active_gpus=3
roll0288_mean_fixed_avg_active_gpus_F30=3
roll2016_max_fixed_avg_active_gpus_F30=3
roll0003_max_flexible_avg_active_gpus_F30=3
roll2016_mean_flexible_avg_active_gpus_F30=3
roll0048_mean_queued_requested_gpus=3
lag_total_avg_active_gpus_0003=2
lag_total_avg_active_gpus_0576=2
lag_flexible_avg_active_gpus_F30_0024=2
lag_arriving_job_count_0003=2
lag_arriving_job_count_0012=2
lag_queued_job_count_0024=2
lag_queued_requested_gpus_2016=2
lag_running_job_equivalents_0576=2
roll0003_max_total_avg_active_gpus=2
roll0048_mean_total_avg_active_gpus=2
roll0288_mean_total_avg_active_gpus=2
roll0288_max_total_avg_active_gpus=2
roll0288_stddev_pop_total_avg_active_gpus=2
roll0012_mean_fixed_avg_active_gpus_F30=2
roll0288_stddev_pop_fixed_avg_active_gpus_F30=2
roll2016_stddev_pop_fixed_avg_active_gpus_F30=2
roll0003_mean_flexible_avg_active_gpus_F30=2
roll0012_stddev_pop_flexible_avg_active_gpus_F30=2
roll0012_mean_arriving_flexible_gpu_hours_F30=2
roll0288_max_arriving_flexible_gpu_hours_F30=2
roll0288_stddev_pop_arriving_flexible_gpu_hours_F30=2
roll0003_mean_queued_requested_gpus=2
roll0012_max_queued_requested_gpus=2
roll0048_stddev_pop_queued_requested_gpus=2
roll0288_max_queued_requested_gpus=2
roll2016_max_queued_requested_gpus=2
melbourne_day_of_week=2
hour_cos=2
month_cos=2
lag_total_avg_active_gpus_0012=1
lag_total_avg_active_gpus_0024=1
lag_fixed_avg_active_gpus_F30_0006=1
lag_fixed_avg_active_gpus_F30_0012=1
lag_fixed_avg_active_gpus_F30_0576=1
lag_flexible_avg_active_gpus_F30_0048=1
lag_flexible_avg_active_gpus_F30_0288=1
lag_arriving_job_count_0002=1
lag_arriving_job_count_0006=1
lag_arriving_job_count_0024=1
lag_arriving_job_count_0288=1
lag_arriving_job_count_0576=1
lag_arriving_requested_gpus_0002=1
lag_arriving_requested_gpus_0003=1
lag_arriving_requested_gpus_0024=1
lag_arriving_requested_gpus_0288=1
lag_queued_job_count_0001=1
lag_queued_job_count_0003=1
lag_queued_job_count_0012=1
lag_queued_job_count_0048=1
lag_queued_requested_gpus_0024=1
lag_queued_requested_gpus_0048=1
lag_running_job_equivalents_0002=1
roll0012_mean_total_avg_active_gpus=1
roll2016_mean_total_avg_active_gpus=1
roll0288_mean_flexible_avg_active_gpus_F30=1
roll0048_max_arriving_flexible_gpu_hours_F30=1
roll0012_stddev_pop_queued_requested_gpus=1
weekday_cos=1

parameters:
[boosting: gbdt]
[objective: regression_l1]
[metric: l1]
[tree_learner: serial]
[device_type: cpu]
[data_sample_strategy: bagging]
[data: ]
[valid: ]
[num_iterations: 34]
[learning_rate: 0.05]
[num_leaves: 15]
[num_threads: 4]
[seed: 20260721]
[deterministic: 1]
[force_col_wise: 1]
[force_row_wise: 0]
[histogram_pool_size: -1]
[max_depth: 5]
[min_data_in_leaf: 100]
[min_sum_hessian_in_leaf: 0.001]
[bagging_fraction: 1]
[pos_bagging_fraction: 1]
[neg_bagging_fraction: 1]
[bagging_freq: 0]
[bagging_seed: 11591]
[bagging_by_query: 0]
[feature_fraction: 1]
[feature_fraction_bynode: 1]
[feature_fraction_seed: 24120]
[extra_trees: 0]
[extra_seed: 12737]
[early_stopping_round: 0]
[early_stopping_min_delta: 0]
[first_metric_only: 0]
[max_delta_step: 0]
[lambda_l1: 0]
[lambda_l2: 5]
[linear_lambda: 0]
[min_gain_to_split: 0]
[drop_rate: 0.1]
[max_drop: 50]
[skip_drop: 0.5]
[xgboost_dart_mode: 0]
[uniform_drop: 0]
[drop_seed: 6762]
[top_rate: 0.2]
[other_rate: 0.1]
[min_data_per_group: 100]
[max_cat_threshold: 32]
[cat_l2: 10]
[cat_smooth: 10]
[max_cat_to_onehot: 4]
[top_k: 20]
[monotone_constraints: ]
[monotone_constraints_method: basic]
[monotone_penalty: 0]
[feature_contri: ]
[forcedsplits_filename: ]
[refit_decay_rate: 0.9]
[cegb_tradeoff: 1]
[cegb_penalty_split: 0]
[cegb_penalty_feature_lazy: ]
[cegb_penalty_feature_coupled: ]
[path_smooth: 0]
[interaction_constraints: ]
[verbosity: -1]
[saved_feature_importance_type: 0]
[use_quantized_grad: 0]
[num_grad_quant_bins: 4]
[quant_train_renew_leaf: 0]
[stochastic_rounding: 1]
[linear_tree: 0]
[max_bin: 255]
[max_bin_by_feature: ]
[min_data_in_bin: 3]
[bin_construct_sample_cnt: 200000]
[data_random_seed: 4436]
[is_enable_sparse: 1]
[enable_bundle: 1]
[use_missing: 1]
[zero_as_missing: 0]
[feature_pre_filter: 1]
[pre_partition: 0]
[two_round: 0]
[header: 0]
[label_column: ]
[weight_column: ]
[group_column: ]
[ignore_column: ]
[categorical_feature: ]
[forcedbins_filename: ]
[precise_float_parser: 0]
[parser_config_file: ]
[objective_seed: 18074]
[num_class: 1]
[is_unbalance: 0]
[scale_pos_weight: 1]
[sigmoid: 1]
[boost_from_average: 1]
[reg_sqrt: 0]
[alpha: 0.9]
[fair_c: 1]
[poisson_max_delta_step: 0.7]
[tweedie_variance_power: 1.5]
[lambdarank_truncation_level: 30]
[lambdarank_norm: 1]
[label_gain: ]
[lambdarank_position_bias_regularization: 0]
[eval_at: ]
[multi_error_top_k: 1]
[auc_mu_weights: ]
[num_machines: 1]
[local_listen_port: 12400]
[time_out: 120]
[machine_list_filename: ]
[machines: ]
[gpu_platform_id: -1]
[gpu_device_id: -1]
[gpu_use_dp: 0]
[num_gpu: 1]

end of parameters

pandas_categorical:[]
