tree
version=v4
num_class=1
num_tree_per_iteration=1
label_index=0
max_feature_idx=176
objective=regression_l1
feature_names=lag_total_avg_active_gpus_0001 lag_total_avg_active_gpus_0002 lag_total_avg_active_gpus_0003 lag_total_avg_active_gpus_0006 lag_total_avg_active_gpus_0012 lag_total_avg_active_gpus_0024 lag_total_avg_active_gpus_0048 lag_total_avg_active_gpus_0288 lag_total_avg_active_gpus_0576 lag_total_avg_active_gpus_2016 lag_fixed_avg_active_gpus_F30_0001 lag_fixed_avg_active_gpus_F30_0002 lag_fixed_avg_active_gpus_F30_0003 lag_fixed_avg_active_gpus_F30_0006 lag_fixed_avg_active_gpus_F30_0012 lag_fixed_avg_active_gpus_F30_0024 lag_fixed_avg_active_gpus_F30_0048 lag_fixed_avg_active_gpus_F30_0288 lag_fixed_avg_active_gpus_F30_0576 lag_fixed_avg_active_gpus_F30_2016 lag_flexible_avg_active_gpus_F30_0001 lag_flexible_avg_active_gpus_F30_0002 lag_flexible_avg_active_gpus_F30_0003 lag_flexible_avg_active_gpus_F30_0006 lag_flexible_avg_active_gpus_F30_0012 lag_flexible_avg_active_gpus_F30_0024 lag_flexible_avg_active_gpus_F30_0048 lag_flexible_avg_active_gpus_F30_0288 lag_flexible_avg_active_gpus_F30_0576 lag_flexible_avg_active_gpus_F30_2016 lag_arriving_job_count_0001 lag_arriving_job_count_0002 lag_arriving_job_count_0003 lag_arriving_job_count_0006 lag_arriving_job_count_0012 lag_arriving_job_count_0024 lag_arriving_job_count_0048 lag_arriving_job_count_0288 lag_arriving_job_count_0576 lag_arriving_job_count_2016 lag_arriving_requested_gpus_0001 lag_arriving_requested_gpus_0002 lag_arriving_requested_gpus_0003 lag_arriving_requested_gpus_0006 lag_arriving_requested_gpus_0012 lag_arriving_requested_gpus_0024 lag_arriving_requested_gpus_0048 lag_arriving_requested_gpus_0288 lag_arriving_requested_gpus_0576 lag_arriving_requested_gpus_2016 lag_arriving_flexible_gpu_hours_F30_0001 lag_arriving_flexible_gpu_hours_F30_0002 lag_arriving_flexible_gpu_hours_F30_0003 lag_arriving_flexible_gpu_hours_F30_0006 lag_arriving_flexible_gpu_hours_F30_0012 lag_arriving_flexible_gpu_hours_F30_0024 lag_arriving_flexible_gpu_hours_F30_0048 lag_arriving_flexible_gpu_hours_F30_0288 lag_arriving_flexible_gpu_hours_F30_0576 lag_arriving_flexible_gpu_hours_F30_2016 lag_queued_job_count_0001 lag_queued_job_count_0002 lag_queued_job_count_0003 lag_queued_job_count_0006 lag_queued_job_count_0012 lag_queued_job_count_0024 lag_queued_job_count_0048 lag_queued_job_count_0288 lag_queued_job_count_0576 lag_queued_job_count_2016 lag_queued_requested_gpus_0001 lag_queued_requested_gpus_0002 lag_queued_requested_gpus_0003 lag_queued_requested_gpus_0006 lag_queued_requested_gpus_0012 lag_queued_requested_gpus_0024 lag_queued_requested_gpus_0048 lag_queued_requested_gpus_0288 lag_queued_requested_gpus_0576 lag_queued_requested_gpus_2016 lag_running_job_equivalents_0001 lag_running_job_equivalents_0002 lag_running_job_equivalents_0003 lag_running_job_equivalents_0006 lag_running_job_equivalents_0012 lag_running_job_equivalents_0024 lag_running_job_equivalents_0048 lag_running_job_equivalents_0288 lag_running_job_equivalents_0576 lag_running_job_equivalents_2016 roll0003_mean_total_avg_active_gpus roll0003_max_total_avg_active_gpus roll0003_stddev_pop_total_avg_active_gpus roll0012_mean_total_avg_active_gpus roll0012_max_total_avg_active_gpus roll0012_stddev_pop_total_avg_active_gpus roll0048_mean_total_avg_active_gpus roll0048_max_total_avg_active_gpus roll0048_stddev_pop_total_avg_active_gpus roll0288_mean_total_avg_active_gpus roll0288_max_total_avg_active_gpus roll0288_stddev_pop_total_avg_active_gpus roll2016_mean_total_avg_active_gpus roll2016_max_total_avg_active_gpus roll2016_stddev_pop_total_avg_active_gpus roll0003_mean_fixed_avg_active_gpus_F30 roll0003_max_fixed_avg_active_gpus_F30 roll0003_stddev_pop_fixed_avg_active_gpus_F30 roll0012_mean_fixed_avg_active_gpus_F30 roll0012_max_fixed_avg_active_gpus_F30 roll0012_stddev_pop_fixed_avg_active_gpus_F30 roll0048_mean_fixed_avg_active_gpus_F30 roll0048_max_fixed_avg_active_gpus_F30 roll0048_stddev_pop_fixed_avg_active_gpus_F30 roll0288_mean_fixed_avg_active_gpus_F30 roll0288_max_fixed_avg_active_gpus_F30 roll0288_stddev_pop_fixed_avg_active_gpus_F30 roll2016_mean_fixed_avg_active_gpus_F30 roll2016_max_fixed_avg_active_gpus_F30 roll2016_stddev_pop_fixed_avg_active_gpus_F30 roll0003_mean_flexible_avg_active_gpus_F30 roll0003_max_flexible_avg_active_gpus_F30 roll0003_stddev_pop_flexible_avg_active_gpus_F30 roll0012_mean_flexible_avg_active_gpus_F30 roll0012_max_flexible_avg_active_gpus_F30 roll0012_stddev_pop_flexible_avg_active_gpus_F30 roll0048_mean_flexible_avg_active_gpus_F30 roll0048_max_flexible_avg_active_gpus_F30 roll0048_stddev_pop_flexible_avg_active_gpus_F30 roll0288_mean_flexible_avg_active_gpus_F30 roll0288_max_flexible_avg_active_gpus_F30 roll0288_stddev_pop_flexible_avg_active_gpus_F30 roll2016_mean_flexible_avg_active_gpus_F30 roll2016_max_flexible_avg_active_gpus_F30 roll2016_stddev_pop_flexible_avg_active_gpus_F30 roll0003_mean_arriving_flexible_gpu_hours_F30 roll0003_max_arriving_flexible_gpu_hours_F30 roll0003_stddev_pop_arriving_flexible_gpu_hours_F30 roll0012_mean_arriving_flexible_gpu_hours_F30 roll0012_max_arriving_flexible_gpu_hours_F30 roll0012_stddev_pop_arriving_flexible_gpu_hours_F30 roll0048_mean_arriving_flexible_gpu_hours_F30 roll0048_max_arriving_flexible_gpu_hours_F30 roll0048_stddev_pop_arriving_flexible_gpu_hours_F30 roll0288_mean_arriving_flexible_gpu_hours_F30 roll0288_max_arriving_flexible_gpu_hours_F30 roll0288_stddev_pop_arriving_flexible_gpu_hours_F30 roll2016_mean_arriving_flexible_gpu_hours_F30 roll2016_max_arriving_flexible_gpu_hours_F30 roll2016_stddev_pop_arriving_flexible_gpu_hours_F30 roll0003_mean_queued_requested_gpus roll0003_max_queued_requested_gpus roll0003_stddev_pop_queued_requested_gpus roll0012_mean_queued_requested_gpus roll0012_max_queued_requested_gpus roll0012_stddev_pop_queued_requested_gpus roll0048_mean_queued_requested_gpus roll0048_max_queued_requested_gpus roll0048_stddev_pop_queued_requested_gpus roll0288_mean_queued_requested_gpus roll0288_max_queued_requested_gpus roll0288_stddev_pop_queued_requested_gpus roll2016_mean_queued_requested_gpus roll2016_max_queued_requested_gpus roll2016_stddev_pop_queued_requested_gpus utc_hour melbourne_hour melbourne_day_of_week melbourne_month melbourne_day_of_year is_weekend hour_sin hour_cos weekday_sin weekday_cos month_sin month_cos
feature_infos=[0:515.73333740234375] [0:515.73333740234375] [0:515.73333740234375] [0:515.73333740234375] [0:515.73333740234375] [0:515.73333740234375] [0:515.73333740234375] [0:515.73333740234375] [0:515.73333740234375] [0:515.73333740234375] [0:515.73333740234375] [0:515.73333740234375] [0:515.73333740234375] [0:515.73333740234375] [0:515.73333740234375] [0:515.73333740234375] [0:515.73333740234375] [0:515.73333740234375] [0:515.73333740234375] [0:515.73333740234375] [0:512] [0:512] [0:512] [0:512] [0:512] [0:512] [0:512] [0:512] [0:512] [0:512] [0:1718] [0:1718] [0:1718] [0:1718] [0:1718] [0:1718] [0:1718] [0:1718] [0:1718] [0:1718] [0:5632] [0:5632] [0:5632] [0:5632] [0:5632] [0:5632] [0:5632] [0:5632] [0:5632] [0:5632] [0:12685.912109375] [0:12685.912109375] [0:12685.912109375] [0:12685.912109375] [0:12685.912109375] [0:12685.912109375] [0:12685.912109375] [0:12685.912109375] [0:12685.912109375] [0:12685.912109375] [0:9596] [0:9596] [0:9596] [0:9596] [0:9596] [0:9596] [0:9596] [0:9596] [0:9596] [0:9596] [0:9599] [0:9599] [0:9599] [0:9599] [0:9599] [0:9599] [0:9599] [0:9599] [0:9599] [0:9599] [0:463] [0:463] [0:463] [0:463] [0:463] [0:463] [0:463] [0:463] [0:463] [0:463] [0:512] [0:515.73333740234375] [0:240.55458068847656] [0:512] [0:515.73333740234375] [0:255.7161865234375] [0:504.01470947265625] [0:515.73333740234375] [0:250.40919494628906] [0:451.16268920898438] [0:515.73333740234375] [0:230.42581176757812] [6.1177248426247388e-05:262.34512329101562] [0.053333334624767303:515.73333740234375] [0.0014853802276775241:183.8941650390625] [0:512] [0:515.73333740234375] [0:240.55458068847656] [0:509.86666870117188] [0:515.73333740234375] [0:246.19882202148438] [0:504.01470947265625] [0:515.73333740234375] [0:250.40919494628906] [0:283.29208374023438] [0:515.73333740234375] [0:225.25091552734375] [6.1177248426247388e-05:169.79315185546875] [0.053333334624767303:515.73333740234375] [0.0014853802276775241:174.28001403808594] [0:512] [0:512] [0:235.18722534179688] [0:512] [0:512] [0:253.82646179199219] [0:483.61279296875] [0:512] [0:226.47317504882812] [0:411.73898315429688] [0:512] [0:233.52969360351562] [0:178.25611877441406] [0:512] [0:182.61265563964844] [0:4477.9912109375] [0:12685.912109375] [0:5980.1962890625] [0:1127.4259033203125] [0:12685.912109375] [0:3506.200927734375] [0:281.93478393554688] [0:12685.912109375] [0:1811.8798828125] [0:48.353404998779297] [0:12685.912109375] [0:746.28338623046875] [0:15.986562728881836] [0:12685.912109375] [0:363.71148681640625] [0:9599] [0:9599] [0:2476.137451171875] [0:9599] [0:9599] [0:2455.648681640625] [0:9599] [0:9599] [0:3645.520751953125] [0:2920.1318359375] [0:9599] [0:3976.248291015625] [0:1056.5416259765625] [0:9599] [0:1794.708251953125] [0:23] [0:23] [0:6] [1:12] [1:366] [0:1] [-1:1] [-1:1] [-0.97492790222167969:0.97492790222167969] [-0.90096884965896606:1] [-1:1] [-1:1]
tree_sizes=1387 1403 1426 1476 1451 1466 1468 1469 1445 1461 1475 1462 1455 1478 1428 1447 1489 1368 1403 1439 1455 1423 1447 1432 1449 1439 1426 1502 1491 1465 1488 1465 1464 1450

Tree=0
num_leaves=15
num_cat=0
split_feature=10 166 106 0 43 166 80 106 167 107 149 164 169 42
split_gain=1835.99 501.582 534.22 238.006 179.336 116.412 90.5122 88.8299 84.2688 87.484 73.6238 64.8673 60.3922 56.3695
threshold=53.869998931884773 7.5000000000000009 8.5283331871032733 150.53166961669925 33.500000000000007 10.500000000000002 20.998332977294925 18.994999885559086 1.5000000000000002 0.71224907040596019 41.931846618652351 168.07695007324222 165.50000000000003 4.5000000000000009
decision_type=2 2 2 2 2 2 2 2 2 2 2 2 2 2
left_child=1 8 -3 5 7 12 11 -4 -1 -10 -5 -7 -2 -6
right_child=3 2 4 10 13 6 -8 -9 9 -11 -12 -13 -14 -15
leaf_value=0 -0.021666666865348818 0 0 -0.32266666889190676 0 -0.18333333730697632 -0.10000000000000001 0 0 0 -0.058666664361953738 0 -0.091000002622604381 0.15533332824707033
leaf_weight=8101 4829 25553 9545 5479 393 1494 4061 15845 12284 6617 4253 1795 3423 1411
leaf_count=8101 4829 25553 9545 5479 393 1494 4061 15845 12284 6617 4253 1795 3423 1411
internal_value=-0.00462374 -0.000898388 -0.0037354 -0.0163483 -0.00861245 -0.0125136 -0.0170904 -0.00969482 0.00464324 0.00647149 -0.0224864 -0.0108986 -0.00842921 0.00660586
internal_weight=105083 79749 52747 25334 27194 15602 7350 25390 27002 18901 9732 3289 8252 1804
internal_count=105083 79749 52747 25334 27194 15602 7350 25390 27002 18901 9732 3289 8252 1804
is_linear=0
shrinkage=0.05


Tree=1
num_leaves=15
num_cat=0
split_feature=105 166 107 106 31 166 106 105 10 110 14 107 167 105
split_gain=967.777 436.414 302.827 287.531 283.334 147.769 140.826 123.458 123.088 172.548 116.495 108.997 66.3443 60.9515
threshold=12.313889026641847 7.5000000000000009 0.1236831843852997 144.00666809082034 1.0000000180025095e-35 6.5000000000000009 79.005001068115249 2.5455555915832524 56.861665725708015 0.0041457810439169416 162.01999664306643 0.6851511299610139 1.5000000000000002 65.409442901611342
decision_type=2 2 2 2 2 2 2 2 2 2 2 2 2 2
left_child=5 3 8 11 10 12 -6 -7 -3 -10 -4 -2 -1 -13
right_child=1 2 4 -5 6 7 -8 -9 9 -11 -12 13 -14 -15
leaf_value=0 0 0 -0.050499999523162843 -0.41763334318995471 0 0 -0.22790000647306444 0 0.0029333332180976873 -0.013533331751823426 -0.39526667296886447 0 0 -0.13891666427254676
leaf_weight=4656 8641 11175 12100 2200 5531 19136 3573 12478 1137 3639 2722 6828 8470 2797
leaf_count=4656 8641 11175 12100 2200 5531 19136 3573 12478 1137 3639 2722 6828 8470 2797
internal_value=-0.00318447 -0.0073159 -0.0103618 -0.00138 -0.0139192 0.00238798 -0.00697113 0.00053607 -0.00502319 0.00169421 -0.018183 0.000678671 0.00684639 -0.00298027
internal_weight=105083 60343 39877 20466 23926 44740 9104 31614 15951 4776 14822 18266 13126 9625
internal_count=105083 60343 39877 20466 23926 44740 9104 31614 15951 4776 14822 18266 13126 9625
is_linear=0
shrinkage=0.05


Tree=2
num_leaves=15
num_cat=0
split_feature=10 106 107 166 166 105 80 110 110 98 102 33 167 159
split_gain=788.916 275.315 300.191 289.525 192.596 156.025 147.709 97.4076 90.0308 82.4025 89.2644 80.9217 72.9631 72.3646
threshold=18.996666908264164 144.00666809082034 0.49657966196537023 10.500000000000002 6.5000000000000009 2.5455555915832524 11.998333454132082 0.0041457810439169416 0.41231130063533789 4.2501893043518075 35.893316268920906 7.5000000000000009 1.5000000000000002 93.085067749023452
decision_type=2 2 2 2 2 2 2 2 2 2 2 2 2 2
left_child=4 3 7 9 12 -6 11 -3 -8 -2 -11 -5 -1 -4
right_child=1 2 13 6 5 -7 8 -9 -10 10 -12 -13 -14 -15
leaf_value=0 0.0010833333432674409 0.0027866665571928025 -0.71295417132228622 0 0 0 0 -0.033189999967813487 -0.050000000000000003 -0.050000000000000003 0 0.065400002002716062 0 -0.21855417238920927
leaf_weight=5440 2469 449 3588 3948 19136 19195 2921 2360 13407 2990 15465 1111 10512 2092
leaf_count=5440 2469 449 3588 3948 19136 19195 2921 2360 13407 2990 15465 1111 10512 2092
internal_value=-0.00240513 -0.00688318 -0.0150989 -0.00523325 0.00178585 -0.000135643 -0.00932358 -0.00172353 -0.011636 -0.00105117 -0.00219935 -0.00185624 0.00640158 -0.0217062
internal_weight=105083 50800 8489 42311 54283 38331 21387 2809 16328 20924 18455 5059 15952 5680
internal_count=105083 50800 8489 42311 54283 38331 21387 2809 16328 20924 18455 5059 15952 5680
is_linear=0
shrinkage=0.05


Tree=3
num_leaves=15
num_cat=0
split_feature=106 107 166 105 96 35 107 167 104 110 115 157 110 99
split_gain=799.527 437.764 273.976 235.809 143.478 103.909 102.297 96.6149 70.6585 107.354 100.072 69.1714 74.1933 65.0904
threshold=68.006668090820327 0.0021465017925947909 5.5000000000000009 2.5455555915832524 163.92301940917972 8.5000000000000018 0.4706444144248963 1.5000000000000002 82.061923980712905 0.033922759816050536 308.39666748046881 611.50000000000011 2.3439236879348759 180.76979827880862
decision_type=2 2 2 2 2 2 2 2 2 2 2 2 2 2
left_child=2 8 7 -4 -3 6 -5 -1 10 -10 -2 12 -6 -11
right_child=1 4 3 5 11 -7 -8 -9 9 13 -12 -13 -14 -15
leaf_value=0 0.00067666658759117128 -0.15664166629314424 0 0 -0.040120833568274977 0.015999999642372132 -0.029181249614804984 0 0.0026473332293331627 0.0052694998040795334 -0.00014666666090488436 -0.10205729077644646 -0.56421614100728179 -0.044730500195920467
leaf_weight=6407 1576 12086 19962 26893 729 2659 12382 15132 748 1029 382 1457 3062 579
leaf_count=6407 1576 12086 19962 26893 729 2659 12382 15132 748 1029 382 1457 3062 579
internal_value=-0.00172855 -0.0102896 0.000493169 -0.00119707 -0.0138359 -0.00332626 -0.00397403 0.00534952 0.00395925 0.00978399 -0.00305655 -0.0207405 -0.0243019 0.00247985
internal_weight=105083 21648 83435 61896 17334 41934 39275 21539 4314 2356 1958 5248 3791 1608
internal_count=105083 21648 83435 61896 17334 41934 39275 21539 4314 2356 1958 5248 3791 1608
is_linear=0
shrinkage=0.05


Tree=4
num_leaves=15
num_cat=0
split_feature=105 107 0 166 10 167 171 175 97 110 41 107 100 169
split_gain=775.984 389.144 235.652 196.439 128.719 106.755 100.405 100.771 91.422 144.119 89.0803 78.1919 69.1792 68.0571
threshold=42.605556488037116 0.08494001999497415 117.00166702270509 7.5000000000000009 2.9483333826065068 1.5000000000000002 0.37940952181816107 0.68301269412040722 88.011665344238295 0.046820718795061118 36.500000000000007 1.6048925518989565 261.09832763671881 52.500000000000007
decision_type=2 2 2 2 2 2 2 2 2 2 2 2 2 2
left_child=3 8 6 5 -5 -1 7 -3 -2 12 -6 -4 -10 -8
right_child=1 2 11 4 10 -7 13 -9 9 -11 -12 -13 -14 -15
leaf_value=0 -0.00013933332785964016 -0.1019762549698353 -0.065519422018211329 0 0 0 0.035209061139635747 -0.070300001055002212 7.1054273576010023e-16 0 0.026778541348874571 -0.48668261311072858 0.0025149665678665042 -0.055248176633659753
leaf_weight=7616 1754 3655 3547 18683 29096 17234 1511 3068 395 4769 1042 6361 926 5426
leaf_count=7616 1754 3655 3547 18683 29096 17234 1511 3068 395 4769 1042 6361 926 5426
internal_value=-0.00123801 -0.00781742 -0.0110274 0.00156767 -0.000274444 0.00518608 -0.00676546 -0.0111177 0.00182826 0.00472518 -0.00229572 -0.016897 0.0193062 -0.00254249
internal_weight=105083 31412 23568 73671 48821 24850 13660 6723 7844 6090 30138 9908 1321 6937
internal_count=105083 31412 23568 73671 48821 24850 13660 6723 7844 6090 30138 9908 1321 6937
is_linear=0
shrinkage=0.05


Tree=5
num_leaves=15
num_cat=0
split_feature=106 107 166 10 90 167 110 149 104 110 115 107 99 86
split_gain=721.559 372.066 245.025 165.996 128.151 94.1532 71.1952 73.3574 71.1253 106.77 100.072 64.0239 62.3803 60.3359
threshold=68.006668090820327 0.0021465017925947909 7.5000000000000009 2.9483333826065068 215.73889160156253 1.5000000000000002 4.7326478958129892 41.931846618652351 82.061923980712905 0.033922759816050536 308.39666748046881 0.6851511299610139 180.76979827880862 38.801666259765632
decision_type=2 2 2 2 2 2 2 2 2 2 2 2 2 2
left_child=2 8 5 -4 13 -1 -6 -8 10 -10 -2 -7 -11 -3
right_child=1 4 3 -5 6 11 7 -9 9 12 -12 -13 -14 -15
leaf_value=0 0.00064283325821161278 -0.12102211600958368 0 0 -0.042724458517506725 0 -1.1715584333480338 -0.30470537701320555 0.0023892182394731794 0.0050060248138755568 -0.00013236666146665814 0.0014590624807402494 -0.042493975186124446 -0.15496754686337433
leaf_weight=8492 1576 9031 18662 36592 1131 12637 1705 1287 748 1029 382 7052 579 4180
leaf_count=8492 1576 9031 18662 36592 1131 12637 1705 1287 748 1029 382 7052 579 4180
internal_value=-0.00102057 -0.00915347 0.00109 -0.000845111 -0.0124229 0.00488363 -0.0201187 -0.0241575 0.0039824 0.00982634 -0.00305655 0.00678125 0.00254185 -0.0100144
internal_weight=105083 21648 83435 55254 17334 28181 4123 2992 4314 2356 1958 19689 1608 13211
internal_count=105083 21648 83435 55254 17334 28181 4123 2992 4314 2356 1958 19689 1608 13211
is_linear=0
shrinkage=0.05


Tree=6
num_leaves=15
num_cat=0
split_feature=106 107 166 10 90 107 107 167 104 110 115 117 148 99
split_gain=604.422 334.611 199.42 165.996 106.585 84.629 74.2949 118.789 71.1253 106.77 100.072 64.3339 63.8369 60.7555
threshold=68.006668090820327 0.0021465017925947909 7.5000000000000009 2.9483333826065068 138.99333190917972 1.7014935016632082 0.6851511299610139 1.5000000000000002 82.061923980712905 0.033922759816050536 308.39666748046881 30.872501373291019 1196.0794677734377 180.76979827880862
decision_type=2 2 2 2 2 2 2 2 2 2 2 2 2 2
left_child=2 8 6 -4 -3 -6 7 -1 10 -10 -2 -8 -7 -11
right_child=1 4 3 -5 5 12 11 -9 9 13 -12 -13 -14 -15
leaf_value=0 0.00061069159530103211 -0.10688285016080004 0 0 -0.063830438525506294 -0.86726868336678065 -7.2953124037012477e-05 0 0.00226975732749952 0.0047557235731817788 -0.00012574832839332524 0.010812454410626088 -0.28314374094052397 -0.040369276426818229
leaf_weight=6840 1576 9524 18662 36592 2961 2742 3600 12637 748 1029 382 5104 2107 579
leaf_count=6840 1576 9524 18662 36592 2961 2742 3600 12637 748 1029 382 5104 2107 579
internal_value=-0.00103104 -0.00847458 0.000900647 -0.000845111 -0.0115751 -0.0159053 0.00432307 0.00603891 0.0039824 0.00982634 -0.00305655 0.00048226 -0.0199732 0.00254185
internal_weight=105083 21648 83435 55254 17334 7810 28181 19477 4314 2356 1958 8704 4849 1608
internal_count=105083 21648 83435 55254 17334 7810 28181 19477 4314 2356 1958 8704 4849 1608
is_linear=0
shrinkage=0.05


Tree=7
num_leaves=15
num_cat=0
split_feature=10 107 166 10 94 110 117 41 167 107 107 176 162 117
split_gain=537.782 360.764 182.539 151.672 101.752 82.2675 195.454 71.4295 70.767 121.471 68.0173 66.9218 64.618 62.8515
threshold=53.869998931884773 0.08494001999497415 7.5000000000000009 2.9483333826065068 222.34500122070315 0.0041457810439169416 48.441709518432624 40.500000000000007 1.5000000000000002 0.6851511299610139 1.7633190155029299 -0.25000000000000006 129.24578857421878 34.46806716918946
decision_type=2 2 2 2 2 2 2 2 2 2 2 2 2 2
left_child=2 5 8 -4 -3 6 12 -5 -1 -10 -6 -12 -2 -11
right_child=1 4 3 7 10 -7 -8 -9 9 13 11 -13 -14 -15
leaf_value=0 0.00093962377044186005 -0.092302476150072366 0 0 -0.048067046455153861 0.00027760426654722546 0.0026609182287994776 0.035721144695321387 0 -6.9305467835161847e-05 -1.0371102352285102 -0.31541785250950904 -0.00011946091197365897 0.03238642546673387
leaf_weight=8101 188 13930 18715 32324 1740 4847 1032 1708 12186 3246 2038 1374 185 3469
leaf_count=8101 188 13930 18715 32324 1740 4847 1032 1708 12186 3246 2038 1374 185 3469
internal_value=-0.000912093 -0.00725759 0.00110402 -0.00060756 -0.0106722 0.00316446 0.0137943 -0.0025957 0.004447 0.0061224 -0.0166764 -0.0207785 -0.0170635 0.000721726
internal_weight=105083 25334 79749 52747 19082 6252 1405 34032 27002 18901 5152 3412 373 6715
internal_count=105083 25334 79749 52747 19082 6252 1405 34032 27002 18901 5152 3412 373 6715
is_linear=0
shrinkage=0.05


Tree=8
num_leaves=15
num_cat=0
split_feature=107 105 166 10 42 167 105 166 5 108 87 117 95 9
split_gain=481.165 371.569 245.413 131.945 110.073 97.3138 93.5815 109.379 93.065 89.9962 61.2141 59.0292 58.5497 47.4214
threshold=0.71224907040596019 73.002777099609389 6.5000000000000009 2.9483333826065068 36.500000000000007 1.5000000000000002 18.40111064910889 10.500000000000002 360.91999816894537 334.53694152832037 44.051666259765632 20.999951362609867 0.87289205193519603 148.00833129882815
decision_type=2 2 2 2 2 2 2 2 2 2 2 2 2 2
left_child=2 4 5 -4 6 13 11 -8 10 -5 -3 -2 -11 -1
right_child=1 8 3 9 -6 -7 7 -9 -10 12 -12 -13 -14 -15
leaf_value=0 -6.5840194443403754e-05 -0.31645848473632499 0 0 0.06017401788890573 0 -0.0047706685080241458 -0.08841712479460985 -0.76244197543759129 0.015223223776182224 -0.054512353742392418 0.0014590624807402494 -0.0093507231498413442 0
leaf_weight=5847 3183 7936 18489 32948 4078 12432 6786 4799 799 395 2381 4100 269 641
leaf_count=5847 3183 7936 18489 32948 4078 12432 6786 4799 799 395 2381 4100 269 641
internal_value=-0.00086832 -0.00575337 0.00147481 -0.000296511 -0.00211755 0.00635139 -0.00372755 -0.00651855 -0.0132542 -0.0021626 -0.0119696 0.000713502 0.015994 0.00138611
internal_weight=105083 34062 71021 52101 22946 18920 18868 11585 11116 33612 10317 7283 664 6488
internal_count=105083 34062 71021 52101 22946 18920 18868 11585 11116 33612 10317 7283 664 6488
is_linear=0
shrinkage=0.05


Tree=9
num_leaves=15
num_cat=0
split_feature=107 10 166 80 10 165 167 13 15 114 105 163 95 110
split_gain=430.454 335.853 242.042 131 129.606 101.586 97.8137 88.5541 82.7027 80.6928 76.6272 63.9252 59.7918 56.3146
threshold=0.66910201311111461 92.659999847412124 6.5000000000000009 13.921666622161867 2.9483333826065068 13.500000000000002 1.5000000000000002 333.00666809082037 356.95166015625006 17.510439872741703 21.934444427490238 1478.0000000000002 0.48747728765010839 11.335305690765383
decision_type=2 2 2 2 2 2 2 2 2 2 2 2 2 2
left_child=2 3 6 9 -4 11 -1 -6 13 10 -2 -5 -9 -3
right_child=1 8 4 5 7 -7 -8 12 -10 -11 -12 -13 -14 -15
leaf_value=0 -6.2548184721233574e-05 -0.088107583419040625 0 -0.087549639844216515 0 -0.0019943636925038033 0 0.014462062587373113 -1.408294047806306 0.0039111093328613794 -0.17185703568880364 -0.03647956720287323 0.0010368132031539634 -0.59791555393174389
leaf_weight=6439 4032 3242 18463 3593 32528 6862 12255 353 535 7620 1240 3100 345 4476
leaf_count=6439 4032 3242 18463 3593 32528 6862 12255 353 535 7620 1240 3100 345 4476
internal_value=-0.000741759 -0.00529895 0.00150523 -0.0025499 -0.00025825 -0.00598083 0.00638002 -0.00212452 -0.0141015 0.00105839 -0.00369528 -0.0103613 0.0154339 -0.0127671
internal_weight=105083 34700 70383 26447 51689 13555 18694 33226 8253 12892 5272 6693 698 7718
internal_count=105083 34700 70383 26447 51689 13555 18694 33226 8253 12892 5272 6693 698 7718
is_linear=0
shrinkage=0.05


Tree=10
num_leaves=15
num_cat=0
split_feature=105 107 166 105 107 167 176 14 110 117 110 119 124 37
split_gain=390.369 250.953 179.177 164.09 84.2698 125.394 79.0782 104.789 70.7003 65.2028 159.858 60.6067 65.4428 59.9506
threshold=64.896114349365249 0.0021465017925947909 7.5000000000000009 2.8783334493637089 0.71224907040596019 1.5000000000000002 -0.25000000000000006 165.01999664306643 2.1661486625671391 48.922420501708991 0.033922759816050536 17.336374282836918 87.001667022705092 11.500000000000002
decision_type=2 2 2 2 2 2 2 2 2 2 2 2 2 2
left_child=2 9 4 -4 5 -1 7 -3 -9 -2 -11 -8 -13 -6
right_child=1 6 3 -5 13 -7 11 8 -10 10 -12 12 -14 -15
leaf_value=0 -0.00011348786637497603 -0.15112438309846976 0 0 -5.9420775485171897e-05 0 -0.90658555339144142 0.0029864303692107466 -0.61728277796693121 0.0020232235496845702 0.00056627680220861919 -0.030144431711951161 -0.15947002276360539 0.2006641197348471
leaf_weight=6765 1406 5996 18482 37258 8180 12609 219 341 2438 891 2353 6337 876 932
leaf_count=6765 1406 5996 18482 37258 8180 12609 219 341 2438 891 2353 6337 876 932
internal_value=-0.000589982 -0.00671316 0.000926618 -0.000722038 0.00415219 0.00601682 -0.00965026 -0.0128645 -0.0208872 0.00352309 0.00741767 -0.00584913 -0.00504988 0.000186465
internal_weight=105083 20857 84226 55740 28486 19374 16207 8775 2779 4650 3244 7432 7213 9112
internal_count=105083 20857 84226 55740 28486 19374 16207 8775 2779 4650 3244 7432 7213 9112
is_linear=0
shrinkage=0.05


Tree=11
num_leaves=15
num_cat=0
split_feature=107 10 166 10 80 167 108 103 166 15 15 17 95 114
split_gain=360.295 265.345 242.589 126.965 98.0523 97.348 94.9444 87.6214 77.8574 72.5121 62.7729 56.0951 55.2456 53.7582
threshold=0.71224907040596019 90.643333435058608 6.5000000000000009 2.9483333826065068 13.921666622161867 1.5000000000000002 334.53694152832037 353.37500000000006 10.500000000000002 356.95166015625006 15.001666545867922 155.68000030517581 0.87289205193519603 90.325180053710952
decision_type=2 2 2 2 2 2 2 2 2 2 2 2 2 2
left_child=2 4 5 -4 7 -1 -5 -2 -6 11 -10 -3 -8 -9
right_child=1 9 3 6 8 -7 12 13 10 -11 -12 -13 -14 -15
leaf_value=0 -0.00026850859068008144 -0.28634535658225319 0 0 -0.0033119896957876922 0 0.013637798280520228 0.012793976027708943 0.0032100877168468982 -1.3173795125831962 -0.080698418460022792 -0.0010929522276456715 -0.0039367652139510436 -0.0309423437629275
leaf_weight=6488 5964 6901 18489 32948 7026 12432 395 6026 916 533 5062 996 269 638
leaf_count=6488 5964 6901 18489 32948 7026 12432 395 6026 916 533 5062 996 269 638
internal_value=-0.00049292 -0.00472011 0.00153465 -0.000226461 -0.00218824 0.00638309 -0.00205699 0.000949893 -0.00523484 -0.0124126 -0.00942671 -0.0111934 0.0165919 0.00488829
internal_weight=105083 34062 71021 52101 25632 18920 33612 12628 13004 8430 5978 7897 664 6664
internal_count=105083 34062 71021 52101 25632 18920 33612 12628 13004 8430 5978 7897 664 6664
is_linear=0
shrinkage=0.05


Tree=12
num_leaves=15
num_cat=0
split_feature=105 107 166 10 31 113 171 167 107 155 102 91 43 117
split_gain=349.724 189.614 150.39 143.904 116.185 110.833 87.1392 74.376 111.942 71.2581 64.7005 143.109 59.8053 63.3658
threshold=45.682222366333015 0.59761357307434093 6.5000000000000009 2.9483333826065068 1.0000000180025095e-35 21.641258239746097 0.37940952181816107 1.5000000000000002 0.6851511299610139 14.059273719787599 58.824151992797859 79.001667022705092 33.500000000000007 46.409305572509773
decision_type=2 2 2 2 2 2 2 2 2 2 2 2 2 2
left_child=2 5 7 -4 6 -2 -3 -1 -9 -8 -6 -12 -5 -14
right_child=1 4 3 12 10 -7 9 8 -10 -11 11 -13 13 -15
leaf_value=0 -0.0015603991822469077 -0.22570206909045409 0 0 -0.22292160789529414 0.0031627863742638104 -0.031617772798787872 0 0.00076291394264388888 -0.40967797868093303 0.16439112961580291 -0.078973424034395515 0 0.23426376425383644
leaf_weight=6773 6871 5272 19544 32007 3297 4349 2968 10608 5155 967 1473 4396 599 804
leaf_count=6773 6871 5272 19544 32007 3297 4349 2968 10608 5155 967 1473 4396 599 804
internal_value=-0.000452954 -0.00505946 0.00135307 -0.00010291 -0.00818642 6.23608e-05 -0.0121526 0.00477352 0.00665589 -0.00651015 -0.00419802 -0.00104699 -0.00209636 0.00799006
internal_weight=105083 29593 75490 52954 18373 11220 9207 22536 15763 3935 9166 5869 33410 1403
internal_count=105083 29593 75490 52954 18373 11220 9207 22536 15763 3935 9166 5869 33410 1403
is_linear=0
shrinkage=0.05


Tree=13
num_leaves=15
num_cat=0
split_feature=106 166 107 105 31 98 161 129 171 167 107 60 164 90
split_gain=323.152 165.299 161.549 154.501 83.4276 80.8592 88.0652 77.8104 74.8828 73.3603 106.197 70.8975 68.2073 80.8773
threshold=53.904998779296882 6.5000000000000009 0.08494001999497415 2.8783334493637089 1.0000000180025095e-35 17.182983398437504 6.6267714500427255 65.855346679687514 0.37940952181816107 1.5000000000000002 0.6851511299610139 254.50000000000003 102.81510543823244 68.94889068603517
decision_type=2 2 2 2 2 2 2 2 2 2 2 2 2 2
left_child=1 9 5 -3 8 6 -2 -8 11 -1 -11 -4 -6 -14
right_child=2 3 4 -5 12 -7 7 -9 -10 10 -12 -13 13 -15
leaf_value=0 0.00038191577808359363 0 -0.17598644367835314 0 -0.15306591756280374 0.0027329998459467049 -0.0046141027135028134 0.0028942633018065687 -0.063946575966942795 0 0.0013778924764311458 0.005562494533148752 0.090291958422456367 -0.058316794731764481
leaf_weight=6946 277 19311 5916 34984 3914 3336 2290 350 4821 10959 5213 762 1449 4555
leaf_count=6946 277 19311 5916 34984 3914 3336 2290 350 4821 10959 5213 762 1449 4555
internal_value=-0.000410608 0.00124713 -0.00504788 -0.000260589 -0.00711185 0.00202141 -0.00405544 -0.00688091 -0.0100096 0.00478744 0.00663287 -0.0134371 -0.00374887 -0.000399401
internal_weight=105083 77413 27670 54295 21417 6253 2917 2640 11499 23118 16172 6678 9918 6004
internal_count=105083 77413 27670 54295 21417 6253 2917 2640 11499 23118 16172 6678 9918 6004
is_linear=0
shrinkage=0.05


Tree=14
num_leaves=15
num_cat=0
split_feature=107 0 166 10 167 13 109 77 159 16 111 86 9 80
split_gain=336.072 277.066 221.939 133.301 87.2022 69.7077 68.3898 64.5374 61.2864 59.5587 54.9856 54.2368 49.7416 46.2386
threshold=1.7633190155029299 100.0083351135254 6.5000000000000009 2.9483333826065068 1.5000000000000002 322.50666809082037 225.0350036621094 7.5000000000000009 107.47742843627931 51.001667022705085 97.363819122314467 41.001667022705085 148.00833129882815 12.63166666030884
decision_type=2 2 2 2 2 2 2 2 2 2 2 2 2 2
left_child=2 7 4 -4 12 -5 -3 11 -8 -7 -6 -2 -1 -9
right_child=1 6 3 5 10 9 8 13 -10 -11 -12 -13 -14 -15
leaf_value=0 -0.021127938108293672 -0.14401653860183436 0 0 0 0.012661119055483689 -1.0578974995335124 0.010700842131455657 -0.28822735509292674 6.4633234784049437e-05 -0.0090158593783257416 -0.19723900830265728 0 -0.011492846625507404
leaf_weight=6458 6116 5444 18994 39057 14527 285 1599 3602 979 627 968 578 747 5102
leaf_count=6458 6116 5444 18994 39057 14527 285 1599 3602 979 627 968 578 747 5102
internal_value=-0.000108005 -0.00538741 0.0014063 -0.000211131 0.00560669 -0.00184995 -0.0129189 -0.00146075 -0.0196283 0.0117775 0.00771935 -0.00515002 0.00106103 0.00137788
internal_weight=105083 23420 81663 58963 22700 39969 8022 15398 2578 912 15495 6694 7205 8704
internal_count=105083 23420 81663 58963 22700 39969 8022 15398 2578 912 15495 6694 7205 8704
is_linear=0
shrinkage=0.05


Tree=15
num_leaves=15
num_cat=0
split_feature=105 107 105 166 95 174 17 90 12 16 13 16 114 162
split_gain=282.834 166.152 245.667 200.973 97.9389 63.5744 81.4882 62.7678 80.6459 62.0014 60.9363 73.3841 59.8285 52.2567
threshold=3.0011111497879033 1.9988061189651491 99.732223510742202 6.5000000000000009 0.026363849639892582 1.0000000180025095e-35 7.4849998950958261 64.916110992431655 54.868331909179695 1.481666684150696 333.00666809082037 51.001667022705085 186.86325836181643 0.10218254104256631
decision_type=2 2 2 2 2 2 2 2 2 2 2 2 2 2
left_child=4 3 7 5 -1 9 -7 8 -3 -2 13 -12 -4 -5
right_child=1 2 12 10 -6 6 -8 -9 -10 -11 11 -13 -14 -15
leaf_value=0 0 -0.0037802158987228149 -0.38865185283608172 -0.12059387720505846 0 -1.6900293470631867e-05 0 -0.075865574117394835 0.068667008177256378 0.0085334824428422978 0.012028063102709504 6.1401573044846957e-05 -1.2023914571521832 0
leaf_weight=18523 970 7697 4859 238 9268 1300 5145 6549 1797 8037 244 614 593 39249
leaf_count=18523 970 7697 4859 238 9268 1300 5145 6549 1797 8037 244 614 593 39249
internal_value=6.89898e-05 -0.00148647 -0.00522093 -4.74893e-05 0.00439452 0.00480041 0.00100775 -0.00210307 0.000494789 0.00751221 -0.00190458 0.0112399 -0.0143852 -0.00219158
internal_weight=105083 77292 21495 55797 27791 15452 6445 16043 9494 9007 40345 858 5452 39487
internal_count=105083 77292 21495 55797 27791 15452 6445 16043 9494 9007 40345 858 5452 39487
is_linear=0
shrinkage=0.05


Tree=16
num_leaves=15
num_cat=0
split_feature=105 107 105 95 166 169 85 13 16 31 80 47 114 87
split_gain=312.114 119.552 223.328 97.9389 92.7172 142.862 66.2899 60.1924 73.3841 55.1369 71.8895 59.0327 54.8127 53.9602
threshold=3.0011111497879033 1.9988061189651491 99.732223510742202 0.026363849639892582 6.5000000000000009 352.50000000000006 65.630001068115249 333.00666809082037 51.001667022705085 3.5000000000000004 13.921666622161867 228.50000000000003 186.86325836181643 44.051666259765632
decision_type=2 2 2 2 2 2 2 2 2 2 2 2 2 2
left_child=3 4 9 -1 5 6 -2 -6 -9 11 -11 -3 13 -4
right_child=1 2 12 -5 7 -7 -8 8 -10 10 -12 -13 -14 -15
leaf_value=0 8.4501467353159336e-07 -0.026955596521542224 -0.55818855390098021 0 0 -0.00042667412214211493 -0.00034528713637948356 0.011426659947574028 5.8331494392604608e-05 0.078787335119426691 -0.052251316731048505 -1.0086090551791569 -1.1422718842945738 -0.031135604351727686
leaf_weight=18523 12905 10144 3740 9268 39487 599 1948 244 614 2786 2944 169 593 1119
leaf_count=18523 12905 10144 3740 9268 39487 599 1948 244 614 2786 2944 169 593 1119
internal_value=-0.000149399 -0.00178338 -0.00495116 0.00439452 -0.000562704 0.00273015 0.00369834 -0.00182404 0.0112399 -0.00197844 0.00195292 -0.00416263 -0.0136888 -0.0119141
internal_weight=105083 77292 21495 27791 55797 15452 14853 40345 858 16043 5730 10313 5452 4859
internal_count=105083 77292 21495 27791 55797 15452 14853 40345 858 16043 5730 10313 5452 4859
is_linear=0
shrinkage=0.05


Tree=17
num_leaves=15
num_cat=0
split_feature=105 95 16 115 106 110 117 11 171 80 92 105 11 97
split_gain=365.883 97.9389 87.4938 75.8609 84.5338 111.633 88.9149 59.7512 42.4299 39.0103 35.7107 33.7076 21.6599 17.7866
threshold=3.0011111497879033 0.026363849639892582 412.91999816894537 484.50000000000006 144.00666809082034 0.84022337198257457 18.687846183776859 21.001667022705082 -0.37940952181816096 33.796667098999031 5.1056594848632821 0.26944445073604589 3.0016666650772099 1.0066666603088381
decision_type=2 2 2 2 2 2 2 2 2 2 2 2 2 2
left_child=1 13 3 4 6 -6 -2 -5 -3 -9 -4 -10 -13 -1
right_child=2 8 10 7 5 -7 -8 9 11 -11 -12 12 -14 -15
leaf_value=0 0 0 -0.11051905177644641 0 0.0016272730611898156 -0.15466201640890442 0 0.057972046930639204 0 0.017816761904573042 -2.0909255734464418 0 0.0010828604488830288 0
leaf_weight=12988 12108 3157 392 314 911 6794 55986 245 2488 355 187 3302 321 5535
leaf_count=12988 12108 3157 392 314 911 6794 55986 245 2488 355 187 3302 321 5535
internal_value=-0.000525274 0.00439452 -0.0022944 -0.00214748 -0.00232046 -0.00728275 -0.00175847 0.0121328 0.00858945 0.0213223 -0.0215753 0.0110203 0.00792448 0.00229383
internal_weight=105083 27791 77292 76713 75799 7705 68094 914 9268 600 579 6111 3623 18523
internal_count=105083 27791 77292 76713 75799 7705 68094 914 9268 600 579 6111 3623 18523
is_linear=0
shrinkage=0.05


Tree=18
num_leaves=15
num_cat=0
split_feature=105 16 95 117 15 106 17 171 19 95 105 18 162 133
split_gain=358.984 108.169 88.9725 71.9896 66.5856 63.0483 158.395 74.0038 47.9351 46.46 41.9231 41.4923 39.1103 45.3099
threshold=3.0011111497879033 301.00666809082037 1.0000000180025095e-35 18.687846183776859 356.95166015625006 139.16666412353518 242.0100021362305 0.12940952181816109 20.996666908264164 5.8374044895172128 0.12222222238779069 149.41666412353518 0.47718253731727606 14.853333473205568
decision_type=2 2 2 2 2 2 2 2 2 2 2 2 2 2
left_child=2 3 -1 12 8 7 -7 -5 -3 -10 -4 -6 -2 -14
right_child=1 4 10 5 11 6 -8 -9 9 -11 -12 -13 13 -15
leaf_value=0 -0.073542984158403948 0.018110492412619968 0 0 -0.59620018151070209 -0.1006160383403687 0.015296857814086932 0 -4.2250733676579673e-08 -0.28847405313322361 0 -0.029547073724906916 0 0
leaf_weight=18316 1020 227 3826 29451 463 6146 759 26291 499 567 5649 162 5244 6463
leaf_count=18316 1020 227 3826 29451 463 6146 759 26291 499 567 5649 162 5244 6463
internal_value=-0.000577611 -0.00232997 0.00429558 -0.00203107 -0.0140406 -0.00133435 -0.00583936 -0.000775827 -0.00751156 -0.0119514 0.00822785 -0.027381 -0.00545869 -0.00463627
internal_weight=105083 77292 27791 75374 1918 62647 6905 55742 1293 1066 9475 625 12727 11707
internal_count=105083 77292 27791 75374 1918 62647 6905 55742 1293 1066 9475 625 12727 11707
is_linear=0
shrinkage=0.05


Tree=19
num_leaves=15
num_cat=0
split_feature=105 95 107 90 30 148 60 11 106 102 147 109 90 105
split_gain=332.033 88.9725 80.865 180.49 78.6951 70.0324 67.0096 65.7051 87.1366 63.8912 57.4422 56.7899 54.7472 41.9231
threshold=3.0011111497879033 1.0000000180025095e-35 4.6373808383941659 80.876110076904311 1.0000000180025095e-35 1196.0794677734377 242.50000000000003 70.001667022705092 70.001667022705092 21.969948768615726 1.0000000180025095e-35 356.68333435058599 215.73889160156253 0.12222222238779069
decision_type=2 2 2 2 2 2 2 2 2 2 2 2 2 2
left_child=1 -1 4 7 6 12 10 8 -4 -6 -2 -8 -5 -3
right_child=2 13 3 5 9 -7 11 -9 -10 -11 -12 -13 -14 -15
leaf_value=0 0 0 0.0015526036031151898 -0.41449782623105097 -0.0097790071948466346 -0.08425836434756305 0 0.075405291464507029 -0.44658150329562185 0.0036620725118848732 0 0.029784060342148588 -1.5749692583606538 0
leaf_weight=18316 5868 3826 4833 2773 1690 2506 2689 1104 1179 10466 42989 266 929 5649
leaf_count=18316 5868 3826 4833 2773 1690 2506 2689 1104 1179 10466 42989 266 929 5649
internal_value=-0.000391101 0.00429558 -0.00207641 -0.00561933 -0.00133806 -0.0118461 -0.00218751 -0.000182559 -0.00224364 0.00228188 -0.00262986 0.00511824 -0.0162126 0.00822785
internal_weight=105083 27791 77292 13324 63968 6208 51812 7116 6012 12156 48857 2955 3702 9475
internal_count=105083 27791 77292 13324 63968 6208 51812 7116 6012 12156 48857 2955 3702 9475
is_linear=0
shrinkage=0.05


Tree=20
num_leaves=15
num_cat=0
split_feature=105 95 110 90 165 96 118 164 161 172 116 114 100 110
split_gain=338.195 88.9725 67.4374 124.939 63.5928 84.3885 70.216 67.99 58.1881 60.7174 57.9151 49.5831 49.7608 47.714
threshold=3.0011111497879033 1.0000000180025095e-35 15.172244071960451 215.73889160156253 14.500000000000002 8.0245141983032244 391.07499694824224 1068.9010009765627 168.53021240234378 0.60355338454246532 121.81352996826173 191.31626129150393 449.17999267578131 0.0041457810439169416
decision_type=2 2 2 2 2 2 2 2 2 2 2 2 2 2
left_child=1 -1 4 11 6 -6 10 -7 9 -5 -2 12 -4 -8
right_child=2 -3 3 8 5 7 13 -9 -10 -11 -12 -13 -14 -15
leaf_value=0 0 0 -0.0065990264336395019 -0.5432239993458351 -4.2250733676579673e-08 8.0276393985501382e-07 0 -0.00018314587632792026 -0.016794645213207816 -1.9774292740238171 -0.26906258907795677 -0.37382829596663197 0.10234186068128681 0
leaf_weight=18316 28393 9475 8930 1392 2173 21763 2985 609 581 357 217 337 521 9034
leaf_count=18316 28393 9475 8930 1392 2173 21763 2985 609 581 357 217 337 521 9034
internal_value=-0.000434398 0.00429558 -0.00213527 -0.00555968 -0.00149818 0.000511202 -0.00271201 0.00142557 -0.0159529 -0.020496 -0.00405906 -0.00307873 -0.00240059 0.000494844
internal_weight=105083 27791 77292 12118 65174 24545 40629 22372 2330 1749 28610 9788 9451 12019
internal_count=105083 27791 77292 12118 65174 24545 40629 22372 2330 1749 28610 9788 9451 12019
is_linear=0
shrinkage=0.05


Tree=21
num_leaves=15
num_cat=0
split_feature=105 95 86 132 103 173 156 106 15 161 88 81 113 60
split_gain=328.603 88.9725 71.9674 122.281 86.7657 83.5404 158.568 73.1004 70.868 65.9688 64.4789 60.699 59.7617 56.6292
threshold=3.0011111497879033 1.0000000180025095e-35 43.001667022705085 42.696252822875984 499.93333435058599 0.6078576147556306 0.093750000000000014 144.00666809082034 356.95166015625006 0.94193878769874584 233.98500061035159 203.14666748046878 6.2363226413726816 245.50000000000003
decision_type=2 2 2 2 2 2 2 2 2 2 2 2 2 2
left_child=1 -1 4 8 7 6 -6 -2 9 -4 13 -9 -10 -5
right_child=2 -3 3 10 5 -7 -8 11 12 -11 -12 -13 -14 -15
leaf_value=0 0 0 0.011609044083244098 0 0.00036277773844573739 0 0 -0.40444737228067518 0.020258721421238295 -0.01048628972100998 -0.00040944990352013348 0.14049518278082168 -1.0386288098727328 0.0060294263863835138
leaf_weight=18316 51429 9475 138 4998 776 888 1452 3013 105 10500 1905 193 429 1466
leaf_count=18316 51429 9475 138 4998 776 888 1452 3013 105 10500 1905 193 429 1466
internal_value=-0.000366835 0.00429558 -0.00204342 -0.00466592 -0.00115572 0.0069529 0.0121137 -0.00161878 -0.00808804 -0.00718782 -9.55338e-05 -0.00893803 -0.0257885 0.00228783
internal_weight=105083 27791 77292 19541 57751 3116 2228 54635 11172 10638 8369 3206 534 6464
internal_count=105083 27791 77292 19541 57751 3116 2228 54635 11172 10638 8369 3206 534 6464
is_linear=0
shrinkage=0.05


Tree=22
num_leaves=15
num_cat=0
split_feature=105 107 105 94 95 107 95 29 42 89 114 164 106 110
split_gain=246.392 102.206 164.304 112.453 230.791 87.6733 87.5778 82.7613 81.6517 73.6454 66.3587 65.5424 61.7651 57.6313
threshold=5.6688888072967538 1.7633190155029299 75.012222290039077 63.616666793823249 1.0000000180025095e-35 0.0021465017925947909 1.0000000180025095e-35 5.9949998855590829 64.500000000000014 2.0016666650772099 186.86325836181643 1068.9010009765627 1.0016666650772097 8.0963873863220233
decision_type=2 2 2 2 2 2 2 2 2 2 2 2 2 2
left_child=6 3 8 9 7 -6 -1 -5 -3 -2 13 -11 -8 -4
right_child=1 2 10 4 5 -7 12 -9 -10 11 -12 -13 -14 -15
leaf_value=0 0 -0.020105406469586279 -0.002670943419237304 0.00054238371934601202 2.0472495176006674e-05 -0.00087582039528072127 0 0 0.10023758734310823 0 -0.90066790181825973 9.1150430827194344e-06 0 -0.37581546940473259
leaf_weight=19751 4721 11051 1724 962 9418 13518 5404 329 3062 19981 721 260 8299 5882
leaf_count=19751 4721 11051 1724 962 9418 13518 5404 329 3062 19981 721 260 8299 5882
internal_value=0.000302604 -0.00135201 -0.00414792 -7.62288e-05 0.0023502 0.00119001 0.003845 0.0228781 -0.000860603 -0.00243121 -0.00971555 -0.00111874 0.00691567 -0.00833005
internal_weight=105083 71629 22440 49189 24227 22936 33454 1291 14113 24962 8327 20241 13703 7606
internal_count=105083 71629 22440 49189 24227 22936 33454 1291 14113 24962 8327 20241 13703 7606
is_linear=0
shrinkage=0.05


Tree=23
num_leaves=15
num_cat=0
split_feature=105 95 85 107 90 145 87 139 148 106 11 11 161 165
split_gain=276.934 87.5778 74.6722 76.0842 134.131 75.5443 109.919 79.3813 62.1928 61.7651 60.6194 43.7372 45.7234 30.9622
threshold=5.6688888072967538 1.0000000180025095e-35 436.19166564941412 4.6373808383941659 80.876110076904311 1184.2346801757815 14.714999675750734 1.5333333611488345 1196.0794677734377 1.0016666650772097 70.001667022705092 7.0016667842864999 1388.4650878906252 12.500000000000002
decision_type=2 2 2 2 2 2 2 2 2 2 2 2 2 2
left_child=1 -1 3 5 10 7 -7 -2 -6 13 -5 12 -11 -3
right_child=2 9 -4 4 8 6 -8 -9 -10 11 -12 -13 -14 -15
leaf_value=0 0 0 -1.0236247588003337e-06 -0.016661423070062617 -0.55702557597097435 0.00056810550581453507 0 -0.00041043339008194106 -0.071091361401769512 0 0.0766120801441868 0.0040720747865619243 0.00052431448605049901 0
leaf_weight=19751 47683 2540 159 5887 3701 1521 4693 4377 2504 7883 1104 252 164 2864
leaf_count=19751 47683 2540 159 5887 3701 1521 4693 4377 2504 7883 1104 252 164 2864
internal_value=8.94488e-05 0.003845 -0.00166471 -0.00158727 -0.00501477 -0.000810755 0.00439781 -0.00143282 -0.0103623 0.00691567 -0.000264437 0.00420279 0.00355191 0.0110741
internal_weight=105083 33454 71629 71470 13196 58274 6214 52060 6205 13703 6991 8299 8047 5404
internal_count=105083 33454 71629 71470 13196 58274 6214 52060 6205 13703 6991 8299 8047 5404
is_linear=0
shrinkage=0.05


Tree=24
num_leaves=15
num_cat=0
split_feature=10 95 107 90 106 85 11 105 6 117 148 175 104 77
split_gain=236.064 80.5563 79.5007 123.165 68.3408 67.8548 66.0017 64.5616 62.9193 62.3904 67.437 50.6562 40.4604 36.1627
threshold=5.5499999523162851 1.0000000180025095e-35 4.6373808383941659 96.001110076904311 1.0016666650772097 436.19166564941412 7.4783332347869882 8.6722221374511737 360.91999816894537 17.884552955627445 312.84930419921881 -0.93301269412040699 32.900953292846687 7.5000000000000009
decision_type=2 2 2 2 2 2 2 2 2 2 2 2 2 2
left_child=1 -1 5 13 -3 9 7 -6 11 12 -11 -5 -2 -4
right_child=2 4 3 8 6 -7 -8 -9 -10 10 -12 -13 -14 -15
leaf_value=0 0 0 -0.076510340259707002 0.027102993215660811 0 -9.7244352086031707e-07 0.0061627574741690812 -1.4594252605382234 -1.339815455553071 6.8842774623126781e-06 0 -0.36956358979635762 -0.00060986013666702789 0.0069818764535090703
leaf_weight=19751 4994 5404 3100 565 8050 159 624 203 353 8559 42184 4146 2573 4418
leaf_count=19751 4994 5404 3100 565 8050 159 624 203 353 8559 42184 4146 2573 4418
internal_value=0.000358747 0.00378265 -0.00128138 -0.00488599 0.00664287 -0.000505353 0.00394055 0.00274885 -0.0109094 -0.000414988 0.000216757 -0.00936175 -0.00464871 -0.000824139
internal_weight=105083 34032 71051 12582 14281 58469 8877 8253 5064 58310 50743 4711 7567 7518
internal_count=105083 34032 71051 12582 14281 58469 8877 8253 5064 58310 50743 4711 7567 7518
is_linear=0
shrinkage=0.05


Tree=25
num_leaves=15
num_cat=0
split_feature=10 165 175 113 114 113 131 94 116 14 98 105 86 112
split_gain=259.343 90.5398 94.9693 97.1692 86.3766 88.3321 86.028 72.9722 72.5491 61.2478 53.7685 49.4461 65.856 62.5589
threshold=6.9983332157135019 14.500000000000002 -0.68301269412040699 154.04944610595706 11.903501033782961 0.49755409359931951 88.129596710205092 38.001667022705085 192.30324554443362 204.07499694824222 0.45719431340694433 3.0011111497879033 48.010000228881843 1.0066666603088381
decision_type=2 2 2 2 2 2 2 2 2 2 2 2 2 2
left_child=7 2 6 9 -3 -6 10 11 -7 -4 -2 13 -13 -1
right_child=1 4 3 -5 5 8 -8 -9 -10 -11 -12 12 -14 -15
leaf_value=0 0.0025892634910981852 -0.00011075313061300566 0 0.0099635181196687864 0.00031713531348604145 0.00033915255917636782 -0.00036561874555910464 0 -1.4385782567547034 -0.18863510327336167 0 0 0.00052423420965651355 0
leaf_weight=14045 168 3433 28556 273 410 23544 575 5403 107 2305 9828 5564 120 10752
leaf_count=14045 168 3433 28556 273 410 23544 575 5403 107 2305 9828 5564 120 10752
internal_value=0.000212203 -0.0015765 -0.00304483 -0.00443495 0.000650933 0.00170988 0.00104955 0.00366129 0.00130834 -0.00469935 0.00213479 0.00271108 -0.00149411 0.00367511
internal_weight=105083 69199 41705 31134 27494 24061 10571 35884 23651 30861 9996 30481 5684 24797
internal_count=105083 69199 41705 31134 27494 24061 10571 35884 23651 30861 9996 30481 5684 24797
is_linear=0
shrinkage=0.05


Tree=26
num_leaves=15
num_cat=0
split_feature=105 161 98 0 94 105 162 107 171 113 112 163 164 166
split_gain=235.385 117.451 132.827 104.963 96.7075 79.1569 77.3281 73.4221 115.887 107.174 66.2472 49.4484 45.9131 44.9982
threshold=12.998888969421388 0.23881397396326068 0.033513279631733901 46.001667022705085 45.895000457763679 3.0011111497879033 271.16815185546881 0.59761357307434093 0.37940952181816107 80.953662872314467 1.0066666603088381 506.00000000000006 449.87580871582037 13.500000000000002
decision_type=2 2 2 2 2 2 2 2 2 2 2 2 2 2
left_child=4 11 3 -3 5 10 12 9 -9 -4 -1 -2 -7 -6
right_child=1 2 7 -5 13 6 -8 8 -10 -11 -12 -13 -14 -15
leaf_value=0 -0.046878739452141674 0 0 0.00030127854781173942 0.00012406201454375436 0 0 -0.058413005485246285 -0.00029261989784140803 0.0097201285922154466 0 -3.4421387311563392e-07 -3.4421387311563392e-07 0
leaf_weight=14045 730 179 27899 286 3954 10170 2282 15126 14114 1224 10947 270 508 3349
leaf_count=14045 730 179 27899 286 3954 10170 2282 15126 14114 1224 10947 270 508 3349
internal_value=0.000400141 -0.00165795 -0.00136828 0.0251064 0.00312086 0.00210633 -0.0010644 -0.00158135 -0.003351 0.000195688 0.00375045 -0.018607 -0.00285032 0.00838807
internal_weight=105083 59828 58828 465 45255 37952 12960 58363 29240 29123 24992 1000 10678 7303
internal_count=105083 59828 58828 465 45255 37952 12960 58363 29240 29123 24992 1000 10678 7303
is_linear=0
shrinkage=0.05


Tree=27
num_leaves=15
num_cat=0
split_feature=105 77 113 142 158 27 100 101 102 86 60 92 10 110
split_gain=156.957 87.706 155.803 99.8581 92.0156 72.4813 66.5512 59.0907 51.1899 48.3465 103.843 64.5582 61.6712 75.453
threshold=13.348888874053957 2.5000000000000004 0.12336258962750436 1662.1563720703127 22.7237663269043 428.57501220703131 499.93333435058599 11.514950275421144 215.58661651611331 43.991666793823249 122.50000000000001 0.0080108535476028937 2.4816666841506962 13.855628490448
decision_type=2 2 2 2 2 2 2 2 2 2 2 2 2 2
left_child=5 6 -3 4 -4 9 7 -2 -9 12 11 -11 -1 -14
right_child=1 2 3 -5 -6 -7 -8 8 -10 10 -12 -13 13 -15
leaf_value=0 -0.045333332419395446 0.00028621462042115241 2.4511042613952012e-06 0.011488266746320955 -0.00043709202027512748 -6.2031007271877183e-06 0.013528670076107288 -1.0236247588003337e-06 0.017550822277597435 0.00035138210881427602 0 1.9448870417206343e-05 0 0.0003299513216819751
leaf_weight=25653 1403 310 23092 589 14157 328 101 18912 134 893 1421 1756 15453 881
leaf_count=25653 1403 310 23092 589 14157 328 101 18912 134 893 1421 1756 15453 881
internal_value=0.000200784 -0.00151696 -9.82885e-05 -0.000389768 -0.000714017 0.00237443 -0.00414984 -0.00435367 -0.00362186 0.00254223 0.00774233 0.0135833 0.00203729 -0.000364159
internal_weight=105083 58698 38148 37838 37249 46385 20550 20449 19046 46057 4070 2649 41987 16334
internal_count=105083 58698 38148 37838 37249 46385 20550 20449 19046 46057 4070 2649 41987 16334
is_linear=0
shrinkage=0.05


Tree=28
num_leaves=15
num_cat=0
split_feature=107 105 134 108 87 146 43 162 102 158 160 102 105 165
split_gain=148.372 158.717 84.5794 79.6968 76.8352 90.4552 74.7628 67.0343 66.5295 64.7965 84.3645 74.7486 58.1806 58.9786
threshold=0.58280399441719066 50.88722229003907 177.85159301757815 334.53694152832037 28.005000114440922 72.400447845458999 36.500000000000007 22.02653789520264 72.110042572021499 17.660473823547367 2754.5000000000005 58.824151992797859 21.934444427490238 13.500000000000002
decision_type=2 2 2 2 2 2 2 2 2 2 2 2 2 2
left_child=2 6 3 4 5 -1 12 -3 -6 11 -11 -9 -2 -14
right_child=1 7 -4 -5 8 -7 -8 9 -10 10 -12 -13 13 -15
leaf_value=0 0.00095025810720476215 -0.44549948161427411 -5.8929456908283325e-06 0.01965166582129254 0 0.0003338130033735622 0.10687015191390731 -0.2132387412682685 0 -0.18119629807814133 0.061908736137962606 0.007019024098870872 -0.04826878681390704 0.0013527878471121823
leaf_weight=47247 9121 1889 232 690 5339 2651 2071 1778 12965 5029 1068 7099 3494 4410
leaf_count=47247 9121 1889 232 690 5339 2651 2071 1778 12965 5029 1068 7099 3494 4410
internal_value=0.000616626 -0.0019881 0.00197168 0.00207411 0.0019023 0.00291866 0.00113345 -0.00552229 -0.000868425 -0.00439949 -0.00836611 -0.00167192 4.11039e-05 -0.00309774
internal_weight=105083 35959 69124 68892 68202 49898 19096 16863 18304 14974 6097 8877 17025 7904
internal_count=105083 35959 69124 68892 68202 49898 19096 16863 18304 14974 6097 8877 17025 7904
is_linear=0
shrinkage=0.05


Tree=29
num_leaves=15
num_cat=0
split_feature=107 105 117 108 149 119 144 16 30 144 10 110 87 6
split_gain=143.173 120.281 99.1744 82.1525 81.007 113.199 81.189 139.103 68.2583 67.9694 67.9082 61.1785 55.2691 53.0515
threshold=0.58280399441719066 56.76111030578614 25.149653434753422 334.53694152832037 86.241191864013686 5.9723634719848642 4.6566319465637216 104.71166610717775 1.0000000180025095e-35 1.0081713199615481 17.625000000000004 18.112015724182132 66.566665649414077 279.95166015625006
decision_type=2 2 2 2 2 2 2 2 2 2 2 2 2 2
left_child=3 2 -2 4 6 -6 12 -8 10 -7 -4 -3 -1 -13
right_child=1 11 8 -5 5 9 7 -9 -10 -11 -12 13 -14 -15
leaf_value=0 -0.0035747030676082422 -0.039227562197609173 0.002259096276160119 0.01866908253022791 -1.669065016867811e-05 0 0.00047105060058013661 -0.021071024218081769 0.026964765930287994 0 -0.021022786834642971 -0.30029037634875078 0 -1.0677742422817393
leaf_weight=50114 6957 9889 2968 690 163 3560 3650 542 5985 6926 4826 4702 3479 632
leaf_count=50114 6957 9889 2968 690 163 3560 3650 542 5985 6926 4826 4702 3479 632
internal_value=0.000413463 -0.0021452 0.000332674 0.00174456 0.00157074 -0.0024357 0.00230922 0.00900643 0.00278947 -0.00178248 -0.00029491 -0.00551944 0.00178458 -0.0098333
internal_weight=105083 35959 20736 69124 68434 10649 57785 4192 13779 10486 7794 15223 53593 5334
internal_count=105083 35959 20736 69124 68434 10649 57785 4192 13779 10486 7794 15223 53593 5334
is_linear=0
shrinkage=0.05


Tree=30
num_leaves=15
num_cat=0
split_feature=80 98 144 116 107 108 91 166 105 159 102 108 87 10
split_gain=114.586 165.225 123.31 99.1898 94.1297 85.0367 74.5464 72.9843 64.3889 62.6896 54.5212 53.064 75.811 55.7393
threshold=12.63166666030884 0.033513279631733901 24.593415260314945 17.672322273254398 2.5707720518112187 213.310417175293 434.12998962402349 9.5000000000000018 144.01110839843753 588.73959350585949 64.599594116210952 40.692777633666999 1.0016666650772097 1.481666684150696
decision_type=2 2 2 2 2 2 2 2 2 2 2 2 2 2
left_child=2 3 8 -2 6 10 7 -3 11 -8 -6 13 -13 -1
right_child=1 4 -4 -5 5 -7 9 -9 -10 -11 -12 12 -14 -15
leaf_value=0 0 6.004662817816789e-05 -1.5856117660244207e-05 0.00028626580165909242 -0.12856428747349877 -0.57322522546664589 0.0055777346343971433 -1.2255521306976008e-07 -2.0802996529555791 -6.2031007271877183e-06 -0.019242213463067787 -0.00012587088360639499 0.0072657451098983626 0
leaf_weight=23263 197 14440 285 302 3638 1310 895 22387 575 172 7299 990 4474 24856
leaf_count=23263 197 14440 285 302 3638 1310 895 22387 575 172 7299 990 4474 24856
internal_value=0.000408705 -0.00130319 0.00200099 0.0271825 -0.00158936 -0.00539912 -0.000357529 -0.000735773 0.00217492 0.0126399 -0.00395266 0.00235407 0.00702139 0.00182341
internal_weight=105083 50640 54443 499 50141 12247 37894 36827 54158 1067 10937 53583 5464 48119
internal_count=105083 50640 54443 499 50141 12247 37894 36827 54158 1067 10937 53583 5464 48119
is_linear=0
shrinkage=0.05


Tree=31
num_leaves=15
num_cat=0
split_feature=10 113 105 100 149 142 134 1 121 91 107 6 145 104
split_gain=121.352 101.349 191.669 94.0701 111.599 93.9015 95.0622 93.7382 87.6367 74.3116 75.5041 72.1028 70.3764 69.8757
threshold=2.4816666841506962 2.1775205135345463 71.002223968505874 450.11999511718756 29.289787292480472 622.12612915039074 177.85159301757815 11.001666545867922 237.43499755859378 196.39665985107425 2.9205081462860112 18.005000114440922 1223.3635253906252 133.74863433837893
decision_type=2 2 2 2 2 2 2 2 2 2 2 2 2 2
left_child=5 2 3 4 -2 6 7 12 -9 -3 11 -11 -1 -5
right_child=1 9 -4 13 -6 -7 -8 8 -10 10 -12 -13 -14 -15
leaf_value=0 0 0 0.00069103546189290847 0 6.1277606534880041e-09 -1.5063311777231997e-05 -8.6006298151953094e-06 6.1277606534880041e-09 -9.663157602068291e-07 0.014471460401708151 -0.3668884667063026 -0.00027495371820672926 -1.5063311777231997e-05 -2.1508205766776232e-05
leaf_weight=23525 5580 56193 725 128 5074 331 191 2206 655 392 3327 6114 278 364
leaf_count=23525 5580 56193 725 128 5074 331 191 2206 655 392 3327 6114 278 364
internal_value=0.000628997 -0.00037483 0.00387757 0.00225092 0.00324139 0.00350484 0.00383284 0.00408714 0.0126308 -0.00113962 -0.0051484 -0.00201198 0.0030578 -0.0190141
internal_weight=105083 77897 11871 11146 10654 27186 26855 26664 2861 66026 9833 6506 23803 492
internal_count=105083 77897 11871 11146 10654 27186 26855 26664 2861 66026 9833 6506 23803 492
is_linear=0
shrinkage=0.05


Tree=32
num_leaves=15
num_cat=0
split_feature=165 107 82 29 22 114 146 101 145 110 60 80 161 118
split_gain=90.6147 116.617 137.093 201.398 191.546 161.288 125.651 99.8529 117.275 94.38 87.1658 75.7757 70.0809 69.2944
threshold=13.500000000000002 1.0000000180025095e-35 13.448333263397219 1.0000000180025095e-35 16.996666908264164 16.919913291931156 119.83508682250978 120.50486755371095 1157.614440917969 1.0000000180025095e-35 6.5000000000000009 12.63166666030884 1079.7581787109377 181.37333679199222
decision_type=2 2 2 2 2 2 2 2 2 2 2 2 2 2
left_child=1 2 4 9 6 -5 -1 -2 10 -4 12 -3 -9 -6
right_child=7 11 3 5 13 -7 -8 8 -10 -11 -12 -13 -14 -15
leaf_value=0 0 0 5.7308998593504697e-08 5.8213726208136039e-09 0 -9.1799997219648776e-07 -1.4310146188370395e-05 0 0.043912427514546569 2.9800155478560738e-06 -0.0036704050828212324 -0.023766933348237554 -6.2446196704495592e-06 -3.0638803267440021e-10
leaf_weight=22105 41312 8809 2069 1007 221 5815 173 1019 580 2867 702 17396 150 858
leaf_count=22105 41312 8809 2069 1007 221 5815 173 1019 580 2867 702 17396 150 858
internal_value=0.000280717 -0.000959641 0.000923975 0.00532602 -0.0012927 -0.000241687 -0.000293946 0.0020186 -0.00777687 0.0130136 -0.0138593 -0.0034834 -0.00545145 -0.0218173
internal_weight=105083 61320 35115 11758 23357 6822 22278 43763 2451 4936 1871 26205 1169 1079
internal_count=105083 61320 35115 11758 23357 6822 22278 43763 2451 4936 1871 26205 1169 1079
is_linear=0
shrinkage=0.05


Tree=33
num_leaves=15
num_cat=0
split_feature=166 106 81 147 146 80 162 129 111 79 167 111 120 176
split_gain=110.392 89.6159 77.8527 85.6986 90.0645 90.8452 79.2057 58.5661 50.1951 44.9725 64.2359 82.0238 62.6891 57.5145
threshold=7.5000000000000009 219.3999938964844 436.19166564941412 9.3427109718322772 181.85274505615237 0.99166667461395275 58.674354553222663 6.7772743701934823 356.40315246582037 450.50000000000006 1.5000000000000002 149.50551605224612 320.01554870605474 -0.68301269412040699
decision_type=2 2 2 2 2 2 2 2 2 2 2 2 2 2
left_child=1 9 3 4 5 -2 -6 -3 -5 10 11 -1 -12 -11
right_child=2 7 -4 8 6 -7 -8 -9 -10 13 12 -13 -14 -15
leaf_value=0 0 -1.3289621505651259 -0.00026138074902063091 3.1311095905052431e-07 -1.3594638878951875e-05 0 -1.6785207397407085e-05 0.048835793983566647 0.025720021451483485 5.5394626793014377e-06 0 -0.60871859258851746 0.00062515610670926293 0
leaf_weight=8547 14619 660 156 3063 492 50711 891 360 124 902 21845 161 110 2442
leaf_count=8547 14619 660 156 3063 492 50711 891 360 124 902 21845 161 110 2442
internal_value=0.00047151 0.00276319 -0.000674412 -0.000594378 -0.000977248 -0.000709421 -0.0135807 -0.0118049 0.00740915 0.00320181 0.00260043 -0.00103294 0.00404144 0.00870409
internal_weight=105083 35027 70056 69900 66713 65330 1383 1020 3187 34007 30663 8708 21955 3344
internal_count=105083 35027 70056 69900 66713 65330 1383 1020 3187 34007 30663 8708 21955 3344
is_linear=0
shrinkage=0.05


end of trees

feature_importances:
roll0003_stddev_pop_fixed_avg_active_gpus_F30=39
roll0003_mean_fixed_avg_active_gpus_F30=38
melbourne_hour=25
lag_fixed_avg_active_gpus_F30_0001=21
roll0012_stddev_pop_fixed_avg_active_gpus_F30=20
roll0003_max_fixed_avg_active_gpus_F30=17
melbourne_day_of_week=16
roll0012_stddev_pop_total_avg_active_gpus=15
lag_running_job_equivalents_0001=10
roll2016_mean_fixed_avg_active_gpus_F30=10
roll0003_mean_total_avg_active_gpus=9
roll0288_mean_fixed_avg_active_gpus_F30=8
lag_fixed_avg_active_gpus_F30_0048=7
roll2016_mean_total_avg_active_gpus=7
roll0048_stddev_pop_fixed_avg_active_gpus_F30=7
lag_fixed_avg_active_gpus_F30_0002=6
lag_running_job_equivalents_0288=6
roll0012_mean_fixed_avg_active_gpus_F30=6
roll0288_stddev_pop_queued_requested_gpus=6
roll2016_mean_queued_requested_gpus=6
utc_hour=6
hour_sin=6
lag_fixed_avg_active_gpus_F30_0024=5
lag_queued_job_count_0001=5
lag_running_job_equivalents_0048=5
roll0048_stddev_pop_total_avg_active_gpus=5
roll2016_stddev_pop_total_avg_active_gpus=5
roll2016_stddev_pop_queued_requested_gpus=5
lag_total_avg_active_gpus_0001=4
lag_fixed_avg_active_gpus_F30_0006=4
lag_arriving_job_count_0002=4
roll0012_max_total_avg_active_gpus=4
roll0288_max_total_avg_active_gpus=4
roll0288_max_fixed_avg_active_gpus_F30=4
roll2016_max_arriving_flexible_gpu_hours_F30=4
roll2016_stddev_pop_arriving_flexible_gpu_hours_F30=4
lag_total_avg_active_gpus_0048=3
lag_fixed_avg_active_gpus_F30_0012=3
lag_fixed_avg_active_gpus_F30_0288=3
lag_arriving_requested_gpus_0003=3
lag_arriving_requested_gpus_0006=3
lag_queued_requested_gpus_0288=3
lag_running_job_equivalents_0024=3
roll0003_max_total_avg_active_gpus=3
roll0288_mean_total_avg_active_gpus=3
roll0048_mean_fixed_avg_active_gpus_F30=3
roll0288_stddev_pop_fixed_avg_active_gpus_F30=3
roll0288_mean_arriving_flexible_gpu_hours_F30=3
roll0288_max_arriving_flexible_gpu_hours_F30=3
roll0288_stddev_pop_arriving_flexible_gpu_hours_F30=3
roll0288_mean_queued_requested_gpus=3
melbourne_day_of_year=3
month_sin=3
month_cos=3
lag_total_avg_active_gpus_2016=2
lag_flexible_avg_active_gpus_F30_2016=2
lag_arriving_job_count_0001=2
lag_arriving_requested_gpus_0002=2
lag_running_job_equivalents_0002=2
roll0003_stddev_pop_total_avg_active_gpus=2
roll0048_mean_total_avg_active_gpus=2
roll0048_max_total_avg_active_gpus=2
roll0288_stddev_pop_total_avg_active_gpus=2
roll2016_max_total_avg_active_gpus=2
roll0012_max_fixed_avg_active_gpus_F30=2
roll0048_max_fixed_avg_active_gpus_F30=2
roll2016_max_fixed_avg_active_gpus_F30=2
roll2016_stddev_pop_fixed_avg_active_gpus_F30=2
roll0288_mean_flexible_avg_active_gpus_F30=2
roll2016_stddev_pop_flexible_avg_active_gpus_F30=2
roll0048_max_arriving_flexible_gpu_hours_F30=2
roll2016_mean_arriving_flexible_gpu_hours_F30=2
roll0048_stddev_pop_queued_requested_gpus=2
roll2016_max_queued_requested_gpus=2
lag_total_avg_active_gpus_0002=1
lag_total_avg_active_gpus_0024=1
lag_fixed_avg_active_gpus_F30_0003=1
lag_fixed_avg_active_gpus_F30_0576=1
lag_fixed_avg_active_gpus_F30_2016=1
lag_flexible_avg_active_gpus_F30_0003=1
lag_flexible_avg_active_gpus_F30_0288=1
lag_arriving_job_count_0006=1
lag_arriving_job_count_0024=1
lag_arriving_job_count_0288=1
lag_arriving_requested_gpus_0288=1
lag_queued_requested_gpus_2016=1
lag_running_job_equivalents_0003=1
lag_running_job_equivalents_0576=1
lag_running_job_equivalents_2016=1
roll0003_mean_flexible_avg_active_gpus_F30=1
roll0003_max_flexible_avg_active_gpus_F30=1
roll0012_max_flexible_avg_active_gpus_F30=1
roll0288_stddev_pop_flexible_avg_active_gpus_F30=1
roll2016_mean_flexible_avg_active_gpus_F30=1
roll2016_max_flexible_avg_active_gpus_F30=1
roll0012_max_arriving_flexible_gpu_hours_F30=1
roll0012_stddev_pop_queued_requested_gpus=1
roll0048_mean_queued_requested_gpus=1
roll0048_max_queued_requested_gpus=1
roll0288_max_queued_requested_gpus=1
hour_cos=1
weekday_sin=1
weekday_cos=1

parameters:
[boosting: gbdt]
[objective: regression_l1]
[metric: l1]
[tree_learner: serial]
[device_type: cpu]
[data_sample_strategy: bagging]
[data: ]
[valid: ]
[num_iterations: 34]
[learning_rate: 0.05]
[num_leaves: 15]
[num_threads: 4]
[seed: 20260721]
[deterministic: 1]
[force_col_wise: 1]
[force_row_wise: 0]
[histogram_pool_size: -1]
[max_depth: 5]
[min_data_in_leaf: 100]
[min_sum_hessian_in_leaf: 0.001]
[bagging_fraction: 1]
[pos_bagging_fraction: 1]
[neg_bagging_fraction: 1]
[bagging_freq: 0]
[bagging_seed: 11591]
[bagging_by_query: 0]
[feature_fraction: 1]
[feature_fraction_bynode: 1]
[feature_fraction_seed: 24120]
[extra_trees: 0]
[extra_seed: 12737]
[early_stopping_round: 0]
[early_stopping_min_delta: 0]
[first_metric_only: 0]
[max_delta_step: 0]
[lambda_l1: 0]
[lambda_l2: 5]
[linear_lambda: 0]
[min_gain_to_split: 0]
[drop_rate: 0.1]
[max_drop: 50]
[skip_drop: 0.5]
[xgboost_dart_mode: 0]
[uniform_drop: 0]
[drop_seed: 6762]
[top_rate: 0.2]
[other_rate: 0.1]
[min_data_per_group: 100]
[max_cat_threshold: 32]
[cat_l2: 10]
[cat_smooth: 10]
[max_cat_to_onehot: 4]
[top_k: 20]
[monotone_constraints: ]
[monotone_constraints_method: basic]
[monotone_penalty: 0]
[feature_contri: ]
[forcedsplits_filename: ]
[refit_decay_rate: 0.9]
[cegb_tradeoff: 1]
[cegb_penalty_split: 0]
[cegb_penalty_feature_lazy: ]
[cegb_penalty_feature_coupled: ]
[path_smooth: 0]
[interaction_constraints: ]
[verbosity: -1]
[saved_feature_importance_type: 0]
[use_quantized_grad: 0]
[num_grad_quant_bins: 4]
[quant_train_renew_leaf: 0]
[stochastic_rounding: 1]
[linear_tree: 0]
[max_bin: 255]
[max_bin_by_feature: ]
[min_data_in_bin: 3]
[bin_construct_sample_cnt: 200000]
[data_random_seed: 4436]
[is_enable_sparse: 1]
[enable_bundle: 1]
[use_missing: 1]
[zero_as_missing: 0]
[feature_pre_filter: 1]
[pre_partition: 0]
[two_round: 0]
[header: 0]
[label_column: ]
[weight_column: ]
[group_column: ]
[ignore_column: ]
[categorical_feature: ]
[forcedbins_filename: ]
[precise_float_parser: 0]
[parser_config_file: ]
[objective_seed: 18074]
[num_class: 1]
[is_unbalance: 0]
[scale_pos_weight: 1]
[sigmoid: 1]
[boost_from_average: 1]
[reg_sqrt: 0]
[alpha: 0.9]
[fair_c: 1]
[poisson_max_delta_step: 0.7]
[tweedie_variance_power: 1.5]
[lambdarank_truncation_level: 30]
[lambdarank_norm: 1]
[label_gain: ]
[lambdarank_position_bias_regularization: 0]
[eval_at: ]
[multi_error_top_k: 1]
[auc_mu_weights: ]
[num_machines: 1]
[local_listen_port: 12400]
[time_out: 120]
[machine_list_filename: ]
[machines: ]
[gpu_platform_id: -1]
[gpu_device_id: -1]
[gpu_use_dp: 0]
[num_gpu: 1]

end of parameters

pandas_categorical:[]
