tree
version=v4
num_class=1
num_tree_per_iteration=1
label_index=0
max_feature_idx=176
objective=regression_l1
feature_names=lag_total_avg_active_gpus_0001 lag_total_avg_active_gpus_0002 lag_total_avg_active_gpus_0003 lag_total_avg_active_gpus_0006 lag_total_avg_active_gpus_0012 lag_total_avg_active_gpus_0024 lag_total_avg_active_gpus_0048 lag_total_avg_active_gpus_0288 lag_total_avg_active_gpus_0576 lag_total_avg_active_gpus_2016 lag_fixed_avg_active_gpus_F30_0001 lag_fixed_avg_active_gpus_F30_0002 lag_fixed_avg_active_gpus_F30_0003 lag_fixed_avg_active_gpus_F30_0006 lag_fixed_avg_active_gpus_F30_0012 lag_fixed_avg_active_gpus_F30_0024 lag_fixed_avg_active_gpus_F30_0048 lag_fixed_avg_active_gpus_F30_0288 lag_fixed_avg_active_gpus_F30_0576 lag_fixed_avg_active_gpus_F30_2016 lag_flexible_avg_active_gpus_F30_0001 lag_flexible_avg_active_gpus_F30_0002 lag_flexible_avg_active_gpus_F30_0003 lag_flexible_avg_active_gpus_F30_0006 lag_flexible_avg_active_gpus_F30_0012 lag_flexible_avg_active_gpus_F30_0024 lag_flexible_avg_active_gpus_F30_0048 lag_flexible_avg_active_gpus_F30_0288 lag_flexible_avg_active_gpus_F30_0576 lag_flexible_avg_active_gpus_F30_2016 lag_arriving_job_count_0001 lag_arriving_job_count_0002 lag_arriving_job_count_0003 lag_arriving_job_count_0006 lag_arriving_job_count_0012 lag_arriving_job_count_0024 lag_arriving_job_count_0048 lag_arriving_job_count_0288 lag_arriving_job_count_0576 lag_arriving_job_count_2016 lag_arriving_requested_gpus_0001 lag_arriving_requested_gpus_0002 lag_arriving_requested_gpus_0003 lag_arriving_requested_gpus_0006 lag_arriving_requested_gpus_0012 lag_arriving_requested_gpus_0024 lag_arriving_requested_gpus_0048 lag_arriving_requested_gpus_0288 lag_arriving_requested_gpus_0576 lag_arriving_requested_gpus_2016 lag_arriving_flexible_gpu_hours_F30_0001 lag_arriving_flexible_gpu_hours_F30_0002 lag_arriving_flexible_gpu_hours_F30_0003 lag_arriving_flexible_gpu_hours_F30_0006 lag_arriving_flexible_gpu_hours_F30_0012 lag_arriving_flexible_gpu_hours_F30_0024 lag_arriving_flexible_gpu_hours_F30_0048 lag_arriving_flexible_gpu_hours_F30_0288 lag_arriving_flexible_gpu_hours_F30_0576 lag_arriving_flexible_gpu_hours_F30_2016 lag_queued_job_count_0001 lag_queued_job_count_0002 lag_queued_job_count_0003 lag_queued_job_count_0006 lag_queued_job_count_0012 lag_queued_job_count_0024 lag_queued_job_count_0048 lag_queued_job_count_0288 lag_queued_job_count_0576 lag_queued_job_count_2016 lag_queued_requested_gpus_0001 lag_queued_requested_gpus_0002 lag_queued_requested_gpus_0003 lag_queued_requested_gpus_0006 lag_queued_requested_gpus_0012 lag_queued_requested_gpus_0024 lag_queued_requested_gpus_0048 lag_queued_requested_gpus_0288 lag_queued_requested_gpus_0576 lag_queued_requested_gpus_2016 lag_running_job_equivalents_0001 lag_running_job_equivalents_0002 lag_running_job_equivalents_0003 lag_running_job_equivalents_0006 lag_running_job_equivalents_0012 lag_running_job_equivalents_0024 lag_running_job_equivalents_0048 lag_running_job_equivalents_0288 lag_running_job_equivalents_0576 lag_running_job_equivalents_2016 roll0003_mean_total_avg_active_gpus roll0003_max_total_avg_active_gpus roll0003_stddev_pop_total_avg_active_gpus roll0012_mean_total_avg_active_gpus roll0012_max_total_avg_active_gpus roll0012_stddev_pop_total_avg_active_gpus roll0048_mean_total_avg_active_gpus roll0048_max_total_avg_active_gpus roll0048_stddev_pop_total_avg_active_gpus roll0288_mean_total_avg_active_gpus roll0288_max_total_avg_active_gpus roll0288_stddev_pop_total_avg_active_gpus roll2016_mean_total_avg_active_gpus roll2016_max_total_avg_active_gpus roll2016_stddev_pop_total_avg_active_gpus roll0003_mean_fixed_avg_active_gpus_F30 roll0003_max_fixed_avg_active_gpus_F30 roll0003_stddev_pop_fixed_avg_active_gpus_F30 roll0012_mean_fixed_avg_active_gpus_F30 roll0012_max_fixed_avg_active_gpus_F30 roll0012_stddev_pop_fixed_avg_active_gpus_F30 roll0048_mean_fixed_avg_active_gpus_F30 roll0048_max_fixed_avg_active_gpus_F30 roll0048_stddev_pop_fixed_avg_active_gpus_F30 roll0288_mean_fixed_avg_active_gpus_F30 roll0288_max_fixed_avg_active_gpus_F30 roll0288_stddev_pop_fixed_avg_active_gpus_F30 roll2016_mean_fixed_avg_active_gpus_F30 roll2016_max_fixed_avg_active_gpus_F30 roll2016_stddev_pop_fixed_avg_active_gpus_F30 roll0003_mean_flexible_avg_active_gpus_F30 roll0003_max_flexible_avg_active_gpus_F30 roll0003_stddev_pop_flexible_avg_active_gpus_F30 roll0012_mean_flexible_avg_active_gpus_F30 roll0012_max_flexible_avg_active_gpus_F30 roll0012_stddev_pop_flexible_avg_active_gpus_F30 roll0048_mean_flexible_avg_active_gpus_F30 roll0048_max_flexible_avg_active_gpus_F30 roll0048_stddev_pop_flexible_avg_active_gpus_F30 roll0288_mean_flexible_avg_active_gpus_F30 roll0288_max_flexible_avg_active_gpus_F30 roll0288_stddev_pop_flexible_avg_active_gpus_F30 roll2016_mean_flexible_avg_active_gpus_F30 roll2016_max_flexible_avg_active_gpus_F30 roll2016_stddev_pop_flexible_avg_active_gpus_F30 roll0003_mean_arriving_flexible_gpu_hours_F30 roll0003_max_arriving_flexible_gpu_hours_F30 roll0003_stddev_pop_arriving_flexible_gpu_hours_F30 roll0012_mean_arriving_flexible_gpu_hours_F30 roll0012_max_arriving_flexible_gpu_hours_F30 roll0012_stddev_pop_arriving_flexible_gpu_hours_F30 roll0048_mean_arriving_flexible_gpu_hours_F30 roll0048_max_arriving_flexible_gpu_hours_F30 roll0048_stddev_pop_arriving_flexible_gpu_hours_F30 roll0288_mean_arriving_flexible_gpu_hours_F30 roll0288_max_arriving_flexible_gpu_hours_F30 roll0288_stddev_pop_arriving_flexible_gpu_hours_F30 roll2016_mean_arriving_flexible_gpu_hours_F30 roll2016_max_arriving_flexible_gpu_hours_F30 roll2016_stddev_pop_arriving_flexible_gpu_hours_F30 roll0003_mean_queued_requested_gpus roll0003_max_queued_requested_gpus roll0003_stddev_pop_queued_requested_gpus roll0012_mean_queued_requested_gpus roll0012_max_queued_requested_gpus roll0012_stddev_pop_queued_requested_gpus roll0048_mean_queued_requested_gpus roll0048_max_queued_requested_gpus roll0048_stddev_pop_queued_requested_gpus roll0288_mean_queued_requested_gpus roll0288_max_queued_requested_gpus roll0288_stddev_pop_queued_requested_gpus roll2016_mean_queued_requested_gpus roll2016_max_queued_requested_gpus roll2016_stddev_pop_queued_requested_gpus utc_hour melbourne_hour melbourne_day_of_week melbourne_month melbourne_day_of_year is_weekend hour_sin hour_cos weekday_sin weekday_cos month_sin month_cos
feature_infos=[0:515.73333740234375] [0:515.73333740234375] [0:515.73333740234375] [0:515.73333740234375] [0:515.73333740234375] [0:515.73333740234375] [0:515.73333740234375] [0:515.73333740234375] [0:515.73333740234375] [0:515.73333740234375] [0:515.73333740234375] [0:515.73333740234375] [0:515.73333740234375] [0:515.73333740234375] [0:515.73333740234375] [0:515.73333740234375] [0:515.73333740234375] [0:515.73333740234375] [0:515.73333740234375] [0:515.73333740234375] [0:512] [0:512] [0:512] [0:512] [0:512] [0:512] [0:512] [0:512] [0:512] [0:512] [0:1718] [0:1718] [0:1718] [0:1718] [0:1718] [0:1718] [0:1718] [0:1718] [0:1718] [0:1718] [0:5632] [0:5632] [0:5632] [0:5632] [0:5632] [0:5632] [0:5632] [0:5632] [0:5632] [0:5632] [0:12685.912109375] [0:12685.912109375] [0:12685.912109375] [0:12685.912109375] [0:12685.912109375] [0:12685.912109375] [0:12685.912109375] [0:12685.912109375] [0:12685.912109375] [0:12685.912109375] [0:9596] [0:9596] [0:9596] [0:9596] [0:9596] [0:9596] [0:9596] [0:9596] [0:9596] [0:9596] [0:9599] [0:9599] [0:9599] [0:9599] [0:9599] [0:9599] [0:9599] [0:9599] [0:9599] [0:9599] [0:463] [0:463] [0:463] [0:463] [0:463] [0:463] [0:463] [0:463] [0:463] [0:463] [0:512] [0:515.73333740234375] [0:240.55458068847656] [0:512] [0:515.73333740234375] [0:255.7161865234375] [0:504.01470947265625] [0:515.73333740234375] [0:250.40919494628906] [0:451.16268920898438] [0:515.73333740234375] [0:230.42581176757812] [6.1177248426247388e-05:262.34512329101562] [0.053333334624767303:515.73333740234375] [0.0014853802276775241:183.8941650390625] [0:512] [0:515.73333740234375] [0:240.55458068847656] [0:509.86666870117188] [0:515.73333740234375] [0:246.19882202148438] [0:504.01470947265625] [0:515.73333740234375] [0:250.40919494628906] [0:283.29208374023438] [0:515.73333740234375] [0:225.25091552734375] [6.1177248426247388e-05:169.79315185546875] [0.053333334624767303:515.73333740234375] [0.0014853802276775241:174.28001403808594] [0:512] [0:512] [0:235.18722534179688] [0:512] [0:512] [0:253.82646179199219] [0:483.61279296875] [0:512] [0:226.47317504882812] [0:411.73898315429688] [0:512] [0:233.52969360351562] [0:178.25611877441406] [0:512] [0:182.61265563964844] [0:4477.9912109375] [0:12685.912109375] [0:5980.1962890625] [0:1127.4259033203125] [0:12685.912109375] [0:3506.200927734375] [0:281.93478393554688] [0:12685.912109375] [0:1811.8798828125] [0:48.353404998779297] [0:12685.912109375] [0:746.28338623046875] [0:15.986562728881836] [0:12685.912109375] [0:363.71148681640625] [0:9599] [0:9599] [0:2476.137451171875] [0:9599] [0:9599] [0:2455.648681640625] [0:9599] [0:9599] [0:3645.520751953125] [0:2920.1318359375] [0:9599] [0:3976.248291015625] [0:1056.5416259765625] [0:9599] [0:1794.708251953125] [0:23] [0:23] [0:6] [1:12] [1:366] [0:1] [-1:1] [-1:1] [-0.97492790222167969:0.97492790222167969] [-0.90096884965896606:1] [-1:1] [-1:1]
tree_sizes=1443 1451 1472 1430 1444 1479 1505 1445 1474 1481 1482 1484 1473 1458 1453 1439 1476 1476 1494 1502 1464 1480 1542 1508 1535 1491 1522 1502 1544 1551 1497 1536 1546 1530 1530 1540 1511 1515 1463 1504 1536 1561 1558 1547 1565 1567 1569

Tree=0
num_leaves=15
num_cat=0
split_feature=105 166 105 10 166 175 165 106 167 114 107 169 162 94
split_gain=2607.8 929.466 791.021 459.226 314.78 247.702 161.829 142.07 140.202 139.205 102.341 100.731 85.062 111.84
threshold=44.607223510742195 6.5000000000000009 2.8783334493637089 142.64333343505862 10.500000000000002 0.68301269412040722 11.500000000000002 14.994999885559084 1.5000000000000002 44.803535461425788 1.1199470758438113 231.50000000000003 506.68699645996099 210.38000488281253
decision_type=2 2 2 2 2 2 2 2 2 2 2 2 2 2
left_child=1 8 -3 4 9 -6 7 -4 -1 11 -10 -2 -5 -14
right_child=3 2 6 12 5 -7 -8 -9 10 -11 -12 -13 13 -15
leaf_value=0 -0.15000000000000002 0 0 -0.65233335494995126 -0.20000000000000001 -0.13833333253860475 0 -0.021666666865348818 0 -0.030583333969116212 0.020000000298023225 -0.38641666173934941 0.15000000000000002 -0.19283333420753479
leaf_weight=6741 2216 19311 9881 7095 7528 3206 9672 13678 11656 7556 3988 1632 173 750
leaf_count=6741 2216 19311 9881 7095 7528 3206 9672 13678 11656 7556 3988 1632 173 750
internal_value=-0.00502198 -2.46891e-05 -0.00365958 -0.0174364 -0.0137177 -0.0198622 -0.00833584 -0.0105712 0.00850603 -0.00792795 0.0111029 -0.0156631 -0.0276891 -0.0133082
internal_weight=105083 74927 52542 30156 22138 10734 33231 23559 22385 11404 15644 3848 8018 923
internal_count=105083 74927 52542 30156 22138 10734 33231 23559 22385 11404 15644 3848 8018 923
is_linear=0
shrinkage=0.05


Tree=1
num_leaves=15
num_cat=0
split_feature=105 166 106 105 113 166 80 114 110 108 95 31 167 107
split_gain=1988.2 490.06 396.304 339.522 263.139 178.761 213.182 147.213 146.734 135.323 134.44 120.249 117.061 138.956
threshold=44.607223510742195 5.5000000000000009 144.00666809082034 2.2366666793823247 1.5136640071868899 10.500000000000002 19.713333129882816 44.803535461425788 0.033922759816050536 15.000138759613039 0.04142661206424237 3.5000000000000004 1.5000000000000002 1.5216868519783022
decision_type=2 2 2 2 2 2 2 2 2 2 2 2 2 2
left_child=1 12 4 -3 -2 7 -7 -6 9 -5 -4 -10 -1 -14
right_child=2 3 10 8 5 6 -8 -9 11 -11 -12 -13 13 -15
leaf_value=0 0.010000000000000002 0 0.0096416667103767402 0 -0.22525624901056293 -0.12975000083446503 -0.19054166764020919 -0.034387499988079072 0 0.0010833333432674409 -0.64304999828338627 0.014708333984017372 0 0.013333333060145378
leaf_weight=5762 394 19781 430 4385 3728 3937 6382 7126 26875 2561 8159 1920 10806 2837
leaf_count=5762 394 19781 430 4385 3728 3937 6382 7126 26875 2561 8159 1920 10806 2837
internal_value=-0.0024489 0.0019144 -0.0132887 -0.000476345 -0.00966762 -0.0104236 -0.0151346 -0.00593977 -0.00338499 0.00313624 -0.0223703 -0.00495833 0.00875322 0.0112764
internal_weight=105083 74927 30156 55522 21567 21173 10319 10854 35741 6946 8589 28795 19405 13643
internal_count=105083 74927 30156 55522 21567 21173 10319 10854 35741 6946 8589 28795 19405 13643
is_linear=0
shrinkage=0.05


Tree=2
num_leaves=15
num_cat=0
split_feature=105 166 105 110 90 107 165 175 103 17 162 107 167 107
split_gain=1644.48 512.25 364.525 333.327 277.941 201.886 163.378 230.668 156.63 136.228 135.873 122.564 118.22 136.894
threshold=44.001111984252937 5.5000000000000009 2.2366666793823247 0.046820718795061118 129.02444458007815 0.58280399441719066 13.500000000000002 0.68301269412040722 495.58666992187506 15.88333320617676 0.47718253731727606 0.070228897035121932 1.5000000000000002 1.5216868519783022
decision_type=2 2 2 2 2 2 2 2 2 2 2 2 2 2
left_child=1 12 -3 8 6 -6 7 -5 -2 -8 -4 -12 -1 -14
right_child=3 2 10 4 5 -7 9 -9 -10 -11 11 -13 13 -15
leaf_value=0 -0.030472916617989544 0 -0.20000000000000001 -0.18047291661798956 -0.13297291423380375 -0.73190780276805167 -0.23583333492279054 -0.074595832854509353 0.0095000000000000015 -0.024570521280169483 0 -0.01783333271741867 0 0.01333333318307996
leaf_weight=5748 938 19781 795 5471 4035 7304 1907 3209 721 6842 18205 16555 10768 2804
leaf_count=5748 938 19781 795 5471 4035 7304 1907 3209 721 6842 18205 16555 10768 2804
internal_value=-0.0022072 0.00178607 -0.000661354 -0.0120038 -0.0132607 -0.0193538 -0.00929219 -0.0141508 0.00976562 -0.00446653 -0.00368813 -0.00321875 0.00879431 0.011339
internal_weight=105083 74656 55336 30427 28768 11339 17429 8680 1659 8749 35555 34760 19320 13572
internal_count=105083 74656 55336 30427 28768 11339 17429 8680 1659 8749 35555 34760 19320 13572
is_linear=0
shrinkage=0.05


Tree=3
num_leaves=15
num_cat=0
split_feature=105 166 113 10 86 15 141 104 107 167 107 169 161 169
split_gain=1679.94 406.651 338.085 243.954 215.63 157.308 142.335 130.859 126.335 150.171 118.871 93.5059 125.352 110.443
threshold=44.607223510742195 6.5000000000000009 1.7635369300842287 2.9483333826065068 39.858333587646491 356.95166015625006 1.0000000180025095e-35 31.166365623474125 1.6048925518989565 1.5000000000000002 0.10686901956796648 99.500000000000014 15.524858951568605 147.50000000000003
decision_type=2 2 2 2 2 2 2 2 2 2 2 2 2 2
left_child=1 8 -2 -3 6 10 7 -4 9 -1 -6 12 -5 -13
right_child=2 3 4 11 5 -7 -8 -9 -10 -11 -12 13 -14 -15
leaf_value=0 0.009025 0 -0.51070102655738592 -0.09992187503166497 -0.060189596838504084 -2.2073021482851356 -0.30544926220402124 -0.095522932238131769 0 0 -0.27138600344453007 0.0010833333432674409 0 0
leaf_weight=6052 721 19544 1467 1594 2991 512 3971 13000 3951 12382 7494 2315 6803 22286
leaf_count=6052 721 19544 1467 1594 2991 512 3971 13000 3951 12382 7494 2315 6803 22286
internal_value=-0.00137504 0.00263572 -0.0113391 0.000231222 -0.0121688 -0.0177104 -0.00885973 -0.00655404 0.00827825 0.0100168 -0.0163727 -0.00239069 -0.00694478 -0.000835162
internal_weight=105083 74927 30156 52542 29435 10997 18438 14467 22385 18434 10485 32998 8397 24601
internal_count=105083 74927 30156 52542 29435 10997 18438 14467 22385 18434 10485 32998 8397 24601
is_linear=0
shrinkage=0.05


Tree=4
num_leaves=15
num_cat=0
split_feature=105 166 113 10 106 166 80 110 16 107 167 96 110 31
split_gain=1558.04 391.88 351.966 248.686 221.278 174.252 226.898 158.012 128.844 126.335 150.171 113.512 105.519 129.229
threshold=44.607223510742195 6.5000000000000009 2.0100669860839848 6.9983332157135019 144.00666809082034 9.5000000000000018 18.311666488647464 1.9106190800666811 76.00333404541017 1.6048925518989565 1.5000000000000002 339.66741943359381 0.43348598480224615 4.5000000000000009
decision_type=2 2 2 2 2 2 2 2 2 2 2 2 2 2
left_child=1 9 -2 -3 5 -4 -7 8 -6 10 -1 -9 -5 -14
right_child=2 3 4 12 7 6 -8 11 -10 -11 -12 -13 13 -15
leaf_value=0 0.0085737499999999998 0 -0.065651945351958271 0 0.036435731023885323 -0.046756561822853981 -0.17081479106437414 -0.73710042520433672 -0.076042953514941045 0 0 -1.7908993863514349 -0.025276953085465362 0.054627214551763607
leaf_weight=6052 924 25404 9628 8024 368 3932 7414 6099 1014 3951 12382 777 17674 1440
leaf_count=6052 924 25404 9628 8024 368 3932 7414 6099 1014 3951 12382 777 17674 1440
internal_value=-0.00112334 0.00273915 -0.0107191 0.000378709 -0.0116804 -0.00894704 -0.0131442 -0.0186131 -0.00317231 0.00827825 0.0100168 -0.021712 -0.0029492 -0.00496888
internal_weight=105083 74927 30156 52542 29232 20974 11346 8258 1382 22385 18434 6876 27138 19114
internal_count=105083 74927 30156 52542 29232 20974 11346 8258 1382 22385 18434 6876 27138 19114
is_linear=0
shrinkage=0.05


Tree=5
num_leaves=15
num_cat=0
split_feature=106 166 107 110 91 105 156 167 107 116 169 107 174 108
split_gain=1630.93 305.539 236.155 188.586 217.305 175.251 170.996 137.48 135.269 131.51 128.851 118.273 114.094 113.815
threshold=44.798332214355476 7.5000000000000009 0.0021465017925947909 0.38466633856296545 104.00666809082033 17.00222206115723 7.1979167461395273 1.5000000000000002 0.58280399441719066 53.518526077270515 199.50000000000003 1.093716621398926 -0.56174489110708226 178.84082794189456
decision_type=2 2 2 2 2 2 2 2 2 2 2 2 2 2
left_child=1 7 -3 12 6 -4 -5 -1 9 -6 -8 -9 -2 -10
right_child=3 2 5 4 8 -7 10 11 13 -11 -12 -13 -14 -15
leaf_value=0 0.0081450624999999995 0 0 -0.15989905139194616 -0.18238089244336636 -0.046848394104039764 0.00066076893835513855 0 -0.35493547167296713 0.00098092907611653231 -0.16400260938732139 0.026499999330751603 -0.0003257708015441896 -1.0973280062497512
leaf_weight=7543 749 32821 8307 3848 2137 7385 7715 12894 7348 2413 2937 3963 1707 3316
leaf_count=7543 749 32821 8307 3848 2137 7385 7715 12894 7348 2413 2937 3963 1707 3316
internal_value=-0.000438204 0.00369936 0.0014036 -0.00981507 -0.0109156 -0.00364082 -0.00653223 0.00826265 -0.0150897 -0.0078595 -0.00326546 0.0107727 0.00349451 -0.0181695
internal_weight=105083 72913 48513 32170 29714 15692 14500 24400 15214 4550 10652 16857 2456 10664
internal_count=105083 72913 48513 32170 29714 15692 14500 24400 15214 4550 10652 16857 2456 10664
is_linear=0
shrinkage=0.05


Tree=6
num_leaves=15
num_cat=0
split_feature=105 166 106 110 90 107 17 102 174 87 118 134 166 160
split_gain=1502.76 303.615 255.593 178.141 160.403 156.345 148.001 124.923 110.003 112.772 109.904 108.208 98.6771 97.7713
threshold=45.682222366333015 4.5000000000000009 20.001667022705082 0.38466633856296545 103.28110885620119 1.6400297284126284 21.001667022705082 49.195556640625007 -0.56174489110708226 7.9749999046325692 391.07499694824224 119.65831756591798 10.500000000000002 212.50000000000003
decision_type=2 2 2 2 2 2 2 2 2 2 2 2 2 2
left_child=1 7 -3 8 6 11 -5 -1 9 -2 13 -6 -8 -4
right_child=3 2 10 4 5 -7 12 -9 -10 -11 -12 -13 -14 -15
leaf_value=0 0.0082495229647194974 0 -0.065432580405066609 -0.23943593765430424 -0.15315500688898714 -0.76265747373774406 0.012502773194454983 0.031080107612369214 -0.0003094822614669801 0.00025351581335514295 0.001029166676104069 0.028180394437223491 -0.10961844226262868 -0.0073333330452442173
leaf_weight=7617 350 42182 5029 3556 6055 7094 5285 8979 1687 370 3292 637 4559 8391
leaf_count=7617 350 42182 5029 3556 6055 7094 5285 8979 1687 370 3292 637 4559 8391
internal_value=-0.00018651 0.00355719 0.00187355 -0.00973546 -0.0108896 -0.0146762 -0.00698993 0.00952955 0.00329602 0.0195862 -0.00335886 -0.00918322 -0.0038278 -0.00536685
internal_weight=105083 75490 58894 29593 27186 13786 13400 16596 2407 720 16712 6692 9844 13420
internal_count=105083 75490 58894 29593 27186 13786 13400 16596 2407 720 16712 6692 9844 13420
is_linear=0
shrinkage=0.05


Tree=7
num_leaves=15
num_cat=0
split_feature=105 110 91 149 87 17 77 106 15 162 19 174 87 158
split_gain=1105.83 166.184 138.777 134.279 133.76 125.262 111.389 198.986 110.287 106.846 104.984 102.896 114.044 98.0958
threshold=46.721666336059577 0.38466633856296545 104.00666809082033 40.516580581665046 116.97833633422853 14.998333454132082 5.5000000000000009 21.001667022705082 28.001667022705082 442.67410278320318 210.86333465576175 -0.56174489110708226 7.9749999046325692 6.4163959026336679
decision_type=2 2 2 2 2 2 2 2 2 2 2 2 2 2
left_child=3 11 5 6 -4 -3 7 -1 13 -8 -6 12 -2 -5
right_child=1 2 4 8 10 -7 9 -9 -10 -11 -12 -13 -14 -15
leaf_value=0 0.0074282040988201377 -0.2429398063975847 -0.40693215789995252 0 -0.065789455566056296 -0.047260768382706056 0 -0.044882927156960239 -0.018897699986484596 0 0.12065768513612402 -0.0002940081483936311 -0.0045359036240330336 0
leaf_weight=26403 349 2303 12580 6559 1944 9690 20023 6332 5568 1887 161 1665 360 9259
leaf_count=26403 349 2303 12580 6559 1944 9690 20023 6332 5568 1887 161 1665 360 9259
internal_value=-0.000716542 -0.00901332 -0.0101413 0.0024541 -0.0134003 -0.00614686 0.00376853 0.0019212 -0.000904586 0.00652749 -0.00172986 0.003657 0.0195378 0.00122606
internal_weight=105083 29052 26678 76031 14685 11993 54645 32735 21386 21910 2105 2374 709 15818
internal_count=105083 29052 26678 76031 14685 11993 54645 32735 21386 21910 2105 2374 709 15818
is_linear=0
shrinkage=0.05


Tree=8
num_leaves=15
num_cat=0
split_feature=105 16 110 107 165 42 105 17 104 117 75 88 145 100
split_gain=1042.57 165.131 163.576 132.247 133.062 141.401 134.778 125.703 117.489 107.365 104.671 102.125 119.221 101.272
threshold=46.721666336059577 412.91999816894537 0.39805953204631811 0.80975380539894115 12.500000000000002 20.500000000000004 16.842777252197269 52.793333053588874 92.510505676269545 29.720516204833988 96.500000000000014 0.19166666269302371 611.75836181640636 68.779998779296889
decision_type=2 2 2 2 2 2 2 2 2 2 2 2 2 2
left_child=3 2 11 8 5 6 -5 -4 10 -6 -1 -2 -13 -10
right_child=1 -3 7 4 9 -7 -8 -9 13 -11 -12 12 -14 -15
leaf_value=0 0.014871195939461825 -1.4848745750944681 -0.23467169010929859 0 -0.0036583332936000082 0.089661250818331414 -0.14222311941069182 -0.083755712727297427 0 0.055809485646932638 0.00094488499932422981 -0.0094836791788792951 0.022911307275772497 0
leaf_weight=39263 328 507 14236 2557 4188 1010 3176 11961 2168 4799 7157 1440 580 11713
leaf_count=39263 328 507 14236 2557 4188 1010 3176 11961 2168 4799 7157 1440 580 11713
internal_value=-0.000410132 -0.00846612 -0.00795972 0.00266847 -0.00141405 -0.00672051 -0.0097595 -0.00909282 0.00373346 0.00256895 0.00494023 0.00467488 0.000444444 -0.000302463
internal_weight=105083 29052 28545 76031 15730 6743 5733 26197 60301 8987 46420 2348 2020 13881
internal_count=105083 29052 28545 76031 15730 6743 5733 26197 60301 8987 46420 2348 2020 13881
is_linear=0
shrinkage=0.05


Tree=9
num_leaves=15
num_cat=0
split_feature=105 113 107 80 166 107 167 94 146 162 166 99 98 164
split_gain=770.513 332.236 167.078 154.143 179.876 219.003 141.193 125.196 112.492 110.27 118.017 108.219 95.8078 93.8892
threshold=64.896114349365249 2.0655775070190434 1.3139310479164126 12.861666679382326 9.5000000000000018 0.091441981494426741 1.5000000000000002 235.76833343505862 321.35311889648443 442.67410278320318 4.5000000000000009 38.000972747802741 113.79692459106447 126.8738479614258
decision_type=2 2 2 2 2 2 2 2 2 2 2 2 2 2
left_child=3 13 12 8 6 -6 -5 -4 9 -1 -11 -8 -3 -2
right_child=1 2 7 4 5 -7 11 -9 -10 10 -12 -13 -14 -15
leaf_value=0 -0.19980512378203 -0.090354544801132253 -0.28710160647177763 -0.00065636463126044235 0 -0.047844485709855805 -0.017906389597168643 -1.3523125860799834 -4.7244249966211491e-05 -0.0015540053806184608 0 0.048573716476956158 0.035134591492205262 0.0062103632248499269
leaf_weight=47290 173 8506 7766 3453 9889 9081 2144 3335 298 1173 3444 7454 528 549
leaf_count=47290 173 8506 7766 3453 9889 9081 2144 3335 298 1173 3444 7454 528 549
internal_value=-0.000818838 -0.00942144 -0.0106182 0.00131187 -0.00141916 -0.00452701 0.00309819 -0.0147263 0.00298698 0.00316401 -0.00420814 0.00621681 -0.00556477 0.0237964
internal_weight=105083 20857 20135 84226 32021 18970 13051 11101 52205 51907 4617 9598 9034 722
internal_count=105083 20857 20135 84226 32021 18970 13051 11101 52205 51907 4617 9598 9034 722
is_linear=0
shrinkage=0.05


Tree=10
num_leaves=15
num_cat=0
split_feature=105 110 80 166 107 14 103 66 147 169 176 116 16 80
split_gain=772.083 223.154 167.159 151.389 205.087 150.925 120.729 110.718 108.884 108.475 120.947 98.3471 93.4288 98.7326
threshold=64.896114349365249 1.9770961999893191 12.861666679382326 9.5000000000000018 0.44459857046604162 162.01999664306643 475.92999267578131 108.50000000000001 4.0654659271240243 2.5000000000000004 0.25000000000000011 32.913751602172859 135.0100021362305 140.004997253418
decision_type=2 2 2 2 2 2 2 2 2 2 2 2 2 2
left_child=2 6 7 9 11 -3 -2 -1 -7 -4 -11 -5 -8 -14
right_child=1 5 3 4 -6 8 12 -9 -10 10 -12 -13 13 -15
leaf_value=0 -0.068491501655625897 -0.19802828373023509 -0.0039826912044662686 0 -0.080122832273152089 -0.95069206409068063 0.032910419915465956 0 -0.069113995979133078 -0.0014838008245235783 0.039582664670536033 -4.7244249966211491e-05 -0.056730010605814556 0.02624654995111525
leaf_weight=50504 2704 11923 186 9321 6229 3708 685 1701 877 5960 6905 3420 521 439
leaf_count=50504 2704 11923 186 9321 6229 3708 685 1701 877 5960 6905 3420 521 439
internal_value=-0.00057999 -0.00919135 0.00155287 -0.00129114 -0.00414229 -0.0118452 0.000884244 0.00329726 -0.0195534 0.00285309 0.00340715 -0.000506041 0.0115455 0.00145078
internal_weight=105083 20857 84226 32021 18970 16508 4349 52205 4585 13051 12865 12741 1645 960
internal_count=105083 20857 84226 32021 18970 16508 4349 52205 4585 13051 12865 12741 1645 960
is_linear=0
shrinkage=0.05


Tree=11
num_leaves=15
num_cat=0
split_feature=105 113 88 16 115 106 67 107 171 103 86 171 10 160
split_gain=660.804 243.675 162.501 139.758 164.876 150.582 137.021 102.457 94.7641 125.156 85.1361 75.8706 103.97 72.7344
threshold=45.001111984252937 2.0100669860839848 180.39333343505862 412.91999816894537 484.50000000000006 144.00666809082034 237.50000000000003 0.80975380539894115 0.12940952181816109 371.94332885742193 146.02166748046878 -0.6035533845424651 40.648334503173835 544.50000000000011
decision_type=2 2 2 2 2 2 2 2 2 2 2 2 2 2
left_child=2 -2 7 4 5 -3 10 11 9 -9 13 12 -1 -4
right_child=1 3 6 -5 -6 -7 -8 8 -10 -11 -12 -13 -14 -15
leaf_value=0 0.0042543240678341327 -0.076946608073396108 0 -1.704652228395678 0.086055885168997037 -0.41043357819636483 0.0012123893204680648 -0.052012582889035146 0.0030578752701477994 0.0021555142901442019 -0.04333788331645138 0 -0.15718723883068786 -0.0015540053806184608
leaf_weight=18310 923 20531 1924 474 504 7431 986 3884 8140 2463 901 37937 311 364
leaf_count=18310 923 20531 1924 474 504 7431 986 3884 8140 2463 901 37937 311 364
internal_value=-0.000345425 -0.00663754 0.00215287 -0.00744515 -0.00699308 -0.00750527 -0.00742823 0.0027164 -0.00103505 -0.00561241 -0.0124609 0.00367732 0.00106303 -0.00730484
internal_weight=105083 29863 75220 28940 28466 27962 4175 71045 14487 6347 3189 56558 18621 2288
internal_count=105083 29863 75220 28940 28466 27962 4175 71045 14487 6347 3189 56558 18621 2288
is_linear=0
shrinkage=0.05


Tree=12
num_leaves=15
num_cat=0
split_feature=105 113 159 107 91 113 67 164 16 149 8 17 100 92
split_gain=611.571 242.236 143.801 127.683 168.378 137.106 120.398 155.87 111.028 110.17 107.471 99.339 98.7786 101.173
threshold=46.721666336059577 2.0100669860839848 38.130207061767585 0.59761357307434093 148.00833129882815 59.408117294311531 5.5000000000000009 1049.2609863281252 12.521667003631594 40.304464340209968 100.00999832153322 15.001666545867922 266.01333618164068 0.46081918478012091
decision_type=2 2 2 2 2 2 2 2 2 2 2 2 2 2
left_child=2 -2 12 5 -5 11 -4 10 -9 -6 -8 -3 13 -1
right_child=1 3 6 4 9 -7 7 8 -10 -11 -12 -13 -14 -15
leaf_value=0 0.0040416078644424256 -0.14977836874671691 0 -0.11704214813333645 -1.0923155937610436 0.052254019831639943 0 0.034525514566779728 -0.047656919459811181 -0.20809102843276905 0 -0.019074051509692838 0.00094488499932422981 -0.00062978921598514932
leaf_weight=28938 886 1840 12757 11103 3931 1405 13544 334 901 2934 7254 6953 3813 8490
leaf_count=28938 886 1840 12757 11103 3931 1405 13544 334 901 2934 7254 6953 3813 8490
internal_value=-8.65941e-05 -0.00625667 0.00227129 -0.00706755 -0.00960329 -0.00259728 -9.62782e-05 0.00214176 -0.0150806 -0.0157569 0.00316781 -0.00491589 0.00426829 0.00348623
internal_weight=105083 29052 76031 28166 17968 10198 34790 22033 1235 6865 20798 8793 41241 37428
internal_count=105083 29052 76031 28166 17968 10198 34790 22033 1235 6865 20798 8793 41241 37428
is_linear=0
shrinkage=0.05


Tree=13
num_leaves=15
num_cat=0
split_feature=106 110 134 165 169 111 111 167 165 62 115 100 166 128
split_gain=515.327 270.676 135.885 117.537 133.76 142.738 114.76 109.439 149.5 116.308 108.449 95.9556 89.5154 86.9291
threshold=59.255001068115241 0.033922759816050536 121.27142333984376 11.500000000000002 63.500000000000007 19.586597442626957 356.40315246582037 1.5000000000000002 21.500000000000004 114.50000000000001 301.00666809082037 261.09832763671881 1.0000000180025095e-35 1.4479334950447085
decision_type=2 2 2 2 2 2 2 2 2 2 2 2 2 2
left_child=3 11 6 4 5 10 -3 12 9 -9 -1 13 -5 -2
right_child=1 2 -4 7 -6 -7 -8 8 -10 -11 -12 -13 -14 -15
leaf_value=0 -0.27359614111900671 -0.15898362982108374 0.042824025106694807 -0.00053142011226330781 0 -0.04873615234572673 -1.9427242465140062 0 0 -0.00087242527196993965 -4.7244249966211491e-05 0.0086298094310672657 0 0.044245181606827826
leaf_weight=2345 206 22131 1243 1069 33894 3781 488 22232 3934 1371 102 1018 11121 148
leaf_count=2345 206 22131 1243 1069 33894 3781 488 22232 3934 1371 102 1018 11121 148
internal_value=-0.000226477 -0.0064543 -0.00769682 0.00174193 -0.00016697 -0.00689876 -0.00858159 0.00366959 0.00541537 0.00691926 0.00250816 0.0151053 -0.000274703 -0.00724234
internal_weight=105083 25234 23862 79849 40122 6228 22619 39727 27537 23603 2447 1372 12190 354
internal_count=105083 25234 23862 79849 40122 6228 22619 39727 27537 23603 2447 1372 12190 354
is_linear=0
shrinkage=0.05


Tree=14
num_leaves=15
num_cat=0
split_feature=107 105 111 95 75 98 19 119 99 100 80 88 45 166
split_gain=508.456 326.42 113.577 126.921 122.838 120.261 120.412 105.693 105.398 104.98 99.7315 96.03 93.9886 124.744
threshold=1.1439740061759951 88.68500137329103 27.134236335754398 0.18042296916246417 193.50000000000003 0.5393609106540681 210.86333465576175 25.06530857086182 282.18420410156256 233.77667236328128 11.658333301544191 126.05666732788087 39.500000000000007 10.500000000000002
decision_type=2 2 2 2 2 2 2 2 2 2 2 2 2 2
left_child=2 12 3 4 9 -4 10 -6 11 -1 -7 -5 13 -2
right_child=1 -3 5 8 7 6 -8 -9 -10 -11 -12 -13 -14 -15
leaf_value=0 -0.0011095462041295894 -0.57178786268676718 0.002998808305926845 0 -4.4882037467900922e-05 0.00089764074935801824 0.025382934649077857 0 0.0012032281882498651 0 -0.017929861964557148 0 0.075411579692474751 -0.078008428811298519
leaf_weight=19778 9884 7759 489 21935 404 5531 1524 1592 821 2730 18572 2678 4382 7004
leaf_count=19778 9884 7759 489 21935 404 5531 1524 1592 821 2730 18572 2678 4382 7004
internal_value=7.51751e-05 -0.00555383 0.00222393 0.00362113 0.00105267 -0.000447915 -0.000918773 -0.0108196 0.00609497 0.00210767 -0.00178157 0.0055041 -0.00235018 -0.00404309
internal_weight=105083 29029 76054 49938 24504 26116 25627 1996 25434 22508 24103 24613 21270 16888
internal_count=105083 29029 76054 49938 24504 26116 25627 1996 25434 22508 24103 24613 21270 16888
is_linear=0
shrinkage=0.05


Tree=15
num_leaves=15
num_cat=0
split_feature=106 110 165 116 87 119 106 117 106 60 167 144 96 7
split_gain=423.378 252.107 172.066 141.442 117.165 111.323 117.984 166.856 111.196 93.4155 90.9617 91.7691 88.9874 102.792
threshold=79.005001068115249 1.9770961999893191 11.500000000000002 51.864437103271491 57.003334045410163 60.059669494628913 3.9233334064483647 30.872501373291019 29.628333091735843 264.50000000000006 1.5000000000000002 19.102321624755863 319.39736938476568 162.01999664306643
decision_type=2 2 2 2 2 2 2 2 2 2 2 2 2 2
left_child=2 3 4 -2 10 6 -4 -8 9 -6 -1 -12 13 -3
right_child=1 12 5 -5 8 -7 7 -9 -10 -11 11 -13 -14 -15
leaf_value=0 -0.10659836002780224 -0.28735762400420539 0 0.031315096523450173 0 0 0 0.033065416757926985 -0.088530297310434825 0.0053813821957465584 0 -4.2637935594505872e-05 -1.0617448768778519 0.021704353168015802
leaf_weight=10760 1144 11487 9511 2139 3893 12055 11842 10227 2711 404 25437 168 1061 2244
leaf_count=10760 1144 11487 9511 2139 3893 12055 11842 10227 2711 404 25437 168 1061 2244
internal_value=-1.52253e-05 -0.00697732 0.0014314 0.00555049 -0.000798792 0.00364803 0.00520817 0.0032006 -0.0067161 -0.00170851 0.000342315 -0.0012788 -0.00975873 -0.00867429
internal_weight=105083 18075 87008 3283 43373 43635 31580 22069 7008 4297 36365 25605 14792 13731
internal_count=105083 18075 87008 3283 43373 43635 31580 22069 7008 4297 36365 25605 14792 13731
is_linear=0
shrinkage=0.05


Tree=16
num_leaves=15
num_cat=0
split_feature=107 105 166 104 86 42 105 166 167 116 97 115 102 98
split_gain=378.831 278.61 141.439 151.349 179.347 124.237 138.435 129.857 104.546 122.922 93.8547 90.2008 103.128 112.56
threshold=1.3430741429328921 75.012222290039077 6.5000000000000009 92.510505676269545 2.0016666650772099 49.500000000000007 9.0011110305786151 10.500000000000002 1.5000000000000002 38.394186019897468 31.020000457763675 113.18166732788087 1.1334259510040285 3.0023788213729863
decision_type=2 2 2 2 2 2 2 2 2 2 2 2 2 2
left_child=2 5 3 8 -5 6 -2 -8 10 -10 -1 -4 13 -13
right_child=1 -3 11 4 -6 -7 7 -9 9 -11 -12 12 -14 -15
leaf_value=0 0.0059435977473682178 -0.44942588995971228 0 -0.0014763051115875376 0.00089166663587093354 0.11217944828297638 -0.0044785761289577383 -0.12927476344764882 7.7700269030923046e-05 0 -0.00011948439623163071 -4.0506038814780581e-05 0 4.4941092780358683e-06
leaf_weight=2436 2519 9276 29807 1103 4171 3609 6954 5022 8896 2002 2768 269 26149 102
leaf_count=2436 2519 9276 29807 1103 4171 3609 6954 5022 8896 2002 2768 269 26149 102
internal_value=-0.000139407 -0.00519628 0.00164269 0.005105 -0.00224474 -0.00158485 -0.00365172 -0.00589266 0.00751226 0.0102953 0.00167978 0.00032841 -0.00179265 -0.0277926
internal_weight=105083 27380 77703 21376 5274 18104 14495 11976 16102 10898 5204 56327 26520 371
internal_count=105083 27380 77703 21376 5274 18104 14495 11976 16102 10898 5204 56327 26520 371
is_linear=0
shrinkage=0.05


Tree=17
num_leaves=15
num_cat=0
split_feature=107 105 169 166 163 117 111 113 31 95 90 167 166 111
split_gain=262.388 257.024 129.968 127.191 176.14 98.8556 111.371 119.299 90.7886 89.4989 84.2584 74.3639 110.121 73.6372
threshold=2.2124719619750981 83.65777969360353 344.50000000000006 6.5000000000000009 1371.0000000000002 1.8193948268890383 27.134236335754398 3.6358176469802861 3.5000000000000004 0.18042296916246417 211.94889068603518 1.5000000000000002 3.5000000000000004 38.589756011962898
decision_type=2 2 2 2 2 2 2 2 2 2 2 2 2 2
left_child=2 8 5 4 -4 11 9 -8 -2 -7 -3 -1 -13 -5
right_child=1 10 3 13 -6 6 7 -9 -10 -11 -12 12 -14 -15
leaf_value=0 -0.049510406497706674 -0.40254006984220281 -3.8850134515461523e-06 0 -3.8850134515461523e-06 0 0.003258096584370599 -0.00029143839015502752 0.030914449971457248 2.3622124983105746e-06 -1.5645221371458413 -3.8850134515461523e-06 0 -0.18245861589327167
leaf_weight=1044 9141 4391 463 3686 1230 18921 3770 26449 5040 26300 2155 446 1711 336
leaf_count=1044 9141 4391 463 3686 1230 18921 3770 26449 5040 26300 2155 446 1711 336
internal_value=-0.000919705 -0.00595939 0.000318868 -0.00695804 -0.0184335 0.000848104 0.00121347 -0.00113651 -0.00217468 0.0027838 -0.0141505 -0.00775109 -0.0130435 -0.00211075
internal_weight=105083 20727 84356 5715 1693 78641 75440 30219 14181 45221 6546 3201 2157 4022
internal_count=105083 20727 84356 5715 1693 78641 75440 30219 14181 45221 6546 3201 2157 4022
is_linear=0
shrinkage=0.05


Tree=18
num_leaves=15
num_cat=0
split_feature=16 107 165 96 167 95 106 13 167 105 11 90 106 114
split_gain=157.882 131.531 103.907 159.109 273.876 123.856 176.732 174.658 123.138 100.615 68.8067 90.8963 65.6764 49.3718
threshold=412.91999816894537 6.6610620021820077 12.500000000000002 0.51374998688697826 1.5000000000000002 0.38635198771953588 2.0033333301544194 15.001666545867922 1.5000000000000002 99.732223510742202 49.775001525878913 67.282775878906264 48.843334197998054 153.97124481201175
decision_type=2 2 2 2 2 2 2 2 2 2 2 2 2 2
left_child=1 2 5 4 -4 7 -7 -1 -5 10 12 -12 -3 -2
right_child=13 9 3 8 -6 6 -8 -9 -10 -11 11 -13 -14 -15
leaf_value=0 -4.7244249966211491e-05 -0.0061613497132576751 0 0 -3.6907627789688445e-06 -1.1811062491552873e-07 -0.0023854616632723088 0.001029166676104069 0.0097054895571501154 -1.1261927623296419 0.12927019089855524 -0.145782921495831 -0.61144966619921348 -1.3243993540975252
leaf_weight=15904 218 1710 2460 10105 3427 2892 29298 4226 26633 2838 1233 2020 1669 450
leaf_count=15904 218 1710 2460 10105 3427 2892 29298 4226 26633 2838 1233 2020 1669 450
internal_value=-0.00186272 -0.00170705 -0.00114639 0.000686137 -0.00694162 -0.00263927 -0.00456282 0.00043705 0.00190921 -0.00732454 -0.00394757 0.00124309 -0.00893913 -0.026003
internal_weight=105083 104415 94945 42625 5887 52320 32190 20130 36738 9470 6632 3253 3379 668
internal_count=105083 104415 94945 42625 5887 52320 32190 20130 36738 9470 6632 3253 3379 668
is_linear=0
shrinkage=0.05


Tree=19
num_leaves=15
num_cat=0
split_feature=107 10 102 145 101 116 147 105 117 86 27 118 94 102
split_gain=208.61 216.634 94.3814 96.1631 99.357 137.32 91.9592 84.9833 113.278 94.2058 84.9724 81.9208 71.7391 69.1072
threshold=1.3430741429328921 126.63166809082033 1.1334259510040285 1145.7250976562502 91.55633926391603 31.566679954528812 3.7797628641128544 8.9988889694213885 26.692476272583011 41.001667022705085 355.79333496093756 503.93333435058599 252.28666687011722 221.55134582519534
decision_type=2 2 2 2 2 2 2 2 2 2 2 2 2 2
left_child=2 7 -1 10 5 -5 12 -2 -9 -10 11 -4 -3 -6
right_child=1 6 3 4 13 -7 -8 8 9 -11 -12 -13 -14 -15
leaf_value=-3.5062246400204025e-06 0.0063545151309862304 -0.38899799769023269 0 0.00185046860097536 0.027097210818051477 -0.003605183234413196 0.031929397285345294 -0.13525693571006778 0.0058503723527529809 -0.10644159663631109 -0.0014023053178692122 0 -2.0220649855574968 -5.791140200785243e-05
leaf_weight=897 2606 2103 62854 2878 1635 2217 863 4487 11937 3507 405 6615 1877 202
leaf_count=897 2606 2103 62854 2878 1635 2217 863 4487 11937 3507 405 6615 1877 202
internal_value=-0.000819313 -0.00457185 0.000503166 0.000691958 0.00630676 0.00270588 -0.0141605 -0.00250865 -0.00361908 -0.00158586 0.000134518 0.000268446 -0.0173651 0.0162595
internal_weight=105083 27380 77703 76806 6932 5095 4843 22537 19931 15444 69874 69469 3980 1837
internal_count=105083 27380 77703 76806 6932 5095 4843 22537 19931 15444 69874 69469 3980 1837
is_linear=0
shrinkage=0.05


Tree=20
num_leaves=15
num_cat=0
split_feature=106 107 119 94 103 159 67 80 146 16 69 166 132 118
split_gain=214.451 159.474 123.668 103.902 98.8242 139.08 114.761 104.189 99.3695 97.2472 96.518 91.8216 100.917 83.1384
threshold=79.005001068115249 2.3204184770584111 79.279060363769545 242.0100021362305 483.98666381835943 36.821180343627937 5.5000000000000009 12.861666679382326 321.35311889648443 380.20166015625006 53.500000000000007 3.5000000000000004 152.29466247558597 247.35333251953128
decision_type=2 2 2 2 2 2 2 2 2 2 2 2 2 2
left_child=4 2 -2 -3 6 -6 7 8 -1 -4 -9 12 -7 -8
right_child=1 3 9 -5 5 11 13 10 -10 -11 -12 -13 -14 -15
leaf_value=0 -0.10470114044042372 -0.22377389103992373 0.038617639404163122 -1.3534511598470598 0 -0.0018848413886091702 1.9425067257730763e-07 -0.029831763134409207 -3.8305425642040534e-05 -0.045618460649486409 0.0030121260015158304 0 0.26151495082321102 0
leaf_weight=34512 5502 6068 3470 2652 4199 583 14636 11297 276 383 1176 3899 103 16327
leaf_count=34512 5502 6068 3470 2652 4199 583 14636 11297 276 383 1176 3899 103 16327
internal_value=-0.000600925 -0.00555586 -0.0010203 -0.0104183 0.000428672 0.00545568 -0.000136139 -0.0016862 -0.000280229 0.005845 -0.00560587 -0.000566449 -0.0173661 0.00222972
internal_weight=105083 18075 9355 8720 87008 8784 78224 47261 34788 3853 12473 4585 686 30963
internal_count=105083 18075 9355 8720 87008 8784 78224 47261 34788 3853 12473 4585 686 30963
is_linear=0
shrinkage=0.05


Tree=21
num_leaves=15
num_cat=0
split_feature=169 105 80 110 158 110 1 10 165 98 77 169 166 165
split_gain=207.246 222.417 177.136 131.9 125.988 150.383 115.894 237.901 174.74 265.43 143.944 126.373 105.503 90.8528
threshold=353.50000000000006 64.896114349365249 208.31333160400393 0.20290166884660724 12.150415420532228 1.4816011190414431 4.0016667842864999 1.481666684150696 19.500000000000004 0.21024203300476077 3.5000000000000004 282.50000000000006 5.5000000000000009 13.500000000000002
decision_type=2 2 2 2 2 2 2 2 2 2 2 2 2 2
left_child=1 6 4 13 5 -3 8 10 11 -10 -8 -1 -9 -2
right_child=3 2 -4 -5 -6 -7 7 12 9 -11 -12 -13 -14 -15
leaf_value=0 -9.7125336288653816e-09 0.019582685257104479 0.035329599770817267 -0.00048527447785750579 -0.26922454462081913 -0.10768885485013824 0.0014915881567204605 0.030824393528438156 1.8453813894844223e-07 0 5.9055312457764368e-09 0 0 -9.7125336288653816e-09
leaf_weight=18583 1128 2032 1453 1875 8925 8386 1396 14046 1448 1893 1622 2230 39325 741
leaf_count=18583 1128 2032 1453 1875 8925 8386 1396 14046 1448 1893 1622 2230 39325 741
internal_value=-0.000658972 -0.000231883 -0.00484111 -0.0122033 -0.00610657 -0.00236976 0.000958435 0.0021997 -0.00193924 0.00866707 0.0158452 -0.00364348 0.00142667 -0.0215848
internal_weight=105083 101339 20796 3744 19343 10418 80543 56389 24154 3341 3018 20813 53371 1869
internal_count=105083 101339 20796 3744 19343 10418 80543 56389 24154 3341 3018 20813 53371 1869
is_linear=0
shrinkage=0.05


Tree=22
num_leaves=15
num_cat=0
split_feature=107 94 15 10 160 118 7 80 86 169 165 166 64 11
split_gain=131.477 146.925 153.092 143.144 131.592 123.293 116.566 115.128 112.998 137.177 136.581 132.526 79.0479 67.3402
threshold=6.0486958026885995 10.003333568573 25.998332977294925 142.64333343505862 1486.0000000000002 511.14666748046881 9.0033335685729998 11.998333454132082 6.8783333301544198 355.50000000000006 12.500000000000002 4.5000000000000009 25.500000000000004 15.88333320617676
decision_type=2 2 2 2 2 2 2 2 2 2 2 2 2 2
left_child=1 8 4 13 6 7 -3 -4 9 11 -11 -1 -6 -2
right_child=3 2 5 -5 12 -7 -8 -9 -10 10 -12 -13 -14 -15
leaf_value=-3.5062246400204025e-06 -0.54343675422862159 -1.122050936697523e-07 0.0013528106194767341 -1.7196563401311824 -0.00074220582016074055 0.021103252122670696 0.0011498638756880376 -0.026915470321613434 -3.0304212428903762e-05 -9.2269069474221129e-09 -9.2269069474221129e-09 0 0.00013908982831619711 -0.026391436172211916
leaf_weight=4865 1254 5866 7106 2045 1441 1547 21864 27607 2708 814 851 18351 1412 7352
leaf_count=4865 1254 5866 7106 2045 1441 1547 21864 27607 2708 814 851 18351 1412 7352
internal_value=-0.00117758 -0.000583458 0.00068364 -0.00644238 0.00328887 -0.00151386 0.00434109 -0.00213002 -0.00365297 -0.00259584 -0.0164371 -0.00159984 -0.00692792 -0.00361166
internal_weight=105083 94432 66843 10651 30583 36260 27730 34713 27589 24881 1665 23216 2853 8606
internal_count=105083 94432 66843 10651 30583 36260 27730 34713 27589 24881 1665 23216 2853 8606
is_linear=0
shrinkage=0.05


Tree=23
num_leaves=15
num_cat=0
split_feature=106 169 161 165 87 17 134 77 161 1 10 8 47 106
split_gain=176.316 151.916 148.806 174.918 130.728 137.837 128.709 107.925 93.1637 91.0235 120.389 81.455 79.321 84.2102
threshold=79.005001068115249 355.50000000000006 21.417350769042972 12.500000000000002 116.97833633422853 16.993332862854007 20.066124916076664 11.500000000000002 29.130370140075687 71.398334503173842 130.16999816894534 402.05332946777349 2.5000000000000004 39.001667022705085
decision_type=2 2 2 2 2 2 2 2 2 2 2 2 2 2
left_child=1 12 3 -3 9 -6 -5 -4 -7 -2 -11 -12 13 -1
right_child=4 2 7 6 5 8 -8 -9 -10 10 11 -13 -14 -15
leaf_value=0 -1.1583515272993055 -8.765561600051007e-09 9.548237535200461e-05 -8.765561600051007e-09 -0.8916724967618026 -0.68778241931109341 1.8548511097725661e-07 -0.0005514275801047204 0.10585580149192537 -0.028618567910351351 -0.28652745475345692 0.048536632829525229 2.6746316845166411e-05 -0.031560228909515202
leaf_weight=60350 1106 690 778 419 301 117 149 1071 1397 7683 7244 227 10757 12794
leaf_count=60350 1106 690 778 419 301 117 149 1071 1397 7683 7244 227 10757 12794
internal_value=-0.000609489 0.00032409 -0.0105238 -0.023753 -0.00510232 0.00760989 -0.00314136 -0.00148328 0.0137591 -0.00652321 -0.00550828 -0.0100254 0.000726408 0.000136707
internal_weight=105083 87008 3107 1258 18075 1815 568 1849 1514 16260 15154 7471 83901 73144
internal_count=105083 87008 3107 1258 18075 1815 568 1849 1514 16260 15154 7471 83901 73144
is_linear=0
shrinkage=0.05


Tree=24
num_leaves=15
num_cat=0
split_feature=169 110 165 134 107 105 90 47 144 60 97 86 142 15
split_gain=141.417 149.617 132.162 140.588 129.848 184.351 119.682 304.305 159.979 96.2509 94.6575 92.5816 84.0735 89.3059
threshold=355.50000000000006 0.20290166884660724 12.500000000000002 20.066124916076664 3.455330610275269 84.646667480468764 1.0000000180025095e-35 2.5000000000000004 0.54031684994697582 33.500000000000007 5.0066666603088388 8.8849997520446795 1888.234069824219 25.998332977294925
decision_type=2 2 2 2 2 2 2 2 2 2 2 2 2 2
left_child=4 2 9 -4 6 -6 7 8 -1 -2 -9 -3 13 -8
right_child=1 11 3 -5 5 -7 12 10 -10 -11 -12 -13 -14 -15
leaf_value=0 -8.327283520048456e-09 0.00017110408378278141 -3.5048393899115857e-06 1.7621085542839379e-07 -0.0076882979793959126 -0.64313341362371068 1.5149153448828994e-06 -1.3373158422583207e-06 -3.6390154359938503e-05 -8.327283520048456e-09 -1.347028375887186e-06 -0.050585905530977832 0.05275769411091169 -0.00057844080274022385
leaf_weight=15660 186 746 596 156 10713 5289 35556 799 940 593 691 891 622 31645
leaf_count=15660 186 746 596 156 10713 5289 35556 799 940 593 691 891 622 31645
internal_value=-0.000824547 -0.0112197 -0.0224284 -0.00739762 -0.000500883 -0.00463547 0.000269443 -0.00334347 -0.00139717 -0.0367985 -0.0249498 -0.000700365 0.00123327 0.00106315
internal_weight=105083 3168 1531 752 101915 16002 85913 18090 16600 779 1490 1637 67823 67201
internal_count=105083 3168 1531 752 101915 16002 85913 18090 16600 779 1490 1637 67823 67201
is_linear=0
shrinkage=0.05


Tree=25
num_leaves=15
num_cat=0
split_feature=83 107 166 33 161 105 110 71 162 131 116 114 77 105
split_gain=161.121 179.323 159.124 170.044 146.27 134.144 129.348 132.769 117.867 105.522 105.38 103.999 100.737 82.7181
threshold=3.0016666650772099 0.56681478023529064 9.5000000000000018 7.5000000000000009 162.91697692871097 15.72166681289673 0.021327928639948372 87.500000000000014 645.98635864257824 90.637104034423842 180.08716583251956 0.67515623569488536 1999.0000000000002 65.409442901611342
decision_type=2 2 2 2 2 2 2 2 2 2 2 2 2 2
left_child=4 11 10 5 8 -4 7 -6 9 -1 13 -2 -13 -3
right_child=1 2 3 -5 6 -7 -8 -9 -10 -11 -12 12 -14 -15
leaf_value=0 0.0013594398093327914 0.032992452525559393 0.0039027565393929876 0.051572457113356007 0 -0.15395669406702989 -1.1811062491552873e-07 -1.2704500501454047e-06 0 3.3347183394421137e-06 -3.229439801453549 0.00012059443739290094 -0.055848863664092065 -0.10122477091555485
leaf_weight=27912 153 9335 1853 3415 1215 10217 1558 743 1246 171 106 40843 352 5964
leaf_count=27912 153 9335 1853 3415 1215 10217 1558 743 1246 171 106 40843 352 5964
internal_value=-0.00124134 7.89004e-05 -0.00280304 -0.00638154 -0.0041446 -0.0091677 -0.0137745 -0.0223128 -0.002988 -0.00365637 0.000794938 0.002232 0.00207646 0.00114676
internal_weight=105083 72238 30890 15485 32845 12070 3516 1958 29329 28083 15405 41348 41195 15299
internal_count=105083 72238 30890 15485 32845 12070 3516 1958 29329 28083 15405 41348 41195 15299
is_linear=0
shrinkage=0.05


Tree=26
num_leaves=15
num_cat=0
split_feature=4 98 105 47 133 17 149 114 149 0 95 104 162 134
split_gain=173.689 163.223 149.121 144.86 115.75 142.21 103.046 134.609 99.8186 92.4787 584.205 155.106 122.214 104.727
threshold=12.001666545867922 0.033513279631733901 46.721666336059577 272.50000000000006 383.67999267578131 12.998333454132082 42.039134979248054 92.94769668579103 48.35216140747071 3.9900000095367436 0.20639720559120181 12.504959106445314 0.47718253731727606 41.988328933715827
decision_type=2 2 2 2 2 2 2 2 2 2 2 2 2 2
left_child=3 -2 6 9 5 -4 7 -3 -8 13 11 -11 -12 -1
right_child=1 2 4 -5 -6 -7 8 -9 -10 10 12 -13 -14 -15
leaf_value=0 0.0014604183602523471 0.0013382544141054978 -0.24982546950444126 -1.2069275476381344e-06 0.031533155984552225 -0.040539873219937989 -0.0407303774934452 -0.003950561248127156 -6.3142232827825517e-06 2.7563029807811974e-05 -0.18106748924620542 -4.5905522920062925e-06 8.7045771916666306e-05 0
leaf_weight=19345 741 23617 4143 422 2580 21166 677 1211 15546 383 768 3405 7993 3086
leaf_count=19345 741 23617 4143 422 2580 21166 677 1211 15546 383 768 3405 7993 3086
internal_value=-0.00145402 -5.02253e-06 -0.000256726 -0.00430565 -0.00307772 -0.00410642 0.00165993 0.00368461 -0.00143887 -0.00395169 -0.00738808 -0.0237806 -0.000290897 -0.00202799
internal_weight=105083 69681 68940 35402 27889 25309 41051 24828 16223 34980 12549 3788 8761 22431
internal_count=105083 69681 68940 35402 27889 25309 41051 24828 16223 34980 12549 3788 8761 22431
is_linear=0
shrinkage=0.05


Tree=27
num_leaves=15
num_cat=0
split_feature=162 87 106 81 19 17 63 165 109 132 113 88 171 78
split_gain=148.415 144.63 167.331 132.1 122.014 108.701 98.2614 264.146 163.543 126.25 93.7457 93.163 89.7331 87.4862
threshold=506.68699645996099 0.9883333444595338 147.01333618164065 208.31333160400393 22.003333091735843 190.01333618164065 26.500000000000004 12.500000000000002 2.9683333635330205 1.8305737376213076 2.2816308736801152 233.98500061035159 -0.6035533845424651 508.50000000000006
decision_type=2 2 2 2 2 2 2 2 2 2 2 2 2 2
left_child=1 6 5 12 10 11 -1 8 -8 -9 -2 -3 -4 -6
right_child=4 2 3 -5 13 -7 7 9 -10 -11 -12 -13 -14 -15
leaf_value=0 0 5.7200607085491394e-08 -0.025971554788278263 0.043298855715884037 2.1730434986343992e-07 -4.7244249966211491e-05 -7.9109193440460338e-09 -3.3393099540448718e-06 -0.00012036903314736185 1.6740031265697408e-07 -0.0030493991325399486 -0.00184789491242389 -0.5485352486012971 1.6527718010248195e-06
leaf_weight=17746 1902 65769 1923 915 743 3367 849 582 533 424 1798 2560 3938 2034
leaf_count=17746 1902 65769 1923 915 743 3367 849 582 533 424 1798 2560 3938 2034
internal_value=-0.000664205 -0.00114592 -0.000175848 -0.00768323 0.00666461 0.000534163 -0.00492577 -0.0144379 -0.0285869 0.00504451 0.00071525 0.000966576 -0.0104415 0.0145758
internal_weight=105083 98606 78472 6776 6477 71696 20134 2388 1382 1006 3700 68329 5861 2777
internal_count=105083 98606 78472 6776 6477 71696 20134 2388 1382 1006 3700 68329 5861 2777
is_linear=0
shrinkage=0.05


Tree=28
num_leaves=15
num_cat=0
split_feature=1 107 17 7 165 27 105 31 171 65 166 102 84 165
split_gain=383.062 186.988 174.592 215.356 287.56 456.961 159.673 137.979 154.538 133.68 442.153 97.383 128.899 124.186
threshold=1.0066666603088381 0.77510729432106029 190.01333618164065 0.99333333969116222 12.500000000000002 5.9949998855590829 12.313889026641847 1.0000000180025095e-35 0.37940952181816107 33.500000000000007 10.500000000000002 5.6504523754119882 2.0016666650772099 12.500000000000002
decision_type=2 2 2 2 2 2 2 2 2 2 2 2 2 2
left_child=2 11 3 9 5 -5 -3 8 -8 -1 -11 -2 13 -13
right_child=1 6 -4 4 -6 -7 7 -9 -10 10 -12 12 -14 -15
leaf_value=0 -5.1726815310853606e-05 0.0068968938492422419 1.3909425600553671e-06 -2.8600303542745698e-09 -1.2086937301696682e-08 1.5155461700545234e-06 -0.16066488876230067 -0.0030674354192417167 -0.010738292163239627 1.5854467034268212e-07 -7.5153733768437319e-09 1.5378184735616967e-07 9.922706125750317e-05 1.5092181700189511e-07
leaf_weight=12505 1383 4325 555 3125 3576 708 8328 13240 6337 555 801 2199 45689 1757
leaf_count=12505 1383 4325 555 3125 3576 708 8328 13240 6337 555 801 2199 45689 1757
internal_value=-0.00113619 0.000409546 -0.00703161 -0.00775558 -0.0146345 -0.0241402 -0.00257174 -0.00395736 -0.00729721 -0.00407472 -0.0189566 0.00229263 0.0026576 0.0113103
internal_weight=105083 83258 21825 21270 7409 3833 32230 27905 14665 13861 1356 51028 49645 3956
internal_count=105083 83258 21825 21270 7409 3833 32230 27905 14665 13861 1356 51028 49645 3956
is_linear=0
shrinkage=0.05


Tree=29
num_leaves=15
num_cat=0
split_feature=1 165 65 17 159 164 107 10 169 31 171 173 94 129
split_gain=370.997 174.818 451.624 353.632 514.827 151.477 150.22 143.596 132.411 128.961 134.96 111.282 101.413 92.1245
threshold=1.0066666603088381 12.500000000000002 33.500000000000007 1.0000000180025095e-35 43.460069656372077 606.52212524414074 0.77510729432106029 11.998333454132082 356.50000000000006 1.0000000180025095e-35 0.12940952181816109 0.87837970256805431 0.57999998331069957 306.26065063476568
decision_type=2 2 2 2 2 2 2 2 2 2 2 2 2 2
left_child=1 2 3 12 -5 8 13 -8 -3 10 -9 -10 -1 -2
right_child=6 5 -4 4 -6 -7 7 9 11 -11 -12 -13 -14 -15
leaf_value=0 3.0138062191481194e-05 -9.2269069474221113e-09 -7.1396047080015442e-09 -2.7170288365608414e-09 6.0805473670709384e-08 1.2578729295453285e-06 0.0065835327120481405 -0.15783466415582872 1.5110306350699127e-07 -0.0027512821020174495 -0.027612285122484388 -3.1802716898597621e-06 -1.122050936697523e-07 -0.00012615600060444186
leaf_weight=6696 50812 8214 1160 2713 1013 595 4596 6921 272 13151 7562 132 1030 216
leaf_count=6696 50812 8214 1160 2713 1013 595 4596 6921 272 13151 7562 132 1030 216
internal_value=-0.00131223 -0.00711406 -0.0109376 -0.00791656 -0.0205575 -0.00187676 0.000208976 -0.00246316 -0.00356604 -0.00382431 -0.00707827 0.0242054 -0.00181089 0.00189681
internal_weight=105083 21825 12612 11452 3726 9213 83258 32230 8618 27634 14483 404 7726 51028
internal_count=105083 21825 12612 11452 3726 9213 83258 32230 8618 27634 14483 404 7726 51028
is_linear=0
shrinkage=0.05


Tree=30
num_leaves=15
num_cat=0
split_feature=94 169 165 65 7 110 10 162 67 114 28 87 66 105
split_gain=505.882 260.664 304.462 273.61 225.49 189.936 158.707 136.524 182.37 112.689 107.011 100.666 99.5265 98.8401
threshold=10.003333568573 107.50000000000001 12.500000000000002 33.500000000000007 0.99333333969116222 1.8932906389236452 130.16999816894534 645.98635864257824 27.500000000000004 0.67515623569488536 15.969999790191652 116.97833633422853 120.50000000000001 17.00222206115723
decision_type=2 2 2 2 2 2 2 2 2 2 2 2 2 2
left_child=1 -1 3 4 -3 9 13 8 -4 -2 -9 12 -8 -7
right_child=5 2 7 -5 -6 6 11 10 -10 -11 -12 -13 -14 -15
leaf_value=0 0.0012852002087338178 0 -2.9003405215610119e-06 -6.7826244726014683e-09 -5.7573025200963103e-09 0.0012158281211473647 -0.58565789528340084 1.7637692421347608e-07 1.435479103316417e-07 0.00076626714195450604 -0.0013817021270939173 0.09872277718305203 0.15576198898244106 -0.021016069759066811
leaf_weight=10036 138 3395 6130 1234 5151 10731 5471 456 1064 30120 123 883 699 29452
leaf_count=10036 138 3395 6130 1234 5151 10731 5471 456 1064 30120 123 883 699 29452
internal_value=-0.0018946 -0.0077082 -0.0113823 -0.0172509 -0.0140568 0.000175486 -0.00180563 -0.00399203 -0.00587582 0.00326802 0.0192637 -0.0087206 -0.0109798 -0.000590972
internal_weight=105083 27589 17553 9780 8546 77494 47236 7773 7194 30258 579 7053 6170 40183
internal_count=105083 27589 17553 9780 8546 77494 47236 7773 7194 30258 579 7053 6170 40183
is_linear=0
shrinkage=0.05


Tree=31
num_leaves=15
num_cat=0
split_feature=3 165 66 133 17 95 164 98 67 166 114 105 113 117
split_gain=339.93 383.441 341.021 250.641 214.328 691.869 161.551 158.564 154.362 151.254 150.938 126.792 125.732 123.37
threshold=12.921666622161867 12.500000000000002 25.500000000000004 500.50000000000006 2.9483333826065068 0.14745578169822696 519.39636230468761 0.033513279631733901 26.500000000000004 4.5000000000000009 7.0601968765258798 46.028333663940437 2.0655775070190434 58.605144500732429
decision_type=2 2 2 2 2 2 2 2 2 2 2 2 2 2
left_child=1 2 4 8 -1 -6 9 -2 -3 -5 -4 -9 -10 -13
right_child=7 3 10 6 5 -7 -8 11 12 -11 -12 13 -14 -15
leaf_value=0 0.0013426129689392012 -1.0434944019054778e-06 -6.4434932489713937e-09 -0.00065799835322419634 -5.4694373940914949e-09 1.1077836447390307e-05 2.5579630105605439e-07 0.00070052528633701044 3.3013556071092402e-07 1.6755807800280227e-07 -4.7179260037609145e-05 -0.099483965908856664 -0.00040854524875529085 0.01116412193042049
leaf_weight=10248 741 13653 954 120 4304 3427 651 40149 987 153 411 14298 769 14218
leaf_count=10248 741 13653 954 120 4304 3427 651 40149 987 153 411 14298 769 14218
internal_value=-0.00170904 -0.00567513 -0.0104372 -3.36639e-05 -0.00860209 -0.014885 0.0251884 0.000329919 -0.00155378 -0.00701439 -0.0344891 8.08213e-05 0.0123793 -0.00246836
internal_weight=105083 35677 19344 16333 17979 7731 924 69406 15409 273 1365 68665 1756 28516
internal_count=105083 35677 19344 16333 17979 7731 924 69406 15409 273 1365 68665 1756 28516
is_linear=0
shrinkage=0.05


Tree=32
num_leaves=15
num_cat=0
split_feature=165 94 65 97 166 167 17 95 176 117 107 169 167 94
split_gain=442.579 477.046 395.03 365.877 826.711 1111.6 355.3 499.358 318.985 239.923 178.645 195.725 157.137 226.011
threshold=12.500000000000002 13.780000209808351 33.500000000000007 2.0066666603088383 6.5000000000000009 1.5000000000000002 2.9483333826065068 0.14745578169822696 1.0000000180025095e-35 57.139204025268562 0.1236831843852997 139.50000000000003 1.5000000000000002 2.0066666603088383
decision_type=2 2 2 2 2 2 2 2 2 2 2 2 2 2
left_child=1 2 6 4 5 9 -1 -8 -7 -2 11 -3 13 -5
right_child=3 10 -4 12 -6 8 7 -9 -10 -11 -12 -13 -14 -15
leaf_value=0 2.2794729744366515e-07 -0.00016070587168992231 -6.1213185865228237e-09 2.9496287278838108e-07 1.8617050108408374e-07 2.9520231952038548e-05 -1.173237402788879e-08 1.6297215769567847e-06 -3.2782773425767373e-06 -0.0014798171607155622 -0.034803392256738869 0.00093799467263200916 0.0089372829359249725 -0.00021962791981960518
leaf_weight=9411 1360 4825 1295 706 1838 857 4505 2195 1353 194 20463 14246 31228 10607
leaf_count=9411 1360 4825 1295 706 1838 857 4505 2195 1353 194 20463 14246 31228 10607
internal_value=-0.0014093 -0.00439284 -0.0112888 0.00211951 0.0141252 0.000689838 -0.00914619 -0.0179418 -0.0220767 0.033034 -0.00135562 0.00212571 0.000537066 -0.00451051
internal_weight=105083 56940 17406 48143 5602 3764 16111 6700 2210 1554 39534 19071 42541 11313
internal_count=105083 56940 17406 48143 5602 3764 16111 6700 2210 1554 39534 19071 42541 11313
is_linear=0
shrinkage=0.05


Tree=33
num_leaves=15
num_cat=0
split_feature=165 94 65 17 95 97 166 167 79 117 112 169 169 47
split_gain=481.928 462.1 395.03 355.3 499.358 331.108 835.104 1126.8 296.553 237.559 168.774 137.898 133.973 133.843
threshold=12.500000000000002 13.780000209808351 33.500000000000007 2.9483333826065068 0.14745578169822696 2.0066666603088383 6.5000000000000009 1.5000000000000002 1220.5000000000002 57.139204025268562 1.6733332872390749 99.500000000000014 61.500000000000007 2.5000000000000004
decision_type=2 2 2 2 2 2 2 2 2 2 2 2 2 2
left_child=1 2 3 -1 -5 6 7 9 -9 -2 -3 -12 -7 -8
right_child=5 10 -4 4 -6 12 13 8 -10 -11 11 -13 -14 -15
leaf_value=0 2.1654993257148191e-07 0.0011390142003486756 -5.8152526571966829e-09 -1.1145755326494351e-08 1.5482354981089455e-06 0.046772662651076082 1.7911765951906929e-07 -3.1143634754479004e-06 7.2603725827490514e-05 -0.001405826302679784 -0.024068317942237103 -2.7480549961122332e-05 -4.3895654559595835e-05 -8.9982302821966099e-07
leaf_weight=9411 1360 286 1295 4505 2195 7863 1698 1999 211 194 9646 29602 34678 140
leaf_count=9411 1360 286 1295 4505 2195 7863 1698 1999 211 194 9646 29602 34678 140
internal_value=-0.00138836 -0.00450171 -0.0112888 -0.00914619 -0.0179418 0.00229397 0.013715 0.000212258 -0.0227088 0.0327774 -0.00151243 -0.00179349 0.000788558 0.0412914
internal_weight=105083 56940 17406 16111 6700 48143 5602 3764 2210 1554 39534 39248 42541 1838
internal_count=105083 56940 17406 16111 6700 48143 5602 3764 2210 1554 39534 39248 42541 1838
is_linear=0
shrinkage=0.05


Tree=34
num_leaves=15
num_cat=0
split_feature=165 94 65 17 95 97 166 167 79 107 117 134 113 47
split_gain=363.36 573.576 395.03 355.3 499.358 338.13 835.104 1126.8 296.553 247.996 237.559 179.216 169.69 133.843
threshold=12.500000000000002 13.780000209808351 33.500000000000007 2.9483333826065068 0.14745578169822696 2.0066666603088383 6.5000000000000009 1.5000000000000002 1220.5000000000002 0.0021465017925947909 57.139204025268562 137.7956466674805 0.028279718011617664 2.5000000000000004
decision_type=2 2 2 2 2 2 2 2 2 2 2 2 2 2
left_child=1 2 3 -1 -5 6 7 10 -9 11 -2 12 -3 -8
right_child=5 9 -4 4 -6 -7 13 8 -10 -11 -12 -13 -14 -15
leaf_value=0 2.0572243594290782e-07 0.001064623604054006 -5.5244900243368491e-09 -1.0588467560169633e-08 1.4708237232034981e-06 7.0560361096860538e-06 1.7016177654311583e-07 -2.9586453016755056e-06 6.8973539536115985e-05 -0.028880923605220672 -0.0013355349875457949 -0.00017091340128621961 0.0010837641899743209 -8.5483187680867788e-07
leaf_weight=9411 1360 678 1295 4505 2195 42541 1698 1999 211 22300 194 927 15629 140
leaf_count=9411 1360 678 1295 4505 2195 42541 1698 1999 211 22300 194 927 15629 140
internal_value=-0.0010239 -0.00372728 -0.0112888 -0.00914619 -0.0179418 0.00217351 0.013715 0.000212258 -0.0227088 -0.000397076 0.0327774 0.00410697 0.0053243 0.0412914
internal_weight=105083 56940 17406 16111 6700 48143 5602 3764 2210 39534 1554 17234 16307 1838
internal_count=105083 56940 17406 16111 6700 48143 5602 3764 2210 39534 1554 17234 16307 1838
is_linear=0
shrinkage=0.05


Tree=35
num_leaves=15
num_cat=0
split_feature=165 94 65 17 95 97 166 167 79 117 107 149 113 47
split_gain=358.325 582.065 396.374 351.321 502.538 336.286 837.266 1121.6 296.553 236.381 234.234 171.55 167.132 133.843
threshold=12.500000000000002 14.001666545867922 33.500000000000007 2.9483333826065068 0.18042296916246417 2.0066666603088383 6.5000000000000009 1.5000000000000002 1220.5000000000002 57.139204025268562 0.099250275641679778 253.67854309082034 0.028279718011617664 2.5000000000000004
decision_type=2 2 2 2 2 2 2 2 2 2 2 2 2 2
left_child=1 2 3 -1 -5 6 7 9 -9 -2 11 12 -3 -8
right_child=5 10 -4 4 -6 -7 13 8 -10 -11 -12 -13 -14 -15
leaf_value=0 1.9543631414576244e-07 0.0010113924238513057 -5.2482655231200062e-09 -7.6092277797440746e-08 1.3972825370433232e-06 6.7032343042017501e-06 1.6165368771596003e-07 -2.8107130365917303e-06 6.5524862559310183e-05 -0.0012687582381685051 -0.030658041572420032 -0.00018007372394376463 0.0010613443262391137 -8.1209028296824392e-07
leaf_weight=9431 1360 680 1295 4638 2296 42541 1698 1999 211 194 20709 2009 15882 140
leaf_count=9431 1360 680 1295 4638 2296 42541 1698 1999 211 194 20709 2009 15882 140
internal_value=-0.00100582 -0.0036904 -0.0112284 -0.00911423 -0.0176538 0.00216935 0.0136793 0.000159193 -0.0227088 0.0326491 -0.000300369 0.00377638 0.00545059 0.0412914
internal_weight=105083 56940 17660 16365 6934 48143 5602 3764 2210 1554 39280 18571 16562 1838
internal_count=105083 56940 17660 16365 6934 48143 5602 3764 2210 1554 39280 18571 16562 1838
is_linear=0
shrinkage=0.05


Tree=36
num_leaves=15
num_cat=0
split_feature=169 94 167 166 165 79 165 7 117 94 95 166 108 118
split_gain=203.605 272.631 728.876 491.526 325.391 284.553 283.825 524.862 281.998 169.414 377.735 295.561 165.553 147.464
threshold=351.50000000000006 0.57999998331069957 1.5000000000000002 6.5000000000000009 12.500000000000002 1220.5000000000002 12.500000000000002 3.9900000095367436 57.139204025268562 14.001666545867922 0.061711067333817489 10.500000000000002 1.8741666674613955 247.35333251953128
decision_type=2 2 2 2 2 2 2 2 2 2 2 2 2 2
left_child=1 2 6 5 -5 -4 7 -1 -8 10 11 -3 13 -11
right_child=-2 9 3 4 -6 -7 8 -9 -10 12 -12 -13 -14 -15
leaf_value=0 -4.9858522469640056e-09 2.5268007378319023e-07 -2.7194110312614012e-06 0 2.775565182831903e-07 6.2248619431344682e-05 1.8340881494928458e-07 3.4581033365762671e-09 -0.0011793868013554765 0.0010539054971962761 -3.848609964416898e-08 -6.3112950747160153e-06 4.5776230074315214e-05 0.0019054792849303775
leaf_weight=2395 4320 1227 2136 6374 1083 210 2030 967 328 809 9127 2765 70237 1075
leaf_count=2395 4320 1227 2136 6374 1083 210 2030 967 328 809 9127 2765 70237 1075
internal_value=0.000183656 0.000639588 0.006733 -0.00154466 0.00473734 -0.0214802 0.0209083 0.0115533 0.0341938 -0.000470409 -0.00569567 -0.0185139 0.000480409 0.0150873
internal_weight=105083 100763 15523 9803 7457 2346 5720 3362 2358 85240 13119 3992 72121 1884
internal_count=105083 100763 15523 9803 7457 2346 5720 3362 2358 85240 13119 3992 72121 1884
is_linear=0
shrinkage=0.05


Tree=37
num_leaves=15
num_cat=0
split_feature=104 113 113 167 97 165 70 78 164 166 132 75 151 27
split_gain=134.947 157.468 148.668 206.158 177.536 311.995 155.053 196.24 143.935 123.632 113.065 207.185 151.53 120.929
threshold=118.3605079650879 0.49755409359931951 4.1852331161499032 1.5000000000000002 17.039999961853031 20.500000000000004 4.5000000000000009 2.5000000000000004 212.83880615234378 4.5000000000000009 130.14839172363284 84.500000000000014 585.50000000000011 384.01333618164068
decision_type=2 2 2 2 2 2 2 2 2 2 2 2 2 2
left_child=2 -2 3 6 5 -5 7 -1 -8 -6 11 -3 -13 -12
right_child=1 10 -4 4 9 -7 8 -9 -10 -11 13 12 -14 -15
leaf_value=0 -1.095818279895251e-05 2.295491472188751e-06 -9.6905695521741958e-07 0 0.094057004281792853 2.6367869236903077e-07 -4.7365596346158054e-09 1.7649405769101007e-07 7.7830230386670742e-08 0.0010012102223364622 0.025334714256056004 -0.039475989154625732 0.011430535697798175 -0.0028817959344703023
leaf_weight=5635 1739 7340 54943 12365 2055 1139 2347 2536 2041 6649 1870 3286 766 372
leaf_count=5635 1739 7340 54943 12365 2055 1139 2347 2536 2041 6649 1870 3286 766 372
internal_value=9.75373e-05 -0.00423007 0.000839325 0.00339785 0.000501958 -0.00308683 0.0085164 0.0125856 0.000933303 0.00606843 -0.00241953 -0.00443976 -0.0135075 0.00783267
internal_weight=105083 15373 89710 34767 22208 13504 12559 8171 4388 8704 13634 11392 4052 2242
internal_count=105083 15373 89710 34767 22208 13504 12559 8171 4388 8704 13634 11392 4052 2242
is_linear=0
shrinkage=0.05


Tree=38
num_leaves=15
num_cat=0
split_feature=99 165 133 109 70 166 167 47 167 17 174 167 79 175
split_gain=143.699 554.099 336.846 315.87 306.207 281.534 655.866 272.955 230.49 219.737 210.241 198.317 187.798 177.063
threshold=1.0000000180025095e-35 12.500000000000002 500.50000000000006 1.9666666984558108 3.5000000000000004 6.5000000000000009 1.5000000000000002 2.5000000000000004 2.5000000000000004 190.01333618164065 1.0000000180025095e-35 1.5000000000000002 7.5000000000000009 -0.93301269412040699
decision_type=2 2 2 2 2 2 2 2 2 2 2 2 2 2
left_child=1 4 5 7 -1 6 -3 8 12 -9 -6 -7 -2 -10
right_child=3 2 -4 -5 10 11 -8 9 13 -11 -12 -13 -14 -15
leaf_value=0 3.4581033365762671e-09 1.7260254617167655e-07 1.8272785477327908e-07 -1.0016186898508897e-06 0 -6.1646349535279637e-10 -2.5834404796983313e-06 -1.2183413374925187e-06 -3.4504199072337222e-05 1.1487953419733474e-06 -4.4997316528850151e-09 3.1104738174599324e-07 0 0
leaf_weight=821 5462 386 746 84834 603 314 721 1160 658 274 1248 338 2294 5224
leaf_count=821 5462 386 746 84834 603 314 721 1160 658 274 1248 338 2294 5224
internal_value=0.000216009 -0.00790235 0.00898406 0.000637067 -0.0237206 -0.00297619 -0.0183004 0.00730583 0.00948838 -0.0134121 -0.0349677 0.0229833 0.0151462 0.0020214
internal_weight=105083 5177 2505 99906 2672 1759 1107 15072 13638 1434 1851 652 7756 5882
internal_count=105083 5177 2505 99906 2672 1759 1107 15072 13638 1434 1851 652 7756 5882
is_linear=0
shrinkage=0.05


Tree=39
num_leaves=15
num_cat=0
split_feature=99 165 167 160 148 7 159 166 102 114 117 97 88 63
split_gain=291.51 324.509 349.725 332.796 328.014 220.266 218.31 247.578 206.88 202.139 170.85 166.713 370.835 150.264
threshold=1.7760242819786074 12.500000000000002 1.5000000000000002 3.5000000000000004 68.443613052368178 2.9833333492279057 3.003472208976746 6.5000000000000009 1.1334259510040285 2.3716551065444951 1.729702413082123 3.2999999523162846 3.4850000143051152 70.500000000000014
decision_type=2 2 2 2 2 2 2 2 2 2 2 2 2 2
left_child=1 2 3 5 -3 -1 7 -6 -4 -2 -11 12 -12 -8
right_child=9 4 8 -5 6 -7 13 -9 -10 10 11 -13 -14 -15
leaf_value=-1.7290516682881335e-10 1.6749644963963076e-07 -7.4473016185939355e-09 1.7531123200102014e-07 -4.2747450702407639e-09 -2.4353290151371271e-06 3.1122930029186406e-09 1.7359146203461513e-07 2.9549501265869356e-07 0 -3.2778989118720357e-05 0 -3.0402736835354693e-09 1.3332017620895758e-07 -0.001027687758491545
leaf_weight=1112 2362 2675 225 1681 553 243 1277 185 2631 1154 2411 86571 1890 113
leaf_count=1112 2362 2675 225 1681 553 243 1277 185 2631 1154 2411 86571 1890 113
internal_value=-0.000421551 -0.00824299 -0.0161014 -0.027902 0.00140391 -0.00941176 0.0160338 -0.00592194 -0.00353023 0.000465077 9.39901e-05 0.000337269 0.00993962 0.0276703
internal_weight=105083 10695 5892 3036 4803 1355 2128 738 2856 94388 92026 90872 4301 1390
internal_count=105083 10695 5892 3036 4803 1355 2128 738 2856 94388 92026 90872 4301 1390
is_linear=0
shrinkage=0.05


Tree=40
num_leaves=15
num_cat=0
split_feature=113 165 169 94 100 168 7 104 100 103 119 107 105 159
split_gain=169.056 317.782 299.717 277.173 319.771 262.267 212.087 246.451 181.756 129.703 128.136 118.137 145.343 111.569
threshold=0.45719431340694433 20.500000000000004 99.500000000000014 1.0066666603088381 156.15166473388675 10.500000000000002 101.00666809082033 76.667846679687514 344.81166076660162 209.85333251953128 96.193893432617202 4.927091360092164 99.732223510742202 107.47742843627931
decision_type=2 2 2 2 2 2 2 2 2 2 2 2 2 2
left_child=1 5 -3 4 13 6 7 -1 -4 -7 -6 -5 -13 -2
right_child=3 2 8 11 10 9 -8 -9 -10 -11 -12 12 -14 -15
leaf_value=0 4.845284776087098e-08 -4.1700358125191292e-10 1.5085035166157268e-07 2.7977235292532626e-05 -3.1203884339954062e-05 0.00028201369415250833 1.062402102664611e-06 -3.4527876831772483e-09 -3.9029973141676435e-05 -4.5115730519715549e-09 0.0019736504230339646 -0.012359452645015721 -0.91901580959516527 -0.00092856756053970183
leaf_weight=8478 2617 281 1137 70498 1297 138 1093 3588 196 2697 236 9112 3593 122
leaf_count=8478 2617 281 1137 70498 1297 138 1093 3588 196 2697 236 9112 3593 122
internal_value=-0.000336861 -0.00480611 0.0163064 0.000562986 0.0129764 -0.00694106 -0.00396536 -0.00587772 0.0261958 -0.0207218 -0.00529909 -7.5113e-05 -0.0045122 0.0231961
internal_weight=105083 17608 1614 87475 4272 15994 13159 12066 1333 2835 1533 83203 12705 2739
internal_count=105083 17608 1614 87475 4272 15994 13159 12066 1333 2835 1533 83203 12705 2739
is_linear=0
shrinkage=0.05


Tree=41
num_leaves=15
num_cat=0
split_feature=169 169 114 166 66 101 114 106 97 165 116 113 165 159
split_gain=155.339 140.35 168.003 462.529 245.874 235.514 131.345 125.355 160.255 296.568 179.856 108.972 335.081 250.391
threshold=351.50000000000006 286.50000000000006 6.4286978244781503 6.5000000000000009 2.5000000000000004 8.5742945671081561 11.903501033782961 144.00666809082034 15.986666679382326 11.500000000000002 95.697685241699233 0.38116146624088293 12.500000000000002 33.998264312744148
decision_type=2 2 2 2 2 2 2 2 2 2 2 2 2 2
left_child=1 7 3 5 -5 -3 -4 8 9 -1 -10 12 -2 -14
right_child=11 2 6 4 -6 -7 -8 -9 10 -11 -12 -13 13 -15
leaf_value=-1.7290516682881335e-10 -4.2859943993729774e-09 -2.2594198394025787e-06 -0.00064870428128065497 -1.237353967421069e-05 3.5107768223460315e-09 0.053836453415491571 0.0017789370787114523 -0.26465029790730421 0.00011097554859591333 9.0136317077666541e-09 -0.00030881499686997451 -5.2363538813447351e-05 -2.5493792825946185e-06 6.8197353400137632e-08
leaf_weight=10365 789 358 1115 171 1299 292 15485 6867 51615 9397 3799 2882 186 463
leaf_count=10365 789 358 1115 171 1299 292 15485 6867 51615 9397 3799 2882 186 463
internal_value=-0.000224098 0.000174162 0.00408011 0.0173176 0.0328136 -0.0177099 0.00238482 -0.000717263 -0.000126362 -0.0039915 0.00125228 -0.00950289 -0.0207207 0.00588685
internal_weight=105083 100763 18720 2120 1470 650 16600 82043 75176 19762 55414 4320 1438 649
internal_count=105083 100763 18720 2120 1470 650 16600 82043 75176 19762 55414 4320 1438 649
is_linear=0
shrinkage=0.05


Tree=42
num_leaves=15
num_cat=0
split_feature=3 97 95 169 165 159 166 10 167 166 166 160 96 107
split_gain=144.594 270.938 538.502 261.046 363.396 217.135 211.901 211.552 208.98 922.39 552.36 155.335 126.428 117.195
threshold=13.996666431427004 3.2999999523162846 0.077365972101688399 348.50000000000006 12.500000000000002 33.998264312744148 15.500000000000002 1.9216666221618655 1.5000000000000002 6.5000000000000009 4.5000000000000009 896.50000000000011 4.9800345897674569 0.92395552992820751
decision_type=2 2 2 2 2 2 2 2 2 2 2 2 2 2
left_child=1 3 6 8 -5 -6 12 -2 10 -10 -1 -8 -3 -9
right_child=7 2 -4 4 5 -7 11 13 9 -11 -12 -13 -14 -15
leaf_value=1.7269686905137679e-07 0.0010221774782407627 -2.261983445525335e-09 -1.453290705195625e-06 -4.0716946794043288e-09 -2.3981562191752298e-06 6.4787485730130763e-08 -5.5025952107386625e-06 0.0009273635337158294 -2.454174132833715e-06 8.6452583414406679e-12 -3.4160854100438951e-10 4.5854666531710131e-08 -2.181961385543513e-05 -0.029855730323801951
leaf_weight=1037 2602 1883 14816 704 126 449 3055 39742 2126 5674 3995 415 2334 26125
leaf_count=1037 2602 1883 14816 704 126 449 3055 39742 2126 5674 3995 415 2334 26125
internal_value=-0.000596167 -0.00313225 -0.00653768 0.00229881 -0.0191978 0.0102586 -0.0172712 0.000760143 0.00444808 0.00957079 -0.00349414 -0.0264173 -0.00972288 0.00020722
internal_weight=105083 36614 22503 14111 1279 575 7687 68469 12832 7800 5032 3470 4217 65867
internal_count=105083 36614 22503 14111 1279 575 7687 68469 12832 7800 5032 3470 4217 65867
is_linear=0
shrinkage=0.05


Tree=43
num_leaves=15
num_cat=0
split_feature=162 161 19 166 69 102 16 169 113 165 111 102 100 119
split_gain=136.546 175.352 171.66 160.657 152.128 152.027 118.715 105.859 136.964 335.081 135.89 106.964 148.142 108.784
threshold=506.68699645996099 66.777706146240249 21.001667022705082 6.5000000000000009 7.5000000000000009 100.13452911376955 380.20166015625006 352.50000000000006 0.38116146624088293 12.500000000000002 8.8479514122009295 1.8450363874435427 31.133334159851078 58.527935028076179
decision_type=2 2 2 2 2 2 2 2 2 2 2 2 2 2
left_child=6 2 3 4 -2 -4 7 11 9 -9 -10 12 -1 -13
right_child=1 -3 5 -5 -6 -7 -8 8 10 -11 -12 13 -14 -15
leaf_value=3.4370943733100813e-11 -0.0012112917876888111 1.1133540955596944e-06 -1.0632017915103376e-08 1.5691825750150032e-07 7.3362544738273051e-05 0.033539585894235981 -0.21918546829664629 -3.8681099454341117e-09 9.4920990538940797e-06 5.0205355153107779e-08 -0.0027593177003938834 8.2129954243686346e-12 -2.4115764430618471e-06 -8.1939701023983068e-09
leaf_weight=1119 222 4001 439 955 168 692 812 789 1024 649 1570 62471 2287 27885
leaf_count=1119 222 4001 439 955 168 692 812 789 1024 649 1570 62471 2287 27885
internal_value=-0.00014131 0.00688831 0.0173317 0.0293704 0.00227848 0.00294894 -0.000603381 -0.00044479 -0.00837255 -0.0207207 -0.00150058 -0.000103448 -0.00879507 0.000224654
internal_weight=105083 6477 2476 1345 390 1131 98606 97794 4032 1438 2594 93762 3406 90356
internal_count=105083 6477 2476 1345 390 1131 98606 97794 4032 1438 2594 93762 3406 90356
is_linear=0
shrinkage=0.05


Tree=44
num_leaves=15
num_cat=0
split_feature=169 113 94 159 100 173 169 166 109 99 102 113 165 159
split_gain=145.994 135.06 288.921 275.825 223.365 479.424 206.38 200.698 410.112 316.746 119.314 114.338 335.081 250.391
threshold=352.50000000000006 4.3399631977081308 0.57999998331069957 3.4809027910232548 63.983333587646491 0.87837970256805431 149.50000000000003 6.5000000000000009 1.0066666603088381 0.19935185462236407 1.9765409827232363 0.38116146624088293 12.500000000000002 33.998264312744148
decision_type=2 2 2 2 2 2 2 2 2 2 2 2 2 2
left_child=1 3 6 7 5 -5 -3 9 -9 -1 -6 12 -2 -14
right_child=11 2 -4 4 10 -7 -8 8 -10 -11 -12 -13 13 -15
leaf_value=-2.0237405514405351e-06 -3.6747044481624066e-09 -5.2274658608515008e-06 -1.5419412036954553e-05 -7.8376998796506479e-09 -3.1019452627635827e-05 5.9055088470314639e-10 1.5590943186629902e-06 4.9196898792985717e-11 -7.1669540715063879e-07 1.5886039435447133e-07 2.8627201951470296e-07 -1.4467358140444961e-05 -2.3045127752637817e-06 5.9037843685968827e-08
leaf_weight=586 789 1386 59967 5254 201 826 582 5544 3203 2979 20523 2594 186 463
leaf_count=586 789 1386 59967 5254 201 826 582 5544 3203 2979 20523 2594 186 463
internal_value=-0.000113714 0.000258767 -0.0011939 0.00255873 -0.000287217 -0.00870994 -0.0200203 0.00875213 0.0128256 -0.0012465 0.00218534 -0.0094377 -0.0207207 0.00588685
internal_weight=105083 101051 61935 39116 26804 6080 1968 12312 8747 3565 20724 4032 1438 649
internal_count=105083 101051 61935 39116 26804 6080 1968 12312 8747 3565 20724 4032 1438 649
is_linear=0
shrinkage=0.05


Tree=45
num_leaves=15
num_cat=0
split_feature=3 159 96 95 165 159 160 165 99 10 167 166 80 98
split_gain=143.844 338.933 527.276 440.891 700.759 783.771 353.895 289.091 331.783 228.279 185.171 147.161 113.636 147.899
threshold=13.996666431427004 3.4809027910232548 2.4620833396911626 0.20639720559120181 12.500000000000002 37.536457061767585 54.500000000000007 11.500000000000002 1.0000000180025095e-35 1.9216666221618655 1.5000000000000002 11.500000000000002 12.861666679382326 0.033513279631733901
decision_type=2 2 2 2 2 2 2 2 2 2 2 2 2 2
left_child=1 2 7 4 5 -3 -6 8 -1 -2 -9 -4 -11 -14
right_child=9 3 11 -5 6 -7 -8 10 -10 12 -12 -13 13 -15
leaf_value=4.6737053853336429e-11 0.001010360533489368 -1.0599573096052799e-08 -4.486047242392017e-06 1.5473921927393167e-05 1.3608106672971188e-07 -2.452839114524278e-09 -2.1655330372109347e-06 1.2787384569775985e-07 5.3425007135009159e-12 0.0010241847623107957 -1.8011594381925815e-06 -4.9747923091419129e-06 0.0045728336815982823 -0.00082240847137614976
leaf_weight=761 2602 4874 2878 9630 1411 3181 3434 2052 3537 17411 2344 2512 311 48145
leaf_count=761 2602 4874 2878 9630 1411 3181 3434 2052 3537 17411 2344 2512 311 48145
internal_value=-0.000559055 -0.00308856 0.00299524 -0.0068915 -0.012933 -0.0219665 0.00209278 0.0106104 0.0198234 0.000793732 0.00159055 -0.00928638 0.000219365 -0.00102557
internal_weight=105083 36614 14084 22530 12900 8055 4845 8694 4298 68469 4396 5390 65867 48456
internal_count=105083 36614 14084 22530 12900 8055 4845 8694 4298 68469 4396 5390 65867 48456
is_linear=0
shrinkage=0.05


Tree=46
num_leaves=15
num_cat=0
split_feature=159 113 94 165 159 96 162 112 166 109 174 167 113 162
split_gain=136.493 612.829 414.564 663.113 583.583 441.861 336.728 335.879 259.104 388.93 329.923 311.997 286.807 245.873
threshold=3.4809027910232548 3.178374290466309 12.894999980926515 12.500000000000002 37.536457061767585 1.0000000180025095e-35 314.92161560058599 3.9866666793823247 6.5000000000000009 1.0066666603088381 1.0000000180025095e-35 1.5000000000000002 1.0000000180025095e-35 6.5367062091827401
decision_type=2 2 2 2 2 2 2 2 2 2 2 2 2 2
left_child=1 8 3 4 5 -2 -6 -5 10 11 12 -10 -1 -11
right_child=2 -3 -4 7 6 -7 -8 -9 9 13 -12 -13 -14 -15
leaf_value=-2.208882668716849e-06 -7.3751630745952491e-09 -6.0861943354585453e-06 0.00050866088109837056 1.4266017628392223e-07 -2.7895240025278368e-09 -4.9657354943209518e-06 1.1050778344118926e-09 -0.00084007242786053062 6.3420152328342232e-11 -1.4007785430914397e-06 2.009598055418636e-07 4.4400201160669607e-11 0.018133865673058077 0.0040002602724313208
leaf_weight=828 2849 7987 68027 3193 2210 3194 1781 4399 2575 1634 1782 2852 732 1040
leaf_count=828 2849 7987 68027 3193 2210 3194 1781 4399 2575 1634 1782 2852 732 1040
internal_value=-0.000232662 0.0035503 -0.00109097 -0.00792354 -0.0163562 -0.0261491 -0.00151401 0.00322496 0.010967 0.0157969 -0.000746938 0.0234812 -0.017508 0.000186637
internal_weight=105083 19430 85653 17626 10034 6043 3991 7592 11443 8101 3342 5427 1560 2674
internal_count=105083 19430 85653 17626 10034 6043 3991 7592 11443 8101 3342 5427 1560 2674
is_linear=0
shrinkage=0.05


end of trees

feature_importances:
melbourne_hour=43
utc_hour=36
roll0003_stddev_pop_fixed_avg_active_gpus_F30=34
roll0003_mean_fixed_avg_active_gpus_F30=32
melbourne_day_of_week=27
melbourne_day_of_year=25
roll0048_stddev_pop_fixed_avg_active_gpus_F30=21
roll0003_max_fixed_avg_active_gpus_F30=18
roll0012_max_total_avg_active_gpus=17
lag_fixed_avg_active_gpus_F30_0288=16
roll0012_stddev_pop_fixed_avg_active_gpus_F30=16
roll0012_stddev_pop_total_avg_active_gpus=13
roll0288_mean_queued_requested_gpus=13
lag_fixed_avg_active_gpus_F30_0001=12
roll2016_mean_fixed_avg_active_gpus_F30=11
roll2016_mean_queued_requested_gpus=11
lag_running_job_equivalents_0001=10
roll0048_max_total_avg_active_gpus=10
roll0288_mean_fixed_avg_active_gpus_F30=10
roll2016_mean_total_avg_active_gpus=9
lag_fixed_avg_active_gpus_F30_0048=8
roll0288_max_total_avg_active_gpus=8
lag_total_avg_active_gpus_0288=7
lag_arriving_requested_gpus_0288=7
lag_queued_job_count_0024=7
lag_running_job_equivalents_0288=7
roll0048_stddev_pop_total_avg_active_gpus=7
roll0288_stddev_pop_fixed_avg_active_gpus_F30=7
lag_running_job_equivalents_0048=6
roll0048_mean_total_avg_active_gpus=6
roll0288_mean_total_avg_active_gpus=6
roll2016_stddev_pop_total_avg_active_gpus=6
roll0048_mean_fixed_avg_active_gpus_F30=6
roll2016_stddev_pop_flexible_avg_active_gpus_F30=6
roll0288_max_queued_requested_gpus=6
lag_arriving_job_count_0002=5
lag_queued_job_count_0288=5
lag_queued_requested_gpus_2016=5
lag_running_job_equivalents_0576=5
roll0003_mean_total_avg_active_gpus=5
roll2016_max_total_avg_active_gpus=5
roll2016_max_fixed_avg_active_gpus_F30=5
roll2016_stddev_pop_fixed_avg_active_gpus_F30=5
roll2016_stddev_pop_arriving_flexible_gpu_hours_F30=5
roll0288_stddev_pop_queued_requested_gpus=5
roll2016_stddev_pop_queued_requested_gpus=5
hour_sin=5
weekday_cos=5
lag_total_avg_active_gpus_0002=4
lag_fixed_avg_active_gpus_F30_0024=4
lag_fixed_avg_active_gpus_F30_2016=4
lag_queued_job_count_0048=4
lag_queued_requested_gpus_0288=4
roll0012_max_fixed_avg_active_gpus_F30=4
lag_total_avg_active_gpus_0006=3
lag_flexible_avg_active_gpus_F30_0288=3
lag_queued_requested_gpus_0024=3
roll0003_max_total_avg_active_gpus=3
roll0012_mean_fixed_avg_active_gpus_F30=3
roll0288_max_fixed_avg_active_gpus_F30=3
roll2016_mean_flexible_avg_active_gpus_F30=3
roll2016_max_flexible_avg_active_gpus_F30=3
month_sin=3
lag_total_avg_active_gpus_0576=2
lag_fixed_avg_active_gpus_F30_0002=2
lag_arriving_requested_gpus_0003=2
lag_queued_job_count_0001=2
lag_queued_job_count_0006=2
lag_queued_job_count_2016=2
lag_queued_requested_gpus_0001=2
lag_queued_requested_gpus_0576=2
roll0288_stddev_pop_total_avg_active_gpus=2
roll0048_max_fixed_avg_active_gpus_F30=2
roll0288_mean_arriving_flexible_gpu_hours_F30=2
roll0288_max_arriving_flexible_gpu_hours_F30=2
roll0288_stddev_pop_arriving_flexible_gpu_hours_F30=2
roll2016_mean_arriving_flexible_gpu_hours_F30=2
roll0048_stddev_pop_queued_requested_gpus=2
weekday_sin=2
month_cos=2
lag_total_avg_active_gpus_0001=1
lag_total_avg_active_gpus_0012=1
lag_fixed_avg_active_gpus_F30_0006=1
lag_fixed_avg_active_gpus_F30_0012=1
lag_flexible_avg_active_gpus_F30_0576=1
lag_arriving_job_count_0006=1
lag_arriving_requested_gpus_0024=1
lag_queued_job_count_0003=1
lag_queued_job_count_0012=1
lag_queued_requested_gpus_0002=1
lag_running_job_equivalents_0002=1
lag_running_job_equivalents_0006=1
lag_running_job_equivalents_0012=1
roll0003_stddev_pop_total_avg_active_gpus=1
roll0048_stddev_pop_flexible_avg_active_gpus_F30=1
roll0288_mean_flexible_avg_active_gpus_F30=1
roll0288_stddev_pop_flexible_avg_active_gpus_F30=1
roll0048_mean_arriving_flexible_gpu_hours_F30=1
roll0048_max_arriving_flexible_gpu_hours_F30=1
roll2016_max_arriving_flexible_gpu_hours_F30=1
roll0003_max_queued_requested_gpus=1
roll0048_mean_queued_requested_gpus=1
roll2016_max_queued_requested_gpus=1
melbourne_month=1

parameters:
[boosting: gbdt]
[objective: regression_l1]
[metric: l1]
[tree_learner: serial]
[device_type: cpu]
[data_sample_strategy: bagging]
[data: ]
[valid: ]
[num_iterations: 47]
[learning_rate: 0.05]
[num_leaves: 15]
[num_threads: 4]
[seed: 20260721]
[deterministic: 1]
[force_col_wise: 1]
[force_row_wise: 0]
[histogram_pool_size: -1]
[max_depth: 5]
[min_data_in_leaf: 100]
[min_sum_hessian_in_leaf: 0.001]
[bagging_fraction: 1]
[pos_bagging_fraction: 1]
[neg_bagging_fraction: 1]
[bagging_freq: 0]
[bagging_seed: 11591]
[bagging_by_query: 0]
[feature_fraction: 1]
[feature_fraction_bynode: 1]
[feature_fraction_seed: 24120]
[extra_trees: 0]
[extra_seed: 12737]
[early_stopping_round: 0]
[early_stopping_min_delta: 0]
[first_metric_only: 0]
[max_delta_step: 0]
[lambda_l1: 0]
[lambda_l2: 5]
[linear_lambda: 0]
[min_gain_to_split: 0]
[drop_rate: 0.1]
[max_drop: 50]
[skip_drop: 0.5]
[xgboost_dart_mode: 0]
[uniform_drop: 0]
[drop_seed: 6762]
[top_rate: 0.2]
[other_rate: 0.1]
[min_data_per_group: 100]
[max_cat_threshold: 32]
[cat_l2: 10]
[cat_smooth: 10]
[max_cat_to_onehot: 4]
[top_k: 20]
[monotone_constraints: ]
[monotone_constraints_method: basic]
[monotone_penalty: 0]
[feature_contri: ]
[forcedsplits_filename: ]
[refit_decay_rate: 0.9]
[cegb_tradeoff: 1]
[cegb_penalty_split: 0]
[cegb_penalty_feature_lazy: ]
[cegb_penalty_feature_coupled: ]
[path_smooth: 0]
[interaction_constraints: ]
[verbosity: -1]
[saved_feature_importance_type: 0]
[use_quantized_grad: 0]
[num_grad_quant_bins: 4]
[quant_train_renew_leaf: 0]
[stochastic_rounding: 1]
[linear_tree: 0]
[max_bin: 255]
[max_bin_by_feature: ]
[min_data_in_bin: 3]
[bin_construct_sample_cnt: 200000]
[data_random_seed: 4436]
[is_enable_sparse: 1]
[enable_bundle: 1]
[use_missing: 1]
[zero_as_missing: 0]
[feature_pre_filter: 1]
[pre_partition: 0]
[two_round: 0]
[header: 0]
[label_column: ]
[weight_column: ]
[group_column: ]
[ignore_column: ]
[categorical_feature: ]
[forcedbins_filename: ]
[precise_float_parser: 0]
[parser_config_file: ]
[objective_seed: 18074]
[num_class: 1]
[is_unbalance: 0]
[scale_pos_weight: 1]
[sigmoid: 1]
[boost_from_average: 1]
[reg_sqrt: 0]
[alpha: 0.9]
[fair_c: 1]
[poisson_max_delta_step: 0.7]
[tweedie_variance_power: 1.5]
[lambdarank_truncation_level: 30]
[lambdarank_norm: 1]
[label_gain: ]
[lambdarank_position_bias_regularization: 0]
[eval_at: ]
[multi_error_top_k: 1]
[auc_mu_weights: ]
[num_machines: 1]
[local_listen_port: 12400]
[time_out: 120]
[machine_list_filename: ]
[machines: ]
[gpu_platform_id: -1]
[gpu_device_id: -1]
[gpu_use_dp: 0]
[num_gpu: 1]

end of parameters

pandas_categorical:[]
