tree
version=v4
num_class=1
num_tree_per_iteration=1
label_index=0
max_feature_idx=176
objective=regression_l1
feature_names=lag_total_avg_active_gpus_0001 lag_total_avg_active_gpus_0002 lag_total_avg_active_gpus_0003 lag_total_avg_active_gpus_0006 lag_total_avg_active_gpus_0012 lag_total_avg_active_gpus_0024 lag_total_avg_active_gpus_0048 lag_total_avg_active_gpus_0288 lag_total_avg_active_gpus_0576 lag_total_avg_active_gpus_2016 lag_fixed_avg_active_gpus_F30_0001 lag_fixed_avg_active_gpus_F30_0002 lag_fixed_avg_active_gpus_F30_0003 lag_fixed_avg_active_gpus_F30_0006 lag_fixed_avg_active_gpus_F30_0012 lag_fixed_avg_active_gpus_F30_0024 lag_fixed_avg_active_gpus_F30_0048 lag_fixed_avg_active_gpus_F30_0288 lag_fixed_avg_active_gpus_F30_0576 lag_fixed_avg_active_gpus_F30_2016 lag_flexible_avg_active_gpus_F30_0001 lag_flexible_avg_active_gpus_F30_0002 lag_flexible_avg_active_gpus_F30_0003 lag_flexible_avg_active_gpus_F30_0006 lag_flexible_avg_active_gpus_F30_0012 lag_flexible_avg_active_gpus_F30_0024 lag_flexible_avg_active_gpus_F30_0048 lag_flexible_avg_active_gpus_F30_0288 lag_flexible_avg_active_gpus_F30_0576 lag_flexible_avg_active_gpus_F30_2016 lag_arriving_job_count_0001 lag_arriving_job_count_0002 lag_arriving_job_count_0003 lag_arriving_job_count_0006 lag_arriving_job_count_0012 lag_arriving_job_count_0024 lag_arriving_job_count_0048 lag_arriving_job_count_0288 lag_arriving_job_count_0576 lag_arriving_job_count_2016 lag_arriving_requested_gpus_0001 lag_arriving_requested_gpus_0002 lag_arriving_requested_gpus_0003 lag_arriving_requested_gpus_0006 lag_arriving_requested_gpus_0012 lag_arriving_requested_gpus_0024 lag_arriving_requested_gpus_0048 lag_arriving_requested_gpus_0288 lag_arriving_requested_gpus_0576 lag_arriving_requested_gpus_2016 lag_arriving_flexible_gpu_hours_F30_0001 lag_arriving_flexible_gpu_hours_F30_0002 lag_arriving_flexible_gpu_hours_F30_0003 lag_arriving_flexible_gpu_hours_F30_0006 lag_arriving_flexible_gpu_hours_F30_0012 lag_arriving_flexible_gpu_hours_F30_0024 lag_arriving_flexible_gpu_hours_F30_0048 lag_arriving_flexible_gpu_hours_F30_0288 lag_arriving_flexible_gpu_hours_F30_0576 lag_arriving_flexible_gpu_hours_F30_2016 lag_queued_job_count_0001 lag_queued_job_count_0002 lag_queued_job_count_0003 lag_queued_job_count_0006 lag_queued_job_count_0012 lag_queued_job_count_0024 lag_queued_job_count_0048 lag_queued_job_count_0288 lag_queued_job_count_0576 lag_queued_job_count_2016 lag_queued_requested_gpus_0001 lag_queued_requested_gpus_0002 lag_queued_requested_gpus_0003 lag_queued_requested_gpus_0006 lag_queued_requested_gpus_0012 lag_queued_requested_gpus_0024 lag_queued_requested_gpus_0048 lag_queued_requested_gpus_0288 lag_queued_requested_gpus_0576 lag_queued_requested_gpus_2016 lag_running_job_equivalents_0001 lag_running_job_equivalents_0002 lag_running_job_equivalents_0003 lag_running_job_equivalents_0006 lag_running_job_equivalents_0012 lag_running_job_equivalents_0024 lag_running_job_equivalents_0048 lag_running_job_equivalents_0288 lag_running_job_equivalents_0576 lag_running_job_equivalents_2016 roll0003_mean_total_avg_active_gpus roll0003_max_total_avg_active_gpus roll0003_stddev_pop_total_avg_active_gpus roll0012_mean_total_avg_active_gpus roll0012_max_total_avg_active_gpus roll0012_stddev_pop_total_avg_active_gpus roll0048_mean_total_avg_active_gpus roll0048_max_total_avg_active_gpus roll0048_stddev_pop_total_avg_active_gpus roll0288_mean_total_avg_active_gpus roll0288_max_total_avg_active_gpus roll0288_stddev_pop_total_avg_active_gpus roll2016_mean_total_avg_active_gpus roll2016_max_total_avg_active_gpus roll2016_stddev_pop_total_avg_active_gpus roll0003_mean_fixed_avg_active_gpus_F30 roll0003_max_fixed_avg_active_gpus_F30 roll0003_stddev_pop_fixed_avg_active_gpus_F30 roll0012_mean_fixed_avg_active_gpus_F30 roll0012_max_fixed_avg_active_gpus_F30 roll0012_stddev_pop_fixed_avg_active_gpus_F30 roll0048_mean_fixed_avg_active_gpus_F30 roll0048_max_fixed_avg_active_gpus_F30 roll0048_stddev_pop_fixed_avg_active_gpus_F30 roll0288_mean_fixed_avg_active_gpus_F30 roll0288_max_fixed_avg_active_gpus_F30 roll0288_stddev_pop_fixed_avg_active_gpus_F30 roll2016_mean_fixed_avg_active_gpus_F30 roll2016_max_fixed_avg_active_gpus_F30 roll2016_stddev_pop_fixed_avg_active_gpus_F30 roll0003_mean_flexible_avg_active_gpus_F30 roll0003_max_flexible_avg_active_gpus_F30 roll0003_stddev_pop_flexible_avg_active_gpus_F30 roll0012_mean_flexible_avg_active_gpus_F30 roll0012_max_flexible_avg_active_gpus_F30 roll0012_stddev_pop_flexible_avg_active_gpus_F30 roll0048_mean_flexible_avg_active_gpus_F30 roll0048_max_flexible_avg_active_gpus_F30 roll0048_stddev_pop_flexible_avg_active_gpus_F30 roll0288_mean_flexible_avg_active_gpus_F30 roll0288_max_flexible_avg_active_gpus_F30 roll0288_stddev_pop_flexible_avg_active_gpus_F30 roll2016_mean_flexible_avg_active_gpus_F30 roll2016_max_flexible_avg_active_gpus_F30 roll2016_stddev_pop_flexible_avg_active_gpus_F30 roll0003_mean_arriving_flexible_gpu_hours_F30 roll0003_max_arriving_flexible_gpu_hours_F30 roll0003_stddev_pop_arriving_flexible_gpu_hours_F30 roll0012_mean_arriving_flexible_gpu_hours_F30 roll0012_max_arriving_flexible_gpu_hours_F30 roll0012_stddev_pop_arriving_flexible_gpu_hours_F30 roll0048_mean_arriving_flexible_gpu_hours_F30 roll0048_max_arriving_flexible_gpu_hours_F30 roll0048_stddev_pop_arriving_flexible_gpu_hours_F30 roll0288_mean_arriving_flexible_gpu_hours_F30 roll0288_max_arriving_flexible_gpu_hours_F30 roll0288_stddev_pop_arriving_flexible_gpu_hours_F30 roll2016_mean_arriving_flexible_gpu_hours_F30 roll2016_max_arriving_flexible_gpu_hours_F30 roll2016_stddev_pop_arriving_flexible_gpu_hours_F30 roll0003_mean_queued_requested_gpus roll0003_max_queued_requested_gpus roll0003_stddev_pop_queued_requested_gpus roll0012_mean_queued_requested_gpus roll0012_max_queued_requested_gpus roll0012_stddev_pop_queued_requested_gpus roll0048_mean_queued_requested_gpus roll0048_max_queued_requested_gpus roll0048_stddev_pop_queued_requested_gpus roll0288_mean_queued_requested_gpus roll0288_max_queued_requested_gpus roll0288_stddev_pop_queued_requested_gpus roll2016_mean_queued_requested_gpus roll2016_max_queued_requested_gpus roll2016_stddev_pop_queued_requested_gpus utc_hour melbourne_hour melbourne_day_of_week melbourne_month melbourne_day_of_year is_weekend hour_sin hour_cos weekday_sin weekday_cos month_sin month_cos
feature_infos=[0:515.73333740234375] [0:515.73333740234375] [0:515.73333740234375] [0:515.73333740234375] [0:515.73333740234375] [0:515.73333740234375] [0:515.73333740234375] [0:515.73333740234375] [0:515.73333740234375] [0:515.73333740234375] [0:515.73333740234375] [0:515.73333740234375] [0:515.73333740234375] [0:515.73333740234375] [0:515.73333740234375] [0:515.73333740234375] [0:515.73333740234375] [0:515.73333740234375] [0:515.73333740234375] [0:515.73333740234375] [0:512] [0:512] [0:512] [0:512] [0:512] [0:512] [0:512] [0:512] [0:512] [0:512] [0:1718] [0:1718] [0:1718] [0:1718] [0:1718] [0:1718] [0:1718] [0:1718] [0:1718] [0:1718] [0:5632] [0:5632] [0:5632] [0:5632] [0:5632] [0:5632] [0:5632] [0:5632] [0:5632] [0:5632] [0:12685.912109375] [0:12685.912109375] [0:12685.912109375] [0:12685.912109375] [0:12685.912109375] [0:12685.912109375] [0:12685.912109375] [0:12685.912109375] [0:12685.912109375] [0:12685.912109375] [0:9596] [0:9596] [0:9596] [0:9596] [0:9596] [0:9596] [0:9596] [0:9596] [0:9596] [0:9596] [0:9599] [0:9599] [0:9599] [0:9599] [0:9599] [0:9599] [0:9599] [0:9599] [0:9599] [0:9599] [0:463] [0:463] [0:463] [0:463] [0:463] [0:463] [0:463] [0:463] [0:463] [0:463] [0:512] [0:515.73333740234375] [0:240.55458068847656] [0:512] [0:515.73333740234375] [0:255.7161865234375] [0:504.01470947265625] [0:515.73333740234375] [0:250.40919494628906] [0:451.16268920898438] [0:515.73333740234375] [0:230.42581176757812] [6.1177248426247388e-05:262.34512329101562] [0.053333334624767303:515.73333740234375] [0.0014853802276775241:183.8941650390625] [0:512] [0:515.73333740234375] [0:240.55458068847656] [0:509.86666870117188] [0:515.73333740234375] [0:246.19882202148438] [0:504.01470947265625] [0:515.73333740234375] [0:250.40919494628906] [0:283.29208374023438] [0:515.73333740234375] [0:225.25091552734375] [6.1177248426247388e-05:169.79315185546875] [0.053333334624767303:515.73333740234375] [0.0014853802276775241:174.28001403808594] [0:512] [0:512] [0:235.18722534179688] [0:512] [0:512] [0:253.82646179199219] [0:483.61279296875] [0:512] [0:226.47317504882812] [0:411.73898315429688] [0:512] [0:233.52969360351562] [0:178.25611877441406] [0:512] [0:182.61265563964844] [0:4477.9912109375] [0:12685.912109375] [0:5980.1962890625] [0:1127.4259033203125] [0:12685.912109375] [0:3506.200927734375] [0:281.93478393554688] [0:12685.912109375] [0:1811.8798828125] [0:48.353404998779297] [0:12685.912109375] [0:746.28338623046875] [0:15.986562728881836] [0:12685.912109375] [0:363.71148681640625] [0:9599] [0:9599] [0:2476.137451171875] [0:9599] [0:9599] [0:2455.648681640625] [0:9599] [0:9599] [0:3645.520751953125] [0:2920.1318359375] [0:9599] [0:3976.248291015625] [0:1056.5416259765625] [0:9599] [0:1794.708251953125] [0:23] [0:23] [0:6] [1:12] [1:366] [0:1] [-1:1] [-1:1] [-0.97492790222167969:0.97492790222167969] [-0.90096884965896606:1] [-1:1] [-1:1]
tree_sizes=1436 1447 1443 1462 1493 1494 1490 1505 1510 1514 1529 1535 1522 1531 1526 1477 1514 1515 1530 1521 1523 1499 1510 1564 1569 1562 1555 1555 1539 1563 1557 1553 1530 1547 1565 1538 1552 1563 1544 1557 1564 1549

Tree=0
num_leaves=15
num_cat=0
split_feature=105 172 105 166 91 166 103 165 160 114 117 102 32 80
split_gain=5502.74 3232.86 1458.68 1148.44 722.548 456.735 374.69 364.94 335.807 281.164 267.835 266.496 253.114 233.958
threshold=46.721666336059577 0.60355338454246532 7.9872221946716317 7.5000000000000009 154.80999755859378 7.5000000000000009 475.92999267578131 11.500000000000002 2754.5000000000005 10.967297554016115 22.113503456115726 49.447435379028327 4.5000000000000009 70.011665344238295
decision_type=2 2 2 2 2 2 2 2 2 2 2 2 2 2
left_child=1 2 -1 9 5 10 8 -3 -7 -4 -2 -9 -5 -12
right_child=4 7 3 12 -6 6 -8 11 -10 -11 13 -13 -14 -15
leaf_value=0 -1.3 0 -0.20000000000000001 -0.1600000023841858 -2.2512500762939456 -0.95000000000000007 -0.12799999713897706 0 1.7600000381469727 0.16333333253860474 0 0.45558333396911621 0.057999998331069946 -1.4125000000000001
leaf_weight=24329 711 5470 1324 19344 10406 8677 2831 8583 338 5441 5528 10362 1178 561
leaf_count=24329 711 5470 1324 19344 10406 8677 2831 8583 338 5441 5528 10362 1178 561
internal_value=-0.00399284 0.00308012 -0.00401096 -0.0119467 -0.0225006 -0.0166023 -0.0225297 0.0180692 -0.0275111 0.00591581 -0.00626745 0.0213536 -0.017835 -0.00286347
internal_weight=105083 76031 51616 27287 29052 18646 11846 24415 9015 6765 6800 18945 20522 6089
internal_count=105083 76031 51616 27287 29052 18646 11846 24415 9015 6765 6800 18945 20522 6089
is_linear=0
shrinkage=0.05


Tree=1
num_leaves=15
num_cat=0
split_feature=105 165 106 165 90 103 166 162 89 169 169 158 118 132
split_gain=4859 2200.29 1125.89 686.423 564.799 532.269 463.834 363.467 333.464 305.77 288.814 257.538 215.576 213.738
threshold=45.001111984252937 9.5000000000000018 8.5283331871032733 18.500000000000004 148.62277984619143 483.98666381835943 7.5000000000000009 395.78446960449224 25.005000114440922 99.500000000000014 177.50000000000003 0.99728333950042736 208.97333526611331 135.51850891113284
decision_type=2 2 2 2 2 2 2 2 2 2 2 2 2 2
left_child=1 2 -1 7 5 6 8 11 -2 -4 -11 -3 -8 -9
right_child=4 3 9 -5 -6 -7 12 13 -10 10 -12 -13 -14 -15
leaf_value=0 -0.74433331489562993 0 -0.24199999988079074 0 -2.0874374961853031 0.006399999856948853 -1.2144166851043703 0 0.23131250381469726 0.0080000001192092902 -0.14199999988079071 0.25 -0.65250000000000008 1.5878874897956849
leaf_weight=15513 3659 10023 3859 14234 10102 3448 2492 3735 2278 1753 9683 16105 7884 315
leaf_count=15513 3659 10023 3859 14234 10102 3448 2492 3735 2278 1753 9683 16105 7884 315
internal_value=-0.00328915 0.00348554 -0.00678123 0.0106074 -0.0203512 -0.015428 -0.0191997 0.0148759 -0.00804443 -0.0164052 -0.0122891 0.0170359 -0.0255756 0.000937115
internal_weight=105083 75220 30808 44412 29863 19761 16313 30178 5937 15295 11436 26128 10376 4050
internal_count=105083 75220 30808 44412 29863 19761 16313 30178 5937 15295 11436 26128 10376 4050
is_linear=0
shrinkage=0.05


Tree=2
num_leaves=15
num_cat=0
split_feature=105 172 166 106 106 166 80 103 162 74 100 117 114 114
split_gain=4227.49 1441.53 994.462 732.655 662.589 388.72 386.949 443.929 310.853 328.094 305.171 268.457 246.881 229.329
threshold=29.472777366638187 0.60355338454246532 7.5000000000000009 10.003333568573 92.681667327880874 8.5000000000000018 35.001667022705085 476.11999511718756 395.78446960449224 12.500000000000002 55.106666564941413 28.629113197326664 37.16835021972657 13.495601654052736
decision_type=2 2 2 2 2 2 2 2 2 2 2 2 2 2
left_child=1 3 4 -1 12 13 7 11 9 -3 -11 -4 -2 -5
right_child=2 8 6 5 -6 -7 -8 -9 -10 10 -12 -13 -14 -15
leaf_value=0 -0.17266666471958161 0 -0.91987500000000011 -0.19 -1.3432833647727966 -0.13489999988675119 -0.96517240881919875 0.0017466665655374533 0 0 0.43455415964126587 -0.42254166412353522 0.25788333654403689 0.12699999809265136
leaf_weight=26459 3535 9476 2900 1364 4479 11039 13334 3391 2842 877 8173 7989 5659 3566
leaf_count=26459 3535 9476 2900 1364 4479 11039 13334 3391 2842 877 8173 7989 5659 3566
internal_value=-0.00355845 0.00450933 -0.0160237 -0.00082483 -0.00499342 -0.00928071 -0.0214834 -0.0157543 0.0150985 0.0174599 0.0242684 -0.0206719 0.00269051 0.00239108
internal_weight=105083 63796 41287 42428 13673 15969 27614 14280 21368 18526 9050 10889 9194 4930
internal_count=105083 63796 41287 42428 13673 15969 27614 14280 21368 18526 9050 10889 9194 4930
is_linear=0
shrinkage=0.05


Tree=3
num_leaves=15
num_cat=0
split_feature=105 165 105 165 166 163 6 91 103 90 114 169 89 169
split_gain=4012.14 1682.8 1029.38 547.886 513.169 340.387 333.431 326.106 324.615 356.048 291.056 288.342 253.804 252.545
threshold=45.001111984252937 10.500000000000002 8.0005555152893084 18.500000000000004 7.5000000000000009 5301.5000000000009 8.0033335685729998 101.00666809082033 475.92999267578131 74.436668395996108 36.785190582275398 99.500000000000014 25.996666908264164 179.50000000000003
decision_type=2 2 2 2 2 2 2 2 2 2 2 2 2 2
left_child=1 2 -1 5 7 6 -3 10 -6 -10 -2 -4 -12 -13
right_child=4 3 11 -5 8 -7 -8 -9 9 -11 12 13 -14 -15
leaf_value=0 -0.6812078153789044 0 -0.22315499989241361 0 -1.0457833641529084 0 0.33557156622409823 -1.0854014226198196 0.0059926665358245382 -1.4378478711605072 -0.075510834574699412 0.014345000107586388 1.0515401831865312 -0.12815499989241361
leaf_weight=17684 1114 10442 4210 14234 14084 1664 14672 4941 1526 4559 2363 1999 1276 10315
leaf_count=17684 1114 10442 4210 14234 14084 1664 14672 4941 1526 4559 2363 1999 1276 10315
internal_value=-0.00325679 0.0028993 -0.00528893 0.00972889 -0.0187609 0.0139417 0.0153927 -0.00929993 -0.0233047 -0.0136371 5.25431e-05 -0.0142598 0.00690176 -0.0103905
internal_weight=105083 75220 34208 41012 29863 26778 25114 9694 20169 6085 4753 16524 3639 12314
internal_count=105083 75220 34208 41012 29863 26778 25114 9694 20169 6085 4753 16524 3639 12314
is_linear=0
shrinkage=0.05


Tree=4
num_leaves=15
num_cat=0
split_feature=105 165 105 165 91 103 174 169 160 166 102 169 118 105
split_gain=3582.86 1502.14 1023.05 465.683 453.265 452.468 317.594 314.186 304.163 337.127 277.935 257.628 209.607 194.186
threshold=48.750555038452156 10.500000000000002 8.6722221374511737 19.500000000000004 154.80999755859378 483.98666381835943 1.0000000180025095e-35 99.500000000000014 2754.5000000000005 7.5000000000000009 53.956687927246101 177.50000000000003 426.80000305175787 8.6722221374511737
decision_type=2 2 2 2 2 2 2 2 2 2 2 2 2 2
left_child=1 2 -1 6 5 8 10 -4 9 -2 -3 -9 -8 -5
right_child=4 3 7 13 -6 -7 12 11 -10 -11 -12 -13 -14 -15
leaf_value=0 -0.37418971707224852 0.0078880886733531941 -0.21199724989779295 0 -1.968747851700783 0.0056930332090333107 0.020547879785299306 0.013627750102207068 0.75127368987679488 -0.77349367830982441 0.52682840481400495 -0.12174724989779294 0 -0.064516666531562808
leaf_weight=17877 5075 9134 4372 5286 10333 3274 10547 2034 430 8864 8214 10724 2630 6289
leaf_count=17877 5075 9134 4372 5286 10333 3274 10547 2034 430 8864 8214 10724 2630 6289
internal_value=-0.0032725 0.00228888 -0.00536388 0.00865218 -0.0185983 -0.0137211 0.0118899 -0.014094 -0.0175421 -0.0188217 0.0163344 -0.010123 0.00603474 0.000112263
internal_weight=105083 77107 35007 42100 27976 17643 30525 17130 14369 13939 17348 12758 13177 11575
internal_count=105083 77107 35007 42100 27976 17643 30525 17130 14369 13939 17348 12758 13177 11575
is_linear=0
shrinkage=0.05


Tree=5
num_leaves=15
num_cat=0
split_feature=105 165 111 105 165 176 117 166 101 118 165 155 164 168
split_gain=2606.9 813.871 1083.99 984.353 703.592 367.772 352.061 344.412 297.412 282.758 272.801 216.277 226.135 214.555
threshold=55.651666641235359 11.500000000000002 1.0000000180025095e-35 11.001111030578615 15.500000000000002 0.68301269412040722 15.723735332489015 16.500000000000004 15.714170455932619 336.73832702636724 19.500000000000004 19.588828086853031 176.05444335937503 11.500000000000002
decision_type=2 2 2 2 2 2 2 2 2 2 2 2 2 2
left_child=1 3 10 -1 6 8 -4 9 -5 -2 13 12 -11 -3
right_child=7 2 4 5 -6 -7 -8 -9 -10 11 -12 -13 -14 -15
leaf_value=0 -1.0199203827403831 -0.00039440443366765973 0.0087722624316811555 -0.1656598874029033 0 -0.25139738740290329 0.43266675102710722 -1.3325557634910543 -0.039729597349118441 -0.71087853149244429 0 -2.0327470127131941 -0.016232924820462236 -0.00039440443366765973
leaf_weight=21955 7638 3455 2357 3320 22391 6005 9748 5846 8944 4092 1507 1823 5239 763
leaf_count=21955 7638 3455 2357 3320 22391 6005 9748 5846 8944 4092 1507 1823 5239 763
internal_value=-0.00482358 -0.000464885 0.00456421 -0.00549355 0.00790847 -0.0140664 0.0176177 -0.0190521 -0.0090961 -0.0157472 -0.0155759 -0.010664 -0.00757819 -0.0220933
internal_weight=105083 80445 40221 40224 34496 18269 12105 24638 12264 18792 5725 11154 9331 4218
internal_count=105083 80445 40221 40224 34496 18269 12105 24638 12264 18792 5725 11154 9331 4218
is_linear=0
shrinkage=0.05


Tree=6
num_leaves=15
num_cat=0
split_feature=105 165 105 158 165 45 91 103 169 117 164 176 132 161
split_gain=2408.82 813.548 886.981 760.283 519.9 362.061 324.963 399.806 309.485 275.069 225.584 218.159 214.815 249.872
threshold=56.029445648193366 11.500000000000002 11.001111030578615 0.96543607115745556 17.500000000000004 20.500000000000004 148.00833129882815 504.35333251953131 281.50000000000006 28.015520095825199 1.2480102777481081 0.68301269412040722 92.846557617187514 71.489162445068374
decision_type=2 2 2 2 2 2 2 2 2 2 2 2 2 2
left_child=1 2 -1 8 10 11 7 9 -3 -2 -5 -4 -8 -14
right_child=6 3 5 4 -6 -7 12 -9 -10 -11 -12 -13 13 -15
leaf_value=0 -1.5138106206379041 0 -0.1145663112603562 -0.013966007110849025 0 0.11669950893651081 -2.2854176805878939 0.14422819660795097 -0.00037468421198427672 -0.41306044224091543 0.28778152344971897 -0.24016997936715054 0.33633443144900999 -1.2437510774995149
leaf_weight=21955 1890 11382 11004 177 12598 1511 8529 1046 1778 10869 14389 5919 739 1297
leaf_count=21955 1890 11382 11004 177 12598 1511 8529 1046 1778 10869 14389 5919 739 1297
internal_value=-0.00429259 -0.00013256 -0.00514804 0.00489102 0.00966911 -0.0132328 -0.0180677 -0.0130087 -0.00497152 -0.0154458 0.0161005 -0.0153267 -0.0246689 -0.0100441
internal_weight=105083 80713 40389 40324 27164 18434 24370 13805 13160 12759 14566 16923 10565 2036
internal_count=105083 80713 40389 40324 27164 18434 24370 13805 13160 12759 14566 16923 10565 2036
is_linear=0
shrinkage=0.05


Tree=7
num_leaves=15
num_cat=0
split_feature=105 165 105 114 91 114 65 166 148 165 112 164 132 163
split_gain=2285.4 708.36 714.536 601.241 383.149 407.774 355.418 261.108 345.035 258.682 232.982 231.998 217.669 210.491
threshold=46.721666336059577 11.500000000000002 11.001111030578615 14.752511501312258 154.80999755859378 41.467037200927741 34.500000000000007 7.5000000000000009 356.16278076171881 15.500000000000002 71.073333740234389 646.44052124023449 89.066658020019545 5301.5000000000009
decision_type=2 2 2 2 2 2 2 2 2 2 2 2 2 2
left_child=1 2 -1 6 5 -2 11 -7 -9 13 -4 -3 -6 -5
right_child=4 3 10 9 12 7 -8 8 -10 -11 -12 -13 -14 -15
leaf_value=0 -0.76933683350739512 0 -0.14108151906440058 0.42038841557763518 -2.1016041298222734 0.066686011557605715 0.34375870241191242 -0.00099138204079279174 -0.58917280199584388 0.070404289748519658 -0.029338841972429554 0.035885638062320646 -0.68691163883912099 -0.087049807713106275
leaf_weight=21955 4693 14998 11974 7779 8292 4874 1654 3565 5514 12376 4226 724 2114 345
leaf_count=21955 4693 14998 11974 7779 8292 4874 1654 3565 5514 12376 4226 724 2114 345
internal_value=-0.00398618 0.000572097 -0.00423611 0.00541564 -0.0159135 -0.0116187 -0.00142685 -0.00732555 -0.0123349 0.0112143 -0.0121999 -0.00374833 -0.0236 0.0181449
internal_weight=105083 76031 38155 37876 29052 18646 17376 13953 9079 20500 16200 15722 10406 8124
internal_count=105083 76031 38155 37876 29052 18646 17376 13953 9079 20500 16200 15722 10406 8124
is_linear=0
shrinkage=0.05


Tree=8
num_leaves=15
num_cat=0
split_feature=105 165 105 158 169 172 169 90 103 132 87 132 161 68
split_gain=2007.63 557.837 815.576 712.901 385.277 384.915 284.241 267.137 350.647 225.984 267.413 219.016 212.099 210.577
threshold=56.029445648193366 9.5000000000000018 14.817222118377687 0.1713262274861336 99.500000000000014 0.78656607866287243 177.50000000000003 141.34277343750003 450.31832885742193 8.4834308624267596 3.0016666650772099 89.066658020019545 73.916885375976577 120.50000000000001
decision_type=2 2 2 2 2 2 2 2 2 2 2 2 2 2
left_child=1 2 -1 9 -4 -5 -6 8 -2 10 -3 -9 -13 -7
right_child=7 3 4 5 6 13 -8 11 -10 -11 -12 12 -14 -15
leaf_value=0 -0.60144901183182786 0 -0.32825132266455825 0.014757749065361895 0.027715233980790479 0.30330499898040664 -0.16755769063316217 -2.1395666511025415 -0.00094181293875315224 -0.00037468421198427672 0.089541269369293019 0.35386329181851545 -1.066003316715683 -0.052033680282533169
leaf_weight=19667 9647 8899 3498 19568 2090 11143 7862 8264 4353 4089 2823 727 1379 1074
leaf_count=19667 9647 8899 3498 19568 2090 11143 7862 8264 4353 4089 2823 727 1379 1074
internal_value=-0.00409704 -0.00029919 -0.00528199 0.003168 -0.0147677 0.00748349 -0.00974189 -0.0166728 -0.0121599 -0.00550708 -0.00197408 -0.0227566 -0.00833728 0.0144453
internal_weight=105083 80713 33117 47596 13450 31785 9952 24370 14000 15811 11722 10370 2106 12217
internal_count=105083 80713 33117 47596 13450 31785 9952 24370 14000 15811 11722 10370 2106 12217
is_linear=0
shrinkage=0.05


Tree=9
num_leaves=15
num_cat=0
split_feature=10 172 113 105 170 166 163 112 165 117 164 158 168 17
split_gain=1792.03 517.488 748.288 517.104 355.178 422.859 356.009 354.879 330.049 298.073 263.528 321.761 241.999 229.15
threshold=55.70000076293946 0.37940952181816107 0.12336258962750436 15.72166681289673 1.0000000180025095e-35 19.500000000000004 6022.0000000000009 70.32666397094728 10.500000000000002 25.149653434753422 176.38929748535159 19.181063652038578 9.5000000000000018 24.005000114440922
decision_type=2 2 2 2 2 2 2 2 2 2 2 2 2 2
left_child=1 3 8 -1 6 -6 -4 -5 -3 -9 13 -12 -10 -2
right_child=10 2 4 7 5 -7 -8 9 12 -11 11 -13 -14 -15
leaf_value=0 -1.5164320666505704 0 0.19960559556633237 -0.19477364805394673 0.10968018282232919 -0.045353773785408585 -0.087904391189908615 -0.49810026534215002 -0.00037468421198427672 0.058035670255784468 -0.14666946990772764 -0.99897742458797056 -0.00035595000138506291 -0.54067995229910448
leaf_weight=28707 3570 1542 17483 12775 4150 2930 815 1309 3784 5510 7195 5809 1598 7906
leaf_count=28707 3570 1542 17483 12775 4150 2930 815 1309 3784 5510 7195 5809 1598 7906
internal_value=-0.00405708 -0.000458391 0.00444021 -0.00373453 0.00841508 -0.00109386 0.0120936 -0.00999541 -0.0101241 -0.000783998 -0.0159036 -0.0110231 -0.0159644 -0.0214267
internal_weight=105083 80603 32302 48301 25378 7080 18298 19594 6924 6819 24480 13004 5382 11476
internal_count=105083 80603 32302 48301 25378 7080 18298 19594 6924 6819 24480 13004 5382 11476
is_linear=0
shrinkage=0.05


Tree=10
num_leaves=15
num_cat=0
split_feature=105 172 113 106 166 169 102 103 111 166 68 99 74 112
split_gain=1612.53 478.975 932.85 451.808 432.404 439.036 340.487 290.547 342.179 251.723 243.919 294.306 283.212 241.464
threshold=59.375000000000007 0.60355338454246532 0.12336258962750436 3.529999971389771 7.5000000000000009 99.500000000000014 57.205518722534187 424.60667419433599 184.52413177490237 6.5000000000000009 120.50000000000001 261.13992309570318 12.500000000000002 426.01333618164068
decision_type=2 2 2 2 2 2 2 2 2 2 2 2 2 2
left_child=1 3 -3 9 6 -6 -5 -2 -9 -1 12 -12 -4 -10
right_child=7 2 10 4 5 -7 -8 8 13 -11 11 -13 -14 -15
leaf_value=-0.00035595000138506291 -0.88797277556508603 -0.00035595000138506291 0.033167504958556193 -0.041521862325164305 -0.16976494311118057 -0.045832576652879542 0.16653011690530853 -0.10804458274333069 -1.0885198251760799 0 -0.1163186418553615 0.65844418156758511 0.31845032672889723 -8.1524245247735028
leaf_weight=2743 12745 5504 7212 4648 7599 21436 4908 6641 2675 14924 1129 417 11536 966
leaf_count=2743 12745 5504 7212 4648 7599 21436 4908 6641 2675 14924 1129 417 11536 966
internal_value=-0.00383345 -0.000552028 0.00508856 -0.00313883 -0.00617033 -0.00920627 0.00305407 -0.0155241 -0.00926412 0.00348291 0.0100399 -0.00902643 0.0116141 -0.0215716
internal_weight=105083 82056 25798 56258 38591 29035 9556 23027 10282 17667 20294 1546 18748 3641
internal_count=105083 82056 25798 56258 38591 29035 9556 23027 10282 17667 20294 1546 18748 3641
is_linear=0
shrinkage=0.05


Tree=11
num_leaves=15
num_cat=0
split_feature=105 10 114 158 141 106 166 105 166 148 166 89 129 131
split_gain=1581.83 344.688 393.327 327.292 472.731 277.793 375.904 252.082 242.284 324.294 224.063 213.253 205.27 323.174
threshold=46.721666336059577 142.64333343505862 41.467037200927741 7.6093873977661142 1.0000000180025095e-35 20.001667022705082 6.5000000000000009 8.3072218894958514 7.5000000000000009 375.51222229003912 3.5000000000000004 26.701666831970218 53.932401657104499 5.8457686901092538
decision_type=2 2 2 2 2 2 2 2 2 2 2 2 2 2
left_child=3 2 -2 5 10 12 -7 -6 11 -10 -5 -4 13 -1
right_child=1 -3 8 4 7 6 -8 -9 9 -11 -12 -13 -14 -15
leaf_value=0 -0.69687199510472275 -2.4445115704687499 -0.14445877486225142 0.41023553729652973 0.0084882471555590283 0.20924126162562906 -0.23335958212826469 -0.088628041517105571 0.024689518998600665 -0.48680293999992608 0.023026957310021075 0.75210808364065529 -0.042302872683876315 0.020132183747007155
leaf_weight=29335 5395 8018 3458 5720 3117 2385 6975 7670 3619 6656 14130 1906 1514 5185
leaf_count=29335 5395 8018 3458 5720 3117 2385 6975 7670 3619 6656 14130 1906 1514 5185
internal_value=-0.00320636 -0.0131294 -0.00976282 0.000585907 0.00457868 -0.00210908 -0.0097811 -0.00384544 -0.00574342 -0.0102383 0.00915638 0.00286832 -0.000115153 0.000676322
internal_weight=105083 29052 21034 76031 30637 45394 9360 10787 15639 10275 19850 5364 36034 34520
internal_count=105083 29052 21034 76031 30637 45394 9360 10787 15639 10275 19850 5364 36034 34520
is_linear=0
shrinkage=0.05


Tree=12
num_leaves=15
num_cat=0
split_feature=105 165 105 176 102 166 117 104 119 158 10 87 165 97
split_gain=1286.66 498.008 571.772 422.75 392.242 422.031 323.295 263.106 219.216 343.961 243.984 226.64 214.31 273.677
threshold=78.001667022705092 9.5000000000000018 15.72166681289673 0.68301269412040722 51.508476257324226 6.5000000000000009 28.015520095825199 98.22815322875978 79.279060363769545 23.867449760437015 100.00999832153322 48.010000228881843 10.500000000000002 1.0066666603088381
decision_type=2 2 2 2 2 2 2 2 2 2 2 2 2 2
left_child=1 2 -1 6 12 7 -4 -6 10 -10 -2 -12 13 -3
right_child=8 4 3 -5 5 -7 -8 -9 9 -11 11 -13 -14 -15
leaf_value=0 -0.38795904949243082 1.7797500069253146e-05 -0.2751929149368712 -0.3426179438053949 0.39295584522551485 -0.00098787497675114386 -0.030482820252210108 0.018541824512275772 0.038250671030901545 -2.1882517138180853 -2.4858148432847114 -0.24381834780734632 -0.0003203550012465566 -0.011304426895121046
leaf_weight=20265 3902 771 3291 5071 8944 13549 7737 5531 3711 2285 5349 1173 22480 1024
leaf_count=20265 3902 771 3291 5071 8944 13549 7737 5531 3711 2285 5349 1173 22480 1024
internal_value=-0.00370594 -0.0013246 -0.00581814 -0.0128508 0.00180005 0.00582968 -0.00735068 0.0117645 -0.0165601 -0.00893184 -0.0209416 -0.0268577 -0.00285214 0.01375
internal_weight=105083 88663 36364 16099 52299 28024 11028 14475 16420 5996 10424 6522 24275 1795
internal_count=105083 88663 36364 16099 52299 28024 11028 14475 16420 5996 10424 6522 24275 1795
is_linear=0
shrinkage=0.05


Tree=13
num_leaves=15
num_cat=0
split_feature=105 165 105 73 169 148 162 169 117 105 103 47 17 157
split_gain=1226.46 445.102 437.799 380.095 342.907 304.965 303.083 296.323 303.582 268.961 353.382 234.798 195.864 201.19
threshold=53.928888320922859 9.5000000000000018 15.72166681289673 14.500000000000002 221.50000000000003 534.62844848632824 444.11012268066412 99.500000000000014 29.720516204833988 174.21055603027347 448.67999267578131 488.50000000000006 17.001667022705082 1937.0000000000002
decision_type=2 2 2 2 2 2 2 2 2 2 2 2 2 2
left_child=1 2 -1 6 11 -6 -3 -4 -9 10 12 -5 -2 -14
right_child=9 3 7 4 5 -7 -8 8 -10 -11 -12 -13 13 -15
leaf_value=0 -1.1424584512580898 -8.8987500346265734e-07 -0.28384077892362608 0.21182905304744759 -0.0011462820609837185 0.048896208556537639 -0.001704214720632601 -0.24763969801941244 -0.010116075470297227 -2.827924896716917 0.022884172480955336 -0.021780011382458456 -0.36939653723500299 1.8268090844047635
leaf_weight=20265 3096 21604 3172 10983 2333 10368 1571 3407 5739 6015 5717 172 10372 269
leaf_count=20265 3096 21604 3172 10983 2333 10368 1571 3407 5739 6015 5717 172 10372 269
internal_value=-0.00331294 -0.000257476 -0.00474868 0.0028542 0.00728385 0.00166457 -0.00170621 -0.0121805 -0.00760573 -0.0128621 -0.0100005 0.0136783 -0.0143465 -0.0111169
internal_weight=105083 79614 32583 47031 23856 12701 23175 12318 9146 25469 19454 11155 13737 10641
internal_count=105083 79614 32583 47031 23856 12701 23175 12318 9146 25469 19454 11155 13737 10641
is_linear=0
shrinkage=0.05


Tree=14
num_leaves=15
num_cat=0
split_feature=105 165 163 105 1 114 165 118 65 147 119 158 105 168
split_gain=1005.88 335.389 555.864 456.704 421.816 389.963 360.917 359.776 285.062 235.454 203.157 318.811 223.523 220.996
threshold=78.001667022705092 9.5000000000000018 5301.5000000000009 15.72166681289673 0.49166667461395269 18.443362236022953 20.500000000000004 479.99333190917974 40.500000000000007 3.4133048057556157 79.279060363769545 23.867449760437015 103.54888916015626 6.5000000000000009
decision_type=2 2 2 2 2 2 2 2 2 2 2 2 2 2
left_child=1 3 5 -1 -4 8 -7 9 -3 -5 12 -12 13 -2
right_child=10 2 4 7 -6 6 -8 -9 -10 -11 11 -13 -14 -15
leaf_value=0 -0.078916630715172395 -0.0003220902575033088 -0.010575434902310053 -0.14948053590879887 -0.026362232222665406 0.1656935013001466 -0.036679386434766918 0.085748590281131298 0.24315903898978439 -0.3773610612246967 0.10568495475215336 -1.9641466017837708 -2.0268116194181105 -1.2235991651033089
leaf_weight=20265 2997 20322 1128 11106 2064 21795 5139 1827 1851 3166 3711 2285 6128 1299
leaf_count=20265 2997 20322 1128 11106 2064 21795 5139 1827 1851 3166 3711 2285 6128 1299
internal_value=-0.00364219 -0.00153663 0.00102765 -0.00522423 -0.0191742 0.0023426 0.0063848 -0.0115096 -0.00256786 -0.0141837 -0.0150076 -0.00766539 -0.0192252 -0.0104627
internal_weight=105083 88663 52299 36364 3192 49107 26934 16099 22173 14272 16420 5996 10424 4296
internal_count=105083 88663 52299 36364 3192 49107 26934 16099 22173 14272 16420 5996 10424 4296
is_linear=0
shrinkage=0.05


Tree=15
num_leaves=15
num_cat=0
split_feature=106 17 130 163 172 67 80 166 166 169 103 105 28 161
split_gain=887.581 311.018 287.632 280.518 364.794 330.899 380.996 355.16 261.61 239.164 224.782 172.559 178.061 163.596
threshold=45.868331909179695 33.711666107177741 500.50000000000006 5301.5000000000009 -0.37940952181816096 3.5000000000000004 12.001666545867922 4.5000000000000009 7.5000000000000009 289.50000000000006 284.97999572753912 174.21055603027347 71.041667938232436 28.325829505920414
decision_type=2 2 2 2 2 2 2 2 2 2 2 2 2 2
left_child=2 10 3 5 13 6 -1 -7 -3 -6 -2 -12 -13 -5
right_child=1 8 -4 4 9 7 -8 -9 -10 -11 11 12 -14 -15
leaf_value=0 -1.1861166399528746 0.069967640365249259 -0.0011513478655010539 0 -0.010384815658510359 0.26622496187860228 -0.066322766807626055 0 -0.34715733995921527 -0.011694466805366311 -0.28497443039514686 -4.797305662353998 0.73680470911050655 0.18686721885905183
leaf_weight=33445 3362 6094 297 653 2026 8200 6665 19839 13055 1002 6828 1918 382 1317
leaf_count=33445 3362 6094 297 653 2026 8200 6665 19839 13055 1002 6828 1918 382 1317
internal_value=-0.00349279 -0.0104933 -0.000476521 -0.000275454 -0.011703 0.00056343 -0.0023495 0.00473007 -0.0064869 -0.0225849 -0.0166307 -0.0125479 -0.0243818 0.00503797
internal_weight=105083 31639 73444 73147 4998 68149 40110 28039 19149 3028 12490 9128 2300 1970
internal_count=105083 31639 73444 73147 4998 68149 40110 28039 19149 3028 12490 9128 2300 1970
is_linear=0
shrinkage=0.05


Tree=16
num_leaves=15
num_cat=0
split_feature=106 130 105 166 103 102 65 17 119 111 102 155 27 87
split_gain=844.333 278.86 297.659 664.396 567.637 386.883 325.518 256.677 231.859 324.453 208.995 200.925 200.193 190.365
threshold=86.001667022705092 500.50000000000006 20.949444770812992 7.5000000000000009 476.11999511718756 48.511928558349616 111.50000000000001 81.006668090820327 79.279060363769545 330.31680297851568 51.508476257324226 30.280344963073734 131.36500549316409 107.28166961669923
decision_type=2 2 2 2 2 2 2 2 2 2 2 2 2 2
left_child=1 2 5 10 -5 7 -7 -1 13 11 -4 12 -10 -2
right_child=8 -3 3 4 -6 6 -8 -9 9 -11 -12 -13 -14 -15
leaf_value=0 -1.1742459435726802 -0.0010937804722260011 -0.12002207808473864 -0.21391414144220533 0.1195527072578821 0.018706572438607384 -0.024524879828606617 -0.0093433609429525912 0.27297310771567446 -6.5690912325971427 0.20952064298809497 -2.3836852924034289 -2.9137685342101838 0.32430238955878754
leaf_weight=29534 9702 297 3204 18366 2805 22243 2781 1214 4040 976 8459 800 246 416
leaf_count=29534 9702 297 3204 18366 2805 22243 2781 1214 4040 976 8459 800 246 416
internal_value=-0.00311977 -0.00120743 -0.00104389 -0.00482049 -0.0100987 0.0011797 0.00579528 -0.00257698 -0.0136237 -0.00588429 0.00476088 -0.000805343 0.00349569 -0.0182555
internal_weight=105083 88903 88606 32834 21171 55772 25024 30748 16180 6062 11663 5086 4286 10118
internal_count=105083 88903 88606 32834 21171 55772 25024 30748 16180 6062 11663 5086 4286 10118
is_linear=0
shrinkage=0.05


Tree=17
num_leaves=15
num_cat=0
split_feature=106 119 158 166 102 165 90 119 111 87 102 142 105 82
split_gain=697.934 319.466 295.332 545.365 280.777 477.533 525.723 273.436 273.33 249.699 232.041 222.345 368.882 218.059
threshold=99.621665954589858 79.279060363769545 1.0000000180025095e-35 4.5000000000000009 25.572762489318851 19.500000000000004 1.0000000180025095e-35 154.91596984863284 391.29998779296881 69.006668090820327 50.733869552612312 0.79541668295860302 18.40111064910889 70.403335571289077
decision_type=2 2 2 2 2 2 2 2 2 2 2 2 2 2
left_child=2 9 4 10 5 -1 -7 -6 -3 -2 -4 -5 -13 -12
right_child=1 8 3 11 7 6 -8 -9 -10 -11 13 12 -14 -15
leaf_value=0 -1.6335007514415141 -0.16253823626949748 -0.0010653396732815013 0 -0.00093532862193036921 3.2166756687666407e-05 -0.0023688035955187693 0.79906467137806969 -11.895376933439856 0.20727780319298034 0.41860800852306695 0.0019563973606729823 -0.24689823102226063 -0.067336878415614185
leaf_weight=13519 6976 5549 4761 29223 17287 1071 949 375 334 625 8270 6399 8280 1465
leaf_count=13519 6976 5549 4761 29223 17287 1071 949 375 334 625 8270 6399 8280 1465
internal_value=-0.00322254 -0.0138409 -0.00165877 0.000481996 -0.00542372 -0.000521101 0.0221235 -0.00973567 -0.00508662 -0.0206087 0.00888904 -0.00229462 -0.00731408 0.0133111
internal_weight=105083 13484 91599 58398 33201 15539 2020 17662 5883 7601 14496 43902 14679 9735
internal_count=105083 13484 91599 58398 33201 15539 2020 17662 5883 7601 14496 43902 14679 9735
is_linear=0
shrinkage=0.05


Tree=18
num_leaves=15
num_cat=0
split_feature=105 130 17 118 119 102 165 103 106 87 149 161 165 132
split_gain=713.847 292.292 279.644 224.979 342.801 288.172 231.305 212.874 200.592 197.361 187.626 176.554 171.266 170.422
threshold=46.028333663940437 500.50000000000006 33.711666107177741 479.99333190917974 78.025024414062514 31.363184928894047 17.500000000000004 284.97999572753912 173.64666748046878 99.00333404541017 244.14241790771487 27.335445404052738 2.5000000000000004 12.908528327941896
decision_type=2 2 2 2 2 2 2 2 2 2 2 2 2 2
left_child=1 3 7 4 5 -1 -6 -2 13 -10 -5 -9 -12 -4
right_child=2 -3 8 10 6 -7 -8 11 9 -11 12 -13 -14 -15
leaf_value=0 -1.1633543039186909 -0.0010369525645530734 0.03634175418156245 6.77617568261727e-05 -0.00088856219083385086 0.013319795001871965 -0.0098188084444883229 0.025477464551786969 -3.2058417289630579 0.064056986251529766 0.0088769423283871392 -0.72316349615705811 -0.028995706535688864 -0.292133545164457
leaf_weight=26741 2848 297 8467 6081 7949 30723 2276 2252 2686 1208 180 6126 1514 5735
leaf_count=26741 2848 297 8467 6081 7949 30723 2276 2252 2686 1208 180 6126 1514 5735
internal_value=-0.00264445 -8.0511e-05 -0.00926791 0.000115942 -0.000809525 0.000691677 -0.00924242 -0.0154661 -0.00541959 -0.0154655 0.00816838 -0.0114398 -0.00653325 -0.00266066
internal_weight=105083 75761 29322 75464 67689 57464 10225 11226 18096 3894 7775 8378 1694 14202
internal_count=105083 75761 29322 75464 67689 57464 10225 11226 18096 3894 7775 8378 1694 14202
is_linear=0
shrinkage=0.05


Tree=19
num_leaves=15
num_cat=0
split_feature=106 119 67 162 141 93 105 169 171 16 10 87 151 73
split_gain=621.253 280.349 273.027 305.945 306.959 327.927 296.242 243.555 311.305 239.245 207.122 185.895 182.482 242.836
threshold=118.00333404541017 79.279060363769545 3.5000000000000004 947.42065429687511 0.017366898246109489 0.05680555664002896 8.9988889694213885 231.50000000000003 -0.91597560048103321 412.91999816894537 15.88333320617676 69.006668090820327 760.50000000000011 640.50000000000011
decision_type=2 2 2 2 2 2 2 2 2 2 2 2 2 2
left_child=2 11 6 4 5 -4 -1 8 -8 12 -6 -2 13 -3
right_child=1 9 3 -5 10 -7 7 -9 -10 -11 -12 -13 -14 -15
leaf_value=0 -2.3099057193636647 -0.19788010087963726 -0.00088170569092643628 -0.00099876071341726646 0.018175176810621571 0.06783377082501485 -0.17081943268646174 -0.19975511896530884 -0.03451281402534883 -8.294518941763755 -0.16719996730703679 0.10948515860501118 -12.780933329218136 0.62587318748219212
leaf_weight=25777 5199 4362 4321 447 4257 26515 2792 6298 16249 420 7306 491 302 347
leaf_count=25777 5199 4362 4321 447 4257 26515 2792 6298 16249 420 7306 491 302 347
internal_value=-0.00306029 -0.0142324 -0.00173731 0.00120651 0.00164253 0.00424759 -0.00420473 -0.00804332 -0.00522157 -0.00609823 -0.00530342 -0.0219842 -0.00304027 -0.000604582
internal_weight=105083 11121 93962 42846 42399 30836 51116 25339 19041 5431 11563 5690 5011 4709
internal_count=105083 11121 93962 42846 42399 30836 51116 25339 19041 5431 11563 5690 5011 4709
is_linear=0
shrinkage=0.05


Tree=20
num_leaves=15
num_cat=0
split_feature=106 63 141 130 105 118 164 91 119 169 111 103 119 162
split_gain=578.037 293.22 376.682 333.531 277.967 296.042 258.049 260.293 254.434 253.226 238.162 214.171 231.777 211.082
threshold=118.00333404541017 3.5000000000000004 1.0000000180025095e-35 384.01333618164068 18.40111064910889 417.04666137695318 449.87580871582037 47.003334045410163 79.279060363769545 58.500000000000007 391.29998779296881 479.99333190917974 90.708721160888686 234.05233001708987
decision_type=2 2 2 2 2 2 2 2 2 2 2 2 2 2
left_child=1 3 6 11 9 -6 7 -3 -2 -4 -10 12 -1 -8
right_child=8 2 4 -5 5 -7 13 -9 10 -11 -12 -13 -14 -15
leaf_value=0 -1.8629449583662403 0.067893924472881936 0.49586001053112905 -0.00094882267774640315 -0.23791827440257754 0.68946999355211613 0.43659681356848634 0.01090111882919631 -0.19092233844370857 -0.00052223222581160062 -10.857195404317299 4.337834325520983e-05 -0.024477991066384572 -0.0093025169483167986
leaf_weight=40793 5690 11864 885 518 7521 492 636 10601 5097 4896 334 6126 4217 5413
leaf_count=40793 5690 11864 885 518 7521 492 636 10601 5097 4896 334 6126 4217 5413
internal_value=-0.00299749 -0.00172135 0.00136483 -0.00424902 -0.00541706 -0.011443 0.00464603 0.00711393 -0.013774 0.00293813 -0.00602465 -0.00384232 -0.0050361 -0.00451767
internal_weight=105083 93962 42308 51654 13794 8013 28514 22465 11121 5781 5431 51136 45010 6049
internal_count=105083 93962 42308 51654 13794 8013 28514 22465 11121 5781 5431 51136 45010 6049
is_linear=0
shrinkage=0.05


Tree=21
num_leaves=15
num_cat=0
split_feature=169 106 160 165 163 99 102 162 141 162 108 144 24 119
split_gain=638.546 532.139 433.878 327.452 763.547 404.319 681.124 333.926 327.767 285.4 276.223 254.027 236.556 219.563
threshold=343.50000000000006 118.00333404541017 141.50000000000003 9.5000000000000018 5301.5000000000009 1.0000000180025095e-35 28.142797470092777 578.17858886718761 0.76978299021720897 26.765377044677738 8.6931943893432635 16.970207214355472 22.97500038146973 79.279060363769545
decision_type=2 2 2 2 2 2 2 2 2 2 2 2 2 2
left_child=1 3 9 5 7 6 -1 -5 -6 -2 -4 -7 -12 -3
right_child=2 13 10 4 8 11 -8 -9 -10 -11 12 -13 -14 -15
leaf_value=0 0 -1.6956132907270796 0.046654186067169652 0.0037825265483855675 -0.009265169202984468 -6.1266131101286314e-05 0.00060040567260037279 -0.0015616900456333566 0.13387958850682866 -0.0033506109390977752 -0.4052072379382905 -0.15008242258183158 0.20203348140148514 -0.35797746011176451
leaf_weight=538 868 5550 1573 47133 1855 33606 841 1964 483 2533 1310 1058 340 5431
leaf_count=538 868 5550 1573 47133 1855 33606 841 1964 483 2533 1310 1058 340 5431
internal_value=-0.00345092 -0.00243947 -0.0184719 -0.00113679 0.00142399 -0.00479083 0.0217124 0.00275447 -0.0264618 -0.030916 -0.00531289 -0.00584816 -0.019577 -0.0128118
internal_weight=105083 98459 6624 87478 51435 36043 1379 49097 2338 3401 3223 34664 1650 10981
internal_count=105083 98459 6624 87478 51435 36043 1379 49097 2338 3401 3223 34664 1650 10981
is_linear=0
shrinkage=0.05


Tree=22
num_leaves=15
num_cat=0
split_feature=169 105 160 133 167 165 8 77 162 10 165 16 117 166
split_gain=726.287 569.988 405.918 375.751 457.992 465.472 329.723 322.093 285.4 278.975 260.81 193.639 202.231 268.055
threshold=343.50000000000006 53.928888320922859 141.50000000000003 500.50000000000006 3.5000000000000004 10.500000000000002 179.00166320800784 792.50000000000011 26.765377044677738 3.5716665983200078 19.500000000000004 412.91999816894537 59.130846023559577 16.500000000000004
decision_type=2 2 2 2 2 2 2 2 2 2 2 2 2 2
left_child=1 3 8 6 -5 -6 10 -8 -2 -4 -1 12 -3 -14
right_child=2 11 9 4 5 -7 7 -9 -10 -11 -12 -13 13 -15
leaf_value=3.0633065550643158e-06 0 -0.49358365893559353 0.10134579613814086 -0.00010818736499796099 1.11891424624307e-05 -8.3728073903316106e-05 -0.01706652472871446 0.2396558175119215 -0.0031830803921428863 -0.11089081188551309 -0.00015856790856599531 -6.4856063879524388 0.036435397469517343 -0.56846559906964489
leaf_weight=53237 868 12041 944 1161 396 468 8204 704 2533 2279 9129 506 9410 3203
leaf_count=53237 868 12041 944 1161 396 468 8204 704 2533 2279 9129 506 9410 3203
internal_value=-0.00285951 -0.00178085 -0.0188792 0.000448134 -0.0207635 0.00678941 0.0010522 -0.00794345 -0.030916 -0.00614932 0.00233762 -0.0082734 -0.00764021 -0.00321366
internal_weight=105083 98459 6624 73299 2025 864 71274 8908 3401 3223 62366 25160 24654 12613
internal_count=105083 98459 6624 73299 2025 864 71274 8908 3401 3223 62366 25160 24654 12613
is_linear=0
shrinkage=0.05


Tree=23
num_leaves=15
num_cat=0
split_feature=114 102 165 105 166 162 165 93 119 165 160 87 118 114
split_gain=686.221 980.163 1060.41 704.007 573.375 366.469 357.396 486.428 389.874 776.555 313.713 276.422 263.997 260.482
threshold=1.0000000180025095e-35 25.572762489318851 9.5000000000000018 20.949444770812992 7.5000000000000009 46.783729553222663 17.500000000000004 0.05680555664002896 23.131278038024906 9.5000000000000018 1357.5000000000002 42.049999237060554 211.60666656494143 14.590231418609621
decision_type=2 2 2 2 2 2 2 2 2 2 2 2 2 2
left_child=1 -1 -3 6 11 -4 8 -8 9 -2 -10 -5 -6 -9
right_child=3 2 5 4 12 -7 7 13 10 -11 -12 -13 -14 -15
leaf_value=-0.00028818824455889021 2.9101412273111e-06 0.00037345099765855158 9.7667398383398697e-05 -0.046285126576516733 -0.37356543934030478 -0.0015169368614091593 -0.00047879846148174649 -0.0029112058658735296 0.00014174247467525474 -0.00015622286105590255 -0.010347643413656566 0.3066701407573218 -0.18046334526917612 0.068910181374050333
leaf_weight=2621 5496 974 168 13108 6695 1429 1745 4595 26245 4741 3766 3465 25746 4289
leaf_count=2621 5496 974 168 13108 6695 1429 1745 4595 26245 4741 3766 3465 25746 4289
internal_value=-0.00242273 -0.0201366 0.00180512 -0.00150106 -0.00577735 -0.0232522 0.0026188 -0.00553414 0.00477232 0.0131957 0.00189732 0.00178851 -0.00964217 -0.00078749
internal_weight=105083 5192 2571 99891 49014 1597 50877 10629 40248 10237 30011 16573 32441 8884
internal_count=105083 5192 2571 99891 49014 1597 50877 10629 40248 10237 30011 16573 32441 8884
is_linear=0
shrinkage=0.05


Tree=24
num_leaves=15
num_cat=0
split_feature=119 165 90 111 171 144 164 104 165 167 106 102 81 27
split_gain=529.566 1141.59 1879.52 682.978 689.366 667.758 510.023 518.417 748.78 454.137 394.304 365.161 284.011 235.008
threshold=21.717828750610355 9.5000000000000018 1.0000000180025095e-35 0.0090625002048909682 -0.6035533845424651 0.026296296156942848 151.76045227050784 64.296222686767592 9.5000000000000018 2.5000000000000004 92.681667327880874 51.671691894531257 26.650000572204593 8.9933333396911639
decision_type=2 2 2 2 2 2 2 2 2 2 2 2 2 2
left_child=1 2 -1 6 -5 9 -2 -8 -9 -3 11 -6 -12 -4
right_child=3 5 13 4 10 -7 7 8 -10 -11 12 -13 -14 -15
leaf_value=2.7646341659455453e-06 1.4409412227944512e-05 -0.00048085029657364824 -0.056978154534489137 -0.043415116662708975 -0.0018927062007787839 0.15006017295811999 -0.00051176507884356716 0.0002300791002599448 -0.0082984389630090302 -0.00014841171800310742 -1.6273164204574706 0.065532340199035269 -0.17832882609175194 0.076622792215129409
leaf_weight=3699 1653 3443 2385 22557 14143 3751 3163 1152 1766 4067 3001 31075 7357 1871
leaf_count=3699 1653 3443 2385 22557 14143 3751 3163 1152 1766 4067 3001 31075 7357 1871
internal_value=-0.00264302 0.00485927 0.019353 -0.00432213 -0.00291855 -0.00538345 -0.0184908 -0.0251807 -0.00995553 -0.0139854 7.37662e-05 0.00208964 -0.00872334 -0.00330908
internal_weight=105083 19216 7955 85867 78133 11261 7734 6081 2918 7510 55576 45218 10358 4256
internal_count=105083 19216 7955 85867 78133 11261 7734 6081 2918 7510 55576 45218 10358 4256
is_linear=0
shrinkage=0.05


Tree=25
num_leaves=15
num_cat=0
split_feature=105 165 106 113 169 167 99 166 163 159 63 88 99 102
split_gain=755.473 801.442 1773.76 1408.36 1045.42 543.628 533.448 490.696 371.078 302.18 287.847 320.603 254.476 244.194
threshold=20.949444770812992 9.5000000000000018 1.0016666650772097 1.0000000180025095e-35 288.50000000000006 2.5000000000000004 12.731389045715334 7.5000000000000009 1051.0000000000002 10.793403148651125 4.5000000000000009 180.39333343505862 0.0013425925862975421 51.508476257324226
decision_type=2 2 2 2 2 2 2 2 2 2 2 2 2 2
left_child=1 2 4 5 6 12 -1 13 -6 -7 -5 -12 -3 -2
right_child=7 3 -4 10 8 9 -8 -9 -10 -11 11 -13 -14 -15
leaf_value=2.6319310312304071e-06 -0.23655370486760685 -0.0028773664676141095 -0.0055394580649747727 -0.0001026570752349258 1.3688941616547287e-05 2.1893426804486029e-05 0.00056526047860502968 -0.21340293362935966 -0.0012093662441570003 -0.0080377895251130191 0.1741398003157083 -0.06863547771417762 -0.0010964011350910032 0.13674652201951962
leaf_weight=5974 4247 1868 12923 13070 317 2347 2225 32441 1382 1033 10718 1275 2937 12326
leaf_count=5974 4247 1868 12923 13070 317 2347 2225 32441 1382 1033 10718 1275 2937 12326
internal_value=-0.000845482 0.0031182 0.0103325 -0.00183442 0.0262547 -0.0198352 0.0336482 -0.00537955 -0.00941901 -0.00446086 0.00404699 0.00963911 -0.0306341 0.00161962
internal_weight=105083 56069 22821 33248 9898 8185 8199 49014 1699 3380 25063 11993 4805 16573
internal_count=105083 56069 22821 33248 9898 8185 8199 49014 1699 3380 25063 11993 4805 16573
is_linear=0
shrinkage=0.05


Tree=26
num_leaves=15
num_cat=0
split_feature=105 169 165 106 163 161 96 156 166 35 169 169 145 29
split_gain=797.587 678.386 613.758 2123.78 806.204 730.289 611.304 555.461 454.779 240.711 231.689 280.454 215.054 316.263
threshold=20.949444770812992 352.50000000000006 9.5000000000000018 1.0016666650772097 5301.5000000000009 3.4646574258804326 0.0098611111752688902 3.2395833730697636 7.5000000000000009 7.5000000000000009 54.500000000000007 38.500000000000007 1558.8376464843752 25.993332862854007
decision_type=2 2 2 2 2 2 2 2 2 2 2 2 2 2
left_child=1 2 3 5 7 -1 -3 -4 10 12 11 -2 -10 -14
right_child=8 6 4 -5 -6 -7 -8 -9 9 -11 -12 -13 13 -15
leaf_value=2.5003344796688865e-06 0.029366448239383888 -0.00294227578356928 -0.00016742672318173811 -0.0081860508608696016 -0.0079923396074906561 0.00018457612319281824 -0.0040272577395237688 0.039415974158427854 -0.26351936577654478 0.050611132853638718 -0.036716025068566749 1.2198374883373146 0.32261124083451576 -0.44127508907885338
leaf_weight=4730 2062 1173 11562 12220 1857 4540 2148 17839 25162 4362 13119 1392 1622 1295
leaf_count=4730 2062 1173 11562 12220 1857 4540 2148 17839 25162 4362 13119 1392 1622 1295
internal_value=-0.0004658 0.00360684 0.00498739 0.011491 0.000514986 0.029531 -0.0182952 0.0025352 -0.00512454 -0.00856654 0.00161358 0.0131252 -0.0102639 0.00258385
internal_weight=105083 56069 52748 21490 31258 9270 3321 29401 49014 32441 16573 3454 28079 2917
internal_count=105083 56069 52748 21490 31258 9270 3321 29401 49014 32441 16573 3454 28079 2917
is_linear=0
shrinkage=0.05


Tree=27
num_leaves=15
num_cat=0
split_feature=106 169 66 165 93 100 159 105 165 165 117 111 119 87
split_gain=546.505 537.531 395.329 372.878 362.954 325.263 313.617 308.406 2212.49 732.039 301.814 550.171 268.528 275.36
threshold=104.01500320434572 343.50000000000006 25.500000000000004 19.500000000000004 0.05680555664002896 188.00166320800784 1.0000000180025095e-35 2.8783334493637089 9.5000000000000018 11.500000000000002 21.46949672698975 4.8825001716613778 78.75730133056642 69.006668090820327
decision_type=2 2 2 2 2 2 2 2 2 2 2 2 2 2
left_child=1 3 10 7 6 -4 -5 8 -1 -9 11 -3 13 -2
right_child=12 2 5 4 -6 -7 -8 9 -10 -11 -12 -13 -14 -15
leaf_value=1.386693048993119e-05 -1.4549015806091683 0.00010566978798717063 -0.0028020730906297806 4.0052073458723779e-05 -0.0079850569162903656 0.24665847136303545 -0.0019471940028042267 -0.044862824463237333 -0.00095629741697527521 0.13806279921179107 -0.00022527975289192935 -0.086263118256522553 -0.22874842693532074 0.43737147798493403
leaf_weight=9784 6304 1505 1580 368 12018 296 1263 30369 10928 21060 771 2307 5969 561
leaf_count=9784 6304 1505 1580 368 12018 296 1263 30369 10928 21060 771 2307 5969 561
internal_value=-0.00141834 -7.31676e-05 -0.0139774 0.000974416 -0.00660246 -0.0332802 -0.028698 0.00240831 0.00755901 0.000333437 -0.00604839 -0.000261986 -0.0110834 -0.0178239
internal_weight=105083 92249 6459 85790 13649 1876 1631 72141 20712 51429 4583 3812 12834 6865
internal_count=105083 92249 6459 85790 13649 1876 1631 72141 20712 51429 4583 3812 12834 6865
is_linear=0
shrinkage=0.05


Tree=28
num_leaves=15
num_cat=0
split_feature=105 169 111 68 26 165 133 105 111 25 114 105 102 61
split_gain=539.248 531.349 526.094 276.66 336.745 246.299 636.761 559.771 241.475 227.087 208.69 335.572 267.355 207.922
threshold=63.000555038452156 349.50000000000006 0.0090625002048909682 142.50000000000003 233.00166320800784 15.500000000000002 500.50000000000006 2.5455555915832524 10.226562500000002 22.97500038146973 61.90406799316407 174.21055603027347 75.504158020019545 12.500000000000002
decision_type=2 2 2 2 2 2 2 2 2 2 2 2 2 2
left_child=1 3 13 5 -5 7 -7 -1 -4 -10 12 -12 -2 -3
right_child=10 2 8 4 -6 6 -8 -9 9 -11 11 -13 -14 -15
leaf_value=1.6764426576067437e-06 -1.2676059282170706 0.98898804979989829 0.01976310761957949 -0.037549444819684225 0.17730026910752913 -5.4834732428131651e-05 -0.0019008198159910111 0.0033322385676945346 -0.21358838735452115 0.26594496937603379 0.02714797754913283 -1.8183918813480702 -0.16812723747292255 -0.0026550583398593265
leaf_weight=16899 4552 102 1634 4732 1208 22631 672 32663 1500 330 9114 4741 3147 1158
leaf_count=16899 4552 102 1634 4732 1208 22631 672 32663 1500 330 9114 4741 3147 1158
internal_value=-0.00110431 0.000715278 -0.0155635 0.00169204 -0.00867956 0.00253808 -0.00170113 0.00453124 -0.00547708 -0.0179292 -0.00815437 -0.00448413 -0.0147521 -0.0431621
internal_weight=105083 83529 4724 78805 5940 72865 23303 49562 3464 1830 21554 13855 7699 1260
internal_count=105083 83529 4724 78805 5940 72865 23303 49562 3464 1830 21554 13855 7699 1260
is_linear=0
shrinkage=0.05


Tree=29
num_leaves=15
num_cat=0
split_feature=105 169 96 165 110 105 165 165 118 169 162 105 132 80
split_gain=506.789 510.382 643.242 292.383 648.209 624.563 1598.01 550.018 527.36 280.869 255.926 247.137 349.424 231.529
threshold=46.721666336059577 352.50000000000006 0.0098611111752688902 15.500000000000002 0.021327928639948372 2.5455555915832524 9.5000000000000018 11.500000000000002 455.55999755859381 336.50000000000006 18.718750000000004 174.21055603027347 14.420716762542726 208.31333160400393
decision_type=2 2 2 2 2 2 2 2 2 2 2 2 2 2
left_child=1 3 -3 5 8 6 -1 -7 -5 10 -2 12 -12 -13
right_child=9 2 -4 4 -6 7 -8 -9 -10 -11 11 13 -14 -15
leaf_value=1.3084233258972158e-05 -1.2658679493744112 -0.0025223054228663607 -0.0037880967817610282 -0.00012649481300502623 0.0097286714595801946 -0.034438471511164158 -0.00035248913786417677 0.22334044274728482 -0.0040919702591073583 -1.5403043342028684 0.10563661928635693 -2.7381393252445339 -0.2723268312030962 0.30629527065696077
leaf_weight=10425 2395 1173 2680 3162 17140 23074 7916 8413 2048 816 10677 4229 9776 1159
leaf_count=10425 2395 1173 2680 3162 17140 23074 7916 8413 2048 816 10677 4229 9776 1159
internal_value=-0.000874029 0.00127242 -0.0164463 0.00221936 -0.00253187 0.00435053 0.0116837 7.77975e-05 -0.0179674 -0.00649069 -0.00565136 -0.00419988 -0.00168883 -0.0137215
internal_weight=105083 76031 3853 72178 22350 49828 18341 31487 5210 29052 28236 25841 20453 5388
internal_count=105083 76031 3853 72178 22350 49828 18341 31487 5210 29052 28236 25841 20453 5388
is_linear=0
shrinkage=0.05


Tree=30
num_leaves=15
num_cat=0
split_feature=105 169 66 111 117 111 105 165 161 99 67 61 162 110
split_gain=485.55 508.528 424.792 357.637 316.216 468.673 283.696 2438.98 1014.12 969.742 428.755 427.022 259.271 206.732
threshold=63.000555038452156 343.50000000000006 25.500000000000004 0.93291667103767406 21.46949672698975 5.0001389980316171 2.8783334493637089 9.5000000000000018 3.4646574258804326 0.0013425925862975421 3.5000000000000004 104.50000000000001 0.47718253731727606 13.855628490448
decision_type=2 2 2 2 2 2 2 2 2 2 2 2 2 2
left_child=1 6 4 -4 5 -3 7 8 -1 -9 12 -12 -8 -2
right_child=13 2 3 -5 -6 -7 10 9 -10 -11 11 -13 -14 -15
leaf_value=9.3840886177779843e-07 -0.13644606587429409 0.00011792693334814059 -0.0023961901517230424 -0.0045065843821801756 -0.0002147537990431618 -0.078638336064290229 -0.19146029776139678 -0.0018793402843572883 0.00057310369929133018 -5.1971505637588272e-05 0.066724945276868924 -0.078558928554031349 -0.03024329679711979 -1.019588106021591
leaf_weight=4746 13653 1551 1202 674 744 2179 1018 2385 5038 11489 24506 3641 24356 7901
leaf_count=4746 13653 1551 1202 674 744 2179 1018 2385 5038 11489 24506 3641 24356 7901
internal_value=-0.000782677 0.000943927 -0.0126515 -0.032589 -0.00426434 0.00168675 0.00206325 0.00662215 0.025733 -0.00685928 4.76404e-05 0.00429632 -0.00466527 -0.00747252
internal_weight=105083 83529 6350 1876 4474 3730 77179 23658 9784 13874 53521 28147 25374 21554
internal_count=105083 83529 6350 1876 4474 3730 77179 23658 9784 13874 53521 28147 25374 21554
is_linear=0
shrinkage=0.05


Tree=31
num_leaves=15
num_cat=0
split_feature=105 165 106 99 160 162 169 114 162 163 164 164 96 27
split_gain=459.347 498.85 1692.35 1458.55 1086.45 607.313 529.093 383.829 342.081 291.312 290.695 287.635 314.561 265.967
threshold=35.944444656372077 9.5000000000000018 1.0016666650772097 0.0013425925862975421 21.000000000000004 47.678569793701179 344.50000000000006 15.291863441467287 18.718750000000004 5301.5000000000009 606.52212524414074 348.69227600097662 339.66741943359381 189.29499816894534
decision_type=2 2 2 2 2 2 2 2 2 2 2 2 2 2
left_child=1 2 4 5 -1 -3 -6 -5 -2 -9 11 12 -10 -13
right_child=8 3 -4 7 6 -7 -8 9 10 -11 -12 13 -14 -15
leaf_value=8.914884186889085e-07 -0.98224095658086774 -8.312365784904127e-05 -0.010571778638764549 -0.00045919564676172726 0.000536223389945446 -0.0028185067138173569 -0.0022575652547253788 0.094053598456438819 -0.095336698865882336 -0.043108920911835338 -0.46789034156051595 0.24084388355387032 -4.7098703313979629 -1.6401886368981229
leaf_weight=4033 3351 1005 18058 16957 4913 2366 952 18982 23636 1294 3786 4641 761 348
leaf_count=4033 3351 1005 18058 16957 4913 2366 952 18982 23636 1294 3786 4641 761 348
internal_value=-0.000624715 0.00178808 0.00692751 -0.00175084 0.0235383 -0.0332198 0.00978705 0.00110237 -0.00515358 0.00574429 -0.00361395 -0.00193256 -0.00416974 0.0090008
internal_weight=105083 68560 27956 40604 9898 3371 5865 37233 36523 20276 33172 29386 24397 4989
internal_count=105083 68560 27956 40604 9898 3371 5865 37233 36523 20276 33172 29386 24397 4989
is_linear=0
shrinkage=0.05


Tree=32
num_leaves=15
num_cat=0
split_feature=105 169 96 119 16 165 133 80 151 153 158 111 87 162
split_gain=387.63 411.818 718.285 288.646 275.612 261.977 243.927 233.683 212.489 253.428 203.932 175.321 169.694 160.806
threshold=117.25444412231447 354.50000000000006 0.0098611111752688902 78.025024414062514 412.91999816894537 20.500000000000004 488.77833557128912 63.814998626708991 760.50000000000011 641.41665649414074 0.1713262274861336 10.911354064941408 69.006668090820327 445.11706542968756
decision_type=2 2 2 2 2 2 2 2 2 2 2 2 2 2
left_child=1 5 -3 12 8 7 -7 10 9 -5 -1 -4 -2 -13
right_child=3 2 11 4 -6 6 -8 -9 -10 -11 -12 13 -14 -15
leaf_value=-7.1348121005049376e-06 -2.0130797476150195 -0.0021635023814006215 0.070586727189162132 0.0035275697635885452 -6.8668351327101504 -0.0039098321019613936 -0.0014257731971739672 -0.053887579522432033 -11.676065626781847 0.6828782216202689 0.031048575094487663 -0.22201633040127047 0.32599769021532748 0.11802806352565641
leaf_weight=29987 4363 1150 1155 4354 412 10636 360 8271 309 359 42219 729 403 376
leaf_count=29987 4363 1150 1155 4354 412 10636 360 8271 309 359 42219 729 403 376
internal_value=-0.00104912 -5.32206e-05 -0.017101 -0.0103087 -0.00242692 0.0005832 -0.00665394 0.0015724 0.000815596 0.00346545 0.00248439 -0.000706402 -0.0192832 -0.0149099
internal_weight=105083 94883 3410 10200 5434 91473 10996 80477 5022 4713 72206 2260 4766 1105
internal_count=105083 94883 3410 10200 5434 91473 10996 80477 5022 4713 72206 2260 4766 1105
is_linear=0
shrinkage=0.05


Tree=33
num_leaves=15
num_cat=0
split_feature=169 111 106 105 160 165 105 175 111 172 65 80 61 127
split_gain=390.972 547.085 373.055 255.407 220.355 792.959 1969.64 957.238 540.612 274.246 240.239 217.649 201.542 187.24
threshold=349.50000000000006 0.0090625002048909682 173.64666748046878 3.6661111116409306 21.000000000000004 9.5000000000000018 0.26944445073604589 -0.93301269412040699 0.0090625002048909682 0.91597560048103344 81.500000000000014 208.31333160400393 10.500000000000002 180.05833435058597
decision_type=2 2 2 2 2 2 2 2 2 2 2 2 2 2
left_child=2 12 4 -3 5 6 -1 -7 10 -10 -6 -4 -2 -5
right_child=1 3 11 13 8 7 -8 -9 9 -11 -12 -13 -14 -15
leaf_value=1.20365460277971e-06 0.93977210123772059 0.19219541985525235 -2.2413226743562595 -0.099511107780088495 -0.00010036844131516238 -0.0015906518581092735 -0.07024476235809321 7.7370181269197514e-05 -0.00066846144487264162 0.17986695459750182 0.0016325814989780021 0.33268966821727269 -0.00205532726233059 0.41933008901113739
leaf_weight=3884 100 778 5505 2632 4706 1125 3402 9149 61743 9056 450 1167 1160 226
leaf_count=3884 100 778 5505 2632 4706 1125 3402 9149 61743 9056 450 1167 1160 226
internal_value=-0.00120804 -0.0149969 -0.000533476 -0.00513595 0.000281758 0.00532878 0.0179399 -0.00361903 -0.000885334 0.000253517 -0.0165084 -0.0119515 -0.0433202 -0.0120503
internal_weight=105083 4896 100187 3636 93515 17560 7286 10274 75955 70799 5156 6672 1260 2858
internal_count=105083 4896 100187 3636 93515 17560 7286 10274 75955 70799 5156 6672 1260 2858
is_linear=0
shrinkage=0.05


Tree=34
num_leaves=15
num_cat=0
split_feature=169 111 90 106 165 133 163 171 117 106 62 160 69 77
split_gain=416.237 544.519 382.388 309.556 279.934 609.955 571.632 269.864 321.51 241.764 228.295 385.101 210.711 196.199
threshold=349.50000000000006 0.0090625002048909682 51.732221603393562 4.8583333492279062 15.500000000000002 500.50000000000006 5301.5000000000009 0.78656607866287243 31.387740135192875 8.5283331871032733 5.5000000000000009 21.000000000000004 372.50000000000006 520.50000000000011
decision_type=2 2 2 2 2 2 2 2 2 2 2 2 2 2
left_child=2 -2 4 -4 10 6 -6 12 -9 -3 11 -1 -5 -12
right_child=1 9 3 7 5 -7 -8 8 -10 -11 13 -13 -14 -15
leaf_value=1.1434718726407245e-06 -0.0019525608992140607 0.018251688269083431 0.044687991576648031 -0.15756558946118607 0.00011265562107802062 -0.0012877638944342278 -0.0068779827465141347 -0.2780483249771743 0.18052358032975865 -0.22472655984593712 0.067908012049974764 -2.985192218706116e-05 0.21187588967678239 -0.0078560132685087172
leaf_weight=10776 1260 1620 1995 29147 17262 672 795 1658 7136 2016 9032 19087 1603 1024
leaf_count=10776 1260 1620 1995 29147 17262 672 795 1658 7136 2016 9032 19087 1603 1024
internal_value=-0.000993929 -0.0152214 -0.000297928 -0.00396808 0.00230167 -0.00274101 -0.000993799 -0.00493818 0.00278441 -0.00538314 0.00466762 0.00247255 -0.00714681 0.0111818
internal_weight=105083 4896 100187 41539 58648 18729 18057 39544 8794 3636 39919 29863 30750 10056
internal_count=105083 4896 100187 41539 58648 18729 18057 39544 8794 3636 39919 29863 30750 10056
is_linear=0
shrinkage=0.05


Tree=35
num_leaves=15
num_cat=0
split_feature=100 66 165 162 165 105 68 26 130 132 118 82 155 29
split_gain=410.625 1279.98 1750.5 542.591 340.068 329.821 266.784 291.704 260.342 249.568 232.076 207.722 262.586 212.108
threshold=0.48666664958000189 10.500000000000002 9.5000000000000018 47.678569793701179 19.500000000000004 63.000555038452156 138.50000000000003 233.00166320800784 462.66333007812506 89.066658020019545 479.99333190917974 18.653332710266117 16.75507736206055 253.00333404541018
decision_type=2 2 2 2 2 2 2 2 2 2 2 2 2 2
left_child=1 2 -1 4 -4 6 8 -8 10 -9 -2 -7 13 -13
right_child=5 -3 3 -5 -6 11 7 9 -10 -11 -12 12 -14 -15
leaf_value=1.2583439586836578e-05 1.0862982790086881e-06 -0.0028785158046175105 -0.00026027459858953201 -0.0014914562171140589 0.00028737336174974735 -0.83295775538181871 -0.044573599315354144 -0.046252559570945012 -0.0041198863121890642 0.54973973628495776 0.18641833427123916 0.025215621223924956 -0.93640193852680409 -1.4051865131184518
leaf_weight=1432 66403 1991 692 1263 313 5092 4712 501 517 708 4997 12835 3291 336
leaf_count=1432 66403 1991 692 1263 313 5092 4712 501 517 708 4997 12835 3291 336
internal_value=-0.00154204 -0.014598 0.00280702 -0.0245051 0.00292079 -0.000793787 0.000721966 -0.00947519 0.00156211 0.012397 0.0018192 -0.00626652 -0.00353434 -0.000375683
internal_weight=105083 5691 3700 2268 1005 99392 77838 5921 71917 1209 71400 21554 16462 13171
internal_count=105083 5691 3700 2268 1005 99392 77838 5921 71917 1209 71400 21554 16462 13171
is_linear=0
shrinkage=0.05


Tree=36
num_leaves=15
num_cat=0
split_feature=100 66 165 162 165 106 119 107 111 160 165 172 119 16
split_gain=413.864 1279.98 1750.5 542.591 340.068 317.919 223.982 373.164 319.845 323.095 283.078 251.909 213.293 235.158
threshold=0.48666664958000189 10.500000000000002 9.5000000000000018 47.678569793701179 19.500000000000004 173.64666748046878 14.228345870971681 0.49657966196537023 0.0090625002048909682 21.000000000000004 10.500000000000002 0.78656607866287243 84.478099822998061 412.91999816894537
decision_type=2 2 2 2 2 2 2 2 2 2 2 2 2 2
left_child=1 2 -1 4 -4 6 7 10 9 -8 -2 -10 -7 -14
right_child=5 -3 3 -5 -6 12 8 -9 11 -11 -12 -13 13 -15
leaf_value=1.1954267607494749e-05 1.0319833650582538e-06 -0.002734590014386635 -0.00024726086866005541 -0.001416883406258356 0.00027300469366225999 -3.0601331132501808 0.00015432956352407748 -0.068051659574512979 -0.0023787971332123415 -0.00017272104958458226 0.00015952285204913583 0.10676728667374509 0.074385956383289195 -7.5391830446009527
leaf_weight=1432 4116 1991 692 1263 313 3043 975 2769 61083 3600 3744 16370 3317 375
leaf_count=1432 4116 1991 692 1263 313 3043 975 2769 61083 3600 3744 16370 3317 375
internal_value=-0.00149066 -0.014598 0.00280702 -0.0245051 0.00292079 -0.000739459 2.32026e-05 0.00685067 -0.000861848 -0.0137009 0.0124094 -0.000102636 -0.011224 -0.00313768
internal_weight=105083 5691 3700 2268 1005 99392 92657 10629 82028 4575 7860 77453 6735 3692
internal_count=105083 5691 3700 2268 1005 99392 92657 10629 82028 4575 7860 77453 6735 3692
is_linear=0
shrinkage=0.05


Tree=37
num_leaves=15
num_cat=0
split_feature=100 66 165 169 162 105 166 165 113 160 172 167 89 114
split_gain=762.242 924.945 941.779 721.513 542.591 358.482 437.746 340.068 293.985 668.234 414.693 309.648 275.708 214.206
threshold=0.48666664958000189 10.500000000000002 9.5000000000000018 281.50000000000006 47.678569793701179 8.3072218894958514 7.5000000000000009 19.500000000000004 1.0000000180025095e-35 21.000000000000004 0.60355338454246532 3.5000000000000004 25.538332939147953 9.7453064918518084
decision_type=2 2 2 2 2 2 2 2 2 2 2 2 2 2
left_child=1 2 3 -1 7 8 12 -4 9 10 -2 -11 -7 -8
right_child=5 -3 4 -5 -6 6 13 -9 -10 11 -12 -13 -14 -15
leaf_value=1.1356554227120011e-05 9.8038419680534116e-07 -0.0025978605136673036 -0.00023489782522705265 -7.0467550254816126e-08 -0.0013460392359454381 -0.011687688811280862 -0.29916767739133399 0.000259354458979147 0.00038499908775220981 -0.00036063337559909194 -4.6475460189301438e-05 8.3146842449101642e-06 0.29941889920386278 -0.062270310543227583
leaf_weight=1021 1554 1991 692 411 1263 15693 1898 313 24709 3229 1636 1803 6903 41967
leaf_count=1021 1554 1991 692 411 1263 15693 1898 313 24709 3229 1636 1803 6903 41967
internal_value=-0.00149732 -0.0192855 -0.00448043 0.0272095 -0.0245051 -0.000477882 -0.00259155 0.00292079 0.00378765 -0.00440015 0.0134898 -0.0157435 0.00306181 -0.00550376
internal_weight=105083 5691 3700 1432 2268 99392 66461 1005 32931 8222 3190 5032 22596 43865
internal_count=105083 5691 3700 1432 2268 99392 66461 1005 32931 8222 3190 5032 22596 43865
is_linear=0
shrinkage=0.05


Tree=38
num_leaves=15
num_cat=0
split_feature=100 66 165 169 162 165 79 88 106 164 97 164 6 162
split_gain=696.52 924.945 941.779 721.513 542.591 340.068 296.489 262.921 228.439 262.965 220.802 210.023 190.85 188.752
threshold=0.48666664958000189 10.500000000000002 9.5000000000000018 281.50000000000006 47.678569793701179 19.500000000000004 4.5000000000000009 233.98500061035159 34.768333435058601 606.52212524414074 342.99833679199224 413.40632629394537 159.73667144775393 709.94793701171886
decision_type=2 2 2 2 2 2 2 2 2 2 2 2 2 2
left_child=1 2 3 -1 5 -4 8 13 9 11 -11 -2 -9 -8
right_child=6 -3 4 -5 -6 -7 7 12 -10 10 -12 -13 -14 -15
leaf_value=1.0788726515764011e-05 -1.8269570190805152e-05 -0.0024679674879839381 -0.00022315293396570001 -6.6944172742075317e-08 -0.0012787372741481663 0.00024638673603018962 0.0083439952624335661 -0.0093423083484951343 -0.33636096694184048 0.19573226426323664 -0.083327005490269224 -0.016719043503979885 -0.43564451490543821 -0.0029448403928094453
leaf_weight=1021 27413 1991 692 411 1263 313 47880 1548 16084 1944 325 2721 901 576
leaf_count=1021 27413 1991 692 411 1263 313 47880 1548 16084 1944 325 2721 901 576
internal_value=-0.00228142 -0.0192855 -0.00448043 0.0272095 -0.0245051 0.00292079 -0.00130688 0.00135828 -0.0041048 -0.00168631 0.0147098 -0.00292312 -0.0146088 0.00216669
internal_weight=105083 5691 3700 1432 2268 1005 99392 50905 48487 32403 2269 30134 2449 48456
internal_count=105083 5691 3700 1432 2268 1005 99392 50905 48487 32403 2269 30134 2449 48456
is_linear=0
shrinkage=0.05


Tree=39
num_leaves=15
num_cat=0
split_feature=100 66 165 169 156 165 74 90 16 169 68 117 169 98
split_gain=618.659 952.419 884.989 721.513 580.275 321.223 239.704 336.043 221.088 214.346 230.689 192.372 171.6 199.764
threshold=0.48666664958000189 10.500000000000002 9.5000000000000018 281.50000000000006 3.2395833730697636 19.500000000000004 4.5000000000000009 49.81111145019532 412.91999816894537 349.50000000000006 120.50000000000001 29.21879863739014 111.50000000000001 0.75831991434097301
decision_type=2 2 2 2 2 2 2 2 2 2 2 2 2 2
left_child=1 2 3 -1 5 -4 12 9 11 10 -8 -9 13 -2
right_child=6 -3 4 -5 -6 -7 7 8 -10 -11 -12 -13 -14 -15
leaf_value=1.024929018997581e-05 1.8448434965053319e-06 -0.0023445691135847413 -0.00011043434373823596 -6.3596964104971561e-08 -0.0012532548427233549 0.00023406739922868016 0.073381170007219845 -0.087567021745380225 -7.1078673402849919 -0.01219940782383503 -0.028493892085659923 -0.0047750958970133378 -0.00063194497509015928 -0.0026187545688064031
leaf_weight=1021 4135 1991 727 411 1227 314 19243 4962 388 1739 1494 25697 30770 10964
leaf_count=1021 4135 1991 727 411 1227 314 19243 4962 388 1739 1494 25697 30770 10964
internal_value=-0.00250504 -0.0185305 -0.00350877 0.0272095 -0.0229212 0.00454111 -0.00158657 0.000686557 -0.00268421 0.00534229 0.00675682 -0.00220617 -0.00423878 -0.00860368
internal_weight=105083 5691 3700 1432 2268 1041 99392 53523 31047 22476 20737 30659 45869 15099
internal_count=105083 5691 3700 1432 2268 1041 99392 53523 31047 22476 20737 30659 45869 15099
is_linear=0
shrinkage=0.05


Tree=40
num_leaves=15
num_cat=0
split_feature=100 66 165 169 70 119 111 165 171 105 110 118 165 117
split_gain=693.238 944.026 895.894 721.513 561.297 289.782 394.831 286.025 280.189 318.479 275.499 250.652 295.493 247.273
threshold=0.48666664958000189 10.500000000000002 9.5000000000000018 281.50000000000006 3.5000000000000004 21.717828750610355 0.0090625002048909682 19.500000000000004 -0.6035533845424651 1.2477777600288393 2.4434314966201787 463.24667358398443 11.500000000000002 26.692476272583011
decision_type=2 2 2 2 2 2 2 2 2 2 2 2 2 2
left_child=1 2 3 -1 7 10 11 -4 9 -8 -2 -7 -13 -10
right_child=5 -3 4 -5 -6 6 8 -9 13 -11 -12 12 -14 -15
leaf_value=9.7368256804770198e-06 0.00011358163675905527 -0.0022273406579055039 -0.00010491262655132417 -6.0417115899722974e-08 -0.0011905921005871871 -0.00060034772633565134 0.0013954739280458968 0.00022236402926724617 -0.012504560738848503 -0.058496756427295217 -0.017680994522074101 0.00086577321257853823 -0.0081411546382416083 0.038583499932122838
leaf_weight=1021 12216 1991 769 411 1185 2804 2478 314 12749 20079 5277 511 451 42827
leaf_count=1021 12216 1991 769 411 1185 2804 2478 314 12749 20079 5277 511 451 42827
internal_value=-0.00168954 -0.0186534 -0.00369771 0.0272095 -0.0232292 -0.000717325 -0.00196511 0.00280331 -0.00120236 -0.00590152 0.00512344 -0.0177672 0.00423992 0.000705277
internal_weight=105083 5691 3700 1432 2268 99392 81899 1083 78133 22557 17493 3766 962 55576
internal_count=105083 5691 3700 1432 2268 99392 81899 1083 78133 22557 17493 3766 962 55576
is_linear=0
shrinkage=0.05


Tree=41
num_leaves=15
num_cat=0
split_feature=111 66 105 162 166 169 167 134 172 114 79 157 8 127
split_gain=1131.44 759.878 481.272 407.78 360.14 348.009 296.942 255.42 240.754 447.784 256.598 240.56 245.193 234.65
threshold=0.0090625002048909682 10.500000000000002 2.8783334493637089 523.39160156250011 7.5000000000000009 54.500000000000007 1.5000000000000002 46.380086898803718 -0.37940952181816096 1.0000000180025095e-35 4.5000000000000009 1.5000000000000002 4.0016667842864999 252.01499938964847
decision_type=2 2 2 2 2 2 2 2 2 2 2 2 2 2
left_child=1 8 11 -3 5 7 -7 -4 9 -1 -11 12 -2 -13
right_child=2 3 4 -5 -6 6 -8 -9 -10 10 -12 13 -14 -15
leaf_value=9.2499843964531687e-06 0.00014754808053135489 -0.0021159736250102291 1.1030682595937655 0.002071304790527665 -0.042773045409668732 -0.083229847542260732 0.066623576674352467 0.15546824328748524 -8.5617230274818328e-05 -3.3189244842533323e-06 -0.00037937566894705643 0.00012755353106416032 0.0001161689845215208 0.11833561541305514
leaf_weight=1216 2715 2720 1639 195 51574 5230 16343 3355 7081 1286 452 8485 1819 973
leaf_count=1216 2715 2720 1639 195 51574 5230 16343 3355 7081 1286 452 8485 1819 973
internal_value=-0.00218912 -0.0160247 -0.000243656 -0.038476 -0.00177296 0.00295612 0.000201594 0.014843 -0.00948705 0.00250084 -0.0137694 0.00829463 0.0177572 0.00375145
internal_weight=105083 12950 92133 2915 78141 26567 21573 4994 10035 2954 1738 13992 4534 9458
internal_count=105083 12950 92133 2915 78141 26567 21573 4994 10035 2954 1738 13992 4534 9458
is_linear=0
shrinkage=0.05


end of trees

feature_importances:
utc_hour=60
roll0003_mean_fixed_avg_active_gpus_F30=56
melbourne_day_of_year=37
melbourne_hour=26
roll0003_max_fixed_avg_active_gpus_F30=22
roll2016_mean_queued_requested_gpus=20
roll0048_mean_fixed_avg_active_gpus_F30=18
roll2016_stddev_pop_fixed_avg_active_gpus_F30=17
roll2016_mean_total_avg_active_gpus=14
roll0288_mean_fixed_avg_active_gpus_F30=14
roll2016_max_total_avg_active_gpus=13
roll2016_mean_fixed_avg_active_gpus_F30=13
roll2016_max_fixed_avg_active_gpus_F30=10
roll0288_max_queued_requested_gpus=10
roll2016_max_queued_requested_gpus=10
roll2016_stddev_pop_queued_requested_gpus=10
hour_cos=10
lag_queued_job_count_0048=9
lag_running_job_equivalents_0288=9
roll0048_stddev_pop_queued_requested_gpus=9
roll0288_max_total_avg_active_gpus=8
roll2016_mean_flexible_avg_active_gpus_F30=8
roll0003_mean_total_avg_active_gpus=7
lag_running_job_equivalents_0001=6
roll0003_max_total_avg_active_gpus=6
roll0288_mean_total_avg_active_gpus=6
roll0288_stddev_pop_queued_requested_gpus=6
lag_fixed_avg_active_gpus_F30_0001=5
lag_fixed_avg_active_gpus_F30_0048=5
lag_fixed_avg_active_gpus_F30_0288=5
lag_queued_job_count_0576=5
roll0288_max_flexible_avg_active_gpus_F30=5
melbourne_day_of_week=5
lag_queued_job_count_0024=4
lag_running_job_equivalents_2016=4
roll0048_mean_total_avg_active_gpus=4
roll0048_stddev_pop_fixed_avg_active_gpus_F30=4
roll2016_max_flexible_avg_active_gpus_F30=4
roll0048_mean_arriving_flexible_gpu_hours_F30=4
hour_sin=4
lag_flexible_avg_active_gpus_F30_0288=3
lag_queued_job_count_0002=3
lag_queued_job_count_0288=3
lag_queued_requested_gpus_0012=3
roll0012_mean_total_avg_active_gpus=3
roll0012_stddev_pop_fixed_avg_active_gpus_F30=3
roll0048_max_fixed_avg_active_gpus_F30=3
roll2016_max_arriving_flexible_gpu_hours_F30=3
roll0012_stddev_pop_queued_requested_gpus=3
melbourne_month=3
month_cos=3
lag_total_avg_active_gpus_0048=2
lag_total_avg_active_gpus_0576=2
lag_flexible_avg_active_gpus_F30_0048=2
lag_flexible_avg_active_gpus_F30_2016=2
lag_queued_job_count_0006=2
lag_queued_requested_gpus_0006=2
lag_queued_requested_gpus_0288=2
lag_queued_requested_gpus_2016=2
lag_running_job_equivalents_0003=2
lag_running_job_equivalents_0576=2
roll0048_max_total_avg_active_gpus=2
roll2016_stddev_pop_total_avg_active_gpus=2
roll0048_max_flexible_avg_active_gpus_F30=2
roll0288_mean_arriving_flexible_gpu_hours_F30=2
roll0003_max_queued_requested_gpus=2
roll0048_mean_queued_requested_gpus=2
roll0048_max_queued_requested_gpus=2
roll0288_mean_queued_requested_gpus=2
lag_total_avg_active_gpus_0002=1
lag_flexible_avg_active_gpus_F30_0012=1
lag_flexible_avg_active_gpus_F30_0024=1
lag_flexible_avg_active_gpus_F30_0576=1
lag_arriving_job_count_0003=1
lag_arriving_job_count_0024=1
lag_arriving_requested_gpus_0024=1
lag_arriving_requested_gpus_0288=1
lag_queued_job_count_0003=1
lag_queued_job_count_2016=1
lag_queued_requested_gpus_0001=1
lag_running_job_equivalents_0002=1
roll0048_stddev_pop_total_avg_active_gpus=1
roll0288_stddev_pop_total_avg_active_gpus=1
roll0003_stddev_pop_fixed_avg_active_gpus_F30=1
roll0012_mean_fixed_avg_active_gpus_F30=1
roll0288_mean_flexible_avg_active_gpus_F30=1
roll0288_stddev_pop_flexible_avg_active_gpus_F30=1
roll2016_stddev_pop_flexible_avg_active_gpus_F30=1
roll0048_max_arriving_flexible_gpu_hours_F30=1
roll0288_max_arriving_flexible_gpu_hours_F30=1
roll2016_mean_arriving_flexible_gpu_hours_F30=1
roll2016_stddev_pop_arriving_flexible_gpu_hours_F30=1
roll0012_mean_queued_requested_gpus=1
is_weekend=1
weekday_cos=1
month_sin=1

parameters:
[boosting: gbdt]
[objective: regression_l1]
[metric: l1]
[tree_learner: serial]
[device_type: cpu]
[data_sample_strategy: bagging]
[data: ]
[valid: ]
[num_iterations: 42]
[learning_rate: 0.05]
[num_leaves: 15]
[num_threads: 4]
[seed: 20260721]
[deterministic: 1]
[force_col_wise: 1]
[force_row_wise: 0]
[histogram_pool_size: -1]
[max_depth: 5]
[min_data_in_leaf: 100]
[min_sum_hessian_in_leaf: 0.001]
[bagging_fraction: 1]
[pos_bagging_fraction: 1]
[neg_bagging_fraction: 1]
[bagging_freq: 0]
[bagging_seed: 11591]
[bagging_by_query: 0]
[feature_fraction: 1]
[feature_fraction_bynode: 1]
[feature_fraction_seed: 24120]
[extra_trees: 0]
[extra_seed: 12737]
[early_stopping_round: 0]
[early_stopping_min_delta: 0]
[first_metric_only: 0]
[max_delta_step: 0]
[lambda_l1: 0]
[lambda_l2: 5]
[linear_lambda: 0]
[min_gain_to_split: 0]
[drop_rate: 0.1]
[max_drop: 50]
[skip_drop: 0.5]
[xgboost_dart_mode: 0]
[uniform_drop: 0]
[drop_seed: 6762]
[top_rate: 0.2]
[other_rate: 0.1]
[min_data_per_group: 100]
[max_cat_threshold: 32]
[cat_l2: 10]
[cat_smooth: 10]
[max_cat_to_onehot: 4]
[top_k: 20]
[monotone_constraints: ]
[monotone_constraints_method: basic]
[monotone_penalty: 0]
[feature_contri: ]
[forcedsplits_filename: ]
[refit_decay_rate: 0.9]
[cegb_tradeoff: 1]
[cegb_penalty_split: 0]
[cegb_penalty_feature_lazy: ]
[cegb_penalty_feature_coupled: ]
[path_smooth: 0]
[interaction_constraints: ]
[verbosity: -1]
[saved_feature_importance_type: 0]
[use_quantized_grad: 0]
[num_grad_quant_bins: 4]
[quant_train_renew_leaf: 0]
[stochastic_rounding: 1]
[linear_tree: 0]
[max_bin: 255]
[max_bin_by_feature: ]
[min_data_in_bin: 3]
[bin_construct_sample_cnt: 200000]
[data_random_seed: 4436]
[is_enable_sparse: 1]
[enable_bundle: 1]
[use_missing: 1]
[zero_as_missing: 0]
[feature_pre_filter: 1]
[pre_partition: 0]
[two_round: 0]
[header: 0]
[label_column: ]
[weight_column: ]
[group_column: ]
[ignore_column: ]
[categorical_feature: ]
[forcedbins_filename: ]
[precise_float_parser: 0]
[parser_config_file: ]
[objective_seed: 18074]
[num_class: 1]
[is_unbalance: 0]
[scale_pos_weight: 1]
[sigmoid: 1]
[boost_from_average: 1]
[reg_sqrt: 0]
[alpha: 0.9]
[fair_c: 1]
[poisson_max_delta_step: 0.7]
[tweedie_variance_power: 1.5]
[lambdarank_truncation_level: 30]
[lambdarank_norm: 1]
[label_gain: ]
[lambdarank_position_bias_regularization: 0]
[eval_at: ]
[multi_error_top_k: 1]
[auc_mu_weights: ]
[num_machines: 1]
[local_listen_port: 12400]
[time_out: 120]
[machine_list_filename: ]
[machines: ]
[gpu_platform_id: -1]
[gpu_device_id: -1]
[gpu_use_dp: 0]
[num_gpu: 1]

end of parameters

pandas_categorical:[]
