stage,slot,kind,name,enabled,tap_number,tap_ratio,min_tap,max_tap,at_lower_limit,at_upper_limit,Vreg,states,energized,delay_seconds,delay_off_seconds
QUALIFIED_B0_ACTUAL,0,RegControl,feeder_rega,True,-2,0.9875,0.9,1.1,False,False,123.5,,,15,
QUALIFIED_B0_ACTUAL,0,RegControl,feeder_regb,True,-2,0.9875,0.9,1.1,False,False,123.5,,,15,
QUALIFIED_B0_ACTUAL,0,RegControl,feeder_regc,True,-2,0.9875,0.9,1.1,False,False,123.5,,,15,
QUALIFIED_B0_ACTUAL,0,RegControl,vreg2_a,True,4,1.025,0.9,1.1,False,False,125.0,,,15,
QUALIFIED_B0_ACTUAL,0,RegControl,vreg2_b,True,4,1.025,0.9,1.1,False,False,125.0,,,15,
QUALIFIED_B0_ACTUAL,0,RegControl,vreg2_c,True,3,1.01875,0.9,1.1,False,False,125.0,,,15,
QUALIFIED_B0_ACTUAL,0,RegControl,vreg3_a,True,3,1.01875,0.9,1.1,False,False,123.5,,,15,
QUALIFIED_B0_ACTUAL,0,RegControl,vreg3_b,True,3,1.01875,0.9,1.1,False,False,123.5,,,15,
QUALIFIED_B0_ACTUAL,0,RegControl,vreg3_c,True,1,1.00625,0.9,1.1,False,False,123.5,,,15,
QUALIFIED_B0_ACTUAL,0,RegControl,vreg4_a,True,6,1.0375,0.9,1.1,False,False,125.0,,,15,
QUALIFIED_B0_ACTUAL,0,RegControl,vreg4_b,True,7,1.0437500000000002,0.9,1.1,False,False,125.0,,,15,
QUALIFIED_B0_ACTUAL,0,RegControl,vreg4_c,True,5,1.03125,0.9,1.1,False,False,125.0,,,15,
QUALIFIED_B0_ACTUAL,0,Capacitor,capbank2a,True,,,,,,,,[0],False,,
QUALIFIED_B0_ACTUAL,0,Capacitor,capbank2b,True,,,,,,,,[0],False,,
QUALIFIED_B0_ACTUAL,0,Capacitor,capbank2c,True,,,,,,,,[0],False,,
QUALIFIED_B0_ACTUAL,0,Capacitor,capbank1a,True,,,,,,,,[0],False,,
QUALIFIED_B0_ACTUAL,0,Capacitor,capbank1b,True,,,,,,,,[0],False,,
QUALIFIED_B0_ACTUAL,0,Capacitor,capbank1c,True,,,,,,,,[0],False,,
QUALIFIED_B0_ACTUAL,0,Capacitor,capbank0a,True,,,,,,,,[1],True,,
QUALIFIED_B0_ACTUAL,0,Capacitor,capbank0b,True,,,,,,,,[1],True,,
QUALIFIED_B0_ACTUAL,0,Capacitor,capbank0c,True,,,,,,,,[1],True,,
QUALIFIED_B0_ACTUAL,0,Capacitor,capbank3,True,,,,,,,,[0],False,,
QUALIFIED_B0_ACTUAL,0,CapControl,capbank2a_ctrl,True,,,,,,,,,,100,100
QUALIFIED_B0_ACTUAL,0,CapControl,capbank2b_ctrl,True,,,,,,,,,,101,101
QUALIFIED_B0_ACTUAL,0,CapControl,capbank2c_ctrl,True,,,,,,,,,,102,102
QUALIFIED_B0_ACTUAL,0,CapControl,capbank1a_ctrl,True,,,,,,,,,,100,90
QUALIFIED_B0_ACTUAL,0,CapControl,capbank1b_ctrl,True,,,,,,,,,,101,91
QUALIFIED_B0_ACTUAL,0,CapControl,capbank1c_ctrl,True,,,,,,,,,,102,92
QUALIFIED_B0_ACTUAL,0,CapControl,capbank0a_ctrl,True,,,,,,,,,,100,80
QUALIFIED_B0_ACTUAL,0,CapControl,capbank0b_ctrl,True,,,,,,,,,,101,81
QUALIFIED_B0_ACTUAL,0,CapControl,capbank0c_ctrl,True,,,,,,,,,,102,82
QUALIFIED_B0_ACTUAL,1,RegControl,feeder_rega,True,-2,0.9875,0.9,1.1,False,False,123.5,,,15,
QUALIFIED_B0_ACTUAL,1,RegControl,feeder_regb,True,-2,0.9875,0.9,1.1,False,False,123.5,,,15,
QUALIFIED_B0_ACTUAL,1,RegControl,feeder_regc,True,-2,0.9875,0.9,1.1,False,False,123.5,,,15,
QUALIFIED_B0_ACTUAL,1,RegControl,vreg2_a,True,4,1.025,0.9,1.1,False,False,125.0,,,15,
QUALIFIED_B0_ACTUAL,1,RegControl,vreg2_b,True,4,1.025,0.9,1.1,False,False,125.0,,,15,
QUALIFIED_B0_ACTUAL,1,RegControl,vreg2_c,True,3,1.01875,0.9,1.1,False,False,125.0,,,15,
QUALIFIED_B0_ACTUAL,1,RegControl,vreg3_a,True,3,1.01875,0.9,1.1,False,False,123.5,,,15,
QUALIFIED_B0_ACTUAL,1,RegControl,vreg3_b,True,3,1.01875,0.9,1.1,False,False,123.5,,,15,
QUALIFIED_B0_ACTUAL,1,RegControl,vreg3_c,True,1,1.00625,0.9,1.1,False,False,123.5,,,15,
QUALIFIED_B0_ACTUAL,1,RegControl,vreg4_a,True,6,1.0375,0.9,1.1,False,False,125.0,,,15,
QUALIFIED_B0_ACTUAL,1,RegControl,vreg4_b,True,7,1.0437500000000002,0.9,1.1,False,False,125.0,,,15,
QUALIFIED_B0_ACTUAL,1,RegControl,vreg4_c,True,5,1.03125,0.9,1.1,False,False,125.0,,,15,
QUALIFIED_B0_ACTUAL,1,Capacitor,capbank2a,True,,,,,,,,[0],False,,
QUALIFIED_B0_ACTUAL,1,Capacitor,capbank2b,True,,,,,,,,[0],False,,
QUALIFIED_B0_ACTUAL,1,Capacitor,capbank2c,True,,,,,,,,[0],False,,
QUALIFIED_B0_ACTUAL,1,Capacitor,capbank1a,True,,,,,,,,[0],False,,
QUALIFIED_B0_ACTUAL,1,Capacitor,capbank1b,True,,,,,,,,[0],False,,
QUALIFIED_B0_ACTUAL,1,Capacitor,capbank1c,True,,,,,,,,[0],False,,
QUALIFIED_B0_ACTUAL,1,Capacitor,capbank0a,True,,,,,,,,[1],True,,
QUALIFIED_B0_ACTUAL,1,Capacitor,capbank0b,True,,,,,,,,[1],True,,
QUALIFIED_B0_ACTUAL,1,Capacitor,capbank0c,True,,,,,,,,[1],True,,
QUALIFIED_B0_ACTUAL,1,Capacitor,capbank3,True,,,,,,,,[0],False,,
QUALIFIED_B0_ACTUAL,1,CapControl,capbank2a_ctrl,True,,,,,,,,,,100,100
QUALIFIED_B0_ACTUAL,1,CapControl,capbank2b_ctrl,True,,,,,,,,,,101,101
QUALIFIED_B0_ACTUAL,1,CapControl,capbank2c_ctrl,True,,,,,,,,,,102,102
QUALIFIED_B0_ACTUAL,1,CapControl,capbank1a_ctrl,True,,,,,,,,,,100,90
QUALIFIED_B0_ACTUAL,1,CapControl,capbank1b_ctrl,True,,,,,,,,,,101,91
QUALIFIED_B0_ACTUAL,1,CapControl,capbank1c_ctrl,True,,,,,,,,,,102,92
QUALIFIED_B0_ACTUAL,1,CapControl,capbank0a_ctrl,True,,,,,,,,,,100,80
QUALIFIED_B0_ACTUAL,1,CapControl,capbank0b_ctrl,True,,,,,,,,,,101,81
QUALIFIED_B0_ACTUAL,1,CapControl,capbank0c_ctrl,True,,,,,,,,,,102,82
QUALIFIED_B0_ACTUAL,2,RegControl,feeder_rega,True,-2,0.9875,0.9,1.1,False,False,123.5,,,15,
QUALIFIED_B0_ACTUAL,2,RegControl,feeder_regb,True,-2,0.9875,0.9,1.1,False,False,123.5,,,15,
QUALIFIED_B0_ACTUAL,2,RegControl,feeder_regc,True,-2,0.9875,0.9,1.1,False,False,123.5,,,15,
QUALIFIED_B0_ACTUAL,2,RegControl,vreg2_a,True,4,1.025,0.9,1.1,False,False,125.0,,,15,
QUALIFIED_B0_ACTUAL,2,RegControl,vreg2_b,True,4,1.025,0.9,1.1,False,False,125.0,,,15,
QUALIFIED_B0_ACTUAL,2,RegControl,vreg2_c,True,3,1.01875,0.9,1.1,False,False,125.0,,,15,
QUALIFIED_B0_ACTUAL,2,RegControl,vreg3_a,True,3,1.01875,0.9,1.1,False,False,123.5,,,15,
QUALIFIED_B0_ACTUAL,2,RegControl,vreg3_b,True,3,1.01875,0.9,1.1,False,False,123.5,,,15,
QUALIFIED_B0_ACTUAL,2,RegControl,vreg3_c,True,1,1.00625,0.9,1.1,False,False,123.5,,,15,
QUALIFIED_B0_ACTUAL,2,RegControl,vreg4_a,True,6,1.0375,0.9,1.1,False,False,125.0,,,15,
QUALIFIED_B0_ACTUAL,2,RegControl,vreg4_b,True,7,1.0437500000000002,0.9,1.1,False,False,125.0,,,15,
QUALIFIED_B0_ACTUAL,2,RegControl,vreg4_c,True,5,1.03125,0.9,1.1,False,False,125.0,,,15,
QUALIFIED_B0_ACTUAL,2,Capacitor,capbank2a,True,,,,,,,,[0],False,,
QUALIFIED_B0_ACTUAL,2,Capacitor,capbank2b,True,,,,,,,,[0],False,,
QUALIFIED_B0_ACTUAL,2,Capacitor,capbank2c,True,,,,,,,,[0],False,,
QUALIFIED_B0_ACTUAL,2,Capacitor,capbank1a,True,,,,,,,,[0],False,,
QUALIFIED_B0_ACTUAL,2,Capacitor,capbank1b,True,,,,,,,,[0],False,,
QUALIFIED_B0_ACTUAL,2,Capacitor,capbank1c,True,,,,,,,,[0],False,,
QUALIFIED_B0_ACTUAL,2,Capacitor,capbank0a,True,,,,,,,,[1],True,,
QUALIFIED_B0_ACTUAL,2,Capacitor,capbank0b,True,,,,,,,,[1],True,,
QUALIFIED_B0_ACTUAL,2,Capacitor,capbank0c,True,,,,,,,,[1],True,,
QUALIFIED_B0_ACTUAL,2,Capacitor,capbank3,True,,,,,,,,[0],False,,
QUALIFIED_B0_ACTUAL,2,CapControl,capbank2a_ctrl,True,,,,,,,,,,100,100
QUALIFIED_B0_ACTUAL,2,CapControl,capbank2b_ctrl,True,,,,,,,,,,101,101
QUALIFIED_B0_ACTUAL,2,CapControl,capbank2c_ctrl,True,,,,,,,,,,102,102
QUALIFIED_B0_ACTUAL,2,CapControl,capbank1a_ctrl,True,,,,,,,,,,100,90
QUALIFIED_B0_ACTUAL,2,CapControl,capbank1b_ctrl,True,,,,,,,,,,101,91
QUALIFIED_B0_ACTUAL,2,CapControl,capbank1c_ctrl,True,,,,,,,,,,102,92
QUALIFIED_B0_ACTUAL,2,CapControl,capbank0a_ctrl,True,,,,,,,,,,100,80
QUALIFIED_B0_ACTUAL,2,CapControl,capbank0b_ctrl,True,,,,,,,,,,101,81
QUALIFIED_B0_ACTUAL,2,CapControl,capbank0c_ctrl,True,,,,,,,,,,102,82
QUALIFIED_B0_ACTUAL,3,RegControl,feeder_rega,True,-2,0.9875,0.9,1.1,False,False,123.5,,,15,
QUALIFIED_B0_ACTUAL,3,RegControl,feeder_regb,True,-2,0.9875,0.9,1.1,False,False,123.5,,,15,
QUALIFIED_B0_ACTUAL,3,RegControl,feeder_regc,True,-2,0.9875,0.9,1.1,False,False,123.5,,,15,
QUALIFIED_B0_ACTUAL,3,RegControl,vreg2_a,True,4,1.025,0.9,1.1,False,False,125.0,,,15,
QUALIFIED_B0_ACTUAL,3,RegControl,vreg2_b,True,4,1.025,0.9,1.1,False,False,125.0,,,15,
QUALIFIED_B0_ACTUAL,3,RegControl,vreg2_c,True,3,1.01875,0.9,1.1,False,False,125.0,,,15,
QUALIFIED_B0_ACTUAL,3,RegControl,vreg3_a,True,3,1.01875,0.9,1.1,False,False,123.5,,,15,
QUALIFIED_B0_ACTUAL,3,RegControl,vreg3_b,True,3,1.01875,0.9,1.1,False,False,123.5,,,15,
QUALIFIED_B0_ACTUAL,3,RegControl,vreg3_c,True,1,1.00625,0.9,1.1,False,False,123.5,,,15,
QUALIFIED_B0_ACTUAL,3,RegControl,vreg4_a,True,6,1.0375,0.9,1.1,False,False,125.0,,,15,
QUALIFIED_B0_ACTUAL,3,RegControl,vreg4_b,True,7,1.0437500000000002,0.9,1.1,False,False,125.0,,,15,
QUALIFIED_B0_ACTUAL,3,RegControl,vreg4_c,True,5,1.03125,0.9,1.1,False,False,125.0,,,15,
QUALIFIED_B0_ACTUAL,3,Capacitor,capbank2a,True,,,,,,,,[0],False,,
QUALIFIED_B0_ACTUAL,3,Capacitor,capbank2b,True,,,,,,,,[0],False,,
QUALIFIED_B0_ACTUAL,3,Capacitor,capbank2c,True,,,,,,,,[0],False,,
QUALIFIED_B0_ACTUAL,3,Capacitor,capbank1a,True,,,,,,,,[0],False,,
QUALIFIED_B0_ACTUAL,3,Capacitor,capbank1b,True,,,,,,,,[0],False,,
QUALIFIED_B0_ACTUAL,3,Capacitor,capbank1c,True,,,,,,,,[0],False,,
QUALIFIED_B0_ACTUAL,3,Capacitor,capbank0a,True,,,,,,,,[1],True,,
QUALIFIED_B0_ACTUAL,3,Capacitor,capbank0b,True,,,,,,,,[1],True,,
QUALIFIED_B0_ACTUAL,3,Capacitor,capbank0c,True,,,,,,,,[1],True,,
QUALIFIED_B0_ACTUAL,3,Capacitor,capbank3,True,,,,,,,,[0],False,,
QUALIFIED_B0_ACTUAL,3,CapControl,capbank2a_ctrl,True,,,,,,,,,,100,100
QUALIFIED_B0_ACTUAL,3,CapControl,capbank2b_ctrl,True,,,,,,,,,,101,101
QUALIFIED_B0_ACTUAL,3,CapControl,capbank2c_ctrl,True,,,,,,,,,,102,102
QUALIFIED_B0_ACTUAL,3,CapControl,capbank1a_ctrl,True,,,,,,,,,,100,90
QUALIFIED_B0_ACTUAL,3,CapControl,capbank1b_ctrl,True,,,,,,,,,,101,91
QUALIFIED_B0_ACTUAL,3,CapControl,capbank1c_ctrl,True,,,,,,,,,,102,92
QUALIFIED_B0_ACTUAL,3,CapControl,capbank0a_ctrl,True,,,,,,,,,,100,80
QUALIFIED_B0_ACTUAL,3,CapControl,capbank0b_ctrl,True,,,,,,,,,,101,81
QUALIFIED_B0_ACTUAL,3,CapControl,capbank0c_ctrl,True,,,,,,,,,,102,82
QUALIFIED_B0_ACTUAL,4,RegControl,feeder_rega,True,-2,0.9875,0.9,1.1,False,False,123.5,,,15,
QUALIFIED_B0_ACTUAL,4,RegControl,feeder_regb,True,-2,0.9875,0.9,1.1,False,False,123.5,,,15,
QUALIFIED_B0_ACTUAL,4,RegControl,feeder_regc,True,-2,0.9875,0.9,1.1,False,False,123.5,,,15,
QUALIFIED_B0_ACTUAL,4,RegControl,vreg2_a,True,4,1.025,0.9,1.1,False,False,125.0,,,15,
QUALIFIED_B0_ACTUAL,4,RegControl,vreg2_b,True,4,1.025,0.9,1.1,False,False,125.0,,,15,
QUALIFIED_B0_ACTUAL,4,RegControl,vreg2_c,True,3,1.01875,0.9,1.1,False,False,125.0,,,15,
QUALIFIED_B0_ACTUAL,4,RegControl,vreg3_a,True,3,1.01875,0.9,1.1,False,False,123.5,,,15,
QUALIFIED_B0_ACTUAL,4,RegControl,vreg3_b,True,3,1.01875,0.9,1.1,False,False,123.5,,,15,
QUALIFIED_B0_ACTUAL,4,RegControl,vreg3_c,True,1,1.00625,0.9,1.1,False,False,123.5,,,15,
QUALIFIED_B0_ACTUAL,4,RegControl,vreg4_a,True,6,1.0375,0.9,1.1,False,False,125.0,,,15,
QUALIFIED_B0_ACTUAL,4,RegControl,vreg4_b,True,7,1.0437500000000002,0.9,1.1,False,False,125.0,,,15,
QUALIFIED_B0_ACTUAL,4,RegControl,vreg4_c,True,5,1.03125,0.9,1.1,False,False,125.0,,,15,
QUALIFIED_B0_ACTUAL,4,Capacitor,capbank2a,True,,,,,,,,[0],False,,
QUALIFIED_B0_ACTUAL,4,Capacitor,capbank2b,True,,,,,,,,[0],False,,
QUALIFIED_B0_ACTUAL,4,Capacitor,capbank2c,True,,,,,,,,[0],False,,
QUALIFIED_B0_ACTUAL,4,Capacitor,capbank1a,True,,,,,,,,[0],False,,
QUALIFIED_B0_ACTUAL,4,Capacitor,capbank1b,True,,,,,,,,[0],False,,
QUALIFIED_B0_ACTUAL,4,Capacitor,capbank1c,True,,,,,,,,[0],False,,
QUALIFIED_B0_ACTUAL,4,Capacitor,capbank0a,True,,,,,,,,[1],True,,
QUALIFIED_B0_ACTUAL,4,Capacitor,capbank0b,True,,,,,,,,[1],True,,
QUALIFIED_B0_ACTUAL,4,Capacitor,capbank0c,True,,,,,,,,[1],True,,
QUALIFIED_B0_ACTUAL,4,Capacitor,capbank3,True,,,,,,,,[0],False,,
QUALIFIED_B0_ACTUAL,4,CapControl,capbank2a_ctrl,True,,,,,,,,,,100,100
QUALIFIED_B0_ACTUAL,4,CapControl,capbank2b_ctrl,True,,,,,,,,,,101,101
QUALIFIED_B0_ACTUAL,4,CapControl,capbank2c_ctrl,True,,,,,,,,,,102,102
QUALIFIED_B0_ACTUAL,4,CapControl,capbank1a_ctrl,True,,,,,,,,,,100,90
QUALIFIED_B0_ACTUAL,4,CapControl,capbank1b_ctrl,True,,,,,,,,,,101,91
QUALIFIED_B0_ACTUAL,4,CapControl,capbank1c_ctrl,True,,,,,,,,,,102,92
QUALIFIED_B0_ACTUAL,4,CapControl,capbank0a_ctrl,True,,,,,,,,,,100,80
QUALIFIED_B0_ACTUAL,4,CapControl,capbank0b_ctrl,True,,,,,,,,,,101,81
QUALIFIED_B0_ACTUAL,4,CapControl,capbank0c_ctrl,True,,,,,,,,,,102,82
QUALIFIED_B0_ACTUAL,5,RegControl,feeder_rega,True,-2,0.9875,0.9,1.1,False,False,123.5,,,15,
QUALIFIED_B0_ACTUAL,5,RegControl,feeder_regb,True,-2,0.9875,0.9,1.1,False,False,123.5,,,15,
QUALIFIED_B0_ACTUAL,5,RegControl,feeder_regc,True,-2,0.9875,0.9,1.1,False,False,123.5,,,15,
QUALIFIED_B0_ACTUAL,5,RegControl,vreg2_a,True,4,1.025,0.9,1.1,False,False,125.0,,,15,
QUALIFIED_B0_ACTUAL,5,RegControl,vreg2_b,True,3,1.0187499999999998,0.9,1.1,False,False,125.0,,,15,
QUALIFIED_B0_ACTUAL,5,RegControl,vreg2_c,True,3,1.01875,0.9,1.1,False,False,125.0,,,15,
QUALIFIED_B0_ACTUAL,5,RegControl,vreg3_a,True,3,1.01875,0.9,1.1,False,False,123.5,,,15,
QUALIFIED_B0_ACTUAL,5,RegControl,vreg3_b,True,3,1.01875,0.9,1.1,False,False,123.5,,,15,
QUALIFIED_B0_ACTUAL,5,RegControl,vreg3_c,True,1,1.00625,0.9,1.1,False,False,123.5,,,15,
QUALIFIED_B0_ACTUAL,5,RegControl,vreg4_a,True,6,1.0375,0.9,1.1,False,False,125.0,,,15,
QUALIFIED_B0_ACTUAL,5,RegControl,vreg4_b,True,7,1.0437500000000002,0.9,1.1,False,False,125.0,,,15,
QUALIFIED_B0_ACTUAL,5,RegControl,vreg4_c,True,5,1.03125,0.9,1.1,False,False,125.0,,,15,
QUALIFIED_B0_ACTUAL,5,Capacitor,capbank2a,True,,,,,,,,[0],False,,
QUALIFIED_B0_ACTUAL,5,Capacitor,capbank2b,True,,,,,,,,[0],False,,
QUALIFIED_B0_ACTUAL,5,Capacitor,capbank2c,True,,,,,,,,[0],False,,
QUALIFIED_B0_ACTUAL,5,Capacitor,capbank1a,True,,,,,,,,[0],False,,
QUALIFIED_B0_ACTUAL,5,Capacitor,capbank1b,True,,,,,,,,[0],False,,
QUALIFIED_B0_ACTUAL,5,Capacitor,capbank1c,True,,,,,,,,[0],False,,
QUALIFIED_B0_ACTUAL,5,Capacitor,capbank0a,True,,,,,,,,[1],True,,
QUALIFIED_B0_ACTUAL,5,Capacitor,capbank0b,True,,,,,,,,[1],True,,
QUALIFIED_B0_ACTUAL,5,Capacitor,capbank0c,True,,,,,,,,[1],True,,
QUALIFIED_B0_ACTUAL,5,Capacitor,capbank3,True,,,,,,,,[0],False,,
QUALIFIED_B0_ACTUAL,5,CapControl,capbank2a_ctrl,True,,,,,,,,,,100,100
QUALIFIED_B0_ACTUAL,5,CapControl,capbank2b_ctrl,True,,,,,,,,,,101,101
QUALIFIED_B0_ACTUAL,5,CapControl,capbank2c_ctrl,True,,,,,,,,,,102,102
QUALIFIED_B0_ACTUAL,5,CapControl,capbank1a_ctrl,True,,,,,,,,,,100,90
QUALIFIED_B0_ACTUAL,5,CapControl,capbank1b_ctrl,True,,,,,,,,,,101,91
QUALIFIED_B0_ACTUAL,5,CapControl,capbank1c_ctrl,True,,,,,,,,,,102,92
QUALIFIED_B0_ACTUAL,5,CapControl,capbank0a_ctrl,True,,,,,,,,,,100,80
QUALIFIED_B0_ACTUAL,5,CapControl,capbank0b_ctrl,True,,,,,,,,,,101,81
QUALIFIED_B0_ACTUAL,5,CapControl,capbank0c_ctrl,True,,,,,,,,,,102,82
QUALIFIED_B0_ACTUAL,6,RegControl,feeder_rega,True,-2,0.9875,0.9,1.1,False,False,123.5,,,15,
QUALIFIED_B0_ACTUAL,6,RegControl,feeder_regb,True,-2,0.9875,0.9,1.1,False,False,123.5,,,15,
QUALIFIED_B0_ACTUAL,6,RegControl,feeder_regc,True,-2,0.9875,0.9,1.1,False,False,123.5,,,15,
QUALIFIED_B0_ACTUAL,6,RegControl,vreg2_a,True,4,1.025,0.9,1.1,False,False,125.0,,,15,
QUALIFIED_B0_ACTUAL,6,RegControl,vreg2_b,True,3,1.0187499999999998,0.9,1.1,False,False,125.0,,,15,
QUALIFIED_B0_ACTUAL,6,RegControl,vreg2_c,True,3,1.01875,0.9,1.1,False,False,125.0,,,15,
QUALIFIED_B0_ACTUAL,6,RegControl,vreg3_a,True,3,1.01875,0.9,1.1,False,False,123.5,,,15,
QUALIFIED_B0_ACTUAL,6,RegControl,vreg3_b,True,3,1.01875,0.9,1.1,False,False,123.5,,,15,
QUALIFIED_B0_ACTUAL,6,RegControl,vreg3_c,True,1,1.00625,0.9,1.1,False,False,123.5,,,15,
QUALIFIED_B0_ACTUAL,6,RegControl,vreg4_a,True,6,1.0375,0.9,1.1,False,False,125.0,,,15,
QUALIFIED_B0_ACTUAL,6,RegControl,vreg4_b,True,7,1.0437500000000002,0.9,1.1,False,False,125.0,,,15,
QUALIFIED_B0_ACTUAL,6,RegControl,vreg4_c,True,5,1.03125,0.9,1.1,False,False,125.0,,,15,
QUALIFIED_B0_ACTUAL,6,Capacitor,capbank2a,True,,,,,,,,[0],False,,
QUALIFIED_B0_ACTUAL,6,Capacitor,capbank2b,True,,,,,,,,[0],False,,
QUALIFIED_B0_ACTUAL,6,Capacitor,capbank2c,True,,,,,,,,[0],False,,
QUALIFIED_B0_ACTUAL,6,Capacitor,capbank1a,True,,,,,,,,[0],False,,
QUALIFIED_B0_ACTUAL,6,Capacitor,capbank1b,True,,,,,,,,[0],False,,
QUALIFIED_B0_ACTUAL,6,Capacitor,capbank1c,True,,,,,,,,[0],False,,
QUALIFIED_B0_ACTUAL,6,Capacitor,capbank0a,True,,,,,,,,[1],True,,
QUALIFIED_B0_ACTUAL,6,Capacitor,capbank0b,True,,,,,,,,[1],True,,
QUALIFIED_B0_ACTUAL,6,Capacitor,capbank0c,True,,,,,,,,[1],True,,
QUALIFIED_B0_ACTUAL,6,Capacitor,capbank3,True,,,,,,,,[0],False,,
QUALIFIED_B0_ACTUAL,6,CapControl,capbank2a_ctrl,True,,,,,,,,,,100,100
QUALIFIED_B0_ACTUAL,6,CapControl,capbank2b_ctrl,True,,,,,,,,,,101,101
QUALIFIED_B0_ACTUAL,6,CapControl,capbank2c_ctrl,True,,,,,,,,,,102,102
QUALIFIED_B0_ACTUAL,6,CapControl,capbank1a_ctrl,True,,,,,,,,,,100,90
QUALIFIED_B0_ACTUAL,6,CapControl,capbank1b_ctrl,True,,,,,,,,,,101,91
QUALIFIED_B0_ACTUAL,6,CapControl,capbank1c_ctrl,True,,,,,,,,,,102,92
QUALIFIED_B0_ACTUAL,6,CapControl,capbank0a_ctrl,True,,,,,,,,,,100,80
QUALIFIED_B0_ACTUAL,6,CapControl,capbank0b_ctrl,True,,,,,,,,,,101,81
QUALIFIED_B0_ACTUAL,6,CapControl,capbank0c_ctrl,True,,,,,,,,,,102,82
QUALIFIED_B0_ACTUAL,7,RegControl,feeder_rega,True,-2,0.9875,0.9,1.1,False,False,123.5,,,15,
QUALIFIED_B0_ACTUAL,7,RegControl,feeder_regb,True,-2,0.9875,0.9,1.1,False,False,123.5,,,15,
QUALIFIED_B0_ACTUAL,7,RegControl,feeder_regc,True,-2,0.9875,0.9,1.1,False,False,123.5,,,15,
QUALIFIED_B0_ACTUAL,7,RegControl,vreg2_a,True,4,1.025,0.9,1.1,False,False,125.0,,,15,
QUALIFIED_B0_ACTUAL,7,RegControl,vreg2_b,True,3,1.0187499999999998,0.9,1.1,False,False,125.0,,,15,
QUALIFIED_B0_ACTUAL,7,RegControl,vreg2_c,True,3,1.01875,0.9,1.1,False,False,125.0,,,15,
QUALIFIED_B0_ACTUAL,7,RegControl,vreg3_a,True,3,1.01875,0.9,1.1,False,False,123.5,,,15,
QUALIFIED_B0_ACTUAL,7,RegControl,vreg3_b,True,3,1.01875,0.9,1.1,False,False,123.5,,,15,
QUALIFIED_B0_ACTUAL,7,RegControl,vreg3_c,True,1,1.00625,0.9,1.1,False,False,123.5,,,15,
QUALIFIED_B0_ACTUAL,7,RegControl,vreg4_a,True,6,1.0375,0.9,1.1,False,False,125.0,,,15,
QUALIFIED_B0_ACTUAL,7,RegControl,vreg4_b,True,7,1.0437500000000002,0.9,1.1,False,False,125.0,,,15,
QUALIFIED_B0_ACTUAL,7,RegControl,vreg4_c,True,5,1.03125,0.9,1.1,False,False,125.0,,,15,
QUALIFIED_B0_ACTUAL,7,Capacitor,capbank2a,True,,,,,,,,[0],False,,
QUALIFIED_B0_ACTUAL,7,Capacitor,capbank2b,True,,,,,,,,[0],False,,
QUALIFIED_B0_ACTUAL,7,Capacitor,capbank2c,True,,,,,,,,[0],False,,
QUALIFIED_B0_ACTUAL,7,Capacitor,capbank1a,True,,,,,,,,[0],False,,
QUALIFIED_B0_ACTUAL,7,Capacitor,capbank1b,True,,,,,,,,[0],False,,
QUALIFIED_B0_ACTUAL,7,Capacitor,capbank1c,True,,,,,,,,[0],False,,
QUALIFIED_B0_ACTUAL,7,Capacitor,capbank0a,True,,,,,,,,[1],True,,
QUALIFIED_B0_ACTUAL,7,Capacitor,capbank0b,True,,,,,,,,[1],True,,
QUALIFIED_B0_ACTUAL,7,Capacitor,capbank0c,True,,,,,,,,[1],True,,
QUALIFIED_B0_ACTUAL,7,Capacitor,capbank3,True,,,,,,,,[0],False,,
QUALIFIED_B0_ACTUAL,7,CapControl,capbank2a_ctrl,True,,,,,,,,,,100,100
QUALIFIED_B0_ACTUAL,7,CapControl,capbank2b_ctrl,True,,,,,,,,,,101,101
QUALIFIED_B0_ACTUAL,7,CapControl,capbank2c_ctrl,True,,,,,,,,,,102,102
QUALIFIED_B0_ACTUAL,7,CapControl,capbank1a_ctrl,True,,,,,,,,,,100,90
QUALIFIED_B0_ACTUAL,7,CapControl,capbank1b_ctrl,True,,,,,,,,,,101,91
QUALIFIED_B0_ACTUAL,7,CapControl,capbank1c_ctrl,True,,,,,,,,,,102,92
QUALIFIED_B0_ACTUAL,7,CapControl,capbank0a_ctrl,True,,,,,,,,,,100,80
QUALIFIED_B0_ACTUAL,7,CapControl,capbank0b_ctrl,True,,,,,,,,,,101,81
QUALIFIED_B0_ACTUAL,7,CapControl,capbank0c_ctrl,True,,,,,,,,,,102,82
QUALIFIED_B0_ACTUAL,8,RegControl,feeder_rega,True,-2,0.9875,0.9,1.1,False,False,123.5,,,15,
QUALIFIED_B0_ACTUAL,8,RegControl,feeder_regb,True,-2,0.9875,0.9,1.1,False,False,123.5,,,15,
QUALIFIED_B0_ACTUAL,8,RegControl,feeder_regc,True,-2,0.9875,0.9,1.1,False,False,123.5,,,15,
QUALIFIED_B0_ACTUAL,8,RegControl,vreg2_a,True,4,1.025,0.9,1.1,False,False,125.0,,,15,
QUALIFIED_B0_ACTUAL,8,RegControl,vreg2_b,True,3,1.0187499999999998,0.9,1.1,False,False,125.0,,,15,
QUALIFIED_B0_ACTUAL,8,RegControl,vreg2_c,True,3,1.01875,0.9,1.1,False,False,125.0,,,15,
QUALIFIED_B0_ACTUAL,8,RegControl,vreg3_a,True,3,1.01875,0.9,1.1,False,False,123.5,,,15,
QUALIFIED_B0_ACTUAL,8,RegControl,vreg3_b,True,3,1.01875,0.9,1.1,False,False,123.5,,,15,
QUALIFIED_B0_ACTUAL,8,RegControl,vreg3_c,True,1,1.00625,0.9,1.1,False,False,123.5,,,15,
QUALIFIED_B0_ACTUAL,8,RegControl,vreg4_a,True,6,1.0375,0.9,1.1,False,False,125.0,,,15,
QUALIFIED_B0_ACTUAL,8,RegControl,vreg4_b,True,7,1.0437500000000002,0.9,1.1,False,False,125.0,,,15,
QUALIFIED_B0_ACTUAL,8,RegControl,vreg4_c,True,5,1.03125,0.9,1.1,False,False,125.0,,,15,
QUALIFIED_B0_ACTUAL,8,Capacitor,capbank2a,True,,,,,,,,[0],False,,
QUALIFIED_B0_ACTUAL,8,Capacitor,capbank2b,True,,,,,,,,[0],False,,
QUALIFIED_B0_ACTUAL,8,Capacitor,capbank2c,True,,,,,,,,[0],False,,
QUALIFIED_B0_ACTUAL,8,Capacitor,capbank1a,True,,,,,,,,[0],False,,
QUALIFIED_B0_ACTUAL,8,Capacitor,capbank1b,True,,,,,,,,[0],False,,
QUALIFIED_B0_ACTUAL,8,Capacitor,capbank1c,True,,,,,,,,[0],False,,
QUALIFIED_B0_ACTUAL,8,Capacitor,capbank0a,True,,,,,,,,[1],True,,
QUALIFIED_B0_ACTUAL,8,Capacitor,capbank0b,True,,,,,,,,[1],True,,
QUALIFIED_B0_ACTUAL,8,Capacitor,capbank0c,True,,,,,,,,[1],True,,
QUALIFIED_B0_ACTUAL,8,Capacitor,capbank3,True,,,,,,,,[0],False,,
QUALIFIED_B0_ACTUAL,8,CapControl,capbank2a_ctrl,True,,,,,,,,,,100,100
QUALIFIED_B0_ACTUAL,8,CapControl,capbank2b_ctrl,True,,,,,,,,,,101,101
QUALIFIED_B0_ACTUAL,8,CapControl,capbank2c_ctrl,True,,,,,,,,,,102,102
QUALIFIED_B0_ACTUAL,8,CapControl,capbank1a_ctrl,True,,,,,,,,,,100,90
QUALIFIED_B0_ACTUAL,8,CapControl,capbank1b_ctrl,True,,,,,,,,,,101,91
QUALIFIED_B0_ACTUAL,8,CapControl,capbank1c_ctrl,True,,,,,,,,,,102,92
QUALIFIED_B0_ACTUAL,8,CapControl,capbank0a_ctrl,True,,,,,,,,,,100,80
QUALIFIED_B0_ACTUAL,8,CapControl,capbank0b_ctrl,True,,,,,,,,,,101,81
QUALIFIED_B0_ACTUAL,8,CapControl,capbank0c_ctrl,True,,,,,,,,,,102,82
QUALIFIED_B0_ACTUAL,9,RegControl,feeder_rega,True,-2,0.9875,0.9,1.1,False,False,123.5,,,15,
QUALIFIED_B0_ACTUAL,9,RegControl,feeder_regb,True,-2,0.9875,0.9,1.1,False,False,123.5,,,15,
QUALIFIED_B0_ACTUAL,9,RegControl,feeder_regc,True,-2,0.9875,0.9,1.1,False,False,123.5,,,15,
QUALIFIED_B0_ACTUAL,9,RegControl,vreg2_a,True,4,1.025,0.9,1.1,False,False,125.0,,,15,
QUALIFIED_B0_ACTUAL,9,RegControl,vreg2_b,True,3,1.0187499999999998,0.9,1.1,False,False,125.0,,,15,
QUALIFIED_B0_ACTUAL,9,RegControl,vreg2_c,True,3,1.01875,0.9,1.1,False,False,125.0,,,15,
QUALIFIED_B0_ACTUAL,9,RegControl,vreg3_a,True,3,1.01875,0.9,1.1,False,False,123.5,,,15,
QUALIFIED_B0_ACTUAL,9,RegControl,vreg3_b,True,3,1.01875,0.9,1.1,False,False,123.5,,,15,
QUALIFIED_B0_ACTUAL,9,RegControl,vreg3_c,True,1,1.00625,0.9,1.1,False,False,123.5,,,15,
QUALIFIED_B0_ACTUAL,9,RegControl,vreg4_a,True,6,1.0375,0.9,1.1,False,False,125.0,,,15,
QUALIFIED_B0_ACTUAL,9,RegControl,vreg4_b,True,7,1.0437500000000002,0.9,1.1,False,False,125.0,,,15,
QUALIFIED_B0_ACTUAL,9,RegControl,vreg4_c,True,5,1.03125,0.9,1.1,False,False,125.0,,,15,
QUALIFIED_B0_ACTUAL,9,Capacitor,capbank2a,True,,,,,,,,[0],False,,
QUALIFIED_B0_ACTUAL,9,Capacitor,capbank2b,True,,,,,,,,[0],False,,
QUALIFIED_B0_ACTUAL,9,Capacitor,capbank2c,True,,,,,,,,[0],False,,
QUALIFIED_B0_ACTUAL,9,Capacitor,capbank1a,True,,,,,,,,[0],False,,
QUALIFIED_B0_ACTUAL,9,Capacitor,capbank1b,True,,,,,,,,[0],False,,
QUALIFIED_B0_ACTUAL,9,Capacitor,capbank1c,True,,,,,,,,[0],False,,
QUALIFIED_B0_ACTUAL,9,Capacitor,capbank0a,True,,,,,,,,[1],True,,
QUALIFIED_B0_ACTUAL,9,Capacitor,capbank0b,True,,,,,,,,[1],True,,
QUALIFIED_B0_ACTUAL,9,Capacitor,capbank0c,True,,,,,,,,[1],True,,
QUALIFIED_B0_ACTUAL,9,Capacitor,capbank3,True,,,,,,,,[0],False,,
QUALIFIED_B0_ACTUAL,9,CapControl,capbank2a_ctrl,True,,,,,,,,,,100,100
QUALIFIED_B0_ACTUAL,9,CapControl,capbank2b_ctrl,True,,,,,,,,,,101,101
QUALIFIED_B0_ACTUAL,9,CapControl,capbank2c_ctrl,True,,,,,,,,,,102,102
QUALIFIED_B0_ACTUAL,9,CapControl,capbank1a_ctrl,True,,,,,,,,,,100,90
QUALIFIED_B0_ACTUAL,9,CapControl,capbank1b_ctrl,True,,,,,,,,,,101,91
QUALIFIED_B0_ACTUAL,9,CapControl,capbank1c_ctrl,True,,,,,,,,,,102,92
QUALIFIED_B0_ACTUAL,9,CapControl,capbank0a_ctrl,True,,,,,,,,,,100,80
QUALIFIED_B0_ACTUAL,9,CapControl,capbank0b_ctrl,True,,,,,,,,,,101,81
QUALIFIED_B0_ACTUAL,9,CapControl,capbank0c_ctrl,True,,,,,,,,,,102,82
QUALIFIED_B0_ACTUAL,10,RegControl,feeder_rega,True,-2,0.9875,0.9,1.1,False,False,123.5,,,15,
QUALIFIED_B0_ACTUAL,10,RegControl,feeder_regb,True,-2,0.9875,0.9,1.1,False,False,123.5,,,15,
QUALIFIED_B0_ACTUAL,10,RegControl,feeder_regc,True,-2,0.9875,0.9,1.1,False,False,123.5,,,15,
QUALIFIED_B0_ACTUAL,10,RegControl,vreg2_a,True,4,1.025,0.9,1.1,False,False,125.0,,,15,
QUALIFIED_B0_ACTUAL,10,RegControl,vreg2_b,True,3,1.0187499999999998,0.9,1.1,False,False,125.0,,,15,
QUALIFIED_B0_ACTUAL,10,RegControl,vreg2_c,True,3,1.01875,0.9,1.1,False,False,125.0,,,15,
QUALIFIED_B0_ACTUAL,10,RegControl,vreg3_a,True,3,1.01875,0.9,1.1,False,False,123.5,,,15,
QUALIFIED_B0_ACTUAL,10,RegControl,vreg3_b,True,3,1.01875,0.9,1.1,False,False,123.5,,,15,
QUALIFIED_B0_ACTUAL,10,RegControl,vreg3_c,True,1,1.00625,0.9,1.1,False,False,123.5,,,15,
QUALIFIED_B0_ACTUAL,10,RegControl,vreg4_a,True,6,1.0375,0.9,1.1,False,False,125.0,,,15,
QUALIFIED_B0_ACTUAL,10,RegControl,vreg4_b,True,7,1.0437500000000002,0.9,1.1,False,False,125.0,,,15,
QUALIFIED_B0_ACTUAL,10,RegControl,vreg4_c,True,5,1.03125,0.9,1.1,False,False,125.0,,,15,
QUALIFIED_B0_ACTUAL,10,Capacitor,capbank2a,True,,,,,,,,[0],False,,
QUALIFIED_B0_ACTUAL,10,Capacitor,capbank2b,True,,,,,,,,[0],False,,
QUALIFIED_B0_ACTUAL,10,Capacitor,capbank2c,True,,,,,,,,[0],False,,
QUALIFIED_B0_ACTUAL,10,Capacitor,capbank1a,True,,,,,,,,[0],False,,
QUALIFIED_B0_ACTUAL,10,Capacitor,capbank1b,True,,,,,,,,[0],False,,
QUALIFIED_B0_ACTUAL,10,Capacitor,capbank1c,True,,,,,,,,[0],False,,
QUALIFIED_B0_ACTUAL,10,Capacitor,capbank0a,True,,,,,,,,[1],True,,
QUALIFIED_B0_ACTUAL,10,Capacitor,capbank0b,True,,,,,,,,[1],True,,
QUALIFIED_B0_ACTUAL,10,Capacitor,capbank0c,True,,,,,,,,[1],True,,
QUALIFIED_B0_ACTUAL,10,Capacitor,capbank3,True,,,,,,,,[0],False,,
QUALIFIED_B0_ACTUAL,10,CapControl,capbank2a_ctrl,True,,,,,,,,,,100,100
QUALIFIED_B0_ACTUAL,10,CapControl,capbank2b_ctrl,True,,,,,,,,,,101,101
QUALIFIED_B0_ACTUAL,10,CapControl,capbank2c_ctrl,True,,,,,,,,,,102,102
QUALIFIED_B0_ACTUAL,10,CapControl,capbank1a_ctrl,True,,,,,,,,,,100,90
QUALIFIED_B0_ACTUAL,10,CapControl,capbank1b_ctrl,True,,,,,,,,,,101,91
QUALIFIED_B0_ACTUAL,10,CapControl,capbank1c_ctrl,True,,,,,,,,,,102,92
QUALIFIED_B0_ACTUAL,10,CapControl,capbank0a_ctrl,True,,,,,,,,,,100,80
QUALIFIED_B0_ACTUAL,10,CapControl,capbank0b_ctrl,True,,,,,,,,,,101,81
QUALIFIED_B0_ACTUAL,10,CapControl,capbank0c_ctrl,True,,,,,,,,,,102,82
QUALIFIED_B0_ACTUAL,11,RegControl,feeder_rega,True,-2,0.9875,0.9,1.1,False,False,123.5,,,15,
QUALIFIED_B0_ACTUAL,11,RegControl,feeder_regb,True,-2,0.9875,0.9,1.1,False,False,123.5,,,15,
QUALIFIED_B0_ACTUAL,11,RegControl,feeder_regc,True,-2,0.9875,0.9,1.1,False,False,123.5,,,15,
QUALIFIED_B0_ACTUAL,11,RegControl,vreg2_a,True,4,1.025,0.9,1.1,False,False,125.0,,,15,
QUALIFIED_B0_ACTUAL,11,RegControl,vreg2_b,True,3,1.0187499999999998,0.9,1.1,False,False,125.0,,,15,
QUALIFIED_B0_ACTUAL,11,RegControl,vreg2_c,True,3,1.01875,0.9,1.1,False,False,125.0,,,15,
QUALIFIED_B0_ACTUAL,11,RegControl,vreg3_a,True,3,1.01875,0.9,1.1,False,False,123.5,,,15,
QUALIFIED_B0_ACTUAL,11,RegControl,vreg3_b,True,3,1.01875,0.9,1.1,False,False,123.5,,,15,
QUALIFIED_B0_ACTUAL,11,RegControl,vreg3_c,True,1,1.00625,0.9,1.1,False,False,123.5,,,15,
QUALIFIED_B0_ACTUAL,11,RegControl,vreg4_a,True,6,1.0375,0.9,1.1,False,False,125.0,,,15,
QUALIFIED_B0_ACTUAL,11,RegControl,vreg4_b,True,7,1.0437500000000002,0.9,1.1,False,False,125.0,,,15,
QUALIFIED_B0_ACTUAL,11,RegControl,vreg4_c,True,5,1.03125,0.9,1.1,False,False,125.0,,,15,
QUALIFIED_B0_ACTUAL,11,Capacitor,capbank2a,True,,,,,,,,[0],False,,
QUALIFIED_B0_ACTUAL,11,Capacitor,capbank2b,True,,,,,,,,[0],False,,
QUALIFIED_B0_ACTUAL,11,Capacitor,capbank2c,True,,,,,,,,[0],False,,
QUALIFIED_B0_ACTUAL,11,Capacitor,capbank1a,True,,,,,,,,[0],False,,
QUALIFIED_B0_ACTUAL,11,Capacitor,capbank1b,True,,,,,,,,[0],False,,
QUALIFIED_B0_ACTUAL,11,Capacitor,capbank1c,True,,,,,,,,[0],False,,
QUALIFIED_B0_ACTUAL,11,Capacitor,capbank0a,True,,,,,,,,[1],True,,
QUALIFIED_B0_ACTUAL,11,Capacitor,capbank0b,True,,,,,,,,[1],True,,
QUALIFIED_B0_ACTUAL,11,Capacitor,capbank0c,True,,,,,,,,[1],True,,
QUALIFIED_B0_ACTUAL,11,Capacitor,capbank3,True,,,,,,,,[0],False,,
QUALIFIED_B0_ACTUAL,11,CapControl,capbank2a_ctrl,True,,,,,,,,,,100,100
QUALIFIED_B0_ACTUAL,11,CapControl,capbank2b_ctrl,True,,,,,,,,,,101,101
QUALIFIED_B0_ACTUAL,11,CapControl,capbank2c_ctrl,True,,,,,,,,,,102,102
QUALIFIED_B0_ACTUAL,11,CapControl,capbank1a_ctrl,True,,,,,,,,,,100,90
QUALIFIED_B0_ACTUAL,11,CapControl,capbank1b_ctrl,True,,,,,,,,,,101,91
QUALIFIED_B0_ACTUAL,11,CapControl,capbank1c_ctrl,True,,,,,,,,,,102,92
QUALIFIED_B0_ACTUAL,11,CapControl,capbank0a_ctrl,True,,,,,,,,,,100,80
QUALIFIED_B0_ACTUAL,11,CapControl,capbank0b_ctrl,True,,,,,,,,,,101,81
QUALIFIED_B0_ACTUAL,11,CapControl,capbank0c_ctrl,True,,,,,,,,,,102,82
QUALIFIED_B0_ACTUAL,12,RegControl,feeder_rega,True,-2,0.9875,0.9,1.1,False,False,123.5,,,15,
QUALIFIED_B0_ACTUAL,12,RegControl,feeder_regb,True,-2,0.9875,0.9,1.1,False,False,123.5,,,15,
QUALIFIED_B0_ACTUAL,12,RegControl,feeder_regc,True,-2,0.9875,0.9,1.1,False,False,123.5,,,15,
QUALIFIED_B0_ACTUAL,12,RegControl,vreg2_a,True,3,1.0187499999999998,0.9,1.1,False,False,125.0,,,15,
QUALIFIED_B0_ACTUAL,12,RegControl,vreg2_b,True,3,1.0187499999999998,0.9,1.1,False,False,125.0,,,15,
QUALIFIED_B0_ACTUAL,12,RegControl,vreg2_c,True,3,1.01875,0.9,1.1,False,False,125.0,,,15,
QUALIFIED_B0_ACTUAL,12,RegControl,vreg3_a,True,3,1.01875,0.9,1.1,False,False,123.5,,,15,
QUALIFIED_B0_ACTUAL,12,RegControl,vreg3_b,True,3,1.01875,0.9,1.1,False,False,123.5,,,15,
QUALIFIED_B0_ACTUAL,12,RegControl,vreg3_c,True,1,1.00625,0.9,1.1,False,False,123.5,,,15,
QUALIFIED_B0_ACTUAL,12,RegControl,vreg4_a,True,6,1.0375,0.9,1.1,False,False,125.0,,,15,
QUALIFIED_B0_ACTUAL,12,RegControl,vreg4_b,True,7,1.0437500000000002,0.9,1.1,False,False,125.0,,,15,
QUALIFIED_B0_ACTUAL,12,RegControl,vreg4_c,True,5,1.03125,0.9,1.1,False,False,125.0,,,15,
QUALIFIED_B0_ACTUAL,12,Capacitor,capbank2a,True,,,,,,,,[0],False,,
QUALIFIED_B0_ACTUAL,12,Capacitor,capbank2b,True,,,,,,,,[0],False,,
QUALIFIED_B0_ACTUAL,12,Capacitor,capbank2c,True,,,,,,,,[0],False,,
QUALIFIED_B0_ACTUAL,12,Capacitor,capbank1a,True,,,,,,,,[0],False,,
QUALIFIED_B0_ACTUAL,12,Capacitor,capbank1b,True,,,,,,,,[0],False,,
QUALIFIED_B0_ACTUAL,12,Capacitor,capbank1c,True,,,,,,,,[0],False,,
QUALIFIED_B0_ACTUAL,12,Capacitor,capbank0a,True,,,,,,,,[1],True,,
QUALIFIED_B0_ACTUAL,12,Capacitor,capbank0b,True,,,,,,,,[1],True,,
QUALIFIED_B0_ACTUAL,12,Capacitor,capbank0c,True,,,,,,,,[1],True,,
QUALIFIED_B0_ACTUAL,12,Capacitor,capbank3,True,,,,,,,,[0],False,,
QUALIFIED_B0_ACTUAL,12,CapControl,capbank2a_ctrl,True,,,,,,,,,,100,100
QUALIFIED_B0_ACTUAL,12,CapControl,capbank2b_ctrl,True,,,,,,,,,,101,101
QUALIFIED_B0_ACTUAL,12,CapControl,capbank2c_ctrl,True,,,,,,,,,,102,102
QUALIFIED_B0_ACTUAL,12,CapControl,capbank1a_ctrl,True,,,,,,,,,,100,90
QUALIFIED_B0_ACTUAL,12,CapControl,capbank1b_ctrl,True,,,,,,,,,,101,91
QUALIFIED_B0_ACTUAL,12,CapControl,capbank1c_ctrl,True,,,,,,,,,,102,92
QUALIFIED_B0_ACTUAL,12,CapControl,capbank0a_ctrl,True,,,,,,,,,,100,80
QUALIFIED_B0_ACTUAL,12,CapControl,capbank0b_ctrl,True,,,,,,,,,,101,81
QUALIFIED_B0_ACTUAL,12,CapControl,capbank0c_ctrl,True,,,,,,,,,,102,82
QUALIFIED_B0_ACTUAL,13,RegControl,feeder_rega,True,-2,0.9875,0.9,1.1,False,False,123.5,,,15,
QUALIFIED_B0_ACTUAL,13,RegControl,feeder_regb,True,-2,0.9875,0.9,1.1,False,False,123.5,,,15,
QUALIFIED_B0_ACTUAL,13,RegControl,feeder_regc,True,-2,0.9875,0.9,1.1,False,False,123.5,,,15,
QUALIFIED_B0_ACTUAL,13,RegControl,vreg2_a,True,3,1.0187499999999998,0.9,1.1,False,False,125.0,,,15,
QUALIFIED_B0_ACTUAL,13,RegControl,vreg2_b,True,3,1.0187499999999998,0.9,1.1,False,False,125.0,,,15,
QUALIFIED_B0_ACTUAL,13,RegControl,vreg2_c,True,3,1.01875,0.9,1.1,False,False,125.0,,,15,
QUALIFIED_B0_ACTUAL,13,RegControl,vreg3_a,True,3,1.01875,0.9,1.1,False,False,123.5,,,15,
QUALIFIED_B0_ACTUAL,13,RegControl,vreg3_b,True,3,1.01875,0.9,1.1,False,False,123.5,,,15,
QUALIFIED_B0_ACTUAL,13,RegControl,vreg3_c,True,1,1.00625,0.9,1.1,False,False,123.5,,,15,
QUALIFIED_B0_ACTUAL,13,RegControl,vreg4_a,True,6,1.0375,0.9,1.1,False,False,125.0,,,15,
QUALIFIED_B0_ACTUAL,13,RegControl,vreg4_b,True,7,1.0437500000000002,0.9,1.1,False,False,125.0,,,15,
QUALIFIED_B0_ACTUAL,13,RegControl,vreg4_c,True,5,1.03125,0.9,1.1,False,False,125.0,,,15,
QUALIFIED_B0_ACTUAL,13,Capacitor,capbank2a,True,,,,,,,,[0],False,,
QUALIFIED_B0_ACTUAL,13,Capacitor,capbank2b,True,,,,,,,,[0],False,,
QUALIFIED_B0_ACTUAL,13,Capacitor,capbank2c,True,,,,,,,,[0],False,,
QUALIFIED_B0_ACTUAL,13,Capacitor,capbank1a,True,,,,,,,,[0],False,,
QUALIFIED_B0_ACTUAL,13,Capacitor,capbank1b,True,,,,,,,,[0],False,,
QUALIFIED_B0_ACTUAL,13,Capacitor,capbank1c,True,,,,,,,,[0],False,,
QUALIFIED_B0_ACTUAL,13,Capacitor,capbank0a,True,,,,,,,,[1],True,,
QUALIFIED_B0_ACTUAL,13,Capacitor,capbank0b,True,,,,,,,,[1],True,,
QUALIFIED_B0_ACTUAL,13,Capacitor,capbank0c,True,,,,,,,,[1],True,,
QUALIFIED_B0_ACTUAL,13,Capacitor,capbank3,True,,,,,,,,[0],False,,
QUALIFIED_B0_ACTUAL,13,CapControl,capbank2a_ctrl,True,,,,,,,,,,100,100
QUALIFIED_B0_ACTUAL,13,CapControl,capbank2b_ctrl,True,,,,,,,,,,101,101
QUALIFIED_B0_ACTUAL,13,CapControl,capbank2c_ctrl,True,,,,,,,,,,102,102
QUALIFIED_B0_ACTUAL,13,CapControl,capbank1a_ctrl,True,,,,,,,,,,100,90
QUALIFIED_B0_ACTUAL,13,CapControl,capbank1b_ctrl,True,,,,,,,,,,101,91
QUALIFIED_B0_ACTUAL,13,CapControl,capbank1c_ctrl,True,,,,,,,,,,102,92
QUALIFIED_B0_ACTUAL,13,CapControl,capbank0a_ctrl,True,,,,,,,,,,100,80
QUALIFIED_B0_ACTUAL,13,CapControl,capbank0b_ctrl,True,,,,,,,,,,101,81
QUALIFIED_B0_ACTUAL,13,CapControl,capbank0c_ctrl,True,,,,,,,,,,102,82
QUALIFIED_B0_ACTUAL,14,RegControl,feeder_rega,True,-2,0.9875,0.9,1.1,False,False,123.5,,,15,
QUALIFIED_B0_ACTUAL,14,RegControl,feeder_regb,True,-2,0.9875,0.9,1.1,False,False,123.5,,,15,
QUALIFIED_B0_ACTUAL,14,RegControl,feeder_regc,True,-2,0.9875,0.9,1.1,False,False,123.5,,,15,
QUALIFIED_B0_ACTUAL,14,RegControl,vreg2_a,True,3,1.0187499999999998,0.9,1.1,False,False,125.0,,,15,
QUALIFIED_B0_ACTUAL,14,RegControl,vreg2_b,True,3,1.0187499999999998,0.9,1.1,False,False,125.0,,,15,
QUALIFIED_B0_ACTUAL,14,RegControl,vreg2_c,True,3,1.01875,0.9,1.1,False,False,125.0,,,15,
QUALIFIED_B0_ACTUAL,14,RegControl,vreg3_a,True,3,1.01875,0.9,1.1,False,False,123.5,,,15,
QUALIFIED_B0_ACTUAL,14,RegControl,vreg3_b,True,3,1.01875,0.9,1.1,False,False,123.5,,,15,
QUALIFIED_B0_ACTUAL,14,RegControl,vreg3_c,True,1,1.00625,0.9,1.1,False,False,123.5,,,15,
QUALIFIED_B0_ACTUAL,14,RegControl,vreg4_a,True,6,1.0375,0.9,1.1,False,False,125.0,,,15,
QUALIFIED_B0_ACTUAL,14,RegControl,vreg4_b,True,7,1.0437500000000002,0.9,1.1,False,False,125.0,,,15,
QUALIFIED_B0_ACTUAL,14,RegControl,vreg4_c,True,5,1.03125,0.9,1.1,False,False,125.0,,,15,
QUALIFIED_B0_ACTUAL,14,Capacitor,capbank2a,True,,,,,,,,[0],False,,
QUALIFIED_B0_ACTUAL,14,Capacitor,capbank2b,True,,,,,,,,[0],False,,
QUALIFIED_B0_ACTUAL,14,Capacitor,capbank2c,True,,,,,,,,[0],False,,
QUALIFIED_B0_ACTUAL,14,Capacitor,capbank1a,True,,,,,,,,[0],False,,
QUALIFIED_B0_ACTUAL,14,Capacitor,capbank1b,True,,,,,,,,[0],False,,
QUALIFIED_B0_ACTUAL,14,Capacitor,capbank1c,True,,,,,,,,[0],False,,
QUALIFIED_B0_ACTUAL,14,Capacitor,capbank0a,True,,,,,,,,[1],True,,
QUALIFIED_B0_ACTUAL,14,Capacitor,capbank0b,True,,,,,,,,[1],True,,
QUALIFIED_B0_ACTUAL,14,Capacitor,capbank0c,True,,,,,,,,[1],True,,
QUALIFIED_B0_ACTUAL,14,Capacitor,capbank3,True,,,,,,,,[0],False,,
QUALIFIED_B0_ACTUAL,14,CapControl,capbank2a_ctrl,True,,,,,,,,,,100,100
QUALIFIED_B0_ACTUAL,14,CapControl,capbank2b_ctrl,True,,,,,,,,,,101,101
QUALIFIED_B0_ACTUAL,14,CapControl,capbank2c_ctrl,True,,,,,,,,,,102,102
QUALIFIED_B0_ACTUAL,14,CapControl,capbank1a_ctrl,True,,,,,,,,,,100,90
QUALIFIED_B0_ACTUAL,14,CapControl,capbank1b_ctrl,True,,,,,,,,,,101,91
QUALIFIED_B0_ACTUAL,14,CapControl,capbank1c_ctrl,True,,,,,,,,,,102,92
QUALIFIED_B0_ACTUAL,14,CapControl,capbank0a_ctrl,True,,,,,,,,,,100,80
QUALIFIED_B0_ACTUAL,14,CapControl,capbank0b_ctrl,True,,,,,,,,,,101,81
QUALIFIED_B0_ACTUAL,14,CapControl,capbank0c_ctrl,True,,,,,,,,,,102,82
QUALIFIED_B0_ACTUAL,15,RegControl,feeder_rega,True,-2,0.9875,0.9,1.1,False,False,123.5,,,15,
QUALIFIED_B0_ACTUAL,15,RegControl,feeder_regb,True,-2,0.9875,0.9,1.1,False,False,123.5,,,15,
QUALIFIED_B0_ACTUAL,15,RegControl,feeder_regc,True,-2,0.9875,0.9,1.1,False,False,123.5,,,15,
QUALIFIED_B0_ACTUAL,15,RegControl,vreg2_a,True,3,1.0187499999999998,0.9,1.1,False,False,125.0,,,15,
QUALIFIED_B0_ACTUAL,15,RegControl,vreg2_b,True,3,1.0187499999999998,0.9,1.1,False,False,125.0,,,15,
QUALIFIED_B0_ACTUAL,15,RegControl,vreg2_c,True,3,1.01875,0.9,1.1,False,False,125.0,,,15,
QUALIFIED_B0_ACTUAL,15,RegControl,vreg3_a,True,3,1.01875,0.9,1.1,False,False,123.5,,,15,
QUALIFIED_B0_ACTUAL,15,RegControl,vreg3_b,True,3,1.01875,0.9,1.1,False,False,123.5,,,15,
QUALIFIED_B0_ACTUAL,15,RegControl,vreg3_c,True,1,1.00625,0.9,1.1,False,False,123.5,,,15,
QUALIFIED_B0_ACTUAL,15,RegControl,vreg4_a,True,6,1.0375,0.9,1.1,False,False,125.0,,,15,
QUALIFIED_B0_ACTUAL,15,RegControl,vreg4_b,True,7,1.0437500000000002,0.9,1.1,False,False,125.0,,,15,
QUALIFIED_B0_ACTUAL,15,RegControl,vreg4_c,True,5,1.03125,0.9,1.1,False,False,125.0,,,15,
QUALIFIED_B0_ACTUAL,15,Capacitor,capbank2a,True,,,,,,,,[0],False,,
QUALIFIED_B0_ACTUAL,15,Capacitor,capbank2b,True,,,,,,,,[0],False,,
QUALIFIED_B0_ACTUAL,15,Capacitor,capbank2c,True,,,,,,,,[0],False,,
QUALIFIED_B0_ACTUAL,15,Capacitor,capbank1a,True,,,,,,,,[0],False,,
QUALIFIED_B0_ACTUAL,15,Capacitor,capbank1b,True,,,,,,,,[0],False,,
QUALIFIED_B0_ACTUAL,15,Capacitor,capbank1c,True,,,,,,,,[0],False,,
QUALIFIED_B0_ACTUAL,15,Capacitor,capbank0a,True,,,,,,,,[1],True,,
QUALIFIED_B0_ACTUAL,15,Capacitor,capbank0b,True,,,,,,,,[1],True,,
QUALIFIED_B0_ACTUAL,15,Capacitor,capbank0c,True,,,,,,,,[1],True,,
QUALIFIED_B0_ACTUAL,15,Capacitor,capbank3,True,,,,,,,,[0],False,,
QUALIFIED_B0_ACTUAL,15,CapControl,capbank2a_ctrl,True,,,,,,,,,,100,100
QUALIFIED_B0_ACTUAL,15,CapControl,capbank2b_ctrl,True,,,,,,,,,,101,101
QUALIFIED_B0_ACTUAL,15,CapControl,capbank2c_ctrl,True,,,,,,,,,,102,102
QUALIFIED_B0_ACTUAL,15,CapControl,capbank1a_ctrl,True,,,,,,,,,,100,90
QUALIFIED_B0_ACTUAL,15,CapControl,capbank1b_ctrl,True,,,,,,,,,,101,91
QUALIFIED_B0_ACTUAL,15,CapControl,capbank1c_ctrl,True,,,,,,,,,,102,92
QUALIFIED_B0_ACTUAL,15,CapControl,capbank0a_ctrl,True,,,,,,,,,,100,80
QUALIFIED_B0_ACTUAL,15,CapControl,capbank0b_ctrl,True,,,,,,,,,,101,81
QUALIFIED_B0_ACTUAL,15,CapControl,capbank0c_ctrl,True,,,,,,,,,,102,82
QUALIFIED_B0_ACTUAL,16,RegControl,feeder_rega,True,-2,0.9875,0.9,1.1,False,False,123.5,,,15,
QUALIFIED_B0_ACTUAL,16,RegControl,feeder_regb,True,-2,0.9875,0.9,1.1,False,False,123.5,,,15,
QUALIFIED_B0_ACTUAL,16,RegControl,feeder_regc,True,-2,0.9875,0.9,1.1,False,False,123.5,,,15,
QUALIFIED_B0_ACTUAL,16,RegControl,vreg2_a,True,3,1.0187499999999998,0.9,1.1,False,False,125.0,,,15,
QUALIFIED_B0_ACTUAL,16,RegControl,vreg2_b,True,3,1.0187499999999998,0.9,1.1,False,False,125.0,,,15,
QUALIFIED_B0_ACTUAL,16,RegControl,vreg2_c,True,3,1.01875,0.9,1.1,False,False,125.0,,,15,
QUALIFIED_B0_ACTUAL,16,RegControl,vreg3_a,True,3,1.01875,0.9,1.1,False,False,123.5,,,15,
QUALIFIED_B0_ACTUAL,16,RegControl,vreg3_b,True,3,1.01875,0.9,1.1,False,False,123.5,,,15,
QUALIFIED_B0_ACTUAL,16,RegControl,vreg3_c,True,1,1.00625,0.9,1.1,False,False,123.5,,,15,
QUALIFIED_B0_ACTUAL,16,RegControl,vreg4_a,True,6,1.0375,0.9,1.1,False,False,125.0,,,15,
QUALIFIED_B0_ACTUAL,16,RegControl,vreg4_b,True,7,1.0437500000000002,0.9,1.1,False,False,125.0,,,15,
QUALIFIED_B0_ACTUAL,16,RegControl,vreg4_c,True,5,1.03125,0.9,1.1,False,False,125.0,,,15,
QUALIFIED_B0_ACTUAL,16,Capacitor,capbank2a,True,,,,,,,,[0],False,,
QUALIFIED_B0_ACTUAL,16,Capacitor,capbank2b,True,,,,,,,,[0],False,,
QUALIFIED_B0_ACTUAL,16,Capacitor,capbank2c,True,,,,,,,,[0],False,,
QUALIFIED_B0_ACTUAL,16,Capacitor,capbank1a,True,,,,,,,,[0],False,,
QUALIFIED_B0_ACTUAL,16,Capacitor,capbank1b,True,,,,,,,,[0],False,,
QUALIFIED_B0_ACTUAL,16,Capacitor,capbank1c,True,,,,,,,,[0],False,,
QUALIFIED_B0_ACTUAL,16,Capacitor,capbank0a,True,,,,,,,,[1],True,,
QUALIFIED_B0_ACTUAL,16,Capacitor,capbank0b,True,,,,,,,,[1],True,,
QUALIFIED_B0_ACTUAL,16,Capacitor,capbank0c,True,,,,,,,,[1],True,,
QUALIFIED_B0_ACTUAL,16,Capacitor,capbank3,True,,,,,,,,[0],False,,
QUALIFIED_B0_ACTUAL,16,CapControl,capbank2a_ctrl,True,,,,,,,,,,100,100
QUALIFIED_B0_ACTUAL,16,CapControl,capbank2b_ctrl,True,,,,,,,,,,101,101
QUALIFIED_B0_ACTUAL,16,CapControl,capbank2c_ctrl,True,,,,,,,,,,102,102
QUALIFIED_B0_ACTUAL,16,CapControl,capbank1a_ctrl,True,,,,,,,,,,100,90
QUALIFIED_B0_ACTUAL,16,CapControl,capbank1b_ctrl,True,,,,,,,,,,101,91
QUALIFIED_B0_ACTUAL,16,CapControl,capbank1c_ctrl,True,,,,,,,,,,102,92
QUALIFIED_B0_ACTUAL,16,CapControl,capbank0a_ctrl,True,,,,,,,,,,100,80
QUALIFIED_B0_ACTUAL,16,CapControl,capbank0b_ctrl,True,,,,,,,,,,101,81
QUALIFIED_B0_ACTUAL,16,CapControl,capbank0c_ctrl,True,,,,,,,,,,102,82
QUALIFIED_B0_ACTUAL,17,RegControl,feeder_rega,True,-2,0.9875,0.9,1.1,False,False,123.5,,,15,
QUALIFIED_B0_ACTUAL,17,RegControl,feeder_regb,True,-2,0.9875,0.9,1.1,False,False,123.5,,,15,
QUALIFIED_B0_ACTUAL,17,RegControl,feeder_regc,True,-2,0.9875,0.9,1.1,False,False,123.5,,,15,
QUALIFIED_B0_ACTUAL,17,RegControl,vreg2_a,True,3,1.0187499999999998,0.9,1.1,False,False,125.0,,,15,
QUALIFIED_B0_ACTUAL,17,RegControl,vreg2_b,True,3,1.0187499999999998,0.9,1.1,False,False,125.0,,,15,
QUALIFIED_B0_ACTUAL,17,RegControl,vreg2_c,True,3,1.01875,0.9,1.1,False,False,125.0,,,15,
QUALIFIED_B0_ACTUAL,17,RegControl,vreg3_a,True,3,1.01875,0.9,1.1,False,False,123.5,,,15,
QUALIFIED_B0_ACTUAL,17,RegControl,vreg3_b,True,3,1.01875,0.9,1.1,False,False,123.5,,,15,
QUALIFIED_B0_ACTUAL,17,RegControl,vreg3_c,True,1,1.00625,0.9,1.1,False,False,123.5,,,15,
QUALIFIED_B0_ACTUAL,17,RegControl,vreg4_a,True,6,1.0375,0.9,1.1,False,False,125.0,,,15,
QUALIFIED_B0_ACTUAL,17,RegControl,vreg4_b,True,7,1.0437500000000002,0.9,1.1,False,False,125.0,,,15,
QUALIFIED_B0_ACTUAL,17,RegControl,vreg4_c,True,5,1.03125,0.9,1.1,False,False,125.0,,,15,
QUALIFIED_B0_ACTUAL,17,Capacitor,capbank2a,True,,,,,,,,[0],False,,
QUALIFIED_B0_ACTUAL,17,Capacitor,capbank2b,True,,,,,,,,[0],False,,
QUALIFIED_B0_ACTUAL,17,Capacitor,capbank2c,True,,,,,,,,[0],False,,
QUALIFIED_B0_ACTUAL,17,Capacitor,capbank1a,True,,,,,,,,[0],False,,
QUALIFIED_B0_ACTUAL,17,Capacitor,capbank1b,True,,,,,,,,[0],False,,
QUALIFIED_B0_ACTUAL,17,Capacitor,capbank1c,True,,,,,,,,[0],False,,
QUALIFIED_B0_ACTUAL,17,Capacitor,capbank0a,True,,,,,,,,[1],True,,
QUALIFIED_B0_ACTUAL,17,Capacitor,capbank0b,True,,,,,,,,[1],True,,
QUALIFIED_B0_ACTUAL,17,Capacitor,capbank0c,True,,,,,,,,[1],True,,
QUALIFIED_B0_ACTUAL,17,Capacitor,capbank3,True,,,,,,,,[0],False,,
QUALIFIED_B0_ACTUAL,17,CapControl,capbank2a_ctrl,True,,,,,,,,,,100,100
QUALIFIED_B0_ACTUAL,17,CapControl,capbank2b_ctrl,True,,,,,,,,,,101,101
QUALIFIED_B0_ACTUAL,17,CapControl,capbank2c_ctrl,True,,,,,,,,,,102,102
QUALIFIED_B0_ACTUAL,17,CapControl,capbank1a_ctrl,True,,,,,,,,,,100,90
QUALIFIED_B0_ACTUAL,17,CapControl,capbank1b_ctrl,True,,,,,,,,,,101,91
QUALIFIED_B0_ACTUAL,17,CapControl,capbank1c_ctrl,True,,,,,,,,,,102,92
QUALIFIED_B0_ACTUAL,17,CapControl,capbank0a_ctrl,True,,,,,,,,,,100,80
QUALIFIED_B0_ACTUAL,17,CapControl,capbank0b_ctrl,True,,,,,,,,,,101,81
QUALIFIED_B0_ACTUAL,17,CapControl,capbank0c_ctrl,True,,,,,,,,,,102,82
QUALIFIED_B0_ACTUAL,18,RegControl,feeder_rega,True,-2,0.9875,0.9,1.1,False,False,123.5,,,15,
QUALIFIED_B0_ACTUAL,18,RegControl,feeder_regb,True,-2,0.9875,0.9,1.1,False,False,123.5,,,15,
QUALIFIED_B0_ACTUAL,18,RegControl,feeder_regc,True,-2,0.9875,0.9,1.1,False,False,123.5,,,15,
QUALIFIED_B0_ACTUAL,18,RegControl,vreg2_a,True,3,1.0187499999999998,0.9,1.1,False,False,125.0,,,15,
QUALIFIED_B0_ACTUAL,18,RegControl,vreg2_b,True,3,1.0187499999999998,0.9,1.1,False,False,125.0,,,15,
QUALIFIED_B0_ACTUAL,18,RegControl,vreg2_c,True,3,1.01875,0.9,1.1,False,False,125.0,,,15,
QUALIFIED_B0_ACTUAL,18,RegControl,vreg3_a,True,3,1.01875,0.9,1.1,False,False,123.5,,,15,
QUALIFIED_B0_ACTUAL,18,RegControl,vreg3_b,True,3,1.01875,0.9,1.1,False,False,123.5,,,15,
QUALIFIED_B0_ACTUAL,18,RegControl,vreg3_c,True,1,1.00625,0.9,1.1,False,False,123.5,,,15,
QUALIFIED_B0_ACTUAL,18,RegControl,vreg4_a,True,6,1.0375,0.9,1.1,False,False,125.0,,,15,
QUALIFIED_B0_ACTUAL,18,RegControl,vreg4_b,True,7,1.0437500000000002,0.9,1.1,False,False,125.0,,,15,
QUALIFIED_B0_ACTUAL,18,RegControl,vreg4_c,True,5,1.03125,0.9,1.1,False,False,125.0,,,15,
QUALIFIED_B0_ACTUAL,18,Capacitor,capbank2a,True,,,,,,,,[0],False,,
QUALIFIED_B0_ACTUAL,18,Capacitor,capbank2b,True,,,,,,,,[0],False,,
QUALIFIED_B0_ACTUAL,18,Capacitor,capbank2c,True,,,,,,,,[0],False,,
QUALIFIED_B0_ACTUAL,18,Capacitor,capbank1a,True,,,,,,,,[0],False,,
QUALIFIED_B0_ACTUAL,18,Capacitor,capbank1b,True,,,,,,,,[0],False,,
QUALIFIED_B0_ACTUAL,18,Capacitor,capbank1c,True,,,,,,,,[0],False,,
QUALIFIED_B0_ACTUAL,18,Capacitor,capbank0a,True,,,,,,,,[1],True,,
QUALIFIED_B0_ACTUAL,18,Capacitor,capbank0b,True,,,,,,,,[1],True,,
QUALIFIED_B0_ACTUAL,18,Capacitor,capbank0c,True,,,,,,,,[1],True,,
QUALIFIED_B0_ACTUAL,18,Capacitor,capbank3,True,,,,,,,,[0],False,,
QUALIFIED_B0_ACTUAL,18,CapControl,capbank2a_ctrl,True,,,,,,,,,,100,100
QUALIFIED_B0_ACTUAL,18,CapControl,capbank2b_ctrl,True,,,,,,,,,,101,101
QUALIFIED_B0_ACTUAL,18,CapControl,capbank2c_ctrl,True,,,,,,,,,,102,102
QUALIFIED_B0_ACTUAL,18,CapControl,capbank1a_ctrl,True,,,,,,,,,,100,90
QUALIFIED_B0_ACTUAL,18,CapControl,capbank1b_ctrl,True,,,,,,,,,,101,91
QUALIFIED_B0_ACTUAL,18,CapControl,capbank1c_ctrl,True,,,,,,,,,,102,92
QUALIFIED_B0_ACTUAL,18,CapControl,capbank0a_ctrl,True,,,,,,,,,,100,80
QUALIFIED_B0_ACTUAL,18,CapControl,capbank0b_ctrl,True,,,,,,,,,,101,81
QUALIFIED_B0_ACTUAL,18,CapControl,capbank0c_ctrl,True,,,,,,,,,,102,82
QUALIFIED_B0_ACTUAL,19,RegControl,feeder_rega,True,-2,0.9875,0.9,1.1,False,False,123.5,,,15,
QUALIFIED_B0_ACTUAL,19,RegControl,feeder_regb,True,-2,0.9875,0.9,1.1,False,False,123.5,,,15,
QUALIFIED_B0_ACTUAL,19,RegControl,feeder_regc,True,-2,0.9875,0.9,1.1,False,False,123.5,,,15,
QUALIFIED_B0_ACTUAL,19,RegControl,vreg2_a,True,3,1.0187499999999998,0.9,1.1,False,False,125.0,,,15,
QUALIFIED_B0_ACTUAL,19,RegControl,vreg2_b,True,3,1.0187499999999998,0.9,1.1,False,False,125.0,,,15,
QUALIFIED_B0_ACTUAL,19,RegControl,vreg2_c,True,3,1.01875,0.9,1.1,False,False,125.0,,,15,
QUALIFIED_B0_ACTUAL,19,RegControl,vreg3_a,True,3,1.01875,0.9,1.1,False,False,123.5,,,15,
QUALIFIED_B0_ACTUAL,19,RegControl,vreg3_b,True,3,1.01875,0.9,1.1,False,False,123.5,,,15,
QUALIFIED_B0_ACTUAL,19,RegControl,vreg3_c,True,1,1.00625,0.9,1.1,False,False,123.5,,,15,
QUALIFIED_B0_ACTUAL,19,RegControl,vreg4_a,True,6,1.0375,0.9,1.1,False,False,125.0,,,15,
QUALIFIED_B0_ACTUAL,19,RegControl,vreg4_b,True,7,1.0437500000000002,0.9,1.1,False,False,125.0,,,15,
QUALIFIED_B0_ACTUAL,19,RegControl,vreg4_c,True,5,1.03125,0.9,1.1,False,False,125.0,,,15,
QUALIFIED_B0_ACTUAL,19,Capacitor,capbank2a,True,,,,,,,,[0],False,,
QUALIFIED_B0_ACTUAL,19,Capacitor,capbank2b,True,,,,,,,,[0],False,,
QUALIFIED_B0_ACTUAL,19,Capacitor,capbank2c,True,,,,,,,,[0],False,,
QUALIFIED_B0_ACTUAL,19,Capacitor,capbank1a,True,,,,,,,,[0],False,,
QUALIFIED_B0_ACTUAL,19,Capacitor,capbank1b,True,,,,,,,,[0],False,,
QUALIFIED_B0_ACTUAL,19,Capacitor,capbank1c,True,,,,,,,,[0],False,,
QUALIFIED_B0_ACTUAL,19,Capacitor,capbank0a,True,,,,,,,,[1],True,,
QUALIFIED_B0_ACTUAL,19,Capacitor,capbank0b,True,,,,,,,,[1],True,,
QUALIFIED_B0_ACTUAL,19,Capacitor,capbank0c,True,,,,,,,,[1],True,,
QUALIFIED_B0_ACTUAL,19,Capacitor,capbank3,True,,,,,,,,[0],False,,
QUALIFIED_B0_ACTUAL,19,CapControl,capbank2a_ctrl,True,,,,,,,,,,100,100
QUALIFIED_B0_ACTUAL,19,CapControl,capbank2b_ctrl,True,,,,,,,,,,101,101
QUALIFIED_B0_ACTUAL,19,CapControl,capbank2c_ctrl,True,,,,,,,,,,102,102
QUALIFIED_B0_ACTUAL,19,CapControl,capbank1a_ctrl,True,,,,,,,,,,100,90
QUALIFIED_B0_ACTUAL,19,CapControl,capbank1b_ctrl,True,,,,,,,,,,101,91
QUALIFIED_B0_ACTUAL,19,CapControl,capbank1c_ctrl,True,,,,,,,,,,102,92
QUALIFIED_B0_ACTUAL,19,CapControl,capbank0a_ctrl,True,,,,,,,,,,100,80
QUALIFIED_B0_ACTUAL,19,CapControl,capbank0b_ctrl,True,,,,,,,,,,101,81
QUALIFIED_B0_ACTUAL,19,CapControl,capbank0c_ctrl,True,,,,,,,,,,102,82
QUALIFIED_B0_ACTUAL,20,RegControl,feeder_rega,True,-2,0.9875,0.9,1.1,False,False,123.5,,,15,
QUALIFIED_B0_ACTUAL,20,RegControl,feeder_regb,True,-2,0.9875,0.9,1.1,False,False,123.5,,,15,
QUALIFIED_B0_ACTUAL,20,RegControl,feeder_regc,True,-2,0.9875,0.9,1.1,False,False,123.5,,,15,
QUALIFIED_B0_ACTUAL,20,RegControl,vreg2_a,True,3,1.0187499999999998,0.9,1.1,False,False,125.0,,,15,
QUALIFIED_B0_ACTUAL,20,RegControl,vreg2_b,True,3,1.0187499999999998,0.9,1.1,False,False,125.0,,,15,
QUALIFIED_B0_ACTUAL,20,RegControl,vreg2_c,True,3,1.01875,0.9,1.1,False,False,125.0,,,15,
QUALIFIED_B0_ACTUAL,20,RegControl,vreg3_a,True,3,1.01875,0.9,1.1,False,False,123.5,,,15,
QUALIFIED_B0_ACTUAL,20,RegControl,vreg3_b,True,3,1.01875,0.9,1.1,False,False,123.5,,,15,
QUALIFIED_B0_ACTUAL,20,RegControl,vreg3_c,True,1,1.00625,0.9,1.1,False,False,123.5,,,15,
QUALIFIED_B0_ACTUAL,20,RegControl,vreg4_a,True,6,1.0375,0.9,1.1,False,False,125.0,,,15,
QUALIFIED_B0_ACTUAL,20,RegControl,vreg4_b,True,7,1.0437500000000002,0.9,1.1,False,False,125.0,,,15,
QUALIFIED_B0_ACTUAL,20,RegControl,vreg4_c,True,5,1.03125,0.9,1.1,False,False,125.0,,,15,
QUALIFIED_B0_ACTUAL,20,Capacitor,capbank2a,True,,,,,,,,[0],False,,
QUALIFIED_B0_ACTUAL,20,Capacitor,capbank2b,True,,,,,,,,[0],False,,
QUALIFIED_B0_ACTUAL,20,Capacitor,capbank2c,True,,,,,,,,[0],False,,
QUALIFIED_B0_ACTUAL,20,Capacitor,capbank1a,True,,,,,,,,[0],False,,
QUALIFIED_B0_ACTUAL,20,Capacitor,capbank1b,True,,,,,,,,[0],False,,
QUALIFIED_B0_ACTUAL,20,Capacitor,capbank1c,True,,,,,,,,[0],False,,
QUALIFIED_B0_ACTUAL,20,Capacitor,capbank0a,True,,,,,,,,[1],True,,
QUALIFIED_B0_ACTUAL,20,Capacitor,capbank0b,True,,,,,,,,[1],True,,
QUALIFIED_B0_ACTUAL,20,Capacitor,capbank0c,True,,,,,,,,[1],True,,
QUALIFIED_B0_ACTUAL,20,Capacitor,capbank3,True,,,,,,,,[0],False,,
QUALIFIED_B0_ACTUAL,20,CapControl,capbank2a_ctrl,True,,,,,,,,,,100,100
QUALIFIED_B0_ACTUAL,20,CapControl,capbank2b_ctrl,True,,,,,,,,,,101,101
QUALIFIED_B0_ACTUAL,20,CapControl,capbank2c_ctrl,True,,,,,,,,,,102,102
QUALIFIED_B0_ACTUAL,20,CapControl,capbank1a_ctrl,True,,,,,,,,,,100,90
QUALIFIED_B0_ACTUAL,20,CapControl,capbank1b_ctrl,True,,,,,,,,,,101,91
QUALIFIED_B0_ACTUAL,20,CapControl,capbank1c_ctrl,True,,,,,,,,,,102,92
QUALIFIED_B0_ACTUAL,20,CapControl,capbank0a_ctrl,True,,,,,,,,,,100,80
QUALIFIED_B0_ACTUAL,20,CapControl,capbank0b_ctrl,True,,,,,,,,,,101,81
QUALIFIED_B0_ACTUAL,20,CapControl,capbank0c_ctrl,True,,,,,,,,,,102,82
QUALIFIED_B0_ACTUAL,21,RegControl,feeder_rega,True,-2,0.9875,0.9,1.1,False,False,123.5,,,15,
QUALIFIED_B0_ACTUAL,21,RegControl,feeder_regb,True,-2,0.9875,0.9,1.1,False,False,123.5,,,15,
QUALIFIED_B0_ACTUAL,21,RegControl,feeder_regc,True,-2,0.9875,0.9,1.1,False,False,123.5,,,15,
QUALIFIED_B0_ACTUAL,21,RegControl,vreg2_a,True,3,1.0187499999999998,0.9,1.1,False,False,125.0,,,15,
QUALIFIED_B0_ACTUAL,21,RegControl,vreg2_b,True,3,1.0187499999999998,0.9,1.1,False,False,125.0,,,15,
QUALIFIED_B0_ACTUAL,21,RegControl,vreg2_c,True,3,1.01875,0.9,1.1,False,False,125.0,,,15,
QUALIFIED_B0_ACTUAL,21,RegControl,vreg3_a,True,3,1.01875,0.9,1.1,False,False,123.5,,,15,
QUALIFIED_B0_ACTUAL,21,RegControl,vreg3_b,True,3,1.01875,0.9,1.1,False,False,123.5,,,15,
QUALIFIED_B0_ACTUAL,21,RegControl,vreg3_c,True,1,1.00625,0.9,1.1,False,False,123.5,,,15,
QUALIFIED_B0_ACTUAL,21,RegControl,vreg4_a,True,6,1.0375,0.9,1.1,False,False,125.0,,,15,
QUALIFIED_B0_ACTUAL,21,RegControl,vreg4_b,True,7,1.0437500000000002,0.9,1.1,False,False,125.0,,,15,
QUALIFIED_B0_ACTUAL,21,RegControl,vreg4_c,True,5,1.03125,0.9,1.1,False,False,125.0,,,15,
QUALIFIED_B0_ACTUAL,21,Capacitor,capbank2a,True,,,,,,,,[0],False,,
QUALIFIED_B0_ACTUAL,21,Capacitor,capbank2b,True,,,,,,,,[0],False,,
QUALIFIED_B0_ACTUAL,21,Capacitor,capbank2c,True,,,,,,,,[0],False,,
QUALIFIED_B0_ACTUAL,21,Capacitor,capbank1a,True,,,,,,,,[0],False,,
QUALIFIED_B0_ACTUAL,21,Capacitor,capbank1b,True,,,,,,,,[0],False,,
QUALIFIED_B0_ACTUAL,21,Capacitor,capbank1c,True,,,,,,,,[0],False,,
QUALIFIED_B0_ACTUAL,21,Capacitor,capbank0a,True,,,,,,,,[1],True,,
QUALIFIED_B0_ACTUAL,21,Capacitor,capbank0b,True,,,,,,,,[1],True,,
QUALIFIED_B0_ACTUAL,21,Capacitor,capbank0c,True,,,,,,,,[1],True,,
QUALIFIED_B0_ACTUAL,21,Capacitor,capbank3,True,,,,,,,,[0],False,,
QUALIFIED_B0_ACTUAL,21,CapControl,capbank2a_ctrl,True,,,,,,,,,,100,100
QUALIFIED_B0_ACTUAL,21,CapControl,capbank2b_ctrl,True,,,,,,,,,,101,101
QUALIFIED_B0_ACTUAL,21,CapControl,capbank2c_ctrl,True,,,,,,,,,,102,102
QUALIFIED_B0_ACTUAL,21,CapControl,capbank1a_ctrl,True,,,,,,,,,,100,90
QUALIFIED_B0_ACTUAL,21,CapControl,capbank1b_ctrl,True,,,,,,,,,,101,91
QUALIFIED_B0_ACTUAL,21,CapControl,capbank1c_ctrl,True,,,,,,,,,,102,92
QUALIFIED_B0_ACTUAL,21,CapControl,capbank0a_ctrl,True,,,,,,,,,,100,80
QUALIFIED_B0_ACTUAL,21,CapControl,capbank0b_ctrl,True,,,,,,,,,,101,81
QUALIFIED_B0_ACTUAL,21,CapControl,capbank0c_ctrl,True,,,,,,,,,,102,82
QUALIFIED_B0_ACTUAL,22,RegControl,feeder_rega,True,-2,0.9875,0.9,1.1,False,False,123.5,,,15,
QUALIFIED_B0_ACTUAL,22,RegControl,feeder_regb,True,-2,0.9875,0.9,1.1,False,False,123.5,,,15,
QUALIFIED_B0_ACTUAL,22,RegControl,feeder_regc,True,-2,0.9875,0.9,1.1,False,False,123.5,,,15,
QUALIFIED_B0_ACTUAL,22,RegControl,vreg2_a,True,3,1.0187499999999998,0.9,1.1,False,False,125.0,,,15,
QUALIFIED_B0_ACTUAL,22,RegControl,vreg2_b,True,3,1.0187499999999998,0.9,1.1,False,False,125.0,,,15,
QUALIFIED_B0_ACTUAL,22,RegControl,vreg2_c,True,3,1.01875,0.9,1.1,False,False,125.0,,,15,
QUALIFIED_B0_ACTUAL,22,RegControl,vreg3_a,True,3,1.01875,0.9,1.1,False,False,123.5,,,15,
QUALIFIED_B0_ACTUAL,22,RegControl,vreg3_b,True,3,1.01875,0.9,1.1,False,False,123.5,,,15,
QUALIFIED_B0_ACTUAL,22,RegControl,vreg3_c,True,1,1.00625,0.9,1.1,False,False,123.5,,,15,
QUALIFIED_B0_ACTUAL,22,RegControl,vreg4_a,True,6,1.0375,0.9,1.1,False,False,125.0,,,15,
QUALIFIED_B0_ACTUAL,22,RegControl,vreg4_b,True,7,1.0437500000000002,0.9,1.1,False,False,125.0,,,15,
QUALIFIED_B0_ACTUAL,22,RegControl,vreg4_c,True,5,1.03125,0.9,1.1,False,False,125.0,,,15,
QUALIFIED_B0_ACTUAL,22,Capacitor,capbank2a,True,,,,,,,,[0],False,,
QUALIFIED_B0_ACTUAL,22,Capacitor,capbank2b,True,,,,,,,,[0],False,,
QUALIFIED_B0_ACTUAL,22,Capacitor,capbank2c,True,,,,,,,,[0],False,,
QUALIFIED_B0_ACTUAL,22,Capacitor,capbank1a,True,,,,,,,,[0],False,,
QUALIFIED_B0_ACTUAL,22,Capacitor,capbank1b,True,,,,,,,,[0],False,,
QUALIFIED_B0_ACTUAL,22,Capacitor,capbank1c,True,,,,,,,,[0],False,,
QUALIFIED_B0_ACTUAL,22,Capacitor,capbank0a,True,,,,,,,,[1],True,,
QUALIFIED_B0_ACTUAL,22,Capacitor,capbank0b,True,,,,,,,,[1],True,,
QUALIFIED_B0_ACTUAL,22,Capacitor,capbank0c,True,,,,,,,,[1],True,,
QUALIFIED_B0_ACTUAL,22,Capacitor,capbank3,True,,,,,,,,[0],False,,
QUALIFIED_B0_ACTUAL,22,CapControl,capbank2a_ctrl,True,,,,,,,,,,100,100
QUALIFIED_B0_ACTUAL,22,CapControl,capbank2b_ctrl,True,,,,,,,,,,101,101
QUALIFIED_B0_ACTUAL,22,CapControl,capbank2c_ctrl,True,,,,,,,,,,102,102
QUALIFIED_B0_ACTUAL,22,CapControl,capbank1a_ctrl,True,,,,,,,,,,100,90
QUALIFIED_B0_ACTUAL,22,CapControl,capbank1b_ctrl,True,,,,,,,,,,101,91
QUALIFIED_B0_ACTUAL,22,CapControl,capbank1c_ctrl,True,,,,,,,,,,102,92
QUALIFIED_B0_ACTUAL,22,CapControl,capbank0a_ctrl,True,,,,,,,,,,100,80
QUALIFIED_B0_ACTUAL,22,CapControl,capbank0b_ctrl,True,,,,,,,,,,101,81
QUALIFIED_B0_ACTUAL,22,CapControl,capbank0c_ctrl,True,,,,,,,,,,102,82
QUALIFIED_B0_ACTUAL,23,RegControl,feeder_rega,True,-2,0.9875,0.9,1.1,False,False,123.5,,,15,
QUALIFIED_B0_ACTUAL,23,RegControl,feeder_regb,True,-2,0.9875,0.9,1.1,False,False,123.5,,,15,
QUALIFIED_B0_ACTUAL,23,RegControl,feeder_regc,True,-2,0.9875,0.9,1.1,False,False,123.5,,,15,
QUALIFIED_B0_ACTUAL,23,RegControl,vreg2_a,True,3,1.0187499999999998,0.9,1.1,False,False,125.0,,,15,
QUALIFIED_B0_ACTUAL,23,RegControl,vreg2_b,True,3,1.0187499999999998,0.9,1.1,False,False,125.0,,,15,
QUALIFIED_B0_ACTUAL,23,RegControl,vreg2_c,True,3,1.01875,0.9,1.1,False,False,125.0,,,15,
QUALIFIED_B0_ACTUAL,23,RegControl,vreg3_a,True,3,1.01875,0.9,1.1,False,False,123.5,,,15,
QUALIFIED_B0_ACTUAL,23,RegControl,vreg3_b,True,3,1.01875,0.9,1.1,False,False,123.5,,,15,
QUALIFIED_B0_ACTUAL,23,RegControl,vreg3_c,True,1,1.00625,0.9,1.1,False,False,123.5,,,15,
QUALIFIED_B0_ACTUAL,23,RegControl,vreg4_a,True,6,1.0375,0.9,1.1,False,False,125.0,,,15,
QUALIFIED_B0_ACTUAL,23,RegControl,vreg4_b,True,7,1.0437500000000002,0.9,1.1,False,False,125.0,,,15,
QUALIFIED_B0_ACTUAL,23,RegControl,vreg4_c,True,5,1.03125,0.9,1.1,False,False,125.0,,,15,
QUALIFIED_B0_ACTUAL,23,Capacitor,capbank2a,True,,,,,,,,[0],False,,
QUALIFIED_B0_ACTUAL,23,Capacitor,capbank2b,True,,,,,,,,[0],False,,
QUALIFIED_B0_ACTUAL,23,Capacitor,capbank2c,True,,,,,,,,[0],False,,
QUALIFIED_B0_ACTUAL,23,Capacitor,capbank1a,True,,,,,,,,[0],False,,
QUALIFIED_B0_ACTUAL,23,Capacitor,capbank1b,True,,,,,,,,[0],False,,
QUALIFIED_B0_ACTUAL,23,Capacitor,capbank1c,True,,,,,,,,[0],False,,
QUALIFIED_B0_ACTUAL,23,Capacitor,capbank0a,True,,,,,,,,[1],True,,
QUALIFIED_B0_ACTUAL,23,Capacitor,capbank0b,True,,,,,,,,[1],True,,
QUALIFIED_B0_ACTUAL,23,Capacitor,capbank0c,True,,,,,,,,[1],True,,
QUALIFIED_B0_ACTUAL,23,Capacitor,capbank3,True,,,,,,,,[0],False,,
QUALIFIED_B0_ACTUAL,23,CapControl,capbank2a_ctrl,True,,,,,,,,,,100,100
QUALIFIED_B0_ACTUAL,23,CapControl,capbank2b_ctrl,True,,,,,,,,,,101,101
QUALIFIED_B0_ACTUAL,23,CapControl,capbank2c_ctrl,True,,,,,,,,,,102,102
QUALIFIED_B0_ACTUAL,23,CapControl,capbank1a_ctrl,True,,,,,,,,,,100,90
QUALIFIED_B0_ACTUAL,23,CapControl,capbank1b_ctrl,True,,,,,,,,,,101,91
QUALIFIED_B0_ACTUAL,23,CapControl,capbank1c_ctrl,True,,,,,,,,,,102,92
QUALIFIED_B0_ACTUAL,23,CapControl,capbank0a_ctrl,True,,,,,,,,,,100,80
QUALIFIED_B0_ACTUAL,23,CapControl,capbank0b_ctrl,True,,,,,,,,,,101,81
QUALIFIED_B0_ACTUAL,23,CapControl,capbank0c_ctrl,True,,,,,,,,,,102,82
QUALIFIED_B0_ACTUAL,24,RegControl,feeder_rega,True,-2,0.9875,0.9,1.1,False,False,123.5,,,15,
QUALIFIED_B0_ACTUAL,24,RegControl,feeder_regb,True,-2,0.9875,0.9,1.1,False,False,123.5,,,15,
QUALIFIED_B0_ACTUAL,24,RegControl,feeder_regc,True,-2,0.9875,0.9,1.1,False,False,123.5,,,15,
QUALIFIED_B0_ACTUAL,24,RegControl,vreg2_a,True,4,1.025,0.9,1.1,False,False,125.0,,,15,
QUALIFIED_B0_ACTUAL,24,RegControl,vreg2_b,True,3,1.0187499999999998,0.9,1.1,False,False,125.0,,,15,
QUALIFIED_B0_ACTUAL,24,RegControl,vreg2_c,True,3,1.01875,0.9,1.1,False,False,125.0,,,15,
QUALIFIED_B0_ACTUAL,24,RegControl,vreg3_a,True,3,1.01875,0.9,1.1,False,False,123.5,,,15,
QUALIFIED_B0_ACTUAL,24,RegControl,vreg3_b,True,3,1.01875,0.9,1.1,False,False,123.5,,,15,
QUALIFIED_B0_ACTUAL,24,RegControl,vreg3_c,True,1,1.00625,0.9,1.1,False,False,123.5,,,15,
QUALIFIED_B0_ACTUAL,24,RegControl,vreg4_a,True,6,1.0375,0.9,1.1,False,False,125.0,,,15,
QUALIFIED_B0_ACTUAL,24,RegControl,vreg4_b,True,7,1.0437500000000002,0.9,1.1,False,False,125.0,,,15,
QUALIFIED_B0_ACTUAL,24,RegControl,vreg4_c,True,5,1.03125,0.9,1.1,False,False,125.0,,,15,
QUALIFIED_B0_ACTUAL,24,Capacitor,capbank2a,True,,,,,,,,[0],False,,
QUALIFIED_B0_ACTUAL,24,Capacitor,capbank2b,True,,,,,,,,[0],False,,
QUALIFIED_B0_ACTUAL,24,Capacitor,capbank2c,True,,,,,,,,[0],False,,
QUALIFIED_B0_ACTUAL,24,Capacitor,capbank1a,True,,,,,,,,[0],False,,
QUALIFIED_B0_ACTUAL,24,Capacitor,capbank1b,True,,,,,,,,[0],False,,
QUALIFIED_B0_ACTUAL,24,Capacitor,capbank1c,True,,,,,,,,[0],False,,
QUALIFIED_B0_ACTUAL,24,Capacitor,capbank0a,True,,,,,,,,[1],True,,
QUALIFIED_B0_ACTUAL,24,Capacitor,capbank0b,True,,,,,,,,[1],True,,
QUALIFIED_B0_ACTUAL,24,Capacitor,capbank0c,True,,,,,,,,[1],True,,
QUALIFIED_B0_ACTUAL,24,Capacitor,capbank3,True,,,,,,,,[0],False,,
QUALIFIED_B0_ACTUAL,24,CapControl,capbank2a_ctrl,True,,,,,,,,,,100,100
QUALIFIED_B0_ACTUAL,24,CapControl,capbank2b_ctrl,True,,,,,,,,,,101,101
QUALIFIED_B0_ACTUAL,24,CapControl,capbank2c_ctrl,True,,,,,,,,,,102,102
QUALIFIED_B0_ACTUAL,24,CapControl,capbank1a_ctrl,True,,,,,,,,,,100,90
QUALIFIED_B0_ACTUAL,24,CapControl,capbank1b_ctrl,True,,,,,,,,,,101,91
QUALIFIED_B0_ACTUAL,24,CapControl,capbank1c_ctrl,True,,,,,,,,,,102,92
QUALIFIED_B0_ACTUAL,24,CapControl,capbank0a_ctrl,True,,,,,,,,,,100,80
QUALIFIED_B0_ACTUAL,24,CapControl,capbank0b_ctrl,True,,,,,,,,,,101,81
QUALIFIED_B0_ACTUAL,24,CapControl,capbank0c_ctrl,True,,,,,,,,,,102,82
QUALIFIED_B0_ACTUAL,25,RegControl,feeder_rega,True,-2,0.9875,0.9,1.1,False,False,123.5,,,15,
QUALIFIED_B0_ACTUAL,25,RegControl,feeder_regb,True,-2,0.9875,0.9,1.1,False,False,123.5,,,15,
QUALIFIED_B0_ACTUAL,25,RegControl,feeder_regc,True,-2,0.9875,0.9,1.1,False,False,123.5,,,15,
QUALIFIED_B0_ACTUAL,25,RegControl,vreg2_a,True,4,1.025,0.9,1.1,False,False,125.0,,,15,
QUALIFIED_B0_ACTUAL,25,RegControl,vreg2_b,True,3,1.0187499999999998,0.9,1.1,False,False,125.0,,,15,
QUALIFIED_B0_ACTUAL,25,RegControl,vreg2_c,True,3,1.01875,0.9,1.1,False,False,125.0,,,15,
QUALIFIED_B0_ACTUAL,25,RegControl,vreg3_a,True,4,1.0250000000000001,0.9,1.1,False,False,123.5,,,15,
QUALIFIED_B0_ACTUAL,25,RegControl,vreg3_b,True,3,1.01875,0.9,1.1,False,False,123.5,,,15,
QUALIFIED_B0_ACTUAL,25,RegControl,vreg3_c,True,1,1.00625,0.9,1.1,False,False,123.5,,,15,
QUALIFIED_B0_ACTUAL,25,RegControl,vreg4_a,True,6,1.0375,0.9,1.1,False,False,125.0,,,15,
QUALIFIED_B0_ACTUAL,25,RegControl,vreg4_b,True,7,1.0437500000000002,0.9,1.1,False,False,125.0,,,15,
QUALIFIED_B0_ACTUAL,25,RegControl,vreg4_c,True,5,1.03125,0.9,1.1,False,False,125.0,,,15,
QUALIFIED_B0_ACTUAL,25,Capacitor,capbank2a,True,,,,,,,,[0],False,,
QUALIFIED_B0_ACTUAL,25,Capacitor,capbank2b,True,,,,,,,,[0],False,,
QUALIFIED_B0_ACTUAL,25,Capacitor,capbank2c,True,,,,,,,,[0],False,,
QUALIFIED_B0_ACTUAL,25,Capacitor,capbank1a,True,,,,,,,,[0],False,,
QUALIFIED_B0_ACTUAL,25,Capacitor,capbank1b,True,,,,,,,,[0],False,,
QUALIFIED_B0_ACTUAL,25,Capacitor,capbank1c,True,,,,,,,,[0],False,,
QUALIFIED_B0_ACTUAL,25,Capacitor,capbank0a,True,,,,,,,,[1],True,,
QUALIFIED_B0_ACTUAL,25,Capacitor,capbank0b,True,,,,,,,,[1],True,,
QUALIFIED_B0_ACTUAL,25,Capacitor,capbank0c,True,,,,,,,,[1],True,,
QUALIFIED_B0_ACTUAL,25,Capacitor,capbank3,True,,,,,,,,[0],False,,
QUALIFIED_B0_ACTUAL,25,CapControl,capbank2a_ctrl,True,,,,,,,,,,100,100
QUALIFIED_B0_ACTUAL,25,CapControl,capbank2b_ctrl,True,,,,,,,,,,101,101
QUALIFIED_B0_ACTUAL,25,CapControl,capbank2c_ctrl,True,,,,,,,,,,102,102
QUALIFIED_B0_ACTUAL,25,CapControl,capbank1a_ctrl,True,,,,,,,,,,100,90
QUALIFIED_B0_ACTUAL,25,CapControl,capbank1b_ctrl,True,,,,,,,,,,101,91
QUALIFIED_B0_ACTUAL,25,CapControl,capbank1c_ctrl,True,,,,,,,,,,102,92
QUALIFIED_B0_ACTUAL,25,CapControl,capbank0a_ctrl,True,,,,,,,,,,100,80
QUALIFIED_B0_ACTUAL,25,CapControl,capbank0b_ctrl,True,,,,,,,,,,101,81
QUALIFIED_B0_ACTUAL,25,CapControl,capbank0c_ctrl,True,,,,,,,,,,102,82
QUALIFIED_B0_ACTUAL,26,RegControl,feeder_rega,True,-2,0.9875,0.9,1.1,False,False,123.5,,,15,
QUALIFIED_B0_ACTUAL,26,RegControl,feeder_regb,True,-2,0.9875,0.9,1.1,False,False,123.5,,,15,
QUALIFIED_B0_ACTUAL,26,RegControl,feeder_regc,True,-2,0.9875,0.9,1.1,False,False,123.5,,,15,
QUALIFIED_B0_ACTUAL,26,RegControl,vreg2_a,True,4,1.025,0.9,1.1,False,False,125.0,,,15,
QUALIFIED_B0_ACTUAL,26,RegControl,vreg2_b,True,3,1.0187499999999998,0.9,1.1,False,False,125.0,,,15,
QUALIFIED_B0_ACTUAL,26,RegControl,vreg2_c,True,3,1.01875,0.9,1.1,False,False,125.0,,,15,
QUALIFIED_B0_ACTUAL,26,RegControl,vreg3_a,True,4,1.0250000000000001,0.9,1.1,False,False,123.5,,,15,
QUALIFIED_B0_ACTUAL,26,RegControl,vreg3_b,True,3,1.01875,0.9,1.1,False,False,123.5,,,15,
QUALIFIED_B0_ACTUAL,26,RegControl,vreg3_c,True,1,1.00625,0.9,1.1,False,False,123.5,,,15,
QUALIFIED_B0_ACTUAL,26,RegControl,vreg4_a,True,7,1.0437500000000002,0.9,1.1,False,False,125.0,,,15,
QUALIFIED_B0_ACTUAL,26,RegControl,vreg4_b,True,7,1.0437500000000002,0.9,1.1,False,False,125.0,,,15,
QUALIFIED_B0_ACTUAL,26,RegControl,vreg4_c,True,5,1.03125,0.9,1.1,False,False,125.0,,,15,
QUALIFIED_B0_ACTUAL,26,Capacitor,capbank2a,True,,,,,,,,[0],False,,
QUALIFIED_B0_ACTUAL,26,Capacitor,capbank2b,True,,,,,,,,[0],False,,
QUALIFIED_B0_ACTUAL,26,Capacitor,capbank2c,True,,,,,,,,[0],False,,
QUALIFIED_B0_ACTUAL,26,Capacitor,capbank1a,True,,,,,,,,[0],False,,
QUALIFIED_B0_ACTUAL,26,Capacitor,capbank1b,True,,,,,,,,[0],False,,
QUALIFIED_B0_ACTUAL,26,Capacitor,capbank1c,True,,,,,,,,[0],False,,
QUALIFIED_B0_ACTUAL,26,Capacitor,capbank0a,True,,,,,,,,[1],True,,
QUALIFIED_B0_ACTUAL,26,Capacitor,capbank0b,True,,,,,,,,[1],True,,
QUALIFIED_B0_ACTUAL,26,Capacitor,capbank0c,True,,,,,,,,[1],True,,
QUALIFIED_B0_ACTUAL,26,Capacitor,capbank3,True,,,,,,,,[0],False,,
QUALIFIED_B0_ACTUAL,26,CapControl,capbank2a_ctrl,True,,,,,,,,,,100,100
QUALIFIED_B0_ACTUAL,26,CapControl,capbank2b_ctrl,True,,,,,,,,,,101,101
QUALIFIED_B0_ACTUAL,26,CapControl,capbank2c_ctrl,True,,,,,,,,,,102,102
QUALIFIED_B0_ACTUAL,26,CapControl,capbank1a_ctrl,True,,,,,,,,,,100,90
QUALIFIED_B0_ACTUAL,26,CapControl,capbank1b_ctrl,True,,,,,,,,,,101,91
QUALIFIED_B0_ACTUAL,26,CapControl,capbank1c_ctrl,True,,,,,,,,,,102,92
QUALIFIED_B0_ACTUAL,26,CapControl,capbank0a_ctrl,True,,,,,,,,,,100,80
QUALIFIED_B0_ACTUAL,26,CapControl,capbank0b_ctrl,True,,,,,,,,,,101,81
QUALIFIED_B0_ACTUAL,26,CapControl,capbank0c_ctrl,True,,,,,,,,,,102,82
QUALIFIED_B0_ACTUAL,27,RegControl,feeder_rega,True,-2,0.9875,0.9,1.1,False,False,123.5,,,15,
QUALIFIED_B0_ACTUAL,27,RegControl,feeder_regb,True,-2,0.9875,0.9,1.1,False,False,123.5,,,15,
QUALIFIED_B0_ACTUAL,27,RegControl,feeder_regc,True,-2,0.9875,0.9,1.1,False,False,123.5,,,15,
QUALIFIED_B0_ACTUAL,27,RegControl,vreg2_a,True,4,1.025,0.9,1.1,False,False,125.0,,,15,
QUALIFIED_B0_ACTUAL,27,RegControl,vreg2_b,True,4,1.025,0.9,1.1,False,False,125.0,,,15,
QUALIFIED_B0_ACTUAL,27,RegControl,vreg2_c,True,3,1.01875,0.9,1.1,False,False,125.0,,,15,
QUALIFIED_B0_ACTUAL,27,RegControl,vreg3_a,True,5,1.0312500000000002,0.9,1.1,False,False,123.5,,,15,
QUALIFIED_B0_ACTUAL,27,RegControl,vreg3_b,True,4,1.0250000000000001,0.9,1.1,False,False,123.5,,,15,
QUALIFIED_B0_ACTUAL,27,RegControl,vreg3_c,True,1,1.00625,0.9,1.1,False,False,123.5,,,15,
QUALIFIED_B0_ACTUAL,27,RegControl,vreg4_a,True,7,1.0437500000000002,0.9,1.1,False,False,125.0,,,15,
QUALIFIED_B0_ACTUAL,27,RegControl,vreg4_b,True,8,1.0500000000000003,0.9,1.1,False,False,125.0,,,15,
QUALIFIED_B0_ACTUAL,27,RegControl,vreg4_c,True,6,1.0375,0.9,1.1,False,False,125.0,,,15,
QUALIFIED_B0_ACTUAL,27,Capacitor,capbank2a,True,,,,,,,,[0],False,,
QUALIFIED_B0_ACTUAL,27,Capacitor,capbank2b,True,,,,,,,,[0],False,,
QUALIFIED_B0_ACTUAL,27,Capacitor,capbank2c,True,,,,,,,,[0],False,,
QUALIFIED_B0_ACTUAL,27,Capacitor,capbank1a,True,,,,,,,,[0],False,,
QUALIFIED_B0_ACTUAL,27,Capacitor,capbank1b,True,,,,,,,,[0],False,,
QUALIFIED_B0_ACTUAL,27,Capacitor,capbank1c,True,,,,,,,,[0],False,,
QUALIFIED_B0_ACTUAL,27,Capacitor,capbank0a,True,,,,,,,,[1],True,,
QUALIFIED_B0_ACTUAL,27,Capacitor,capbank0b,True,,,,,,,,[1],True,,
QUALIFIED_B0_ACTUAL,27,Capacitor,capbank0c,True,,,,,,,,[1],True,,
QUALIFIED_B0_ACTUAL,27,Capacitor,capbank3,True,,,,,,,,[0],False,,
QUALIFIED_B0_ACTUAL,27,CapControl,capbank2a_ctrl,True,,,,,,,,,,100,100
QUALIFIED_B0_ACTUAL,27,CapControl,capbank2b_ctrl,True,,,,,,,,,,101,101
QUALIFIED_B0_ACTUAL,27,CapControl,capbank2c_ctrl,True,,,,,,,,,,102,102
QUALIFIED_B0_ACTUAL,27,CapControl,capbank1a_ctrl,True,,,,,,,,,,100,90
QUALIFIED_B0_ACTUAL,27,CapControl,capbank1b_ctrl,True,,,,,,,,,,101,91
QUALIFIED_B0_ACTUAL,27,CapControl,capbank1c_ctrl,True,,,,,,,,,,102,92
QUALIFIED_B0_ACTUAL,27,CapControl,capbank0a_ctrl,True,,,,,,,,,,100,80
QUALIFIED_B0_ACTUAL,27,CapControl,capbank0b_ctrl,True,,,,,,,,,,101,81
QUALIFIED_B0_ACTUAL,27,CapControl,capbank0c_ctrl,True,,,,,,,,,,102,82
QUALIFIED_B0_ACTUAL,28,RegControl,feeder_rega,True,-2,0.9875,0.9,1.1,False,False,123.5,,,15,
QUALIFIED_B0_ACTUAL,28,RegControl,feeder_regb,True,-2,0.9875,0.9,1.1,False,False,123.5,,,15,
QUALIFIED_B0_ACTUAL,28,RegControl,feeder_regc,True,-2,0.9875,0.9,1.1,False,False,123.5,,,15,
QUALIFIED_B0_ACTUAL,28,RegControl,vreg2_a,True,4,1.025,0.9,1.1,False,False,125.0,,,15,
QUALIFIED_B0_ACTUAL,28,RegControl,vreg2_b,True,4,1.025,0.9,1.1,False,False,125.0,,,15,
QUALIFIED_B0_ACTUAL,28,RegControl,vreg2_c,True,3,1.01875,0.9,1.1,False,False,125.0,,,15,
QUALIFIED_B0_ACTUAL,28,RegControl,vreg3_a,True,5,1.0312500000000002,0.9,1.1,False,False,123.5,,,15,
QUALIFIED_B0_ACTUAL,28,RegControl,vreg3_b,True,4,1.0250000000000001,0.9,1.1,False,False,123.5,,,15,
QUALIFIED_B0_ACTUAL,28,RegControl,vreg3_c,True,1,1.00625,0.9,1.1,False,False,123.5,,,15,
QUALIFIED_B0_ACTUAL,28,RegControl,vreg4_a,True,7,1.0437500000000002,0.9,1.1,False,False,125.0,,,15,
QUALIFIED_B0_ACTUAL,28,RegControl,vreg4_b,True,8,1.0500000000000003,0.9,1.1,False,False,125.0,,,15,
QUALIFIED_B0_ACTUAL,28,RegControl,vreg4_c,True,6,1.0375,0.9,1.1,False,False,125.0,,,15,
QUALIFIED_B0_ACTUAL,28,Capacitor,capbank2a,True,,,,,,,,[0],False,,
QUALIFIED_B0_ACTUAL,28,Capacitor,capbank2b,True,,,,,,,,[0],False,,
QUALIFIED_B0_ACTUAL,28,Capacitor,capbank2c,True,,,,,,,,[0],False,,
QUALIFIED_B0_ACTUAL,28,Capacitor,capbank1a,True,,,,,,,,[0],False,,
QUALIFIED_B0_ACTUAL,28,Capacitor,capbank1b,True,,,,,,,,[0],False,,
QUALIFIED_B0_ACTUAL,28,Capacitor,capbank1c,True,,,,,,,,[0],False,,
QUALIFIED_B0_ACTUAL,28,Capacitor,capbank0a,True,,,,,,,,[1],True,,
QUALIFIED_B0_ACTUAL,28,Capacitor,capbank0b,True,,,,,,,,[1],True,,
QUALIFIED_B0_ACTUAL,28,Capacitor,capbank0c,True,,,,,,,,[1],True,,
QUALIFIED_B0_ACTUAL,28,Capacitor,capbank3,True,,,,,,,,[0],False,,
QUALIFIED_B0_ACTUAL,28,CapControl,capbank2a_ctrl,True,,,,,,,,,,100,100
QUALIFIED_B0_ACTUAL,28,CapControl,capbank2b_ctrl,True,,,,,,,,,,101,101
QUALIFIED_B0_ACTUAL,28,CapControl,capbank2c_ctrl,True,,,,,,,,,,102,102
QUALIFIED_B0_ACTUAL,28,CapControl,capbank1a_ctrl,True,,,,,,,,,,100,90
QUALIFIED_B0_ACTUAL,28,CapControl,capbank1b_ctrl,True,,,,,,,,,,101,91
QUALIFIED_B0_ACTUAL,28,CapControl,capbank1c_ctrl,True,,,,,,,,,,102,92
QUALIFIED_B0_ACTUAL,28,CapControl,capbank0a_ctrl,True,,,,,,,,,,100,80
QUALIFIED_B0_ACTUAL,28,CapControl,capbank0b_ctrl,True,,,,,,,,,,101,81
QUALIFIED_B0_ACTUAL,28,CapControl,capbank0c_ctrl,True,,,,,,,,,,102,82
QUALIFIED_B0_ACTUAL,29,RegControl,feeder_rega,True,-2,0.9875,0.9,1.1,False,False,123.5,,,15,
QUALIFIED_B0_ACTUAL,29,RegControl,feeder_regb,True,-2,0.9875,0.9,1.1,False,False,123.5,,,15,
QUALIFIED_B0_ACTUAL,29,RegControl,feeder_regc,True,-2,0.9875,0.9,1.1,False,False,123.5,,,15,
QUALIFIED_B0_ACTUAL,29,RegControl,vreg2_a,True,4,1.025,0.9,1.1,False,False,125.0,,,15,
QUALIFIED_B0_ACTUAL,29,RegControl,vreg2_b,True,4,1.025,0.9,1.1,False,False,125.0,,,15,
QUALIFIED_B0_ACTUAL,29,RegControl,vreg2_c,True,3,1.01875,0.9,1.1,False,False,125.0,,,15,
QUALIFIED_B0_ACTUAL,29,RegControl,vreg3_a,True,5,1.0312500000000002,0.9,1.1,False,False,123.5,,,15,
QUALIFIED_B0_ACTUAL,29,RegControl,vreg3_b,True,4,1.0250000000000001,0.9,1.1,False,False,123.5,,,15,
QUALIFIED_B0_ACTUAL,29,RegControl,vreg3_c,True,1,1.00625,0.9,1.1,False,False,123.5,,,15,
QUALIFIED_B0_ACTUAL,29,RegControl,vreg4_a,True,7,1.0437500000000002,0.9,1.1,False,False,125.0,,,15,
QUALIFIED_B0_ACTUAL,29,RegControl,vreg4_b,True,8,1.0500000000000003,0.9,1.1,False,False,125.0,,,15,
QUALIFIED_B0_ACTUAL,29,RegControl,vreg4_c,True,6,1.0375,0.9,1.1,False,False,125.0,,,15,
QUALIFIED_B0_ACTUAL,29,Capacitor,capbank2a,True,,,,,,,,[0],False,,
QUALIFIED_B0_ACTUAL,29,Capacitor,capbank2b,True,,,,,,,,[0],False,,
QUALIFIED_B0_ACTUAL,29,Capacitor,capbank2c,True,,,,,,,,[0],False,,
QUALIFIED_B0_ACTUAL,29,Capacitor,capbank1a,True,,,,,,,,[0],False,,
QUALIFIED_B0_ACTUAL,29,Capacitor,capbank1b,True,,,,,,,,[0],False,,
QUALIFIED_B0_ACTUAL,29,Capacitor,capbank1c,True,,,,,,,,[0],False,,
QUALIFIED_B0_ACTUAL,29,Capacitor,capbank0a,True,,,,,,,,[1],True,,
QUALIFIED_B0_ACTUAL,29,Capacitor,capbank0b,True,,,,,,,,[1],True,,
QUALIFIED_B0_ACTUAL,29,Capacitor,capbank0c,True,,,,,,,,[1],True,,
QUALIFIED_B0_ACTUAL,29,Capacitor,capbank3,True,,,,,,,,[0],False,,
QUALIFIED_B0_ACTUAL,29,CapControl,capbank2a_ctrl,True,,,,,,,,,,100,100
QUALIFIED_B0_ACTUAL,29,CapControl,capbank2b_ctrl,True,,,,,,,,,,101,101
QUALIFIED_B0_ACTUAL,29,CapControl,capbank2c_ctrl,True,,,,,,,,,,102,102
QUALIFIED_B0_ACTUAL,29,CapControl,capbank1a_ctrl,True,,,,,,,,,,100,90
QUALIFIED_B0_ACTUAL,29,CapControl,capbank1b_ctrl,True,,,,,,,,,,101,91
QUALIFIED_B0_ACTUAL,29,CapControl,capbank1c_ctrl,True,,,,,,,,,,102,92
QUALIFIED_B0_ACTUAL,29,CapControl,capbank0a_ctrl,True,,,,,,,,,,100,80
QUALIFIED_B0_ACTUAL,29,CapControl,capbank0b_ctrl,True,,,,,,,,,,101,81
QUALIFIED_B0_ACTUAL,29,CapControl,capbank0c_ctrl,True,,,,,,,,,,102,82
QUALIFIED_B0_ACTUAL,30,RegControl,feeder_rega,True,-2,0.9875,0.9,1.1,False,False,123.5,,,15,
QUALIFIED_B0_ACTUAL,30,RegControl,feeder_regb,True,-2,0.9875,0.9,1.1,False,False,123.5,,,15,
QUALIFIED_B0_ACTUAL,30,RegControl,feeder_regc,True,-2,0.9875,0.9,1.1,False,False,123.5,,,15,
QUALIFIED_B0_ACTUAL,30,RegControl,vreg2_a,True,4,1.025,0.9,1.1,False,False,125.0,,,15,
QUALIFIED_B0_ACTUAL,30,RegControl,vreg2_b,True,4,1.025,0.9,1.1,False,False,125.0,,,15,
QUALIFIED_B0_ACTUAL,30,RegControl,vreg2_c,True,3,1.01875,0.9,1.1,False,False,125.0,,,15,
QUALIFIED_B0_ACTUAL,30,RegControl,vreg3_a,True,5,1.0312500000000002,0.9,1.1,False,False,123.5,,,15,
QUALIFIED_B0_ACTUAL,30,RegControl,vreg3_b,True,4,1.0250000000000001,0.9,1.1,False,False,123.5,,,15,
QUALIFIED_B0_ACTUAL,30,RegControl,vreg3_c,True,1,1.00625,0.9,1.1,False,False,123.5,,,15,
QUALIFIED_B0_ACTUAL,30,RegControl,vreg4_a,True,7,1.0437500000000002,0.9,1.1,False,False,125.0,,,15,
QUALIFIED_B0_ACTUAL,30,RegControl,vreg4_b,True,8,1.0500000000000003,0.9,1.1,False,False,125.0,,,15,
QUALIFIED_B0_ACTUAL,30,RegControl,vreg4_c,True,6,1.0375,0.9,1.1,False,False,125.0,,,15,
QUALIFIED_B0_ACTUAL,30,Capacitor,capbank2a,True,,,,,,,,[0],False,,
QUALIFIED_B0_ACTUAL,30,Capacitor,capbank2b,True,,,,,,,,[0],False,,
QUALIFIED_B0_ACTUAL,30,Capacitor,capbank2c,True,,,,,,,,[0],False,,
QUALIFIED_B0_ACTUAL,30,Capacitor,capbank1a,True,,,,,,,,[0],False,,
QUALIFIED_B0_ACTUAL,30,Capacitor,capbank1b,True,,,,,,,,[0],False,,
QUALIFIED_B0_ACTUAL,30,Capacitor,capbank1c,True,,,,,,,,[0],False,,
QUALIFIED_B0_ACTUAL,30,Capacitor,capbank0a,True,,,,,,,,[1],True,,
QUALIFIED_B0_ACTUAL,30,Capacitor,capbank0b,True,,,,,,,,[1],True,,
QUALIFIED_B0_ACTUAL,30,Capacitor,capbank0c,True,,,,,,,,[1],True,,
QUALIFIED_B0_ACTUAL,30,Capacitor,capbank3,True,,,,,,,,[0],False,,
QUALIFIED_B0_ACTUAL,30,CapControl,capbank2a_ctrl,True,,,,,,,,,,100,100
QUALIFIED_B0_ACTUAL,30,CapControl,capbank2b_ctrl,True,,,,,,,,,,101,101
QUALIFIED_B0_ACTUAL,30,CapControl,capbank2c_ctrl,True,,,,,,,,,,102,102
QUALIFIED_B0_ACTUAL,30,CapControl,capbank1a_ctrl,True,,,,,,,,,,100,90
QUALIFIED_B0_ACTUAL,30,CapControl,capbank1b_ctrl,True,,,,,,,,,,101,91
QUALIFIED_B0_ACTUAL,30,CapControl,capbank1c_ctrl,True,,,,,,,,,,102,92
QUALIFIED_B0_ACTUAL,30,CapControl,capbank0a_ctrl,True,,,,,,,,,,100,80
QUALIFIED_B0_ACTUAL,30,CapControl,capbank0b_ctrl,True,,,,,,,,,,101,81
QUALIFIED_B0_ACTUAL,30,CapControl,capbank0c_ctrl,True,,,,,,,,,,102,82
QUALIFIED_B0_ACTUAL,31,RegControl,feeder_rega,True,-2,0.9875,0.9,1.1,False,False,123.5,,,15,
QUALIFIED_B0_ACTUAL,31,RegControl,feeder_regb,True,-2,0.9875,0.9,1.1,False,False,123.5,,,15,
QUALIFIED_B0_ACTUAL,31,RegControl,feeder_regc,True,-2,0.9875,0.9,1.1,False,False,123.5,,,15,
QUALIFIED_B0_ACTUAL,31,RegControl,vreg2_a,True,4,1.025,0.9,1.1,False,False,125.0,,,15,
QUALIFIED_B0_ACTUAL,31,RegControl,vreg2_b,True,4,1.025,0.9,1.1,False,False,125.0,,,15,
QUALIFIED_B0_ACTUAL,31,RegControl,vreg2_c,True,3,1.01875,0.9,1.1,False,False,125.0,,,15,
QUALIFIED_B0_ACTUAL,31,RegControl,vreg3_a,True,5,1.0312500000000002,0.9,1.1,False,False,123.5,,,15,
QUALIFIED_B0_ACTUAL,31,RegControl,vreg3_b,True,4,1.0250000000000001,0.9,1.1,False,False,123.5,,,15,
QUALIFIED_B0_ACTUAL,31,RegControl,vreg3_c,True,1,1.00625,0.9,1.1,False,False,123.5,,,15,
QUALIFIED_B0_ACTUAL,31,RegControl,vreg4_a,True,7,1.0437500000000002,0.9,1.1,False,False,125.0,,,15,
QUALIFIED_B0_ACTUAL,31,RegControl,vreg4_b,True,8,1.0500000000000003,0.9,1.1,False,False,125.0,,,15,
QUALIFIED_B0_ACTUAL,31,RegControl,vreg4_c,True,6,1.0375,0.9,1.1,False,False,125.0,,,15,
QUALIFIED_B0_ACTUAL,31,Capacitor,capbank2a,True,,,,,,,,[0],False,,
QUALIFIED_B0_ACTUAL,31,Capacitor,capbank2b,True,,,,,,,,[0],False,,
QUALIFIED_B0_ACTUAL,31,Capacitor,capbank2c,True,,,,,,,,[0],False,,
QUALIFIED_B0_ACTUAL,31,Capacitor,capbank1a,True,,,,,,,,[0],False,,
QUALIFIED_B0_ACTUAL,31,Capacitor,capbank1b,True,,,,,,,,[0],False,,
QUALIFIED_B0_ACTUAL,31,Capacitor,capbank1c,True,,,,,,,,[0],False,,
QUALIFIED_B0_ACTUAL,31,Capacitor,capbank0a,True,,,,,,,,[1],True,,
QUALIFIED_B0_ACTUAL,31,Capacitor,capbank0b,True,,,,,,,,[1],True,,
QUALIFIED_B0_ACTUAL,31,Capacitor,capbank0c,True,,,,,,,,[1],True,,
QUALIFIED_B0_ACTUAL,31,Capacitor,capbank3,True,,,,,,,,[0],False,,
QUALIFIED_B0_ACTUAL,31,CapControl,capbank2a_ctrl,True,,,,,,,,,,100,100
QUALIFIED_B0_ACTUAL,31,CapControl,capbank2b_ctrl,True,,,,,,,,,,101,101
QUALIFIED_B0_ACTUAL,31,CapControl,capbank2c_ctrl,True,,,,,,,,,,102,102
QUALIFIED_B0_ACTUAL,31,CapControl,capbank1a_ctrl,True,,,,,,,,,,100,90
QUALIFIED_B0_ACTUAL,31,CapControl,capbank1b_ctrl,True,,,,,,,,,,101,91
QUALIFIED_B0_ACTUAL,31,CapControl,capbank1c_ctrl,True,,,,,,,,,,102,92
QUALIFIED_B0_ACTUAL,31,CapControl,capbank0a_ctrl,True,,,,,,,,,,100,80
QUALIFIED_B0_ACTUAL,31,CapControl,capbank0b_ctrl,True,,,,,,,,,,101,81
QUALIFIED_B0_ACTUAL,31,CapControl,capbank0c_ctrl,True,,,,,,,,,,102,82
QUALIFIED_B0_ACTUAL,32,RegControl,feeder_rega,True,-2,0.9875,0.9,1.1,False,False,123.5,,,15,
QUALIFIED_B0_ACTUAL,32,RegControl,feeder_regb,True,-2,0.9875,0.9,1.1,False,False,123.5,,,15,
QUALIFIED_B0_ACTUAL,32,RegControl,feeder_regc,True,-2,0.9875,0.9,1.1,False,False,123.5,,,15,
QUALIFIED_B0_ACTUAL,32,RegControl,vreg2_a,True,4,1.025,0.9,1.1,False,False,125.0,,,15,
QUALIFIED_B0_ACTUAL,32,RegControl,vreg2_b,True,4,1.025,0.9,1.1,False,False,125.0,,,15,
QUALIFIED_B0_ACTUAL,32,RegControl,vreg2_c,True,3,1.01875,0.9,1.1,False,False,125.0,,,15,
QUALIFIED_B0_ACTUAL,32,RegControl,vreg3_a,True,5,1.0312500000000002,0.9,1.1,False,False,123.5,,,15,
QUALIFIED_B0_ACTUAL,32,RegControl,vreg3_b,True,4,1.0250000000000001,0.9,1.1,False,False,123.5,,,15,
QUALIFIED_B0_ACTUAL,32,RegControl,vreg3_c,True,1,1.00625,0.9,1.1,False,False,123.5,,,15,
QUALIFIED_B0_ACTUAL,32,RegControl,vreg4_a,True,7,1.0437500000000002,0.9,1.1,False,False,125.0,,,15,
QUALIFIED_B0_ACTUAL,32,RegControl,vreg4_b,True,8,1.0500000000000003,0.9,1.1,False,False,125.0,,,15,
QUALIFIED_B0_ACTUAL,32,RegControl,vreg4_c,True,6,1.0375,0.9,1.1,False,False,125.0,,,15,
QUALIFIED_B0_ACTUAL,32,Capacitor,capbank2a,True,,,,,,,,[0],False,,
QUALIFIED_B0_ACTUAL,32,Capacitor,capbank2b,True,,,,,,,,[0],False,,
QUALIFIED_B0_ACTUAL,32,Capacitor,capbank2c,True,,,,,,,,[0],False,,
QUALIFIED_B0_ACTUAL,32,Capacitor,capbank1a,True,,,,,,,,[0],False,,
QUALIFIED_B0_ACTUAL,32,Capacitor,capbank1b,True,,,,,,,,[0],False,,
QUALIFIED_B0_ACTUAL,32,Capacitor,capbank1c,True,,,,,,,,[0],False,,
QUALIFIED_B0_ACTUAL,32,Capacitor,capbank0a,True,,,,,,,,[1],True,,
QUALIFIED_B0_ACTUAL,32,Capacitor,capbank0b,True,,,,,,,,[1],True,,
QUALIFIED_B0_ACTUAL,32,Capacitor,capbank0c,True,,,,,,,,[1],True,,
QUALIFIED_B0_ACTUAL,32,Capacitor,capbank3,True,,,,,,,,[0],False,,
QUALIFIED_B0_ACTUAL,32,CapControl,capbank2a_ctrl,True,,,,,,,,,,100,100
QUALIFIED_B0_ACTUAL,32,CapControl,capbank2b_ctrl,True,,,,,,,,,,101,101
QUALIFIED_B0_ACTUAL,32,CapControl,capbank2c_ctrl,True,,,,,,,,,,102,102
QUALIFIED_B0_ACTUAL,32,CapControl,capbank1a_ctrl,True,,,,,,,,,,100,90
QUALIFIED_B0_ACTUAL,32,CapControl,capbank1b_ctrl,True,,,,,,,,,,101,91
QUALIFIED_B0_ACTUAL,32,CapControl,capbank1c_ctrl,True,,,,,,,,,,102,92
QUALIFIED_B0_ACTUAL,32,CapControl,capbank0a_ctrl,True,,,,,,,,,,100,80
QUALIFIED_B0_ACTUAL,32,CapControl,capbank0b_ctrl,True,,,,,,,,,,101,81
QUALIFIED_B0_ACTUAL,32,CapControl,capbank0c_ctrl,True,,,,,,,,,,102,82
QUALIFIED_B0_ACTUAL,33,RegControl,feeder_rega,True,-2,0.9875,0.9,1.1,False,False,123.5,,,15,
QUALIFIED_B0_ACTUAL,33,RegControl,feeder_regb,True,-2,0.9875,0.9,1.1,False,False,123.5,,,15,
QUALIFIED_B0_ACTUAL,33,RegControl,feeder_regc,True,-2,0.9875,0.9,1.1,False,False,123.5,,,15,
QUALIFIED_B0_ACTUAL,33,RegControl,vreg2_a,True,4,1.025,0.9,1.1,False,False,125.0,,,15,
QUALIFIED_B0_ACTUAL,33,RegControl,vreg2_b,True,4,1.025,0.9,1.1,False,False,125.0,,,15,
QUALIFIED_B0_ACTUAL,33,RegControl,vreg2_c,True,3,1.01875,0.9,1.1,False,False,125.0,,,15,
QUALIFIED_B0_ACTUAL,33,RegControl,vreg3_a,True,5,1.0312500000000002,0.9,1.1,False,False,123.5,,,15,
QUALIFIED_B0_ACTUAL,33,RegControl,vreg3_b,True,4,1.0250000000000001,0.9,1.1,False,False,123.5,,,15,
QUALIFIED_B0_ACTUAL,33,RegControl,vreg3_c,True,1,1.00625,0.9,1.1,False,False,123.5,,,15,
QUALIFIED_B0_ACTUAL,33,RegControl,vreg4_a,True,7,1.0437500000000002,0.9,1.1,False,False,125.0,,,15,
QUALIFIED_B0_ACTUAL,33,RegControl,vreg4_b,True,8,1.0500000000000003,0.9,1.1,False,False,125.0,,,15,
QUALIFIED_B0_ACTUAL,33,RegControl,vreg4_c,True,6,1.0375,0.9,1.1,False,False,125.0,,,15,
QUALIFIED_B0_ACTUAL,33,Capacitor,capbank2a,True,,,,,,,,[0],False,,
QUALIFIED_B0_ACTUAL,33,Capacitor,capbank2b,True,,,,,,,,[0],False,,
QUALIFIED_B0_ACTUAL,33,Capacitor,capbank2c,True,,,,,,,,[0],False,,
QUALIFIED_B0_ACTUAL,33,Capacitor,capbank1a,True,,,,,,,,[0],False,,
QUALIFIED_B0_ACTUAL,33,Capacitor,capbank1b,True,,,,,,,,[0],False,,
QUALIFIED_B0_ACTUAL,33,Capacitor,capbank1c,True,,,,,,,,[0],False,,
QUALIFIED_B0_ACTUAL,33,Capacitor,capbank0a,True,,,,,,,,[1],True,,
QUALIFIED_B0_ACTUAL,33,Capacitor,capbank0b,True,,,,,,,,[1],True,,
QUALIFIED_B0_ACTUAL,33,Capacitor,capbank0c,True,,,,,,,,[1],True,,
QUALIFIED_B0_ACTUAL,33,Capacitor,capbank3,True,,,,,,,,[0],False,,
QUALIFIED_B0_ACTUAL,33,CapControl,capbank2a_ctrl,True,,,,,,,,,,100,100
QUALIFIED_B0_ACTUAL,33,CapControl,capbank2b_ctrl,True,,,,,,,,,,101,101
QUALIFIED_B0_ACTUAL,33,CapControl,capbank2c_ctrl,True,,,,,,,,,,102,102
QUALIFIED_B0_ACTUAL,33,CapControl,capbank1a_ctrl,True,,,,,,,,,,100,90
QUALIFIED_B0_ACTUAL,33,CapControl,capbank1b_ctrl,True,,,,,,,,,,101,91
QUALIFIED_B0_ACTUAL,33,CapControl,capbank1c_ctrl,True,,,,,,,,,,102,92
QUALIFIED_B0_ACTUAL,33,CapControl,capbank0a_ctrl,True,,,,,,,,,,100,80
QUALIFIED_B0_ACTUAL,33,CapControl,capbank0b_ctrl,True,,,,,,,,,,101,81
QUALIFIED_B0_ACTUAL,33,CapControl,capbank0c_ctrl,True,,,,,,,,,,102,82
QUALIFIED_B0_ACTUAL,34,RegControl,feeder_rega,True,-2,0.9875,0.9,1.1,False,False,123.5,,,15,
QUALIFIED_B0_ACTUAL,34,RegControl,feeder_regb,True,-2,0.9875,0.9,1.1,False,False,123.5,,,15,
QUALIFIED_B0_ACTUAL,34,RegControl,feeder_regc,True,-2,0.9875,0.9,1.1,False,False,123.5,,,15,
QUALIFIED_B0_ACTUAL,34,RegControl,vreg2_a,True,4,1.025,0.9,1.1,False,False,125.0,,,15,
QUALIFIED_B0_ACTUAL,34,RegControl,vreg2_b,True,4,1.025,0.9,1.1,False,False,125.0,,,15,
QUALIFIED_B0_ACTUAL,34,RegControl,vreg2_c,True,3,1.01875,0.9,1.1,False,False,125.0,,,15,
QUALIFIED_B0_ACTUAL,34,RegControl,vreg3_a,True,5,1.0312500000000002,0.9,1.1,False,False,123.5,,,15,
QUALIFIED_B0_ACTUAL,34,RegControl,vreg3_b,True,4,1.0250000000000001,0.9,1.1,False,False,123.5,,,15,
QUALIFIED_B0_ACTUAL,34,RegControl,vreg3_c,True,1,1.00625,0.9,1.1,False,False,123.5,,,15,
QUALIFIED_B0_ACTUAL,34,RegControl,vreg4_a,True,7,1.0437500000000002,0.9,1.1,False,False,125.0,,,15,
QUALIFIED_B0_ACTUAL,34,RegControl,vreg4_b,True,8,1.0500000000000003,0.9,1.1,False,False,125.0,,,15,
QUALIFIED_B0_ACTUAL,34,RegControl,vreg4_c,True,6,1.0375,0.9,1.1,False,False,125.0,,,15,
QUALIFIED_B0_ACTUAL,34,Capacitor,capbank2a,True,,,,,,,,[0],False,,
QUALIFIED_B0_ACTUAL,34,Capacitor,capbank2b,True,,,,,,,,[0],False,,
QUALIFIED_B0_ACTUAL,34,Capacitor,capbank2c,True,,,,,,,,[0],False,,
QUALIFIED_B0_ACTUAL,34,Capacitor,capbank1a,True,,,,,,,,[0],False,,
QUALIFIED_B0_ACTUAL,34,Capacitor,capbank1b,True,,,,,,,,[0],False,,
QUALIFIED_B0_ACTUAL,34,Capacitor,capbank1c,True,,,,,,,,[0],False,,
QUALIFIED_B0_ACTUAL,34,Capacitor,capbank0a,True,,,,,,,,[1],True,,
QUALIFIED_B0_ACTUAL,34,Capacitor,capbank0b,True,,,,,,,,[1],True,,
QUALIFIED_B0_ACTUAL,34,Capacitor,capbank0c,True,,,,,,,,[1],True,,
QUALIFIED_B0_ACTUAL,34,Capacitor,capbank3,True,,,,,,,,[0],False,,
QUALIFIED_B0_ACTUAL,34,CapControl,capbank2a_ctrl,True,,,,,,,,,,100,100
QUALIFIED_B0_ACTUAL,34,CapControl,capbank2b_ctrl,True,,,,,,,,,,101,101
QUALIFIED_B0_ACTUAL,34,CapControl,capbank2c_ctrl,True,,,,,,,,,,102,102
QUALIFIED_B0_ACTUAL,34,CapControl,capbank1a_ctrl,True,,,,,,,,,,100,90
QUALIFIED_B0_ACTUAL,34,CapControl,capbank1b_ctrl,True,,,,,,,,,,101,91
QUALIFIED_B0_ACTUAL,34,CapControl,capbank1c_ctrl,True,,,,,,,,,,102,92
QUALIFIED_B0_ACTUAL,34,CapControl,capbank0a_ctrl,True,,,,,,,,,,100,80
QUALIFIED_B0_ACTUAL,34,CapControl,capbank0b_ctrl,True,,,,,,,,,,101,81
QUALIFIED_B0_ACTUAL,34,CapControl,capbank0c_ctrl,True,,,,,,,,,,102,82
QUALIFIED_B0_ACTUAL,35,RegControl,feeder_rega,True,-2,0.9875,0.9,1.1,False,False,123.5,,,15,
QUALIFIED_B0_ACTUAL,35,RegControl,feeder_regb,True,-2,0.9875,0.9,1.1,False,False,123.5,,,15,
QUALIFIED_B0_ACTUAL,35,RegControl,feeder_regc,True,-2,0.9875,0.9,1.1,False,False,123.5,,,15,
QUALIFIED_B0_ACTUAL,35,RegControl,vreg2_a,True,3,1.0187499999999998,0.9,1.1,False,False,125.0,,,15,
QUALIFIED_B0_ACTUAL,35,RegControl,vreg2_b,True,3,1.0187499999999998,0.9,1.1,False,False,125.0,,,15,
QUALIFIED_B0_ACTUAL,35,RegControl,vreg2_c,True,3,1.01875,0.9,1.1,False,False,125.0,,,15,
QUALIFIED_B0_ACTUAL,35,RegControl,vreg3_a,True,5,1.0312500000000002,0.9,1.1,False,False,123.5,,,15,
QUALIFIED_B0_ACTUAL,35,RegControl,vreg3_b,True,4,1.0250000000000001,0.9,1.1,False,False,123.5,,,15,
QUALIFIED_B0_ACTUAL,35,RegControl,vreg3_c,True,1,1.00625,0.9,1.1,False,False,123.5,,,15,
QUALIFIED_B0_ACTUAL,35,RegControl,vreg4_a,True,7,1.0437500000000002,0.9,1.1,False,False,125.0,,,15,
QUALIFIED_B0_ACTUAL,35,RegControl,vreg4_b,True,8,1.0500000000000003,0.9,1.1,False,False,125.0,,,15,
QUALIFIED_B0_ACTUAL,35,RegControl,vreg4_c,True,6,1.0375,0.9,1.1,False,False,125.0,,,15,
QUALIFIED_B0_ACTUAL,35,Capacitor,capbank2a,True,,,,,,,,[0],False,,
QUALIFIED_B0_ACTUAL,35,Capacitor,capbank2b,True,,,,,,,,[0],False,,
QUALIFIED_B0_ACTUAL,35,Capacitor,capbank2c,True,,,,,,,,[0],False,,
QUALIFIED_B0_ACTUAL,35,Capacitor,capbank1a,True,,,,,,,,[0],False,,
QUALIFIED_B0_ACTUAL,35,Capacitor,capbank1b,True,,,,,,,,[0],False,,
QUALIFIED_B0_ACTUAL,35,Capacitor,capbank1c,True,,,,,,,,[0],False,,
QUALIFIED_B0_ACTUAL,35,Capacitor,capbank0a,True,,,,,,,,[1],True,,
QUALIFIED_B0_ACTUAL,35,Capacitor,capbank0b,True,,,,,,,,[1],True,,
QUALIFIED_B0_ACTUAL,35,Capacitor,capbank0c,True,,,,,,,,[1],True,,
QUALIFIED_B0_ACTUAL,35,Capacitor,capbank3,True,,,,,,,,[0],False,,
QUALIFIED_B0_ACTUAL,35,CapControl,capbank2a_ctrl,True,,,,,,,,,,100,100
QUALIFIED_B0_ACTUAL,35,CapControl,capbank2b_ctrl,True,,,,,,,,,,101,101
QUALIFIED_B0_ACTUAL,35,CapControl,capbank2c_ctrl,True,,,,,,,,,,102,102
QUALIFIED_B0_ACTUAL,35,CapControl,capbank1a_ctrl,True,,,,,,,,,,100,90
QUALIFIED_B0_ACTUAL,35,CapControl,capbank1b_ctrl,True,,,,,,,,,,101,91
QUALIFIED_B0_ACTUAL,35,CapControl,capbank1c_ctrl,True,,,,,,,,,,102,92
QUALIFIED_B0_ACTUAL,35,CapControl,capbank0a_ctrl,True,,,,,,,,,,100,80
QUALIFIED_B0_ACTUAL,35,CapControl,capbank0b_ctrl,True,,,,,,,,,,101,81
QUALIFIED_B0_ACTUAL,35,CapControl,capbank0c_ctrl,True,,,,,,,,,,102,82
QUALIFIED_B0_ACTUAL,36,RegControl,feeder_rega,True,-2,0.9875,0.9,1.1,False,False,123.5,,,15,
QUALIFIED_B0_ACTUAL,36,RegControl,feeder_regb,True,-2,0.9875,0.9,1.1,False,False,123.5,,,15,
QUALIFIED_B0_ACTUAL,36,RegControl,feeder_regc,True,-2,0.9875,0.9,1.1,False,False,123.5,,,15,
QUALIFIED_B0_ACTUAL,36,RegControl,vreg2_a,True,3,1.0187499999999998,0.9,1.1,False,False,125.0,,,15,
QUALIFIED_B0_ACTUAL,36,RegControl,vreg2_b,True,3,1.0187499999999998,0.9,1.1,False,False,125.0,,,15,
QUALIFIED_B0_ACTUAL,36,RegControl,vreg2_c,True,3,1.01875,0.9,1.1,False,False,125.0,,,15,
QUALIFIED_B0_ACTUAL,36,RegControl,vreg3_a,True,5,1.0312500000000002,0.9,1.1,False,False,123.5,,,15,
QUALIFIED_B0_ACTUAL,36,RegControl,vreg3_b,True,4,1.0250000000000001,0.9,1.1,False,False,123.5,,,15,
QUALIFIED_B0_ACTUAL,36,RegControl,vreg3_c,True,1,1.00625,0.9,1.1,False,False,123.5,,,15,
QUALIFIED_B0_ACTUAL,36,RegControl,vreg4_a,True,7,1.0437500000000002,0.9,1.1,False,False,125.0,,,15,
QUALIFIED_B0_ACTUAL,36,RegControl,vreg4_b,True,8,1.0500000000000003,0.9,1.1,False,False,125.0,,,15,
QUALIFIED_B0_ACTUAL,36,RegControl,vreg4_c,True,6,1.0375,0.9,1.1,False,False,125.0,,,15,
QUALIFIED_B0_ACTUAL,36,Capacitor,capbank2a,True,,,,,,,,[0],False,,
QUALIFIED_B0_ACTUAL,36,Capacitor,capbank2b,True,,,,,,,,[0],False,,
QUALIFIED_B0_ACTUAL,36,Capacitor,capbank2c,True,,,,,,,,[0],False,,
QUALIFIED_B0_ACTUAL,36,Capacitor,capbank1a,True,,,,,,,,[0],False,,
QUALIFIED_B0_ACTUAL,36,Capacitor,capbank1b,True,,,,,,,,[0],False,,
QUALIFIED_B0_ACTUAL,36,Capacitor,capbank1c,True,,,,,,,,[0],False,,
QUALIFIED_B0_ACTUAL,36,Capacitor,capbank0a,True,,,,,,,,[1],True,,
QUALIFIED_B0_ACTUAL,36,Capacitor,capbank0b,True,,,,,,,,[1],True,,
QUALIFIED_B0_ACTUAL,36,Capacitor,capbank0c,True,,,,,,,,[1],True,,
QUALIFIED_B0_ACTUAL,36,Capacitor,capbank3,True,,,,,,,,[0],False,,
QUALIFIED_B0_ACTUAL,36,CapControl,capbank2a_ctrl,True,,,,,,,,,,100,100
QUALIFIED_B0_ACTUAL,36,CapControl,capbank2b_ctrl,True,,,,,,,,,,101,101
QUALIFIED_B0_ACTUAL,36,CapControl,capbank2c_ctrl,True,,,,,,,,,,102,102
QUALIFIED_B0_ACTUAL,36,CapControl,capbank1a_ctrl,True,,,,,,,,,,100,90
QUALIFIED_B0_ACTUAL,36,CapControl,capbank1b_ctrl,True,,,,,,,,,,101,91
QUALIFIED_B0_ACTUAL,36,CapControl,capbank1c_ctrl,True,,,,,,,,,,102,92
QUALIFIED_B0_ACTUAL,36,CapControl,capbank0a_ctrl,True,,,,,,,,,,100,80
QUALIFIED_B0_ACTUAL,36,CapControl,capbank0b_ctrl,True,,,,,,,,,,101,81
QUALIFIED_B0_ACTUAL,36,CapControl,capbank0c_ctrl,True,,,,,,,,,,102,82
QUALIFIED_B0_ACTUAL,37,RegControl,feeder_rega,True,-2,0.9875,0.9,1.1,False,False,123.5,,,15,
QUALIFIED_B0_ACTUAL,37,RegControl,feeder_regb,True,-2,0.9875,0.9,1.1,False,False,123.5,,,15,
QUALIFIED_B0_ACTUAL,37,RegControl,feeder_regc,True,-2,0.9875,0.9,1.1,False,False,123.5,,,15,
QUALIFIED_B0_ACTUAL,37,RegControl,vreg2_a,True,2,1.0124999999999997,0.9,1.1,False,False,125.0,,,15,
QUALIFIED_B0_ACTUAL,37,RegControl,vreg2_b,True,3,1.0187499999999998,0.9,1.1,False,False,125.0,,,15,
QUALIFIED_B0_ACTUAL,37,RegControl,vreg2_c,True,3,1.01875,0.9,1.1,False,False,125.0,,,15,
QUALIFIED_B0_ACTUAL,37,RegControl,vreg3_a,True,5,1.0312500000000002,0.9,1.1,False,False,123.5,,,15,
QUALIFIED_B0_ACTUAL,37,RegControl,vreg3_b,True,4,1.0250000000000001,0.9,1.1,False,False,123.5,,,15,
QUALIFIED_B0_ACTUAL,37,RegControl,vreg3_c,True,1,1.00625,0.9,1.1,False,False,123.5,,,15,
QUALIFIED_B0_ACTUAL,37,RegControl,vreg4_a,True,7,1.0437500000000002,0.9,1.1,False,False,125.0,,,15,
QUALIFIED_B0_ACTUAL,37,RegControl,vreg4_b,True,8,1.0500000000000003,0.9,1.1,False,False,125.0,,,15,
QUALIFIED_B0_ACTUAL,37,RegControl,vreg4_c,True,6,1.0375,0.9,1.1,False,False,125.0,,,15,
QUALIFIED_B0_ACTUAL,37,Capacitor,capbank2a,True,,,,,,,,[0],False,,
QUALIFIED_B0_ACTUAL,37,Capacitor,capbank2b,True,,,,,,,,[0],False,,
QUALIFIED_B0_ACTUAL,37,Capacitor,capbank2c,True,,,,,,,,[0],False,,
QUALIFIED_B0_ACTUAL,37,Capacitor,capbank1a,True,,,,,,,,[0],False,,
QUALIFIED_B0_ACTUAL,37,Capacitor,capbank1b,True,,,,,,,,[0],False,,
QUALIFIED_B0_ACTUAL,37,Capacitor,capbank1c,True,,,,,,,,[0],False,,
QUALIFIED_B0_ACTUAL,37,Capacitor,capbank0a,True,,,,,,,,[1],True,,
QUALIFIED_B0_ACTUAL,37,Capacitor,capbank0b,True,,,,,,,,[1],True,,
QUALIFIED_B0_ACTUAL,37,Capacitor,capbank0c,True,,,,,,,,[1],True,,
QUALIFIED_B0_ACTUAL,37,Capacitor,capbank3,True,,,,,,,,[0],False,,
QUALIFIED_B0_ACTUAL,37,CapControl,capbank2a_ctrl,True,,,,,,,,,,100,100
QUALIFIED_B0_ACTUAL,37,CapControl,capbank2b_ctrl,True,,,,,,,,,,101,101
QUALIFIED_B0_ACTUAL,37,CapControl,capbank2c_ctrl,True,,,,,,,,,,102,102
QUALIFIED_B0_ACTUAL,37,CapControl,capbank1a_ctrl,True,,,,,,,,,,100,90
QUALIFIED_B0_ACTUAL,37,CapControl,capbank1b_ctrl,True,,,,,,,,,,101,91
QUALIFIED_B0_ACTUAL,37,CapControl,capbank1c_ctrl,True,,,,,,,,,,102,92
QUALIFIED_B0_ACTUAL,37,CapControl,capbank0a_ctrl,True,,,,,,,,,,100,80
QUALIFIED_B0_ACTUAL,37,CapControl,capbank0b_ctrl,True,,,,,,,,,,101,81
QUALIFIED_B0_ACTUAL,37,CapControl,capbank0c_ctrl,True,,,,,,,,,,102,82
QUALIFIED_B0_ACTUAL,38,RegControl,feeder_rega,True,-2,0.9875,0.9,1.1,False,False,123.5,,,15,
QUALIFIED_B0_ACTUAL,38,RegControl,feeder_regb,True,-2,0.9875,0.9,1.1,False,False,123.5,,,15,
QUALIFIED_B0_ACTUAL,38,RegControl,feeder_regc,True,-2,0.9875,0.9,1.1,False,False,123.5,,,15,
QUALIFIED_B0_ACTUAL,38,RegControl,vreg2_a,True,2,1.0124999999999997,0.9,1.1,False,False,125.0,,,15,
QUALIFIED_B0_ACTUAL,38,RegControl,vreg2_b,True,2,1.0124999999999997,0.9,1.1,False,False,125.0,,,15,
QUALIFIED_B0_ACTUAL,38,RegControl,vreg2_c,True,3,1.01875,0.9,1.1,False,False,125.0,,,15,
QUALIFIED_B0_ACTUAL,38,RegControl,vreg3_a,True,4,1.0250000000000001,0.9,1.1,False,False,123.5,,,15,
QUALIFIED_B0_ACTUAL,38,RegControl,vreg3_b,True,4,1.0250000000000001,0.9,1.1,False,False,123.5,,,15,
QUALIFIED_B0_ACTUAL,38,RegControl,vreg3_c,True,1,1.00625,0.9,1.1,False,False,123.5,,,15,
QUALIFIED_B0_ACTUAL,38,RegControl,vreg4_a,True,7,1.0437500000000002,0.9,1.1,False,False,125.0,,,15,
QUALIFIED_B0_ACTUAL,38,RegControl,vreg4_b,True,8,1.0500000000000003,0.9,1.1,False,False,125.0,,,15,
QUALIFIED_B0_ACTUAL,38,RegControl,vreg4_c,True,6,1.0375,0.9,1.1,False,False,125.0,,,15,
QUALIFIED_B0_ACTUAL,38,Capacitor,capbank2a,True,,,,,,,,[0],False,,
QUALIFIED_B0_ACTUAL,38,Capacitor,capbank2b,True,,,,,,,,[0],False,,
QUALIFIED_B0_ACTUAL,38,Capacitor,capbank2c,True,,,,,,,,[0],False,,
QUALIFIED_B0_ACTUAL,38,Capacitor,capbank1a,True,,,,,,,,[0],False,,
QUALIFIED_B0_ACTUAL,38,Capacitor,capbank1b,True,,,,,,,,[0],False,,
QUALIFIED_B0_ACTUAL,38,Capacitor,capbank1c,True,,,,,,,,[0],False,,
QUALIFIED_B0_ACTUAL,38,Capacitor,capbank0a,True,,,,,,,,[1],True,,
QUALIFIED_B0_ACTUAL,38,Capacitor,capbank0b,True,,,,,,,,[1],True,,
QUALIFIED_B0_ACTUAL,38,Capacitor,capbank0c,True,,,,,,,,[1],True,,
QUALIFIED_B0_ACTUAL,38,Capacitor,capbank3,True,,,,,,,,[0],False,,
QUALIFIED_B0_ACTUAL,38,CapControl,capbank2a_ctrl,True,,,,,,,,,,100,100
QUALIFIED_B0_ACTUAL,38,CapControl,capbank2b_ctrl,True,,,,,,,,,,101,101
QUALIFIED_B0_ACTUAL,38,CapControl,capbank2c_ctrl,True,,,,,,,,,,102,102
QUALIFIED_B0_ACTUAL,38,CapControl,capbank1a_ctrl,True,,,,,,,,,,100,90
QUALIFIED_B0_ACTUAL,38,CapControl,capbank1b_ctrl,True,,,,,,,,,,101,91
QUALIFIED_B0_ACTUAL,38,CapControl,capbank1c_ctrl,True,,,,,,,,,,102,92
QUALIFIED_B0_ACTUAL,38,CapControl,capbank0a_ctrl,True,,,,,,,,,,100,80
QUALIFIED_B0_ACTUAL,38,CapControl,capbank0b_ctrl,True,,,,,,,,,,101,81
QUALIFIED_B0_ACTUAL,38,CapControl,capbank0c_ctrl,True,,,,,,,,,,102,82
QUALIFIED_B0_ACTUAL,39,RegControl,feeder_rega,True,-2,0.9875,0.9,1.1,False,False,123.5,,,15,
QUALIFIED_B0_ACTUAL,39,RegControl,feeder_regb,True,-2,0.9875,0.9,1.1,False,False,123.5,,,15,
QUALIFIED_B0_ACTUAL,39,RegControl,feeder_regc,True,-2,0.9875,0.9,1.1,False,False,123.5,,,15,
QUALIFIED_B0_ACTUAL,39,RegControl,vreg2_a,True,2,1.0124999999999997,0.9,1.1,False,False,125.0,,,15,
QUALIFIED_B0_ACTUAL,39,RegControl,vreg2_b,True,2,1.0124999999999997,0.9,1.1,False,False,125.0,,,15,
QUALIFIED_B0_ACTUAL,39,RegControl,vreg2_c,True,3,1.01875,0.9,1.1,False,False,125.0,,,15,
QUALIFIED_B0_ACTUAL,39,RegControl,vreg3_a,True,4,1.0250000000000001,0.9,1.1,False,False,123.5,,,15,
QUALIFIED_B0_ACTUAL,39,RegControl,vreg3_b,True,4,1.0250000000000001,0.9,1.1,False,False,123.5,,,15,
QUALIFIED_B0_ACTUAL,39,RegControl,vreg3_c,True,1,1.00625,0.9,1.1,False,False,123.5,,,15,
QUALIFIED_B0_ACTUAL,39,RegControl,vreg4_a,True,7,1.0437500000000002,0.9,1.1,False,False,125.0,,,15,
QUALIFIED_B0_ACTUAL,39,RegControl,vreg4_b,True,7,1.0437500000000002,0.9,1.1,False,False,125.0,,,15,
QUALIFIED_B0_ACTUAL,39,RegControl,vreg4_c,True,6,1.0375,0.9,1.1,False,False,125.0,,,15,
QUALIFIED_B0_ACTUAL,39,Capacitor,capbank2a,True,,,,,,,,[0],False,,
QUALIFIED_B0_ACTUAL,39,Capacitor,capbank2b,True,,,,,,,,[0],False,,
QUALIFIED_B0_ACTUAL,39,Capacitor,capbank2c,True,,,,,,,,[0],False,,
QUALIFIED_B0_ACTUAL,39,Capacitor,capbank1a,True,,,,,,,,[0],False,,
QUALIFIED_B0_ACTUAL,39,Capacitor,capbank1b,True,,,,,,,,[0],False,,
QUALIFIED_B0_ACTUAL,39,Capacitor,capbank1c,True,,,,,,,,[0],False,,
QUALIFIED_B0_ACTUAL,39,Capacitor,capbank0a,True,,,,,,,,[1],True,,
QUALIFIED_B0_ACTUAL,39,Capacitor,capbank0b,True,,,,,,,,[1],True,,
QUALIFIED_B0_ACTUAL,39,Capacitor,capbank0c,True,,,,,,,,[1],True,,
QUALIFIED_B0_ACTUAL,39,Capacitor,capbank3,True,,,,,,,,[0],False,,
QUALIFIED_B0_ACTUAL,39,CapControl,capbank2a_ctrl,True,,,,,,,,,,100,100
QUALIFIED_B0_ACTUAL,39,CapControl,capbank2b_ctrl,True,,,,,,,,,,101,101
QUALIFIED_B0_ACTUAL,39,CapControl,capbank2c_ctrl,True,,,,,,,,,,102,102
QUALIFIED_B0_ACTUAL,39,CapControl,capbank1a_ctrl,True,,,,,,,,,,100,90
QUALIFIED_B0_ACTUAL,39,CapControl,capbank1b_ctrl,True,,,,,,,,,,101,91
QUALIFIED_B0_ACTUAL,39,CapControl,capbank1c_ctrl,True,,,,,,,,,,102,92
QUALIFIED_B0_ACTUAL,39,CapControl,capbank0a_ctrl,True,,,,,,,,,,100,80
QUALIFIED_B0_ACTUAL,39,CapControl,capbank0b_ctrl,True,,,,,,,,,,101,81
QUALIFIED_B0_ACTUAL,39,CapControl,capbank0c_ctrl,True,,,,,,,,,,102,82
QUALIFIED_B0_ACTUAL,40,RegControl,feeder_rega,True,-2,0.9875,0.9,1.1,False,False,123.5,,,15,
QUALIFIED_B0_ACTUAL,40,RegControl,feeder_regb,True,-2,0.9875,0.9,1.1,False,False,123.5,,,15,
QUALIFIED_B0_ACTUAL,40,RegControl,feeder_regc,True,-2,0.9875,0.9,1.1,False,False,123.5,,,15,
QUALIFIED_B0_ACTUAL,40,RegControl,vreg2_a,True,2,1.0124999999999997,0.9,1.1,False,False,125.0,,,15,
QUALIFIED_B0_ACTUAL,40,RegControl,vreg2_b,True,2,1.0124999999999997,0.9,1.1,False,False,125.0,,,15,
QUALIFIED_B0_ACTUAL,40,RegControl,vreg2_c,True,3,1.01875,0.9,1.1,False,False,125.0,,,15,
QUALIFIED_B0_ACTUAL,40,RegControl,vreg3_a,True,3,1.01875,0.9,1.1,False,False,123.5,,,15,
QUALIFIED_B0_ACTUAL,40,RegControl,vreg3_b,True,3,1.01875,0.9,1.1,False,False,123.5,,,15,
QUALIFIED_B0_ACTUAL,40,RegControl,vreg3_c,True,1,1.00625,0.9,1.1,False,False,123.5,,,15,
QUALIFIED_B0_ACTUAL,40,RegControl,vreg4_a,True,6,1.0375,0.9,1.1,False,False,125.0,,,15,
QUALIFIED_B0_ACTUAL,40,RegControl,vreg4_b,True,7,1.0437500000000002,0.9,1.1,False,False,125.0,,,15,
QUALIFIED_B0_ACTUAL,40,RegControl,vreg4_c,True,6,1.0375,0.9,1.1,False,False,125.0,,,15,
QUALIFIED_B0_ACTUAL,40,Capacitor,capbank2a,True,,,,,,,,[0],False,,
QUALIFIED_B0_ACTUAL,40,Capacitor,capbank2b,True,,,,,,,,[0],False,,
QUALIFIED_B0_ACTUAL,40,Capacitor,capbank2c,True,,,,,,,,[0],False,,
QUALIFIED_B0_ACTUAL,40,Capacitor,capbank1a,True,,,,,,,,[0],False,,
QUALIFIED_B0_ACTUAL,40,Capacitor,capbank1b,True,,,,,,,,[0],False,,
QUALIFIED_B0_ACTUAL,40,Capacitor,capbank1c,True,,,,,,,,[0],False,,
QUALIFIED_B0_ACTUAL,40,Capacitor,capbank0a,True,,,,,,,,[1],True,,
QUALIFIED_B0_ACTUAL,40,Capacitor,capbank0b,True,,,,,,,,[1],True,,
QUALIFIED_B0_ACTUAL,40,Capacitor,capbank0c,True,,,,,,,,[1],True,,
QUALIFIED_B0_ACTUAL,40,Capacitor,capbank3,True,,,,,,,,[0],False,,
QUALIFIED_B0_ACTUAL,40,CapControl,capbank2a_ctrl,True,,,,,,,,,,100,100
QUALIFIED_B0_ACTUAL,40,CapControl,capbank2b_ctrl,True,,,,,,,,,,101,101
QUALIFIED_B0_ACTUAL,40,CapControl,capbank2c_ctrl,True,,,,,,,,,,102,102
QUALIFIED_B0_ACTUAL,40,CapControl,capbank1a_ctrl,True,,,,,,,,,,100,90
QUALIFIED_B0_ACTUAL,40,CapControl,capbank1b_ctrl,True,,,,,,,,,,101,91
QUALIFIED_B0_ACTUAL,40,CapControl,capbank1c_ctrl,True,,,,,,,,,,102,92
QUALIFIED_B0_ACTUAL,40,CapControl,capbank0a_ctrl,True,,,,,,,,,,100,80
QUALIFIED_B0_ACTUAL,40,CapControl,capbank0b_ctrl,True,,,,,,,,,,101,81
QUALIFIED_B0_ACTUAL,40,CapControl,capbank0c_ctrl,True,,,,,,,,,,102,82
QUALIFIED_B0_ACTUAL,41,RegControl,feeder_rega,True,-2,0.9875,0.9,1.1,False,False,123.5,,,15,
QUALIFIED_B0_ACTUAL,41,RegControl,feeder_regb,True,-2,0.9875,0.9,1.1,False,False,123.5,,,15,
QUALIFIED_B0_ACTUAL,41,RegControl,feeder_regc,True,-2,0.9875,0.9,1.1,False,False,123.5,,,15,
QUALIFIED_B0_ACTUAL,41,RegControl,vreg2_a,True,2,1.0124999999999997,0.9,1.1,False,False,125.0,,,15,
QUALIFIED_B0_ACTUAL,41,RegControl,vreg2_b,True,2,1.0124999999999997,0.9,1.1,False,False,125.0,,,15,
QUALIFIED_B0_ACTUAL,41,RegControl,vreg2_c,True,3,1.01875,0.9,1.1,False,False,125.0,,,15,
QUALIFIED_B0_ACTUAL,41,RegControl,vreg3_a,True,3,1.01875,0.9,1.1,False,False,123.5,,,15,
QUALIFIED_B0_ACTUAL,41,RegControl,vreg3_b,True,3,1.01875,0.9,1.1,False,False,123.5,,,15,
QUALIFIED_B0_ACTUAL,41,RegControl,vreg3_c,True,1,1.00625,0.9,1.1,False,False,123.5,,,15,
QUALIFIED_B0_ACTUAL,41,RegControl,vreg4_a,True,6,1.0375,0.9,1.1,False,False,125.0,,,15,
QUALIFIED_B0_ACTUAL,41,RegControl,vreg4_b,True,7,1.0437500000000002,0.9,1.1,False,False,125.0,,,15,
QUALIFIED_B0_ACTUAL,41,RegControl,vreg4_c,True,6,1.0375,0.9,1.1,False,False,125.0,,,15,
QUALIFIED_B0_ACTUAL,41,Capacitor,capbank2a,True,,,,,,,,[0],False,,
QUALIFIED_B0_ACTUAL,41,Capacitor,capbank2b,True,,,,,,,,[0],False,,
QUALIFIED_B0_ACTUAL,41,Capacitor,capbank2c,True,,,,,,,,[0],False,,
QUALIFIED_B0_ACTUAL,41,Capacitor,capbank1a,True,,,,,,,,[0],False,,
QUALIFIED_B0_ACTUAL,41,Capacitor,capbank1b,True,,,,,,,,[0],False,,
QUALIFIED_B0_ACTUAL,41,Capacitor,capbank1c,True,,,,,,,,[0],False,,
QUALIFIED_B0_ACTUAL,41,Capacitor,capbank0a,True,,,,,,,,[1],True,,
QUALIFIED_B0_ACTUAL,41,Capacitor,capbank0b,True,,,,,,,,[1],True,,
QUALIFIED_B0_ACTUAL,41,Capacitor,capbank0c,True,,,,,,,,[1],True,,
QUALIFIED_B0_ACTUAL,41,Capacitor,capbank3,True,,,,,,,,[0],False,,
QUALIFIED_B0_ACTUAL,41,CapControl,capbank2a_ctrl,True,,,,,,,,,,100,100
QUALIFIED_B0_ACTUAL,41,CapControl,capbank2b_ctrl,True,,,,,,,,,,101,101
QUALIFIED_B0_ACTUAL,41,CapControl,capbank2c_ctrl,True,,,,,,,,,,102,102
QUALIFIED_B0_ACTUAL,41,CapControl,capbank1a_ctrl,True,,,,,,,,,,100,90
QUALIFIED_B0_ACTUAL,41,CapControl,capbank1b_ctrl,True,,,,,,,,,,101,91
QUALIFIED_B0_ACTUAL,41,CapControl,capbank1c_ctrl,True,,,,,,,,,,102,92
QUALIFIED_B0_ACTUAL,41,CapControl,capbank0a_ctrl,True,,,,,,,,,,100,80
QUALIFIED_B0_ACTUAL,41,CapControl,capbank0b_ctrl,True,,,,,,,,,,101,81
QUALIFIED_B0_ACTUAL,41,CapControl,capbank0c_ctrl,True,,,,,,,,,,102,82
QUALIFIED_B0_ACTUAL,42,RegControl,feeder_rega,True,-2,0.9875,0.9,1.1,False,False,123.5,,,15,
QUALIFIED_B0_ACTUAL,42,RegControl,feeder_regb,True,-2,0.9875,0.9,1.1,False,False,123.5,,,15,
QUALIFIED_B0_ACTUAL,42,RegControl,feeder_regc,True,-2,0.9875,0.9,1.1,False,False,123.5,,,15,
QUALIFIED_B0_ACTUAL,42,RegControl,vreg2_a,True,2,1.0124999999999997,0.9,1.1,False,False,125.0,,,15,
QUALIFIED_B0_ACTUAL,42,RegControl,vreg2_b,True,2,1.0124999999999997,0.9,1.1,False,False,125.0,,,15,
QUALIFIED_B0_ACTUAL,42,RegControl,vreg2_c,True,3,1.01875,0.9,1.1,False,False,125.0,,,15,
QUALIFIED_B0_ACTUAL,42,RegControl,vreg3_a,True,3,1.01875,0.9,1.1,False,False,123.5,,,15,
QUALIFIED_B0_ACTUAL,42,RegControl,vreg3_b,True,3,1.01875,0.9,1.1,False,False,123.5,,,15,
QUALIFIED_B0_ACTUAL,42,RegControl,vreg3_c,True,1,1.00625,0.9,1.1,False,False,123.5,,,15,
QUALIFIED_B0_ACTUAL,42,RegControl,vreg4_a,True,6,1.0375,0.9,1.1,False,False,125.0,,,15,
QUALIFIED_B0_ACTUAL,42,RegControl,vreg4_b,True,7,1.0437500000000002,0.9,1.1,False,False,125.0,,,15,
QUALIFIED_B0_ACTUAL,42,RegControl,vreg4_c,True,5,1.03125,0.9,1.1,False,False,125.0,,,15,
QUALIFIED_B0_ACTUAL,42,Capacitor,capbank2a,True,,,,,,,,[0],False,,
QUALIFIED_B0_ACTUAL,42,Capacitor,capbank2b,True,,,,,,,,[0],False,,
QUALIFIED_B0_ACTUAL,42,Capacitor,capbank2c,True,,,,,,,,[0],False,,
QUALIFIED_B0_ACTUAL,42,Capacitor,capbank1a,True,,,,,,,,[0],False,,
QUALIFIED_B0_ACTUAL,42,Capacitor,capbank1b,True,,,,,,,,[0],False,,
QUALIFIED_B0_ACTUAL,42,Capacitor,capbank1c,True,,,,,,,,[0],False,,
QUALIFIED_B0_ACTUAL,42,Capacitor,capbank0a,True,,,,,,,,[1],True,,
QUALIFIED_B0_ACTUAL,42,Capacitor,capbank0b,True,,,,,,,,[1],True,,
QUALIFIED_B0_ACTUAL,42,Capacitor,capbank0c,True,,,,,,,,[1],True,,
QUALIFIED_B0_ACTUAL,42,Capacitor,capbank3,True,,,,,,,,[0],False,,
QUALIFIED_B0_ACTUAL,42,CapControl,capbank2a_ctrl,True,,,,,,,,,,100,100
QUALIFIED_B0_ACTUAL,42,CapControl,capbank2b_ctrl,True,,,,,,,,,,101,101
QUALIFIED_B0_ACTUAL,42,CapControl,capbank2c_ctrl,True,,,,,,,,,,102,102
QUALIFIED_B0_ACTUAL,42,CapControl,capbank1a_ctrl,True,,,,,,,,,,100,90
QUALIFIED_B0_ACTUAL,42,CapControl,capbank1b_ctrl,True,,,,,,,,,,101,91
QUALIFIED_B0_ACTUAL,42,CapControl,capbank1c_ctrl,True,,,,,,,,,,102,92
QUALIFIED_B0_ACTUAL,42,CapControl,capbank0a_ctrl,True,,,,,,,,,,100,80
QUALIFIED_B0_ACTUAL,42,CapControl,capbank0b_ctrl,True,,,,,,,,,,101,81
QUALIFIED_B0_ACTUAL,42,CapControl,capbank0c_ctrl,True,,,,,,,,,,102,82
QUALIFIED_B0_ACTUAL,43,RegControl,feeder_rega,True,-2,0.9875,0.9,1.1,False,False,123.5,,,15,
QUALIFIED_B0_ACTUAL,43,RegControl,feeder_regb,True,-2,0.9875,0.9,1.1,False,False,123.5,,,15,
QUALIFIED_B0_ACTUAL,43,RegControl,feeder_regc,True,-2,0.9875,0.9,1.1,False,False,123.5,,,15,
QUALIFIED_B0_ACTUAL,43,RegControl,vreg2_a,True,2,1.0124999999999997,0.9,1.1,False,False,125.0,,,15,
QUALIFIED_B0_ACTUAL,43,RegControl,vreg2_b,True,2,1.0124999999999997,0.9,1.1,False,False,125.0,,,15,
QUALIFIED_B0_ACTUAL,43,RegControl,vreg2_c,True,2,1.0125,0.9,1.1,False,False,125.0,,,15,
QUALIFIED_B0_ACTUAL,43,RegControl,vreg3_a,True,3,1.01875,0.9,1.1,False,False,123.5,,,15,
QUALIFIED_B0_ACTUAL,43,RegControl,vreg3_b,True,3,1.01875,0.9,1.1,False,False,123.5,,,15,
QUALIFIED_B0_ACTUAL,43,RegControl,vreg3_c,True,1,1.00625,0.9,1.1,False,False,123.5,,,15,
QUALIFIED_B0_ACTUAL,43,RegControl,vreg4_a,True,6,1.0375,0.9,1.1,False,False,125.0,,,15,
QUALIFIED_B0_ACTUAL,43,RegControl,vreg4_b,True,6,1.0375,0.9,1.1,False,False,125.0,,,15,
QUALIFIED_B0_ACTUAL,43,RegControl,vreg4_c,True,5,1.03125,0.9,1.1,False,False,125.0,,,15,
QUALIFIED_B0_ACTUAL,43,Capacitor,capbank2a,True,,,,,,,,[0],False,,
QUALIFIED_B0_ACTUAL,43,Capacitor,capbank2b,True,,,,,,,,[0],False,,
QUALIFIED_B0_ACTUAL,43,Capacitor,capbank2c,True,,,,,,,,[0],False,,
QUALIFIED_B0_ACTUAL,43,Capacitor,capbank1a,True,,,,,,,,[0],False,,
QUALIFIED_B0_ACTUAL,43,Capacitor,capbank1b,True,,,,,,,,[0],False,,
QUALIFIED_B0_ACTUAL,43,Capacitor,capbank1c,True,,,,,,,,[0],False,,
QUALIFIED_B0_ACTUAL,43,Capacitor,capbank0a,True,,,,,,,,[1],True,,
QUALIFIED_B0_ACTUAL,43,Capacitor,capbank0b,True,,,,,,,,[1],True,,
QUALIFIED_B0_ACTUAL,43,Capacitor,capbank0c,True,,,,,,,,[1],True,,
QUALIFIED_B0_ACTUAL,43,Capacitor,capbank3,True,,,,,,,,[0],False,,
QUALIFIED_B0_ACTUAL,43,CapControl,capbank2a_ctrl,True,,,,,,,,,,100,100
QUALIFIED_B0_ACTUAL,43,CapControl,capbank2b_ctrl,True,,,,,,,,,,101,101
QUALIFIED_B0_ACTUAL,43,CapControl,capbank2c_ctrl,True,,,,,,,,,,102,102
QUALIFIED_B0_ACTUAL,43,CapControl,capbank1a_ctrl,True,,,,,,,,,,100,90
QUALIFIED_B0_ACTUAL,43,CapControl,capbank1b_ctrl,True,,,,,,,,,,101,91
QUALIFIED_B0_ACTUAL,43,CapControl,capbank1c_ctrl,True,,,,,,,,,,102,92
QUALIFIED_B0_ACTUAL,43,CapControl,capbank0a_ctrl,True,,,,,,,,,,100,80
QUALIFIED_B0_ACTUAL,43,CapControl,capbank0b_ctrl,True,,,,,,,,,,101,81
QUALIFIED_B0_ACTUAL,43,CapControl,capbank0c_ctrl,True,,,,,,,,,,102,82
QUALIFIED_B0_ACTUAL,44,RegControl,feeder_rega,True,-2,0.9875,0.9,1.1,False,False,123.5,,,15,
QUALIFIED_B0_ACTUAL,44,RegControl,feeder_regb,True,-2,0.9875,0.9,1.1,False,False,123.5,,,15,
QUALIFIED_B0_ACTUAL,44,RegControl,feeder_regc,True,-2,0.9875,0.9,1.1,False,False,123.5,,,15,
QUALIFIED_B0_ACTUAL,44,RegControl,vreg2_a,True,2,1.0124999999999997,0.9,1.1,False,False,125.0,,,15,
QUALIFIED_B0_ACTUAL,44,RegControl,vreg2_b,True,2,1.0124999999999997,0.9,1.1,False,False,125.0,,,15,
QUALIFIED_B0_ACTUAL,44,RegControl,vreg2_c,True,2,1.0125,0.9,1.1,False,False,125.0,,,15,
QUALIFIED_B0_ACTUAL,44,RegControl,vreg3_a,True,3,1.01875,0.9,1.1,False,False,123.5,,,15,
QUALIFIED_B0_ACTUAL,44,RegControl,vreg3_b,True,3,1.01875,0.9,1.1,False,False,123.5,,,15,
QUALIFIED_B0_ACTUAL,44,RegControl,vreg3_c,True,1,1.00625,0.9,1.1,False,False,123.5,,,15,
QUALIFIED_B0_ACTUAL,44,RegControl,vreg4_a,True,6,1.0375,0.9,1.1,False,False,125.0,,,15,
QUALIFIED_B0_ACTUAL,44,RegControl,vreg4_b,True,6,1.0375,0.9,1.1,False,False,125.0,,,15,
QUALIFIED_B0_ACTUAL,44,RegControl,vreg4_c,True,5,1.03125,0.9,1.1,False,False,125.0,,,15,
QUALIFIED_B0_ACTUAL,44,Capacitor,capbank2a,True,,,,,,,,[0],False,,
QUALIFIED_B0_ACTUAL,44,Capacitor,capbank2b,True,,,,,,,,[0],False,,
QUALIFIED_B0_ACTUAL,44,Capacitor,capbank2c,True,,,,,,,,[0],False,,
QUALIFIED_B0_ACTUAL,44,Capacitor,capbank1a,True,,,,,,,,[0],False,,
QUALIFIED_B0_ACTUAL,44,Capacitor,capbank1b,True,,,,,,,,[0],False,,
QUALIFIED_B0_ACTUAL,44,Capacitor,capbank1c,True,,,,,,,,[0],False,,
QUALIFIED_B0_ACTUAL,44,Capacitor,capbank0a,True,,,,,,,,[1],True,,
QUALIFIED_B0_ACTUAL,44,Capacitor,capbank0b,True,,,,,,,,[1],True,,
QUALIFIED_B0_ACTUAL,44,Capacitor,capbank0c,True,,,,,,,,[1],True,,
QUALIFIED_B0_ACTUAL,44,Capacitor,capbank3,True,,,,,,,,[0],False,,
QUALIFIED_B0_ACTUAL,44,CapControl,capbank2a_ctrl,True,,,,,,,,,,100,100
QUALIFIED_B0_ACTUAL,44,CapControl,capbank2b_ctrl,True,,,,,,,,,,101,101
QUALIFIED_B0_ACTUAL,44,CapControl,capbank2c_ctrl,True,,,,,,,,,,102,102
QUALIFIED_B0_ACTUAL,44,CapControl,capbank1a_ctrl,True,,,,,,,,,,100,90
QUALIFIED_B0_ACTUAL,44,CapControl,capbank1b_ctrl,True,,,,,,,,,,101,91
QUALIFIED_B0_ACTUAL,44,CapControl,capbank1c_ctrl,True,,,,,,,,,,102,92
QUALIFIED_B0_ACTUAL,44,CapControl,capbank0a_ctrl,True,,,,,,,,,,100,80
QUALIFIED_B0_ACTUAL,44,CapControl,capbank0b_ctrl,True,,,,,,,,,,101,81
QUALIFIED_B0_ACTUAL,44,CapControl,capbank0c_ctrl,True,,,,,,,,,,102,82
QUALIFIED_B0_ACTUAL,45,RegControl,feeder_rega,True,-2,0.9875,0.9,1.1,False,False,123.5,,,15,
QUALIFIED_B0_ACTUAL,45,RegControl,feeder_regb,True,-2,0.9875,0.9,1.1,False,False,123.5,,,15,
QUALIFIED_B0_ACTUAL,45,RegControl,feeder_regc,True,-2,0.9875,0.9,1.1,False,False,123.5,,,15,
QUALIFIED_B0_ACTUAL,45,RegControl,vreg2_a,True,2,1.0124999999999997,0.9,1.1,False,False,125.0,,,15,
QUALIFIED_B0_ACTUAL,45,RegControl,vreg2_b,True,2,1.0124999999999997,0.9,1.1,False,False,125.0,,,15,
QUALIFIED_B0_ACTUAL,45,RegControl,vreg2_c,True,2,1.0125,0.9,1.1,False,False,125.0,,,15,
QUALIFIED_B0_ACTUAL,45,RegControl,vreg3_a,True,3,1.01875,0.9,1.1,False,False,123.5,,,15,
QUALIFIED_B0_ACTUAL,45,RegControl,vreg3_b,True,3,1.01875,0.9,1.1,False,False,123.5,,,15,
QUALIFIED_B0_ACTUAL,45,RegControl,vreg3_c,True,1,1.00625,0.9,1.1,False,False,123.5,,,15,
QUALIFIED_B0_ACTUAL,45,RegControl,vreg4_a,True,5,1.03125,0.9,1.1,False,False,125.0,,,15,
QUALIFIED_B0_ACTUAL,45,RegControl,vreg4_b,True,6,1.0375,0.9,1.1,False,False,125.0,,,15,
QUALIFIED_B0_ACTUAL,45,RegControl,vreg4_c,True,5,1.03125,0.9,1.1,False,False,125.0,,,15,
QUALIFIED_B0_ACTUAL,45,Capacitor,capbank2a,True,,,,,,,,[0],False,,
QUALIFIED_B0_ACTUAL,45,Capacitor,capbank2b,True,,,,,,,,[0],False,,
QUALIFIED_B0_ACTUAL,45,Capacitor,capbank2c,True,,,,,,,,[0],False,,
QUALIFIED_B0_ACTUAL,45,Capacitor,capbank1a,True,,,,,,,,[0],False,,
QUALIFIED_B0_ACTUAL,45,Capacitor,capbank1b,True,,,,,,,,[0],False,,
QUALIFIED_B0_ACTUAL,45,Capacitor,capbank1c,True,,,,,,,,[0],False,,
QUALIFIED_B0_ACTUAL,45,Capacitor,capbank0a,True,,,,,,,,[1],True,,
QUALIFIED_B0_ACTUAL,45,Capacitor,capbank0b,True,,,,,,,,[1],True,,
QUALIFIED_B0_ACTUAL,45,Capacitor,capbank0c,True,,,,,,,,[1],True,,
QUALIFIED_B0_ACTUAL,45,Capacitor,capbank3,True,,,,,,,,[0],False,,
QUALIFIED_B0_ACTUAL,45,CapControl,capbank2a_ctrl,True,,,,,,,,,,100,100
QUALIFIED_B0_ACTUAL,45,CapControl,capbank2b_ctrl,True,,,,,,,,,,101,101
QUALIFIED_B0_ACTUAL,45,CapControl,capbank2c_ctrl,True,,,,,,,,,,102,102
QUALIFIED_B0_ACTUAL,45,CapControl,capbank1a_ctrl,True,,,,,,,,,,100,90
QUALIFIED_B0_ACTUAL,45,CapControl,capbank1b_ctrl,True,,,,,,,,,,101,91
QUALIFIED_B0_ACTUAL,45,CapControl,capbank1c_ctrl,True,,,,,,,,,,102,92
QUALIFIED_B0_ACTUAL,45,CapControl,capbank0a_ctrl,True,,,,,,,,,,100,80
QUALIFIED_B0_ACTUAL,45,CapControl,capbank0b_ctrl,True,,,,,,,,,,101,81
QUALIFIED_B0_ACTUAL,45,CapControl,capbank0c_ctrl,True,,,,,,,,,,102,82
QUALIFIED_B0_ACTUAL,46,RegControl,feeder_rega,True,-2,0.9875,0.9,1.1,False,False,123.5,,,15,
QUALIFIED_B0_ACTUAL,46,RegControl,feeder_regb,True,-2,0.9875,0.9,1.1,False,False,123.5,,,15,
QUALIFIED_B0_ACTUAL,46,RegControl,feeder_regc,True,-2,0.9875,0.9,1.1,False,False,123.5,,,15,
QUALIFIED_B0_ACTUAL,46,RegControl,vreg2_a,True,2,1.0124999999999997,0.9,1.1,False,False,125.0,,,15,
QUALIFIED_B0_ACTUAL,46,RegControl,vreg2_b,True,2,1.0124999999999997,0.9,1.1,False,False,125.0,,,15,
QUALIFIED_B0_ACTUAL,46,RegControl,vreg2_c,True,2,1.0125,0.9,1.1,False,False,125.0,,,15,
QUALIFIED_B0_ACTUAL,46,RegControl,vreg3_a,True,2,1.0125,0.9,1.1,False,False,123.5,,,15,
QUALIFIED_B0_ACTUAL,46,RegControl,vreg3_b,True,3,1.01875,0.9,1.1,False,False,123.5,,,15,
QUALIFIED_B0_ACTUAL,46,RegControl,vreg3_c,True,1,1.00625,0.9,1.1,False,False,123.5,,,15,
QUALIFIED_B0_ACTUAL,46,RegControl,vreg4_a,True,5,1.03125,0.9,1.1,False,False,125.0,,,15,
QUALIFIED_B0_ACTUAL,46,RegControl,vreg4_b,True,6,1.0375,0.9,1.1,False,False,125.0,,,15,
QUALIFIED_B0_ACTUAL,46,RegControl,vreg4_c,True,5,1.03125,0.9,1.1,False,False,125.0,,,15,
QUALIFIED_B0_ACTUAL,46,Capacitor,capbank2a,True,,,,,,,,[0],False,,
QUALIFIED_B0_ACTUAL,46,Capacitor,capbank2b,True,,,,,,,,[0],False,,
QUALIFIED_B0_ACTUAL,46,Capacitor,capbank2c,True,,,,,,,,[0],False,,
QUALIFIED_B0_ACTUAL,46,Capacitor,capbank1a,True,,,,,,,,[0],False,,
QUALIFIED_B0_ACTUAL,46,Capacitor,capbank1b,True,,,,,,,,[0],False,,
QUALIFIED_B0_ACTUAL,46,Capacitor,capbank1c,True,,,,,,,,[0],False,,
QUALIFIED_B0_ACTUAL,46,Capacitor,capbank0a,True,,,,,,,,[1],True,,
QUALIFIED_B0_ACTUAL,46,Capacitor,capbank0b,True,,,,,,,,[1],True,,
QUALIFIED_B0_ACTUAL,46,Capacitor,capbank0c,True,,,,,,,,[1],True,,
QUALIFIED_B0_ACTUAL,46,Capacitor,capbank3,True,,,,,,,,[0],False,,
QUALIFIED_B0_ACTUAL,46,CapControl,capbank2a_ctrl,True,,,,,,,,,,100,100
QUALIFIED_B0_ACTUAL,46,CapControl,capbank2b_ctrl,True,,,,,,,,,,101,101
QUALIFIED_B0_ACTUAL,46,CapControl,capbank2c_ctrl,True,,,,,,,,,,102,102
QUALIFIED_B0_ACTUAL,46,CapControl,capbank1a_ctrl,True,,,,,,,,,,100,90
QUALIFIED_B0_ACTUAL,46,CapControl,capbank1b_ctrl,True,,,,,,,,,,101,91
QUALIFIED_B0_ACTUAL,46,CapControl,capbank1c_ctrl,True,,,,,,,,,,102,92
QUALIFIED_B0_ACTUAL,46,CapControl,capbank0a_ctrl,True,,,,,,,,,,100,80
QUALIFIED_B0_ACTUAL,46,CapControl,capbank0b_ctrl,True,,,,,,,,,,101,81
QUALIFIED_B0_ACTUAL,46,CapControl,capbank0c_ctrl,True,,,,,,,,,,102,82
QUALIFIED_B0_ACTUAL,47,RegControl,feeder_rega,True,-2,0.9875,0.9,1.1,False,False,123.5,,,15,
QUALIFIED_B0_ACTUAL,47,RegControl,feeder_regb,True,-2,0.9875,0.9,1.1,False,False,123.5,,,15,
QUALIFIED_B0_ACTUAL,47,RegControl,feeder_regc,True,-2,0.9875,0.9,1.1,False,False,123.5,,,15,
QUALIFIED_B0_ACTUAL,47,RegControl,vreg2_a,True,2,1.0124999999999997,0.9,1.1,False,False,125.0,,,15,
QUALIFIED_B0_ACTUAL,47,RegControl,vreg2_b,True,2,1.0124999999999997,0.9,1.1,False,False,125.0,,,15,
QUALIFIED_B0_ACTUAL,47,RegControl,vreg2_c,True,2,1.0125,0.9,1.1,False,False,125.0,,,15,
QUALIFIED_B0_ACTUAL,47,RegControl,vreg3_a,True,2,1.0125,0.9,1.1,False,False,123.5,,,15,
QUALIFIED_B0_ACTUAL,47,RegControl,vreg3_b,True,3,1.01875,0.9,1.1,False,False,123.5,,,15,
QUALIFIED_B0_ACTUAL,47,RegControl,vreg3_c,True,1,1.00625,0.9,1.1,False,False,123.5,,,15,
QUALIFIED_B0_ACTUAL,47,RegControl,vreg4_a,True,5,1.03125,0.9,1.1,False,False,125.0,,,15,
QUALIFIED_B0_ACTUAL,47,RegControl,vreg4_b,True,6,1.0375,0.9,1.1,False,False,125.0,,,15,
QUALIFIED_B0_ACTUAL,47,RegControl,vreg4_c,True,5,1.03125,0.9,1.1,False,False,125.0,,,15,
QUALIFIED_B0_ACTUAL,47,Capacitor,capbank2a,True,,,,,,,,[0],False,,
QUALIFIED_B0_ACTUAL,47,Capacitor,capbank2b,True,,,,,,,,[0],False,,
QUALIFIED_B0_ACTUAL,47,Capacitor,capbank2c,True,,,,,,,,[0],False,,
QUALIFIED_B0_ACTUAL,47,Capacitor,capbank1a,True,,,,,,,,[0],False,,
QUALIFIED_B0_ACTUAL,47,Capacitor,capbank1b,True,,,,,,,,[0],False,,
QUALIFIED_B0_ACTUAL,47,Capacitor,capbank1c,True,,,,,,,,[0],False,,
QUALIFIED_B0_ACTUAL,47,Capacitor,capbank0a,True,,,,,,,,[1],True,,
QUALIFIED_B0_ACTUAL,47,Capacitor,capbank0b,True,,,,,,,,[1],True,,
QUALIFIED_B0_ACTUAL,47,Capacitor,capbank0c,True,,,,,,,,[1],True,,
QUALIFIED_B0_ACTUAL,47,Capacitor,capbank3,True,,,,,,,,[0],False,,
QUALIFIED_B0_ACTUAL,47,CapControl,capbank2a_ctrl,True,,,,,,,,,,100,100
QUALIFIED_B0_ACTUAL,47,CapControl,capbank2b_ctrl,True,,,,,,,,,,101,101
QUALIFIED_B0_ACTUAL,47,CapControl,capbank2c_ctrl,True,,,,,,,,,,102,102
QUALIFIED_B0_ACTUAL,47,CapControl,capbank1a_ctrl,True,,,,,,,,,,100,90
QUALIFIED_B0_ACTUAL,47,CapControl,capbank1b_ctrl,True,,,,,,,,,,101,91
QUALIFIED_B0_ACTUAL,47,CapControl,capbank1c_ctrl,True,,,,,,,,,,102,92
QUALIFIED_B0_ACTUAL,47,CapControl,capbank0a_ctrl,True,,,,,,,,,,100,80
QUALIFIED_B0_ACTUAL,47,CapControl,capbank0b_ctrl,True,,,,,,,,,,101,81
QUALIFIED_B0_ACTUAL,47,CapControl,capbank0c_ctrl,True,,,,,,,,,,102,82
QUALIFIED_B0_ACTUAL,48,RegControl,feeder_rega,True,-2,0.9875,0.9,1.1,False,False,123.5,,,15,
QUALIFIED_B0_ACTUAL,48,RegControl,feeder_regb,True,-2,0.9875,0.9,1.1,False,False,123.5,,,15,
QUALIFIED_B0_ACTUAL,48,RegControl,feeder_regc,True,-2,0.9875,0.9,1.1,False,False,123.5,,,15,
QUALIFIED_B0_ACTUAL,48,RegControl,vreg2_a,True,2,1.0124999999999997,0.9,1.1,False,False,125.0,,,15,
QUALIFIED_B0_ACTUAL,48,RegControl,vreg2_b,True,2,1.0124999999999997,0.9,1.1,False,False,125.0,,,15,
QUALIFIED_B0_ACTUAL,48,RegControl,vreg2_c,True,2,1.0125,0.9,1.1,False,False,125.0,,,15,
QUALIFIED_B0_ACTUAL,48,RegControl,vreg3_a,True,2,1.0125,0.9,1.1,False,False,123.5,,,15,
QUALIFIED_B0_ACTUAL,48,RegControl,vreg3_b,True,3,1.01875,0.9,1.1,False,False,123.5,,,15,
QUALIFIED_B0_ACTUAL,48,RegControl,vreg3_c,True,1,1.00625,0.9,1.1,False,False,123.5,,,15,
QUALIFIED_B0_ACTUAL,48,RegControl,vreg4_a,True,5,1.03125,0.9,1.1,False,False,125.0,,,15,
QUALIFIED_B0_ACTUAL,48,RegControl,vreg4_b,True,6,1.0375,0.9,1.1,False,False,125.0,,,15,
QUALIFIED_B0_ACTUAL,48,RegControl,vreg4_c,True,5,1.03125,0.9,1.1,False,False,125.0,,,15,
QUALIFIED_B0_ACTUAL,48,Capacitor,capbank2a,True,,,,,,,,[0],False,,
QUALIFIED_B0_ACTUAL,48,Capacitor,capbank2b,True,,,,,,,,[0],False,,
QUALIFIED_B0_ACTUAL,48,Capacitor,capbank2c,True,,,,,,,,[0],False,,
QUALIFIED_B0_ACTUAL,48,Capacitor,capbank1a,True,,,,,,,,[0],False,,
QUALIFIED_B0_ACTUAL,48,Capacitor,capbank1b,True,,,,,,,,[0],False,,
QUALIFIED_B0_ACTUAL,48,Capacitor,capbank1c,True,,,,,,,,[0],False,,
QUALIFIED_B0_ACTUAL,48,Capacitor,capbank0a,True,,,,,,,,[1],True,,
QUALIFIED_B0_ACTUAL,48,Capacitor,capbank0b,True,,,,,,,,[1],True,,
QUALIFIED_B0_ACTUAL,48,Capacitor,capbank0c,True,,,,,,,,[1],True,,
QUALIFIED_B0_ACTUAL,48,Capacitor,capbank3,True,,,,,,,,[0],False,,
QUALIFIED_B0_ACTUAL,48,CapControl,capbank2a_ctrl,True,,,,,,,,,,100,100
QUALIFIED_B0_ACTUAL,48,CapControl,capbank2b_ctrl,True,,,,,,,,,,101,101
QUALIFIED_B0_ACTUAL,48,CapControl,capbank2c_ctrl,True,,,,,,,,,,102,102
QUALIFIED_B0_ACTUAL,48,CapControl,capbank1a_ctrl,True,,,,,,,,,,100,90
QUALIFIED_B0_ACTUAL,48,CapControl,capbank1b_ctrl,True,,,,,,,,,,101,91
QUALIFIED_B0_ACTUAL,48,CapControl,capbank1c_ctrl,True,,,,,,,,,,102,92
QUALIFIED_B0_ACTUAL,48,CapControl,capbank0a_ctrl,True,,,,,,,,,,100,80
QUALIFIED_B0_ACTUAL,48,CapControl,capbank0b_ctrl,True,,,,,,,,,,101,81
QUALIFIED_B0_ACTUAL,48,CapControl,capbank0c_ctrl,True,,,,,,,,,,102,82
QUALIFIED_B0_ACTUAL,49,RegControl,feeder_rega,True,-2,0.9875,0.9,1.1,False,False,123.5,,,15,
QUALIFIED_B0_ACTUAL,49,RegControl,feeder_regb,True,-2,0.9875,0.9,1.1,False,False,123.5,,,15,
QUALIFIED_B0_ACTUAL,49,RegControl,feeder_regc,True,-2,0.9875,0.9,1.1,False,False,123.5,,,15,
QUALIFIED_B0_ACTUAL,49,RegControl,vreg2_a,True,2,1.0124999999999997,0.9,1.1,False,False,125.0,,,15,
QUALIFIED_B0_ACTUAL,49,RegControl,vreg2_b,True,2,1.0124999999999997,0.9,1.1,False,False,125.0,,,15,
QUALIFIED_B0_ACTUAL,49,RegControl,vreg2_c,True,2,1.0125,0.9,1.1,False,False,125.0,,,15,
QUALIFIED_B0_ACTUAL,49,RegControl,vreg3_a,True,2,1.0125,0.9,1.1,False,False,123.5,,,15,
QUALIFIED_B0_ACTUAL,49,RegControl,vreg3_b,True,3,1.01875,0.9,1.1,False,False,123.5,,,15,
QUALIFIED_B0_ACTUAL,49,RegControl,vreg3_c,True,1,1.00625,0.9,1.1,False,False,123.5,,,15,
QUALIFIED_B0_ACTUAL,49,RegControl,vreg4_a,True,5,1.03125,0.9,1.1,False,False,125.0,,,15,
QUALIFIED_B0_ACTUAL,49,RegControl,vreg4_b,True,6,1.0375,0.9,1.1,False,False,125.0,,,15,
QUALIFIED_B0_ACTUAL,49,RegControl,vreg4_c,True,5,1.03125,0.9,1.1,False,False,125.0,,,15,
QUALIFIED_B0_ACTUAL,49,Capacitor,capbank2a,True,,,,,,,,[0],False,,
QUALIFIED_B0_ACTUAL,49,Capacitor,capbank2b,True,,,,,,,,[0],False,,
QUALIFIED_B0_ACTUAL,49,Capacitor,capbank2c,True,,,,,,,,[0],False,,
QUALIFIED_B0_ACTUAL,49,Capacitor,capbank1a,True,,,,,,,,[0],False,,
QUALIFIED_B0_ACTUAL,49,Capacitor,capbank1b,True,,,,,,,,[0],False,,
QUALIFIED_B0_ACTUAL,49,Capacitor,capbank1c,True,,,,,,,,[0],False,,
QUALIFIED_B0_ACTUAL,49,Capacitor,capbank0a,True,,,,,,,,[1],True,,
QUALIFIED_B0_ACTUAL,49,Capacitor,capbank0b,True,,,,,,,,[1],True,,
QUALIFIED_B0_ACTUAL,49,Capacitor,capbank0c,True,,,,,,,,[1],True,,
QUALIFIED_B0_ACTUAL,49,Capacitor,capbank3,True,,,,,,,,[0],False,,
QUALIFIED_B0_ACTUAL,49,CapControl,capbank2a_ctrl,True,,,,,,,,,,100,100
QUALIFIED_B0_ACTUAL,49,CapControl,capbank2b_ctrl,True,,,,,,,,,,101,101
QUALIFIED_B0_ACTUAL,49,CapControl,capbank2c_ctrl,True,,,,,,,,,,102,102
QUALIFIED_B0_ACTUAL,49,CapControl,capbank1a_ctrl,True,,,,,,,,,,100,90
QUALIFIED_B0_ACTUAL,49,CapControl,capbank1b_ctrl,True,,,,,,,,,,101,91
QUALIFIED_B0_ACTUAL,49,CapControl,capbank1c_ctrl,True,,,,,,,,,,102,92
QUALIFIED_B0_ACTUAL,49,CapControl,capbank0a_ctrl,True,,,,,,,,,,100,80
QUALIFIED_B0_ACTUAL,49,CapControl,capbank0b_ctrl,True,,,,,,,,,,101,81
QUALIFIED_B0_ACTUAL,49,CapControl,capbank0c_ctrl,True,,,,,,,,,,102,82
QUALIFIED_B0_ACTUAL,50,RegControl,feeder_rega,True,-2,0.9875,0.9,1.1,False,False,123.5,,,15,
QUALIFIED_B0_ACTUAL,50,RegControl,feeder_regb,True,-2,0.9875,0.9,1.1,False,False,123.5,,,15,
QUALIFIED_B0_ACTUAL,50,RegControl,feeder_regc,True,-2,0.9875,0.9,1.1,False,False,123.5,,,15,
QUALIFIED_B0_ACTUAL,50,RegControl,vreg2_a,True,2,1.0124999999999997,0.9,1.1,False,False,125.0,,,15,
QUALIFIED_B0_ACTUAL,50,RegControl,vreg2_b,True,2,1.0124999999999997,0.9,1.1,False,False,125.0,,,15,
QUALIFIED_B0_ACTUAL,50,RegControl,vreg2_c,True,2,1.0125,0.9,1.1,False,False,125.0,,,15,
QUALIFIED_B0_ACTUAL,50,RegControl,vreg3_a,True,2,1.0125,0.9,1.1,False,False,123.5,,,15,
QUALIFIED_B0_ACTUAL,50,RegControl,vreg3_b,True,3,1.01875,0.9,1.1,False,False,123.5,,,15,
QUALIFIED_B0_ACTUAL,50,RegControl,vreg3_c,True,1,1.00625,0.9,1.1,False,False,123.5,,,15,
QUALIFIED_B0_ACTUAL,50,RegControl,vreg4_a,True,5,1.03125,0.9,1.1,False,False,125.0,,,15,
QUALIFIED_B0_ACTUAL,50,RegControl,vreg4_b,True,6,1.0375,0.9,1.1,False,False,125.0,,,15,
QUALIFIED_B0_ACTUAL,50,RegControl,vreg4_c,True,5,1.03125,0.9,1.1,False,False,125.0,,,15,
QUALIFIED_B0_ACTUAL,50,Capacitor,capbank2a,True,,,,,,,,[0],False,,
QUALIFIED_B0_ACTUAL,50,Capacitor,capbank2b,True,,,,,,,,[0],False,,
QUALIFIED_B0_ACTUAL,50,Capacitor,capbank2c,True,,,,,,,,[0],False,,
QUALIFIED_B0_ACTUAL,50,Capacitor,capbank1a,True,,,,,,,,[0],False,,
QUALIFIED_B0_ACTUAL,50,Capacitor,capbank1b,True,,,,,,,,[0],False,,
QUALIFIED_B0_ACTUAL,50,Capacitor,capbank1c,True,,,,,,,,[0],False,,
QUALIFIED_B0_ACTUAL,50,Capacitor,capbank0a,True,,,,,,,,[1],True,,
QUALIFIED_B0_ACTUAL,50,Capacitor,capbank0b,True,,,,,,,,[1],True,,
QUALIFIED_B0_ACTUAL,50,Capacitor,capbank0c,True,,,,,,,,[1],True,,
QUALIFIED_B0_ACTUAL,50,Capacitor,capbank3,True,,,,,,,,[0],False,,
QUALIFIED_B0_ACTUAL,50,CapControl,capbank2a_ctrl,True,,,,,,,,,,100,100
QUALIFIED_B0_ACTUAL,50,CapControl,capbank2b_ctrl,True,,,,,,,,,,101,101
QUALIFIED_B0_ACTUAL,50,CapControl,capbank2c_ctrl,True,,,,,,,,,,102,102
QUALIFIED_B0_ACTUAL,50,CapControl,capbank1a_ctrl,True,,,,,,,,,,100,90
QUALIFIED_B0_ACTUAL,50,CapControl,capbank1b_ctrl,True,,,,,,,,,,101,91
QUALIFIED_B0_ACTUAL,50,CapControl,capbank1c_ctrl,True,,,,,,,,,,102,92
QUALIFIED_B0_ACTUAL,50,CapControl,capbank0a_ctrl,True,,,,,,,,,,100,80
QUALIFIED_B0_ACTUAL,50,CapControl,capbank0b_ctrl,True,,,,,,,,,,101,81
QUALIFIED_B0_ACTUAL,50,CapControl,capbank0c_ctrl,True,,,,,,,,,,102,82
QUALIFIED_B0_ACTUAL,51,RegControl,feeder_rega,True,-2,0.9875,0.9,1.1,False,False,123.5,,,15,
QUALIFIED_B0_ACTUAL,51,RegControl,feeder_regb,True,-2,0.9875,0.9,1.1,False,False,123.5,,,15,
QUALIFIED_B0_ACTUAL,51,RegControl,feeder_regc,True,-2,0.9875,0.9,1.1,False,False,123.5,,,15,
QUALIFIED_B0_ACTUAL,51,RegControl,vreg2_a,True,2,1.0124999999999997,0.9,1.1,False,False,125.0,,,15,
QUALIFIED_B0_ACTUAL,51,RegControl,vreg2_b,True,2,1.0124999999999997,0.9,1.1,False,False,125.0,,,15,
QUALIFIED_B0_ACTUAL,51,RegControl,vreg2_c,True,2,1.0125,0.9,1.1,False,False,125.0,,,15,
QUALIFIED_B0_ACTUAL,51,RegControl,vreg3_a,True,2,1.0125,0.9,1.1,False,False,123.5,,,15,
QUALIFIED_B0_ACTUAL,51,RegControl,vreg3_b,True,3,1.01875,0.9,1.1,False,False,123.5,,,15,
QUALIFIED_B0_ACTUAL,51,RegControl,vreg3_c,True,1,1.00625,0.9,1.1,False,False,123.5,,,15,
QUALIFIED_B0_ACTUAL,51,RegControl,vreg4_a,True,5,1.03125,0.9,1.1,False,False,125.0,,,15,
QUALIFIED_B0_ACTUAL,51,RegControl,vreg4_b,True,6,1.0375,0.9,1.1,False,False,125.0,,,15,
QUALIFIED_B0_ACTUAL,51,RegControl,vreg4_c,True,5,1.03125,0.9,1.1,False,False,125.0,,,15,
QUALIFIED_B0_ACTUAL,51,Capacitor,capbank2a,True,,,,,,,,[0],False,,
QUALIFIED_B0_ACTUAL,51,Capacitor,capbank2b,True,,,,,,,,[0],False,,
QUALIFIED_B0_ACTUAL,51,Capacitor,capbank2c,True,,,,,,,,[0],False,,
QUALIFIED_B0_ACTUAL,51,Capacitor,capbank1a,True,,,,,,,,[0],False,,
QUALIFIED_B0_ACTUAL,51,Capacitor,capbank1b,True,,,,,,,,[0],False,,
QUALIFIED_B0_ACTUAL,51,Capacitor,capbank1c,True,,,,,,,,[0],False,,
QUALIFIED_B0_ACTUAL,51,Capacitor,capbank0a,True,,,,,,,,[1],True,,
QUALIFIED_B0_ACTUAL,51,Capacitor,capbank0b,True,,,,,,,,[1],True,,
QUALIFIED_B0_ACTUAL,51,Capacitor,capbank0c,True,,,,,,,,[1],True,,
QUALIFIED_B0_ACTUAL,51,Capacitor,capbank3,True,,,,,,,,[0],False,,
QUALIFIED_B0_ACTUAL,51,CapControl,capbank2a_ctrl,True,,,,,,,,,,100,100
QUALIFIED_B0_ACTUAL,51,CapControl,capbank2b_ctrl,True,,,,,,,,,,101,101
QUALIFIED_B0_ACTUAL,51,CapControl,capbank2c_ctrl,True,,,,,,,,,,102,102
QUALIFIED_B0_ACTUAL,51,CapControl,capbank1a_ctrl,True,,,,,,,,,,100,90
QUALIFIED_B0_ACTUAL,51,CapControl,capbank1b_ctrl,True,,,,,,,,,,101,91
QUALIFIED_B0_ACTUAL,51,CapControl,capbank1c_ctrl,True,,,,,,,,,,102,92
QUALIFIED_B0_ACTUAL,51,CapControl,capbank0a_ctrl,True,,,,,,,,,,100,80
QUALIFIED_B0_ACTUAL,51,CapControl,capbank0b_ctrl,True,,,,,,,,,,101,81
QUALIFIED_B0_ACTUAL,51,CapControl,capbank0c_ctrl,True,,,,,,,,,,102,82
QUALIFIED_B0_ACTUAL,52,RegControl,feeder_rega,True,-2,0.9875,0.9,1.1,False,False,123.5,,,15,
QUALIFIED_B0_ACTUAL,52,RegControl,feeder_regb,True,-2,0.9875,0.9,1.1,False,False,123.5,,,15,
QUALIFIED_B0_ACTUAL,52,RegControl,feeder_regc,True,-2,0.9875,0.9,1.1,False,False,123.5,,,15,
QUALIFIED_B0_ACTUAL,52,RegControl,vreg2_a,True,2,1.0124999999999997,0.9,1.1,False,False,125.0,,,15,
QUALIFIED_B0_ACTUAL,52,RegControl,vreg2_b,True,2,1.0124999999999997,0.9,1.1,False,False,125.0,,,15,
QUALIFIED_B0_ACTUAL,52,RegControl,vreg2_c,True,2,1.0125,0.9,1.1,False,False,125.0,,,15,
QUALIFIED_B0_ACTUAL,52,RegControl,vreg3_a,True,2,1.0125,0.9,1.1,False,False,123.5,,,15,
QUALIFIED_B0_ACTUAL,52,RegControl,vreg3_b,True,3,1.01875,0.9,1.1,False,False,123.5,,,15,
QUALIFIED_B0_ACTUAL,52,RegControl,vreg3_c,True,1,1.00625,0.9,1.1,False,False,123.5,,,15,
QUALIFIED_B0_ACTUAL,52,RegControl,vreg4_a,True,5,1.03125,0.9,1.1,False,False,125.0,,,15,
QUALIFIED_B0_ACTUAL,52,RegControl,vreg4_b,True,6,1.0375,0.9,1.1,False,False,125.0,,,15,
QUALIFIED_B0_ACTUAL,52,RegControl,vreg4_c,True,5,1.03125,0.9,1.1,False,False,125.0,,,15,
QUALIFIED_B0_ACTUAL,52,Capacitor,capbank2a,True,,,,,,,,[0],False,,
QUALIFIED_B0_ACTUAL,52,Capacitor,capbank2b,True,,,,,,,,[0],False,,
QUALIFIED_B0_ACTUAL,52,Capacitor,capbank2c,True,,,,,,,,[0],False,,
QUALIFIED_B0_ACTUAL,52,Capacitor,capbank1a,True,,,,,,,,[0],False,,
QUALIFIED_B0_ACTUAL,52,Capacitor,capbank1b,True,,,,,,,,[0],False,,
QUALIFIED_B0_ACTUAL,52,Capacitor,capbank1c,True,,,,,,,,[0],False,,
QUALIFIED_B0_ACTUAL,52,Capacitor,capbank0a,True,,,,,,,,[1],True,,
QUALIFIED_B0_ACTUAL,52,Capacitor,capbank0b,True,,,,,,,,[1],True,,
QUALIFIED_B0_ACTUAL,52,Capacitor,capbank0c,True,,,,,,,,[1],True,,
QUALIFIED_B0_ACTUAL,52,Capacitor,capbank3,True,,,,,,,,[0],False,,
QUALIFIED_B0_ACTUAL,52,CapControl,capbank2a_ctrl,True,,,,,,,,,,100,100
QUALIFIED_B0_ACTUAL,52,CapControl,capbank2b_ctrl,True,,,,,,,,,,101,101
QUALIFIED_B0_ACTUAL,52,CapControl,capbank2c_ctrl,True,,,,,,,,,,102,102
QUALIFIED_B0_ACTUAL,52,CapControl,capbank1a_ctrl,True,,,,,,,,,,100,90
QUALIFIED_B0_ACTUAL,52,CapControl,capbank1b_ctrl,True,,,,,,,,,,101,91
QUALIFIED_B0_ACTUAL,52,CapControl,capbank1c_ctrl,True,,,,,,,,,,102,92
QUALIFIED_B0_ACTUAL,52,CapControl,capbank0a_ctrl,True,,,,,,,,,,100,80
QUALIFIED_B0_ACTUAL,52,CapControl,capbank0b_ctrl,True,,,,,,,,,,101,81
QUALIFIED_B0_ACTUAL,52,CapControl,capbank0c_ctrl,True,,,,,,,,,,102,82
QUALIFIED_B0_ACTUAL,53,RegControl,feeder_rega,True,-2,0.9875,0.9,1.1,False,False,123.5,,,15,
QUALIFIED_B0_ACTUAL,53,RegControl,feeder_regb,True,-2,0.9875,0.9,1.1,False,False,123.5,,,15,
QUALIFIED_B0_ACTUAL,53,RegControl,feeder_regc,True,-2,0.9875,0.9,1.1,False,False,123.5,,,15,
QUALIFIED_B0_ACTUAL,53,RegControl,vreg2_a,True,2,1.0124999999999997,0.9,1.1,False,False,125.0,,,15,
QUALIFIED_B0_ACTUAL,53,RegControl,vreg2_b,True,2,1.0124999999999997,0.9,1.1,False,False,125.0,,,15,
QUALIFIED_B0_ACTUAL,53,RegControl,vreg2_c,True,2,1.0125,0.9,1.1,False,False,125.0,,,15,
QUALIFIED_B0_ACTUAL,53,RegControl,vreg3_a,True,2,1.0125,0.9,1.1,False,False,123.5,,,15,
QUALIFIED_B0_ACTUAL,53,RegControl,vreg3_b,True,3,1.01875,0.9,1.1,False,False,123.5,,,15,
QUALIFIED_B0_ACTUAL,53,RegControl,vreg3_c,True,1,1.00625,0.9,1.1,False,False,123.5,,,15,
QUALIFIED_B0_ACTUAL,53,RegControl,vreg4_a,True,5,1.03125,0.9,1.1,False,False,125.0,,,15,
QUALIFIED_B0_ACTUAL,53,RegControl,vreg4_b,True,6,1.0375,0.9,1.1,False,False,125.0,,,15,
QUALIFIED_B0_ACTUAL,53,RegControl,vreg4_c,True,5,1.03125,0.9,1.1,False,False,125.0,,,15,
QUALIFIED_B0_ACTUAL,53,Capacitor,capbank2a,True,,,,,,,,[0],False,,
QUALIFIED_B0_ACTUAL,53,Capacitor,capbank2b,True,,,,,,,,[0],False,,
QUALIFIED_B0_ACTUAL,53,Capacitor,capbank2c,True,,,,,,,,[0],False,,
QUALIFIED_B0_ACTUAL,53,Capacitor,capbank1a,True,,,,,,,,[0],False,,
QUALIFIED_B0_ACTUAL,53,Capacitor,capbank1b,True,,,,,,,,[0],False,,
QUALIFIED_B0_ACTUAL,53,Capacitor,capbank1c,True,,,,,,,,[0],False,,
QUALIFIED_B0_ACTUAL,53,Capacitor,capbank0a,True,,,,,,,,[1],True,,
QUALIFIED_B0_ACTUAL,53,Capacitor,capbank0b,True,,,,,,,,[1],True,,
QUALIFIED_B0_ACTUAL,53,Capacitor,capbank0c,True,,,,,,,,[1],True,,
QUALIFIED_B0_ACTUAL,53,Capacitor,capbank3,True,,,,,,,,[0],False,,
QUALIFIED_B0_ACTUAL,53,CapControl,capbank2a_ctrl,True,,,,,,,,,,100,100
QUALIFIED_B0_ACTUAL,53,CapControl,capbank2b_ctrl,True,,,,,,,,,,101,101
QUALIFIED_B0_ACTUAL,53,CapControl,capbank2c_ctrl,True,,,,,,,,,,102,102
QUALIFIED_B0_ACTUAL,53,CapControl,capbank1a_ctrl,True,,,,,,,,,,100,90
QUALIFIED_B0_ACTUAL,53,CapControl,capbank1b_ctrl,True,,,,,,,,,,101,91
QUALIFIED_B0_ACTUAL,53,CapControl,capbank1c_ctrl,True,,,,,,,,,,102,92
QUALIFIED_B0_ACTUAL,53,CapControl,capbank0a_ctrl,True,,,,,,,,,,100,80
QUALIFIED_B0_ACTUAL,53,CapControl,capbank0b_ctrl,True,,,,,,,,,,101,81
QUALIFIED_B0_ACTUAL,53,CapControl,capbank0c_ctrl,True,,,,,,,,,,102,82
QUALIFIED_B0_ACTUAL,54,RegControl,feeder_rega,True,-2,0.9875,0.9,1.1,False,False,123.5,,,15,
QUALIFIED_B0_ACTUAL,54,RegControl,feeder_regb,True,-2,0.9875,0.9,1.1,False,False,123.5,,,15,
QUALIFIED_B0_ACTUAL,54,RegControl,feeder_regc,True,-2,0.9875,0.9,1.1,False,False,123.5,,,15,
QUALIFIED_B0_ACTUAL,54,RegControl,vreg2_a,True,2,1.0124999999999997,0.9,1.1,False,False,125.0,,,15,
QUALIFIED_B0_ACTUAL,54,RegControl,vreg2_b,True,2,1.0124999999999997,0.9,1.1,False,False,125.0,,,15,
QUALIFIED_B0_ACTUAL,54,RegControl,vreg2_c,True,2,1.0125,0.9,1.1,False,False,125.0,,,15,
QUALIFIED_B0_ACTUAL,54,RegControl,vreg3_a,True,2,1.0125,0.9,1.1,False,False,123.5,,,15,
QUALIFIED_B0_ACTUAL,54,RegControl,vreg3_b,True,3,1.01875,0.9,1.1,False,False,123.5,,,15,
QUALIFIED_B0_ACTUAL,54,RegControl,vreg3_c,True,1,1.00625,0.9,1.1,False,False,123.5,,,15,
QUALIFIED_B0_ACTUAL,54,RegControl,vreg4_a,True,5,1.03125,0.9,1.1,False,False,125.0,,,15,
QUALIFIED_B0_ACTUAL,54,RegControl,vreg4_b,True,6,1.0375,0.9,1.1,False,False,125.0,,,15,
QUALIFIED_B0_ACTUAL,54,RegControl,vreg4_c,True,5,1.03125,0.9,1.1,False,False,125.0,,,15,
QUALIFIED_B0_ACTUAL,54,Capacitor,capbank2a,True,,,,,,,,[0],False,,
QUALIFIED_B0_ACTUAL,54,Capacitor,capbank2b,True,,,,,,,,[0],False,,
QUALIFIED_B0_ACTUAL,54,Capacitor,capbank2c,True,,,,,,,,[0],False,,
QUALIFIED_B0_ACTUAL,54,Capacitor,capbank1a,True,,,,,,,,[0],False,,
QUALIFIED_B0_ACTUAL,54,Capacitor,capbank1b,True,,,,,,,,[0],False,,
QUALIFIED_B0_ACTUAL,54,Capacitor,capbank1c,True,,,,,,,,[0],False,,
QUALIFIED_B0_ACTUAL,54,Capacitor,capbank0a,True,,,,,,,,[1],True,,
QUALIFIED_B0_ACTUAL,54,Capacitor,capbank0b,True,,,,,,,,[1],True,,
QUALIFIED_B0_ACTUAL,54,Capacitor,capbank0c,True,,,,,,,,[1],True,,
QUALIFIED_B0_ACTUAL,54,Capacitor,capbank3,True,,,,,,,,[0],False,,
QUALIFIED_B0_ACTUAL,54,CapControl,capbank2a_ctrl,True,,,,,,,,,,100,100
QUALIFIED_B0_ACTUAL,54,CapControl,capbank2b_ctrl,True,,,,,,,,,,101,101
QUALIFIED_B0_ACTUAL,54,CapControl,capbank2c_ctrl,True,,,,,,,,,,102,102
QUALIFIED_B0_ACTUAL,54,CapControl,capbank1a_ctrl,True,,,,,,,,,,100,90
QUALIFIED_B0_ACTUAL,54,CapControl,capbank1b_ctrl,True,,,,,,,,,,101,91
QUALIFIED_B0_ACTUAL,54,CapControl,capbank1c_ctrl,True,,,,,,,,,,102,92
QUALIFIED_B0_ACTUAL,54,CapControl,capbank0a_ctrl,True,,,,,,,,,,100,80
QUALIFIED_B0_ACTUAL,54,CapControl,capbank0b_ctrl,True,,,,,,,,,,101,81
QUALIFIED_B0_ACTUAL,54,CapControl,capbank0c_ctrl,True,,,,,,,,,,102,82
QUALIFIED_B0_ACTUAL,55,RegControl,feeder_rega,True,-2,0.9875,0.9,1.1,False,False,123.5,,,15,
QUALIFIED_B0_ACTUAL,55,RegControl,feeder_regb,True,-2,0.9875,0.9,1.1,False,False,123.5,,,15,
QUALIFIED_B0_ACTUAL,55,RegControl,feeder_regc,True,-2,0.9875,0.9,1.1,False,False,123.5,,,15,
QUALIFIED_B0_ACTUAL,55,RegControl,vreg2_a,True,2,1.0124999999999997,0.9,1.1,False,False,125.0,,,15,
QUALIFIED_B0_ACTUAL,55,RegControl,vreg2_b,True,2,1.0124999999999997,0.9,1.1,False,False,125.0,,,15,
QUALIFIED_B0_ACTUAL,55,RegControl,vreg2_c,True,2,1.0125,0.9,1.1,False,False,125.0,,,15,
QUALIFIED_B0_ACTUAL,55,RegControl,vreg3_a,True,2,1.0125,0.9,1.1,False,False,123.5,,,15,
QUALIFIED_B0_ACTUAL,55,RegControl,vreg3_b,True,3,1.01875,0.9,1.1,False,False,123.5,,,15,
QUALIFIED_B0_ACTUAL,55,RegControl,vreg3_c,True,1,1.00625,0.9,1.1,False,False,123.5,,,15,
QUALIFIED_B0_ACTUAL,55,RegControl,vreg4_a,True,5,1.03125,0.9,1.1,False,False,125.0,,,15,
QUALIFIED_B0_ACTUAL,55,RegControl,vreg4_b,True,6,1.0375,0.9,1.1,False,False,125.0,,,15,
QUALIFIED_B0_ACTUAL,55,RegControl,vreg4_c,True,5,1.03125,0.9,1.1,False,False,125.0,,,15,
QUALIFIED_B0_ACTUAL,55,Capacitor,capbank2a,True,,,,,,,,[0],False,,
QUALIFIED_B0_ACTUAL,55,Capacitor,capbank2b,True,,,,,,,,[0],False,,
QUALIFIED_B0_ACTUAL,55,Capacitor,capbank2c,True,,,,,,,,[0],False,,
QUALIFIED_B0_ACTUAL,55,Capacitor,capbank1a,True,,,,,,,,[0],False,,
QUALIFIED_B0_ACTUAL,55,Capacitor,capbank1b,True,,,,,,,,[0],False,,
QUALIFIED_B0_ACTUAL,55,Capacitor,capbank1c,True,,,,,,,,[0],False,,
QUALIFIED_B0_ACTUAL,55,Capacitor,capbank0a,True,,,,,,,,[1],True,,
QUALIFIED_B0_ACTUAL,55,Capacitor,capbank0b,True,,,,,,,,[1],True,,
QUALIFIED_B0_ACTUAL,55,Capacitor,capbank0c,True,,,,,,,,[1],True,,
QUALIFIED_B0_ACTUAL,55,Capacitor,capbank3,True,,,,,,,,[0],False,,
QUALIFIED_B0_ACTUAL,55,CapControl,capbank2a_ctrl,True,,,,,,,,,,100,100
QUALIFIED_B0_ACTUAL,55,CapControl,capbank2b_ctrl,True,,,,,,,,,,101,101
QUALIFIED_B0_ACTUAL,55,CapControl,capbank2c_ctrl,True,,,,,,,,,,102,102
QUALIFIED_B0_ACTUAL,55,CapControl,capbank1a_ctrl,True,,,,,,,,,,100,90
QUALIFIED_B0_ACTUAL,55,CapControl,capbank1b_ctrl,True,,,,,,,,,,101,91
QUALIFIED_B0_ACTUAL,55,CapControl,capbank1c_ctrl,True,,,,,,,,,,102,92
QUALIFIED_B0_ACTUAL,55,CapControl,capbank0a_ctrl,True,,,,,,,,,,100,80
QUALIFIED_B0_ACTUAL,55,CapControl,capbank0b_ctrl,True,,,,,,,,,,101,81
QUALIFIED_B0_ACTUAL,55,CapControl,capbank0c_ctrl,True,,,,,,,,,,102,82
QUALIFIED_B0_ACTUAL,56,RegControl,feeder_rega,True,-2,0.9875,0.9,1.1,False,False,123.5,,,15,
QUALIFIED_B0_ACTUAL,56,RegControl,feeder_regb,True,-2,0.9875,0.9,1.1,False,False,123.5,,,15,
QUALIFIED_B0_ACTUAL,56,RegControl,feeder_regc,True,-2,0.9875,0.9,1.1,False,False,123.5,,,15,
QUALIFIED_B0_ACTUAL,56,RegControl,vreg2_a,True,2,1.0124999999999997,0.9,1.1,False,False,125.0,,,15,
QUALIFIED_B0_ACTUAL,56,RegControl,vreg2_b,True,2,1.0124999999999997,0.9,1.1,False,False,125.0,,,15,
QUALIFIED_B0_ACTUAL,56,RegControl,vreg2_c,True,2,1.0125,0.9,1.1,False,False,125.0,,,15,
QUALIFIED_B0_ACTUAL,56,RegControl,vreg3_a,True,2,1.0125,0.9,1.1,False,False,123.5,,,15,
QUALIFIED_B0_ACTUAL,56,RegControl,vreg3_b,True,3,1.01875,0.9,1.1,False,False,123.5,,,15,
QUALIFIED_B0_ACTUAL,56,RegControl,vreg3_c,True,1,1.00625,0.9,1.1,False,False,123.5,,,15,
QUALIFIED_B0_ACTUAL,56,RegControl,vreg4_a,True,5,1.03125,0.9,1.1,False,False,125.0,,,15,
QUALIFIED_B0_ACTUAL,56,RegControl,vreg4_b,True,6,1.0375,0.9,1.1,False,False,125.0,,,15,
QUALIFIED_B0_ACTUAL,56,RegControl,vreg4_c,True,5,1.03125,0.9,1.1,False,False,125.0,,,15,
QUALIFIED_B0_ACTUAL,56,Capacitor,capbank2a,True,,,,,,,,[0],False,,
QUALIFIED_B0_ACTUAL,56,Capacitor,capbank2b,True,,,,,,,,[0],False,,
QUALIFIED_B0_ACTUAL,56,Capacitor,capbank2c,True,,,,,,,,[0],False,,
QUALIFIED_B0_ACTUAL,56,Capacitor,capbank1a,True,,,,,,,,[0],False,,
QUALIFIED_B0_ACTUAL,56,Capacitor,capbank1b,True,,,,,,,,[0],False,,
QUALIFIED_B0_ACTUAL,56,Capacitor,capbank1c,True,,,,,,,,[0],False,,
QUALIFIED_B0_ACTUAL,56,Capacitor,capbank0a,True,,,,,,,,[1],True,,
QUALIFIED_B0_ACTUAL,56,Capacitor,capbank0b,True,,,,,,,,[1],True,,
QUALIFIED_B0_ACTUAL,56,Capacitor,capbank0c,True,,,,,,,,[1],True,,
QUALIFIED_B0_ACTUAL,56,Capacitor,capbank3,True,,,,,,,,[0],False,,
QUALIFIED_B0_ACTUAL,56,CapControl,capbank2a_ctrl,True,,,,,,,,,,100,100
QUALIFIED_B0_ACTUAL,56,CapControl,capbank2b_ctrl,True,,,,,,,,,,101,101
QUALIFIED_B0_ACTUAL,56,CapControl,capbank2c_ctrl,True,,,,,,,,,,102,102
QUALIFIED_B0_ACTUAL,56,CapControl,capbank1a_ctrl,True,,,,,,,,,,100,90
QUALIFIED_B0_ACTUAL,56,CapControl,capbank1b_ctrl,True,,,,,,,,,,101,91
QUALIFIED_B0_ACTUAL,56,CapControl,capbank1c_ctrl,True,,,,,,,,,,102,92
QUALIFIED_B0_ACTUAL,56,CapControl,capbank0a_ctrl,True,,,,,,,,,,100,80
QUALIFIED_B0_ACTUAL,56,CapControl,capbank0b_ctrl,True,,,,,,,,,,101,81
QUALIFIED_B0_ACTUAL,56,CapControl,capbank0c_ctrl,True,,,,,,,,,,102,82
QUALIFIED_B0_ACTUAL,57,RegControl,feeder_rega,True,-2,0.9875,0.9,1.1,False,False,123.5,,,15,
QUALIFIED_B0_ACTUAL,57,RegControl,feeder_regb,True,-2,0.9875,0.9,1.1,False,False,123.5,,,15,
QUALIFIED_B0_ACTUAL,57,RegControl,feeder_regc,True,-2,0.9875,0.9,1.1,False,False,123.5,,,15,
QUALIFIED_B0_ACTUAL,57,RegControl,vreg2_a,True,2,1.0124999999999997,0.9,1.1,False,False,125.0,,,15,
QUALIFIED_B0_ACTUAL,57,RegControl,vreg2_b,True,2,1.0124999999999997,0.9,1.1,False,False,125.0,,,15,
QUALIFIED_B0_ACTUAL,57,RegControl,vreg2_c,True,2,1.0125,0.9,1.1,False,False,125.0,,,15,
QUALIFIED_B0_ACTUAL,57,RegControl,vreg3_a,True,2,1.0125,0.9,1.1,False,False,123.5,,,15,
QUALIFIED_B0_ACTUAL,57,RegControl,vreg3_b,True,3,1.01875,0.9,1.1,False,False,123.5,,,15,
QUALIFIED_B0_ACTUAL,57,RegControl,vreg3_c,True,1,1.00625,0.9,1.1,False,False,123.5,,,15,
QUALIFIED_B0_ACTUAL,57,RegControl,vreg4_a,True,5,1.03125,0.9,1.1,False,False,125.0,,,15,
QUALIFIED_B0_ACTUAL,57,RegControl,vreg4_b,True,6,1.0375,0.9,1.1,False,False,125.0,,,15,
QUALIFIED_B0_ACTUAL,57,RegControl,vreg4_c,True,5,1.03125,0.9,1.1,False,False,125.0,,,15,
QUALIFIED_B0_ACTUAL,57,Capacitor,capbank2a,True,,,,,,,,[0],False,,
QUALIFIED_B0_ACTUAL,57,Capacitor,capbank2b,True,,,,,,,,[0],False,,
QUALIFIED_B0_ACTUAL,57,Capacitor,capbank2c,True,,,,,,,,[0],False,,
QUALIFIED_B0_ACTUAL,57,Capacitor,capbank1a,True,,,,,,,,[0],False,,
QUALIFIED_B0_ACTUAL,57,Capacitor,capbank1b,True,,,,,,,,[0],False,,
QUALIFIED_B0_ACTUAL,57,Capacitor,capbank1c,True,,,,,,,,[0],False,,
QUALIFIED_B0_ACTUAL,57,Capacitor,capbank0a,True,,,,,,,,[1],True,,
QUALIFIED_B0_ACTUAL,57,Capacitor,capbank0b,True,,,,,,,,[1],True,,
QUALIFIED_B0_ACTUAL,57,Capacitor,capbank0c,True,,,,,,,,[1],True,,
QUALIFIED_B0_ACTUAL,57,Capacitor,capbank3,True,,,,,,,,[0],False,,
QUALIFIED_B0_ACTUAL,57,CapControl,capbank2a_ctrl,True,,,,,,,,,,100,100
QUALIFIED_B0_ACTUAL,57,CapControl,capbank2b_ctrl,True,,,,,,,,,,101,101
QUALIFIED_B0_ACTUAL,57,CapControl,capbank2c_ctrl,True,,,,,,,,,,102,102
QUALIFIED_B0_ACTUAL,57,CapControl,capbank1a_ctrl,True,,,,,,,,,,100,90
QUALIFIED_B0_ACTUAL,57,CapControl,capbank1b_ctrl,True,,,,,,,,,,101,91
QUALIFIED_B0_ACTUAL,57,CapControl,capbank1c_ctrl,True,,,,,,,,,,102,92
QUALIFIED_B0_ACTUAL,57,CapControl,capbank0a_ctrl,True,,,,,,,,,,100,80
QUALIFIED_B0_ACTUAL,57,CapControl,capbank0b_ctrl,True,,,,,,,,,,101,81
QUALIFIED_B0_ACTUAL,57,CapControl,capbank0c_ctrl,True,,,,,,,,,,102,82
QUALIFIED_B0_ACTUAL,58,RegControl,feeder_rega,True,-2,0.9875,0.9,1.1,False,False,123.5,,,15,
QUALIFIED_B0_ACTUAL,58,RegControl,feeder_regb,True,-2,0.9875,0.9,1.1,False,False,123.5,,,15,
QUALIFIED_B0_ACTUAL,58,RegControl,feeder_regc,True,-2,0.9875,0.9,1.1,False,False,123.5,,,15,
QUALIFIED_B0_ACTUAL,58,RegControl,vreg2_a,True,2,1.0124999999999997,0.9,1.1,False,False,125.0,,,15,
QUALIFIED_B0_ACTUAL,58,RegControl,vreg2_b,True,2,1.0124999999999997,0.9,1.1,False,False,125.0,,,15,
QUALIFIED_B0_ACTUAL,58,RegControl,vreg2_c,True,2,1.0125,0.9,1.1,False,False,125.0,,,15,
QUALIFIED_B0_ACTUAL,58,RegControl,vreg3_a,True,2,1.0125,0.9,1.1,False,False,123.5,,,15,
QUALIFIED_B0_ACTUAL,58,RegControl,vreg3_b,True,3,1.01875,0.9,1.1,False,False,123.5,,,15,
QUALIFIED_B0_ACTUAL,58,RegControl,vreg3_c,True,1,1.00625,0.9,1.1,False,False,123.5,,,15,
QUALIFIED_B0_ACTUAL,58,RegControl,vreg4_a,True,5,1.03125,0.9,1.1,False,False,125.0,,,15,
QUALIFIED_B0_ACTUAL,58,RegControl,vreg4_b,True,6,1.0375,0.9,1.1,False,False,125.0,,,15,
QUALIFIED_B0_ACTUAL,58,RegControl,vreg4_c,True,5,1.03125,0.9,1.1,False,False,125.0,,,15,
QUALIFIED_B0_ACTUAL,58,Capacitor,capbank2a,True,,,,,,,,[0],False,,
QUALIFIED_B0_ACTUAL,58,Capacitor,capbank2b,True,,,,,,,,[0],False,,
QUALIFIED_B0_ACTUAL,58,Capacitor,capbank2c,True,,,,,,,,[0],False,,
QUALIFIED_B0_ACTUAL,58,Capacitor,capbank1a,True,,,,,,,,[0],False,,
QUALIFIED_B0_ACTUAL,58,Capacitor,capbank1b,True,,,,,,,,[0],False,,
QUALIFIED_B0_ACTUAL,58,Capacitor,capbank1c,True,,,,,,,,[0],False,,
QUALIFIED_B0_ACTUAL,58,Capacitor,capbank0a,True,,,,,,,,[1],True,,
QUALIFIED_B0_ACTUAL,58,Capacitor,capbank0b,True,,,,,,,,[1],True,,
QUALIFIED_B0_ACTUAL,58,Capacitor,capbank0c,True,,,,,,,,[1],True,,
QUALIFIED_B0_ACTUAL,58,Capacitor,capbank3,True,,,,,,,,[0],False,,
QUALIFIED_B0_ACTUAL,58,CapControl,capbank2a_ctrl,True,,,,,,,,,,100,100
QUALIFIED_B0_ACTUAL,58,CapControl,capbank2b_ctrl,True,,,,,,,,,,101,101
QUALIFIED_B0_ACTUAL,58,CapControl,capbank2c_ctrl,True,,,,,,,,,,102,102
QUALIFIED_B0_ACTUAL,58,CapControl,capbank1a_ctrl,True,,,,,,,,,,100,90
QUALIFIED_B0_ACTUAL,58,CapControl,capbank1b_ctrl,True,,,,,,,,,,101,91
QUALIFIED_B0_ACTUAL,58,CapControl,capbank1c_ctrl,True,,,,,,,,,,102,92
QUALIFIED_B0_ACTUAL,58,CapControl,capbank0a_ctrl,True,,,,,,,,,,100,80
QUALIFIED_B0_ACTUAL,58,CapControl,capbank0b_ctrl,True,,,,,,,,,,101,81
QUALIFIED_B0_ACTUAL,58,CapControl,capbank0c_ctrl,True,,,,,,,,,,102,82
QUALIFIED_B0_ACTUAL,59,RegControl,feeder_rega,True,-2,0.9875,0.9,1.1,False,False,123.5,,,15,
QUALIFIED_B0_ACTUAL,59,RegControl,feeder_regb,True,-2,0.9875,0.9,1.1,False,False,123.5,,,15,
QUALIFIED_B0_ACTUAL,59,RegControl,feeder_regc,True,-2,0.9875,0.9,1.1,False,False,123.5,,,15,
QUALIFIED_B0_ACTUAL,59,RegControl,vreg2_a,True,2,1.0124999999999997,0.9,1.1,False,False,125.0,,,15,
QUALIFIED_B0_ACTUAL,59,RegControl,vreg2_b,True,2,1.0124999999999997,0.9,1.1,False,False,125.0,,,15,
QUALIFIED_B0_ACTUAL,59,RegControl,vreg2_c,True,2,1.0125,0.9,1.1,False,False,125.0,,,15,
QUALIFIED_B0_ACTUAL,59,RegControl,vreg3_a,True,2,1.0125,0.9,1.1,False,False,123.5,,,15,
QUALIFIED_B0_ACTUAL,59,RegControl,vreg3_b,True,3,1.01875,0.9,1.1,False,False,123.5,,,15,
QUALIFIED_B0_ACTUAL,59,RegControl,vreg3_c,True,1,1.00625,0.9,1.1,False,False,123.5,,,15,
QUALIFIED_B0_ACTUAL,59,RegControl,vreg4_a,True,5,1.03125,0.9,1.1,False,False,125.0,,,15,
QUALIFIED_B0_ACTUAL,59,RegControl,vreg4_b,True,6,1.0375,0.9,1.1,False,False,125.0,,,15,
QUALIFIED_B0_ACTUAL,59,RegControl,vreg4_c,True,5,1.03125,0.9,1.1,False,False,125.0,,,15,
QUALIFIED_B0_ACTUAL,59,Capacitor,capbank2a,True,,,,,,,,[0],False,,
QUALIFIED_B0_ACTUAL,59,Capacitor,capbank2b,True,,,,,,,,[0],False,,
QUALIFIED_B0_ACTUAL,59,Capacitor,capbank2c,True,,,,,,,,[0],False,,
QUALIFIED_B0_ACTUAL,59,Capacitor,capbank1a,True,,,,,,,,[0],False,,
QUALIFIED_B0_ACTUAL,59,Capacitor,capbank1b,True,,,,,,,,[0],False,,
QUALIFIED_B0_ACTUAL,59,Capacitor,capbank1c,True,,,,,,,,[0],False,,
QUALIFIED_B0_ACTUAL,59,Capacitor,capbank0a,True,,,,,,,,[1],True,,
QUALIFIED_B0_ACTUAL,59,Capacitor,capbank0b,True,,,,,,,,[1],True,,
QUALIFIED_B0_ACTUAL,59,Capacitor,capbank0c,True,,,,,,,,[1],True,,
QUALIFIED_B0_ACTUAL,59,Capacitor,capbank3,True,,,,,,,,[0],False,,
QUALIFIED_B0_ACTUAL,59,CapControl,capbank2a_ctrl,True,,,,,,,,,,100,100
QUALIFIED_B0_ACTUAL,59,CapControl,capbank2b_ctrl,True,,,,,,,,,,101,101
QUALIFIED_B0_ACTUAL,59,CapControl,capbank2c_ctrl,True,,,,,,,,,,102,102
QUALIFIED_B0_ACTUAL,59,CapControl,capbank1a_ctrl,True,,,,,,,,,,100,90
QUALIFIED_B0_ACTUAL,59,CapControl,capbank1b_ctrl,True,,,,,,,,,,101,91
QUALIFIED_B0_ACTUAL,59,CapControl,capbank1c_ctrl,True,,,,,,,,,,102,92
QUALIFIED_B0_ACTUAL,59,CapControl,capbank0a_ctrl,True,,,,,,,,,,100,80
QUALIFIED_B0_ACTUAL,59,CapControl,capbank0b_ctrl,True,,,,,,,,,,101,81
QUALIFIED_B0_ACTUAL,59,CapControl,capbank0c_ctrl,True,,,,,,,,,,102,82
QUALIFIED_B0_ACTUAL,60,RegControl,feeder_rega,True,-2,0.9875,0.9,1.1,False,False,123.5,,,15,
QUALIFIED_B0_ACTUAL,60,RegControl,feeder_regb,True,-2,0.9875,0.9,1.1,False,False,123.5,,,15,
QUALIFIED_B0_ACTUAL,60,RegControl,feeder_regc,True,-2,0.9875,0.9,1.1,False,False,123.5,,,15,
QUALIFIED_B0_ACTUAL,60,RegControl,vreg2_a,True,3,1.0187499999999998,0.9,1.1,False,False,125.0,,,15,
QUALIFIED_B0_ACTUAL,60,RegControl,vreg2_b,True,2,1.0124999999999997,0.9,1.1,False,False,125.0,,,15,
QUALIFIED_B0_ACTUAL,60,RegControl,vreg2_c,True,2,1.0125,0.9,1.1,False,False,125.0,,,15,
QUALIFIED_B0_ACTUAL,60,RegControl,vreg3_a,True,2,1.0125,0.9,1.1,False,False,123.5,,,15,
QUALIFIED_B0_ACTUAL,60,RegControl,vreg3_b,True,3,1.01875,0.9,1.1,False,False,123.5,,,15,
QUALIFIED_B0_ACTUAL,60,RegControl,vreg3_c,True,1,1.00625,0.9,1.1,False,False,123.5,,,15,
QUALIFIED_B0_ACTUAL,60,RegControl,vreg4_a,True,5,1.03125,0.9,1.1,False,False,125.0,,,15,
QUALIFIED_B0_ACTUAL,60,RegControl,vreg4_b,True,6,1.0375,0.9,1.1,False,False,125.0,,,15,
QUALIFIED_B0_ACTUAL,60,RegControl,vreg4_c,True,5,1.03125,0.9,1.1,False,False,125.0,,,15,
QUALIFIED_B0_ACTUAL,60,Capacitor,capbank2a,True,,,,,,,,[0],False,,
QUALIFIED_B0_ACTUAL,60,Capacitor,capbank2b,True,,,,,,,,[0],False,,
QUALIFIED_B0_ACTUAL,60,Capacitor,capbank2c,True,,,,,,,,[0],False,,
QUALIFIED_B0_ACTUAL,60,Capacitor,capbank1a,True,,,,,,,,[0],False,,
QUALIFIED_B0_ACTUAL,60,Capacitor,capbank1b,True,,,,,,,,[0],False,,
QUALIFIED_B0_ACTUAL,60,Capacitor,capbank1c,True,,,,,,,,[0],False,,
QUALIFIED_B0_ACTUAL,60,Capacitor,capbank0a,True,,,,,,,,[1],True,,
QUALIFIED_B0_ACTUAL,60,Capacitor,capbank0b,True,,,,,,,,[1],True,,
QUALIFIED_B0_ACTUAL,60,Capacitor,capbank0c,True,,,,,,,,[1],True,,
QUALIFIED_B0_ACTUAL,60,Capacitor,capbank3,True,,,,,,,,[0],False,,
QUALIFIED_B0_ACTUAL,60,CapControl,capbank2a_ctrl,True,,,,,,,,,,100,100
QUALIFIED_B0_ACTUAL,60,CapControl,capbank2b_ctrl,True,,,,,,,,,,101,101
QUALIFIED_B0_ACTUAL,60,CapControl,capbank2c_ctrl,True,,,,,,,,,,102,102
QUALIFIED_B0_ACTUAL,60,CapControl,capbank1a_ctrl,True,,,,,,,,,,100,90
QUALIFIED_B0_ACTUAL,60,CapControl,capbank1b_ctrl,True,,,,,,,,,,101,91
QUALIFIED_B0_ACTUAL,60,CapControl,capbank1c_ctrl,True,,,,,,,,,,102,92
QUALIFIED_B0_ACTUAL,60,CapControl,capbank0a_ctrl,True,,,,,,,,,,100,80
QUALIFIED_B0_ACTUAL,60,CapControl,capbank0b_ctrl,True,,,,,,,,,,101,81
QUALIFIED_B0_ACTUAL,60,CapControl,capbank0c_ctrl,True,,,,,,,,,,102,82
QUALIFIED_B0_ACTUAL,61,RegControl,feeder_rega,True,-2,0.9875,0.9,1.1,False,False,123.5,,,15,
QUALIFIED_B0_ACTUAL,61,RegControl,feeder_regb,True,-2,0.9875,0.9,1.1,False,False,123.5,,,15,
QUALIFIED_B0_ACTUAL,61,RegControl,feeder_regc,True,-2,0.9875,0.9,1.1,False,False,123.5,,,15,
QUALIFIED_B0_ACTUAL,61,RegControl,vreg2_a,True,3,1.0187499999999998,0.9,1.1,False,False,125.0,,,15,
QUALIFIED_B0_ACTUAL,61,RegControl,vreg2_b,True,2,1.0124999999999997,0.9,1.1,False,False,125.0,,,15,
QUALIFIED_B0_ACTUAL,61,RegControl,vreg2_c,True,2,1.0125,0.9,1.1,False,False,125.0,,,15,
QUALIFIED_B0_ACTUAL,61,RegControl,vreg3_a,True,2,1.0125,0.9,1.1,False,False,123.5,,,15,
QUALIFIED_B0_ACTUAL,61,RegControl,vreg3_b,True,3,1.01875,0.9,1.1,False,False,123.5,,,15,
QUALIFIED_B0_ACTUAL,61,RegControl,vreg3_c,True,1,1.00625,0.9,1.1,False,False,123.5,,,15,
QUALIFIED_B0_ACTUAL,61,RegControl,vreg4_a,True,5,1.03125,0.9,1.1,False,False,125.0,,,15,
QUALIFIED_B0_ACTUAL,61,RegControl,vreg4_b,True,6,1.0375,0.9,1.1,False,False,125.0,,,15,
QUALIFIED_B0_ACTUAL,61,RegControl,vreg4_c,True,5,1.03125,0.9,1.1,False,False,125.0,,,15,
QUALIFIED_B0_ACTUAL,61,Capacitor,capbank2a,True,,,,,,,,[0],False,,
QUALIFIED_B0_ACTUAL,61,Capacitor,capbank2b,True,,,,,,,,[0],False,,
QUALIFIED_B0_ACTUAL,61,Capacitor,capbank2c,True,,,,,,,,[0],False,,
QUALIFIED_B0_ACTUAL,61,Capacitor,capbank1a,True,,,,,,,,[0],False,,
QUALIFIED_B0_ACTUAL,61,Capacitor,capbank1b,True,,,,,,,,[0],False,,
QUALIFIED_B0_ACTUAL,61,Capacitor,capbank1c,True,,,,,,,,[0],False,,
QUALIFIED_B0_ACTUAL,61,Capacitor,capbank0a,True,,,,,,,,[1],True,,
QUALIFIED_B0_ACTUAL,61,Capacitor,capbank0b,True,,,,,,,,[1],True,,
QUALIFIED_B0_ACTUAL,61,Capacitor,capbank0c,True,,,,,,,,[1],True,,
QUALIFIED_B0_ACTUAL,61,Capacitor,capbank3,True,,,,,,,,[0],False,,
QUALIFIED_B0_ACTUAL,61,CapControl,capbank2a_ctrl,True,,,,,,,,,,100,100
QUALIFIED_B0_ACTUAL,61,CapControl,capbank2b_ctrl,True,,,,,,,,,,101,101
QUALIFIED_B0_ACTUAL,61,CapControl,capbank2c_ctrl,True,,,,,,,,,,102,102
QUALIFIED_B0_ACTUAL,61,CapControl,capbank1a_ctrl,True,,,,,,,,,,100,90
QUALIFIED_B0_ACTUAL,61,CapControl,capbank1b_ctrl,True,,,,,,,,,,101,91
QUALIFIED_B0_ACTUAL,61,CapControl,capbank1c_ctrl,True,,,,,,,,,,102,92
QUALIFIED_B0_ACTUAL,61,CapControl,capbank0a_ctrl,True,,,,,,,,,,100,80
QUALIFIED_B0_ACTUAL,61,CapControl,capbank0b_ctrl,True,,,,,,,,,,101,81
QUALIFIED_B0_ACTUAL,61,CapControl,capbank0c_ctrl,True,,,,,,,,,,102,82
QUALIFIED_B0_ACTUAL,62,RegControl,feeder_rega,True,-2,0.9875,0.9,1.1,False,False,123.5,,,15,
QUALIFIED_B0_ACTUAL,62,RegControl,feeder_regb,True,-2,0.9875,0.9,1.1,False,False,123.5,,,15,
QUALIFIED_B0_ACTUAL,62,RegControl,feeder_regc,True,-2,0.9875,0.9,1.1,False,False,123.5,,,15,
QUALIFIED_B0_ACTUAL,62,RegControl,vreg2_a,True,3,1.0187499999999998,0.9,1.1,False,False,125.0,,,15,
QUALIFIED_B0_ACTUAL,62,RegControl,vreg2_b,True,2,1.0124999999999997,0.9,1.1,False,False,125.0,,,15,
QUALIFIED_B0_ACTUAL,62,RegControl,vreg2_c,True,2,1.0125,0.9,1.1,False,False,125.0,,,15,
QUALIFIED_B0_ACTUAL,62,RegControl,vreg3_a,True,2,1.0125,0.9,1.1,False,False,123.5,,,15,
QUALIFIED_B0_ACTUAL,62,RegControl,vreg3_b,True,3,1.01875,0.9,1.1,False,False,123.5,,,15,
QUALIFIED_B0_ACTUAL,62,RegControl,vreg3_c,True,1,1.00625,0.9,1.1,False,False,123.5,,,15,
QUALIFIED_B0_ACTUAL,62,RegControl,vreg4_a,True,5,1.03125,0.9,1.1,False,False,125.0,,,15,
QUALIFIED_B0_ACTUAL,62,RegControl,vreg4_b,True,6,1.0375,0.9,1.1,False,False,125.0,,,15,
QUALIFIED_B0_ACTUAL,62,RegControl,vreg4_c,True,5,1.03125,0.9,1.1,False,False,125.0,,,15,
QUALIFIED_B0_ACTUAL,62,Capacitor,capbank2a,True,,,,,,,,[0],False,,
QUALIFIED_B0_ACTUAL,62,Capacitor,capbank2b,True,,,,,,,,[0],False,,
QUALIFIED_B0_ACTUAL,62,Capacitor,capbank2c,True,,,,,,,,[0],False,,
QUALIFIED_B0_ACTUAL,62,Capacitor,capbank1a,True,,,,,,,,[0],False,,
QUALIFIED_B0_ACTUAL,62,Capacitor,capbank1b,True,,,,,,,,[0],False,,
QUALIFIED_B0_ACTUAL,62,Capacitor,capbank1c,True,,,,,,,,[0],False,,
QUALIFIED_B0_ACTUAL,62,Capacitor,capbank0a,True,,,,,,,,[1],True,,
QUALIFIED_B0_ACTUAL,62,Capacitor,capbank0b,True,,,,,,,,[1],True,,
QUALIFIED_B0_ACTUAL,62,Capacitor,capbank0c,True,,,,,,,,[1],True,,
QUALIFIED_B0_ACTUAL,62,Capacitor,capbank3,True,,,,,,,,[0],False,,
QUALIFIED_B0_ACTUAL,62,CapControl,capbank2a_ctrl,True,,,,,,,,,,100,100
QUALIFIED_B0_ACTUAL,62,CapControl,capbank2b_ctrl,True,,,,,,,,,,101,101
QUALIFIED_B0_ACTUAL,62,CapControl,capbank2c_ctrl,True,,,,,,,,,,102,102
QUALIFIED_B0_ACTUAL,62,CapControl,capbank1a_ctrl,True,,,,,,,,,,100,90
QUALIFIED_B0_ACTUAL,62,CapControl,capbank1b_ctrl,True,,,,,,,,,,101,91
QUALIFIED_B0_ACTUAL,62,CapControl,capbank1c_ctrl,True,,,,,,,,,,102,92
QUALIFIED_B0_ACTUAL,62,CapControl,capbank0a_ctrl,True,,,,,,,,,,100,80
QUALIFIED_B0_ACTUAL,62,CapControl,capbank0b_ctrl,True,,,,,,,,,,101,81
QUALIFIED_B0_ACTUAL,62,CapControl,capbank0c_ctrl,True,,,,,,,,,,102,82
QUALIFIED_B0_ACTUAL,63,RegControl,feeder_rega,True,-2,0.9875,0.9,1.1,False,False,123.5,,,15,
QUALIFIED_B0_ACTUAL,63,RegControl,feeder_regb,True,-2,0.9875,0.9,1.1,False,False,123.5,,,15,
QUALIFIED_B0_ACTUAL,63,RegControl,feeder_regc,True,-2,0.9875,0.9,1.1,False,False,123.5,,,15,
QUALIFIED_B0_ACTUAL,63,RegControl,vreg2_a,True,4,1.025,0.9,1.1,False,False,125.0,,,15,
QUALIFIED_B0_ACTUAL,63,RegControl,vreg2_b,True,2,1.0124999999999997,0.9,1.1,False,False,125.0,,,15,
QUALIFIED_B0_ACTUAL,63,RegControl,vreg2_c,True,2,1.0125,0.9,1.1,False,False,125.0,,,15,
QUALIFIED_B0_ACTUAL,63,RegControl,vreg3_a,True,3,1.01875,0.9,1.1,False,False,123.5,,,15,
QUALIFIED_B0_ACTUAL,63,RegControl,vreg3_b,True,3,1.01875,0.9,1.1,False,False,123.5,,,15,
QUALIFIED_B0_ACTUAL,63,RegControl,vreg3_c,True,1,1.00625,0.9,1.1,False,False,123.5,,,15,
QUALIFIED_B0_ACTUAL,63,RegControl,vreg4_a,True,5,1.03125,0.9,1.1,False,False,125.0,,,15,
QUALIFIED_B0_ACTUAL,63,RegControl,vreg4_b,True,6,1.0375,0.9,1.1,False,False,125.0,,,15,
QUALIFIED_B0_ACTUAL,63,RegControl,vreg4_c,True,5,1.03125,0.9,1.1,False,False,125.0,,,15,
QUALIFIED_B0_ACTUAL,63,Capacitor,capbank2a,True,,,,,,,,[0],False,,
QUALIFIED_B0_ACTUAL,63,Capacitor,capbank2b,True,,,,,,,,[0],False,,
QUALIFIED_B0_ACTUAL,63,Capacitor,capbank2c,True,,,,,,,,[0],False,,
QUALIFIED_B0_ACTUAL,63,Capacitor,capbank1a,True,,,,,,,,[0],False,,
QUALIFIED_B0_ACTUAL,63,Capacitor,capbank1b,True,,,,,,,,[0],False,,
QUALIFIED_B0_ACTUAL,63,Capacitor,capbank1c,True,,,,,,,,[0],False,,
QUALIFIED_B0_ACTUAL,63,Capacitor,capbank0a,True,,,,,,,,[1],True,,
QUALIFIED_B0_ACTUAL,63,Capacitor,capbank0b,True,,,,,,,,[1],True,,
QUALIFIED_B0_ACTUAL,63,Capacitor,capbank0c,True,,,,,,,,[1],True,,
QUALIFIED_B0_ACTUAL,63,Capacitor,capbank3,True,,,,,,,,[0],False,,
QUALIFIED_B0_ACTUAL,63,CapControl,capbank2a_ctrl,True,,,,,,,,,,100,100
QUALIFIED_B0_ACTUAL,63,CapControl,capbank2b_ctrl,True,,,,,,,,,,101,101
QUALIFIED_B0_ACTUAL,63,CapControl,capbank2c_ctrl,True,,,,,,,,,,102,102
QUALIFIED_B0_ACTUAL,63,CapControl,capbank1a_ctrl,True,,,,,,,,,,100,90
QUALIFIED_B0_ACTUAL,63,CapControl,capbank1b_ctrl,True,,,,,,,,,,101,91
QUALIFIED_B0_ACTUAL,63,CapControl,capbank1c_ctrl,True,,,,,,,,,,102,92
QUALIFIED_B0_ACTUAL,63,CapControl,capbank0a_ctrl,True,,,,,,,,,,100,80
QUALIFIED_B0_ACTUAL,63,CapControl,capbank0b_ctrl,True,,,,,,,,,,101,81
QUALIFIED_B0_ACTUAL,63,CapControl,capbank0c_ctrl,True,,,,,,,,,,102,82
QUALIFIED_B0_ACTUAL,64,RegControl,feeder_rega,True,-2,0.9875,0.9,1.1,False,False,123.5,,,15,
QUALIFIED_B0_ACTUAL,64,RegControl,feeder_regb,True,-2,0.9875,0.9,1.1,False,False,123.5,,,15,
QUALIFIED_B0_ACTUAL,64,RegControl,feeder_regc,True,-2,0.9875,0.9,1.1,False,False,123.5,,,15,
QUALIFIED_B0_ACTUAL,64,RegControl,vreg2_a,True,4,1.025,0.9,1.1,False,False,125.0,,,15,
QUALIFIED_B0_ACTUAL,64,RegControl,vreg2_b,True,2,1.0124999999999997,0.9,1.1,False,False,125.0,,,15,
QUALIFIED_B0_ACTUAL,64,RegControl,vreg2_c,True,2,1.0125,0.9,1.1,False,False,125.0,,,15,
QUALIFIED_B0_ACTUAL,64,RegControl,vreg3_a,True,3,1.01875,0.9,1.1,False,False,123.5,,,15,
QUALIFIED_B0_ACTUAL,64,RegControl,vreg3_b,True,3,1.01875,0.9,1.1,False,False,123.5,,,15,
QUALIFIED_B0_ACTUAL,64,RegControl,vreg3_c,True,1,1.00625,0.9,1.1,False,False,123.5,,,15,
QUALIFIED_B0_ACTUAL,64,RegControl,vreg4_a,True,6,1.0375,0.9,1.1,False,False,125.0,,,15,
QUALIFIED_B0_ACTUAL,64,RegControl,vreg4_b,True,6,1.0375,0.9,1.1,False,False,125.0,,,15,
QUALIFIED_B0_ACTUAL,64,RegControl,vreg4_c,True,5,1.03125,0.9,1.1,False,False,125.0,,,15,
QUALIFIED_B0_ACTUAL,64,Capacitor,capbank2a,True,,,,,,,,[0],False,,
QUALIFIED_B0_ACTUAL,64,Capacitor,capbank2b,True,,,,,,,,[0],False,,
QUALIFIED_B0_ACTUAL,64,Capacitor,capbank2c,True,,,,,,,,[0],False,,
QUALIFIED_B0_ACTUAL,64,Capacitor,capbank1a,True,,,,,,,,[0],False,,
QUALIFIED_B0_ACTUAL,64,Capacitor,capbank1b,True,,,,,,,,[0],False,,
QUALIFIED_B0_ACTUAL,64,Capacitor,capbank1c,True,,,,,,,,[0],False,,
QUALIFIED_B0_ACTUAL,64,Capacitor,capbank0a,True,,,,,,,,[1],True,,
QUALIFIED_B0_ACTUAL,64,Capacitor,capbank0b,True,,,,,,,,[1],True,,
QUALIFIED_B0_ACTUAL,64,Capacitor,capbank0c,True,,,,,,,,[1],True,,
QUALIFIED_B0_ACTUAL,64,Capacitor,capbank3,True,,,,,,,,[0],False,,
QUALIFIED_B0_ACTUAL,64,CapControl,capbank2a_ctrl,True,,,,,,,,,,100,100
QUALIFIED_B0_ACTUAL,64,CapControl,capbank2b_ctrl,True,,,,,,,,,,101,101
QUALIFIED_B0_ACTUAL,64,CapControl,capbank2c_ctrl,True,,,,,,,,,,102,102
QUALIFIED_B0_ACTUAL,64,CapControl,capbank1a_ctrl,True,,,,,,,,,,100,90
QUALIFIED_B0_ACTUAL,64,CapControl,capbank1b_ctrl,True,,,,,,,,,,101,91
QUALIFIED_B0_ACTUAL,64,CapControl,capbank1c_ctrl,True,,,,,,,,,,102,92
QUALIFIED_B0_ACTUAL,64,CapControl,capbank0a_ctrl,True,,,,,,,,,,100,80
QUALIFIED_B0_ACTUAL,64,CapControl,capbank0b_ctrl,True,,,,,,,,,,101,81
QUALIFIED_B0_ACTUAL,64,CapControl,capbank0c_ctrl,True,,,,,,,,,,102,82
QUALIFIED_B0_ACTUAL,65,RegControl,feeder_rega,True,-2,0.9875,0.9,1.1,False,False,123.5,,,15,
QUALIFIED_B0_ACTUAL,65,RegControl,feeder_regb,True,-2,0.9875,0.9,1.1,False,False,123.5,,,15,
QUALIFIED_B0_ACTUAL,65,RegControl,feeder_regc,True,-2,0.9875,0.9,1.1,False,False,123.5,,,15,
QUALIFIED_B0_ACTUAL,65,RegControl,vreg2_a,True,4,1.025,0.9,1.1,False,False,125.0,,,15,
QUALIFIED_B0_ACTUAL,65,RegControl,vreg2_b,True,3,1.0187499999999998,0.9,1.1,False,False,125.0,,,15,
QUALIFIED_B0_ACTUAL,65,RegControl,vreg2_c,True,2,1.0125,0.9,1.1,False,False,125.0,,,15,
QUALIFIED_B0_ACTUAL,65,RegControl,vreg3_a,True,4,1.0250000000000001,0.9,1.1,False,False,123.5,,,15,
QUALIFIED_B0_ACTUAL,65,RegControl,vreg3_b,True,3,1.01875,0.9,1.1,False,False,123.5,,,15,
QUALIFIED_B0_ACTUAL,65,RegControl,vreg3_c,True,1,1.00625,0.9,1.1,False,False,123.5,,,15,
QUALIFIED_B0_ACTUAL,65,RegControl,vreg4_a,True,6,1.0375,0.9,1.1,False,False,125.0,,,15,
QUALIFIED_B0_ACTUAL,65,RegControl,vreg4_b,True,7,1.0437500000000002,0.9,1.1,False,False,125.0,,,15,
QUALIFIED_B0_ACTUAL,65,RegControl,vreg4_c,True,5,1.03125,0.9,1.1,False,False,125.0,,,15,
QUALIFIED_B0_ACTUAL,65,Capacitor,capbank2a,True,,,,,,,,[0],False,,
QUALIFIED_B0_ACTUAL,65,Capacitor,capbank2b,True,,,,,,,,[0],False,,
QUALIFIED_B0_ACTUAL,65,Capacitor,capbank2c,True,,,,,,,,[0],False,,
QUALIFIED_B0_ACTUAL,65,Capacitor,capbank1a,True,,,,,,,,[0],False,,
QUALIFIED_B0_ACTUAL,65,Capacitor,capbank1b,True,,,,,,,,[0],False,,
QUALIFIED_B0_ACTUAL,65,Capacitor,capbank1c,True,,,,,,,,[0],False,,
QUALIFIED_B0_ACTUAL,65,Capacitor,capbank0a,True,,,,,,,,[1],True,,
QUALIFIED_B0_ACTUAL,65,Capacitor,capbank0b,True,,,,,,,,[1],True,,
QUALIFIED_B0_ACTUAL,65,Capacitor,capbank0c,True,,,,,,,,[1],True,,
QUALIFIED_B0_ACTUAL,65,Capacitor,capbank3,True,,,,,,,,[0],False,,
QUALIFIED_B0_ACTUAL,65,CapControl,capbank2a_ctrl,True,,,,,,,,,,100,100
QUALIFIED_B0_ACTUAL,65,CapControl,capbank2b_ctrl,True,,,,,,,,,,101,101
QUALIFIED_B0_ACTUAL,65,CapControl,capbank2c_ctrl,True,,,,,,,,,,102,102
QUALIFIED_B0_ACTUAL,65,CapControl,capbank1a_ctrl,True,,,,,,,,,,100,90
QUALIFIED_B0_ACTUAL,65,CapControl,capbank1b_ctrl,True,,,,,,,,,,101,91
QUALIFIED_B0_ACTUAL,65,CapControl,capbank1c_ctrl,True,,,,,,,,,,102,92
QUALIFIED_B0_ACTUAL,65,CapControl,capbank0a_ctrl,True,,,,,,,,,,100,80
QUALIFIED_B0_ACTUAL,65,CapControl,capbank0b_ctrl,True,,,,,,,,,,101,81
QUALIFIED_B0_ACTUAL,65,CapControl,capbank0c_ctrl,True,,,,,,,,,,102,82
QUALIFIED_B0_ACTUAL,66,RegControl,feeder_rega,True,-2,0.9875,0.9,1.1,False,False,123.5,,,15,
QUALIFIED_B0_ACTUAL,66,RegControl,feeder_regb,True,-2,0.9875,0.9,1.1,False,False,123.5,,,15,
QUALIFIED_B0_ACTUAL,66,RegControl,feeder_regc,True,-2,0.9875,0.9,1.1,False,False,123.5,,,15,
QUALIFIED_B0_ACTUAL,66,RegControl,vreg2_a,True,4,1.025,0.9,1.1,False,False,125.0,,,15,
QUALIFIED_B0_ACTUAL,66,RegControl,vreg2_b,True,3,1.0187499999999998,0.9,1.1,False,False,125.0,,,15,
QUALIFIED_B0_ACTUAL,66,RegControl,vreg2_c,True,2,1.0125,0.9,1.1,False,False,125.0,,,15,
QUALIFIED_B0_ACTUAL,66,RegControl,vreg3_a,True,4,1.0250000000000001,0.9,1.1,False,False,123.5,,,15,
QUALIFIED_B0_ACTUAL,66,RegControl,vreg3_b,True,3,1.01875,0.9,1.1,False,False,123.5,,,15,
QUALIFIED_B0_ACTUAL,66,RegControl,vreg3_c,True,1,1.00625,0.9,1.1,False,False,123.5,,,15,
QUALIFIED_B0_ACTUAL,66,RegControl,vreg4_a,True,6,1.0375,0.9,1.1,False,False,125.0,,,15,
QUALIFIED_B0_ACTUAL,66,RegControl,vreg4_b,True,7,1.0437500000000002,0.9,1.1,False,False,125.0,,,15,
QUALIFIED_B0_ACTUAL,66,RegControl,vreg4_c,True,5,1.03125,0.9,1.1,False,False,125.0,,,15,
QUALIFIED_B0_ACTUAL,66,Capacitor,capbank2a,True,,,,,,,,[0],False,,
QUALIFIED_B0_ACTUAL,66,Capacitor,capbank2b,True,,,,,,,,[0],False,,
QUALIFIED_B0_ACTUAL,66,Capacitor,capbank2c,True,,,,,,,,[0],False,,
QUALIFIED_B0_ACTUAL,66,Capacitor,capbank1a,True,,,,,,,,[0],False,,
QUALIFIED_B0_ACTUAL,66,Capacitor,capbank1b,True,,,,,,,,[0],False,,
QUALIFIED_B0_ACTUAL,66,Capacitor,capbank1c,True,,,,,,,,[0],False,,
QUALIFIED_B0_ACTUAL,66,Capacitor,capbank0a,True,,,,,,,,[1],True,,
QUALIFIED_B0_ACTUAL,66,Capacitor,capbank0b,True,,,,,,,,[1],True,,
QUALIFIED_B0_ACTUAL,66,Capacitor,capbank0c,True,,,,,,,,[1],True,,
QUALIFIED_B0_ACTUAL,66,Capacitor,capbank3,True,,,,,,,,[0],False,,
QUALIFIED_B0_ACTUAL,66,CapControl,capbank2a_ctrl,True,,,,,,,,,,100,100
QUALIFIED_B0_ACTUAL,66,CapControl,capbank2b_ctrl,True,,,,,,,,,,101,101
QUALIFIED_B0_ACTUAL,66,CapControl,capbank2c_ctrl,True,,,,,,,,,,102,102
QUALIFIED_B0_ACTUAL,66,CapControl,capbank1a_ctrl,True,,,,,,,,,,100,90
QUALIFIED_B0_ACTUAL,66,CapControl,capbank1b_ctrl,True,,,,,,,,,,101,91
QUALIFIED_B0_ACTUAL,66,CapControl,capbank1c_ctrl,True,,,,,,,,,,102,92
QUALIFIED_B0_ACTUAL,66,CapControl,capbank0a_ctrl,True,,,,,,,,,,100,80
QUALIFIED_B0_ACTUAL,66,CapControl,capbank0b_ctrl,True,,,,,,,,,,101,81
QUALIFIED_B0_ACTUAL,66,CapControl,capbank0c_ctrl,True,,,,,,,,,,102,82
QUALIFIED_B0_ACTUAL,67,RegControl,feeder_rega,True,-2,0.9875,0.9,1.1,False,False,123.5,,,15,
QUALIFIED_B0_ACTUAL,67,RegControl,feeder_regb,True,-2,0.9875,0.9,1.1,False,False,123.5,,,15,
QUALIFIED_B0_ACTUAL,67,RegControl,feeder_regc,True,-2,0.9875,0.9,1.1,False,False,123.5,,,15,
QUALIFIED_B0_ACTUAL,67,RegControl,vreg2_a,True,4,1.025,0.9,1.1,False,False,125.0,,,15,
QUALIFIED_B0_ACTUAL,67,RegControl,vreg2_b,True,3,1.0187499999999998,0.9,1.1,False,False,125.0,,,15,
QUALIFIED_B0_ACTUAL,67,RegControl,vreg2_c,True,2,1.0125,0.9,1.1,False,False,125.0,,,15,
QUALIFIED_B0_ACTUAL,67,RegControl,vreg3_a,True,4,1.0250000000000001,0.9,1.1,False,False,123.5,,,15,
QUALIFIED_B0_ACTUAL,67,RegControl,vreg3_b,True,3,1.01875,0.9,1.1,False,False,123.5,,,15,
QUALIFIED_B0_ACTUAL,67,RegControl,vreg3_c,True,1,1.00625,0.9,1.1,False,False,123.5,,,15,
QUALIFIED_B0_ACTUAL,67,RegControl,vreg4_a,True,7,1.0437500000000002,0.9,1.1,False,False,125.0,,,15,
QUALIFIED_B0_ACTUAL,67,RegControl,vreg4_b,True,7,1.0437500000000002,0.9,1.1,False,False,125.0,,,15,
QUALIFIED_B0_ACTUAL,67,RegControl,vreg4_c,True,6,1.0375,0.9,1.1,False,False,125.0,,,15,
QUALIFIED_B0_ACTUAL,67,Capacitor,capbank2a,True,,,,,,,,[0],False,,
QUALIFIED_B0_ACTUAL,67,Capacitor,capbank2b,True,,,,,,,,[0],False,,
QUALIFIED_B0_ACTUAL,67,Capacitor,capbank2c,True,,,,,,,,[0],False,,
QUALIFIED_B0_ACTUAL,67,Capacitor,capbank1a,True,,,,,,,,[0],False,,
QUALIFIED_B0_ACTUAL,67,Capacitor,capbank1b,True,,,,,,,,[0],False,,
QUALIFIED_B0_ACTUAL,67,Capacitor,capbank1c,True,,,,,,,,[0],False,,
QUALIFIED_B0_ACTUAL,67,Capacitor,capbank0a,True,,,,,,,,[1],True,,
QUALIFIED_B0_ACTUAL,67,Capacitor,capbank0b,True,,,,,,,,[1],True,,
QUALIFIED_B0_ACTUAL,67,Capacitor,capbank0c,True,,,,,,,,[1],True,,
QUALIFIED_B0_ACTUAL,67,Capacitor,capbank3,True,,,,,,,,[0],False,,
QUALIFIED_B0_ACTUAL,67,CapControl,capbank2a_ctrl,True,,,,,,,,,,100,100
QUALIFIED_B0_ACTUAL,67,CapControl,capbank2b_ctrl,True,,,,,,,,,,101,101
QUALIFIED_B0_ACTUAL,67,CapControl,capbank2c_ctrl,True,,,,,,,,,,102,102
QUALIFIED_B0_ACTUAL,67,CapControl,capbank1a_ctrl,True,,,,,,,,,,100,90
QUALIFIED_B0_ACTUAL,67,CapControl,capbank1b_ctrl,True,,,,,,,,,,101,91
QUALIFIED_B0_ACTUAL,67,CapControl,capbank1c_ctrl,True,,,,,,,,,,102,92
QUALIFIED_B0_ACTUAL,67,CapControl,capbank0a_ctrl,True,,,,,,,,,,100,80
QUALIFIED_B0_ACTUAL,67,CapControl,capbank0b_ctrl,True,,,,,,,,,,101,81
QUALIFIED_B0_ACTUAL,67,CapControl,capbank0c_ctrl,True,,,,,,,,,,102,82
QUALIFIED_B0_ACTUAL,68,RegControl,feeder_rega,True,-2,0.9875,0.9,1.1,False,False,123.5,,,15,
QUALIFIED_B0_ACTUAL,68,RegControl,feeder_regb,True,-2,0.9875,0.9,1.1,False,False,123.5,,,15,
QUALIFIED_B0_ACTUAL,68,RegControl,feeder_regc,True,-2,0.9875,0.9,1.1,False,False,123.5,,,15,
QUALIFIED_B0_ACTUAL,68,RegControl,vreg2_a,True,4,1.025,0.9,1.1,False,False,125.0,,,15,
QUALIFIED_B0_ACTUAL,68,RegControl,vreg2_b,True,4,1.025,0.9,1.1,False,False,125.0,,,15,
QUALIFIED_B0_ACTUAL,68,RegControl,vreg2_c,True,3,1.01875,0.9,1.1,False,False,125.0,,,15,
QUALIFIED_B0_ACTUAL,68,RegControl,vreg3_a,True,5,1.0312500000000002,0.9,1.1,False,False,123.5,,,15,
QUALIFIED_B0_ACTUAL,68,RegControl,vreg3_b,True,4,1.0250000000000001,0.9,1.1,False,False,123.5,,,15,
QUALIFIED_B0_ACTUAL,68,RegControl,vreg3_c,True,1,1.00625,0.9,1.1,False,False,123.5,,,15,
QUALIFIED_B0_ACTUAL,68,RegControl,vreg4_a,True,7,1.0437500000000002,0.9,1.1,False,False,125.0,,,15,
QUALIFIED_B0_ACTUAL,68,RegControl,vreg4_b,True,8,1.0500000000000003,0.9,1.1,False,False,125.0,,,15,
QUALIFIED_B0_ACTUAL,68,RegControl,vreg4_c,True,6,1.0375,0.9,1.1,False,False,125.0,,,15,
QUALIFIED_B0_ACTUAL,68,Capacitor,capbank2a,True,,,,,,,,[0],False,,
QUALIFIED_B0_ACTUAL,68,Capacitor,capbank2b,True,,,,,,,,[0],False,,
QUALIFIED_B0_ACTUAL,68,Capacitor,capbank2c,True,,,,,,,,[0],False,,
QUALIFIED_B0_ACTUAL,68,Capacitor,capbank1a,True,,,,,,,,[0],False,,
QUALIFIED_B0_ACTUAL,68,Capacitor,capbank1b,True,,,,,,,,[0],False,,
QUALIFIED_B0_ACTUAL,68,Capacitor,capbank1c,True,,,,,,,,[0],False,,
QUALIFIED_B0_ACTUAL,68,Capacitor,capbank0a,True,,,,,,,,[1],True,,
QUALIFIED_B0_ACTUAL,68,Capacitor,capbank0b,True,,,,,,,,[1],True,,
QUALIFIED_B0_ACTUAL,68,Capacitor,capbank0c,True,,,,,,,,[1],True,,
QUALIFIED_B0_ACTUAL,68,Capacitor,capbank3,True,,,,,,,,[0],False,,
QUALIFIED_B0_ACTUAL,68,CapControl,capbank2a_ctrl,True,,,,,,,,,,100,100
QUALIFIED_B0_ACTUAL,68,CapControl,capbank2b_ctrl,True,,,,,,,,,,101,101
QUALIFIED_B0_ACTUAL,68,CapControl,capbank2c_ctrl,True,,,,,,,,,,102,102
QUALIFIED_B0_ACTUAL,68,CapControl,capbank1a_ctrl,True,,,,,,,,,,100,90
QUALIFIED_B0_ACTUAL,68,CapControl,capbank1b_ctrl,True,,,,,,,,,,101,91
QUALIFIED_B0_ACTUAL,68,CapControl,capbank1c_ctrl,True,,,,,,,,,,102,92
QUALIFIED_B0_ACTUAL,68,CapControl,capbank0a_ctrl,True,,,,,,,,,,100,80
QUALIFIED_B0_ACTUAL,68,CapControl,capbank0b_ctrl,True,,,,,,,,,,101,81
QUALIFIED_B0_ACTUAL,68,CapControl,capbank0c_ctrl,True,,,,,,,,,,102,82
QUALIFIED_B0_ACTUAL,69,RegControl,feeder_rega,True,-2,0.9875,0.9,1.1,False,False,123.5,,,15,
QUALIFIED_B0_ACTUAL,69,RegControl,feeder_regb,True,-2,0.9875,0.9,1.1,False,False,123.5,,,15,
QUALIFIED_B0_ACTUAL,69,RegControl,feeder_regc,True,-2,0.9875,0.9,1.1,False,False,123.5,,,15,
QUALIFIED_B0_ACTUAL,69,RegControl,vreg2_a,True,4,1.025,0.9,1.1,False,False,125.0,,,15,
QUALIFIED_B0_ACTUAL,69,RegControl,vreg2_b,True,4,1.025,0.9,1.1,False,False,125.0,,,15,
QUALIFIED_B0_ACTUAL,69,RegControl,vreg2_c,True,3,1.01875,0.9,1.1,False,False,125.0,,,15,
QUALIFIED_B0_ACTUAL,69,RegControl,vreg3_a,True,5,1.0312500000000002,0.9,1.1,False,False,123.5,,,15,
QUALIFIED_B0_ACTUAL,69,RegControl,vreg3_b,True,4,1.0250000000000001,0.9,1.1,False,False,123.5,,,15,
QUALIFIED_B0_ACTUAL,69,RegControl,vreg3_c,True,1,1.00625,0.9,1.1,False,False,123.5,,,15,
QUALIFIED_B0_ACTUAL,69,RegControl,vreg4_a,True,7,1.0437500000000002,0.9,1.1,False,False,125.0,,,15,
QUALIFIED_B0_ACTUAL,69,RegControl,vreg4_b,True,8,1.0500000000000003,0.9,1.1,False,False,125.0,,,15,
QUALIFIED_B0_ACTUAL,69,RegControl,vreg4_c,True,6,1.0375,0.9,1.1,False,False,125.0,,,15,
QUALIFIED_B0_ACTUAL,69,Capacitor,capbank2a,True,,,,,,,,[0],False,,
QUALIFIED_B0_ACTUAL,69,Capacitor,capbank2b,True,,,,,,,,[0],False,,
QUALIFIED_B0_ACTUAL,69,Capacitor,capbank2c,True,,,,,,,,[0],False,,
QUALIFIED_B0_ACTUAL,69,Capacitor,capbank1a,True,,,,,,,,[0],False,,
QUALIFIED_B0_ACTUAL,69,Capacitor,capbank1b,True,,,,,,,,[0],False,,
QUALIFIED_B0_ACTUAL,69,Capacitor,capbank1c,True,,,,,,,,[0],False,,
QUALIFIED_B0_ACTUAL,69,Capacitor,capbank0a,True,,,,,,,,[1],True,,
QUALIFIED_B0_ACTUAL,69,Capacitor,capbank0b,True,,,,,,,,[1],True,,
QUALIFIED_B0_ACTUAL,69,Capacitor,capbank0c,True,,,,,,,,[1],True,,
QUALIFIED_B0_ACTUAL,69,Capacitor,capbank3,True,,,,,,,,[0],False,,
QUALIFIED_B0_ACTUAL,69,CapControl,capbank2a_ctrl,True,,,,,,,,,,100,100
QUALIFIED_B0_ACTUAL,69,CapControl,capbank2b_ctrl,True,,,,,,,,,,101,101
QUALIFIED_B0_ACTUAL,69,CapControl,capbank2c_ctrl,True,,,,,,,,,,102,102
QUALIFIED_B0_ACTUAL,69,CapControl,capbank1a_ctrl,True,,,,,,,,,,100,90
QUALIFIED_B0_ACTUAL,69,CapControl,capbank1b_ctrl,True,,,,,,,,,,101,91
QUALIFIED_B0_ACTUAL,69,CapControl,capbank1c_ctrl,True,,,,,,,,,,102,92
QUALIFIED_B0_ACTUAL,69,CapControl,capbank0a_ctrl,True,,,,,,,,,,100,80
QUALIFIED_B0_ACTUAL,69,CapControl,capbank0b_ctrl,True,,,,,,,,,,101,81
QUALIFIED_B0_ACTUAL,69,CapControl,capbank0c_ctrl,True,,,,,,,,,,102,82
QUALIFIED_B0_ACTUAL,70,RegControl,feeder_rega,True,-2,0.9875,0.9,1.1,False,False,123.5,,,15,
QUALIFIED_B0_ACTUAL,70,RegControl,feeder_regb,True,-2,0.9875,0.9,1.1,False,False,123.5,,,15,
QUALIFIED_B0_ACTUAL,70,RegControl,feeder_regc,True,-2,0.9875,0.9,1.1,False,False,123.5,,,15,
QUALIFIED_B0_ACTUAL,70,RegControl,vreg2_a,True,4,1.025,0.9,1.1,False,False,125.0,,,15,
QUALIFIED_B0_ACTUAL,70,RegControl,vreg2_b,True,4,1.025,0.9,1.1,False,False,125.0,,,15,
QUALIFIED_B0_ACTUAL,70,RegControl,vreg2_c,True,3,1.01875,0.9,1.1,False,False,125.0,,,15,
QUALIFIED_B0_ACTUAL,70,RegControl,vreg3_a,True,5,1.0312500000000002,0.9,1.1,False,False,123.5,,,15,
QUALIFIED_B0_ACTUAL,70,RegControl,vreg3_b,True,4,1.0250000000000001,0.9,1.1,False,False,123.5,,,15,
QUALIFIED_B0_ACTUAL,70,RegControl,vreg3_c,True,1,1.00625,0.9,1.1,False,False,123.5,,,15,
QUALIFIED_B0_ACTUAL,70,RegControl,vreg4_a,True,8,1.0500000000000003,0.9,1.1,False,False,125.0,,,15,
QUALIFIED_B0_ACTUAL,70,RegControl,vreg4_b,True,8,1.0500000000000003,0.9,1.1,False,False,125.0,,,15,
QUALIFIED_B0_ACTUAL,70,RegControl,vreg4_c,True,6,1.0375,0.9,1.1,False,False,125.0,,,15,
QUALIFIED_B0_ACTUAL,70,Capacitor,capbank2a,True,,,,,,,,[0],False,,
QUALIFIED_B0_ACTUAL,70,Capacitor,capbank2b,True,,,,,,,,[0],False,,
QUALIFIED_B0_ACTUAL,70,Capacitor,capbank2c,True,,,,,,,,[0],False,,
QUALIFIED_B0_ACTUAL,70,Capacitor,capbank1a,True,,,,,,,,[0],False,,
QUALIFIED_B0_ACTUAL,70,Capacitor,capbank1b,True,,,,,,,,[0],False,,
QUALIFIED_B0_ACTUAL,70,Capacitor,capbank1c,True,,,,,,,,[0],False,,
QUALIFIED_B0_ACTUAL,70,Capacitor,capbank0a,True,,,,,,,,[1],True,,
QUALIFIED_B0_ACTUAL,70,Capacitor,capbank0b,True,,,,,,,,[1],True,,
QUALIFIED_B0_ACTUAL,70,Capacitor,capbank0c,True,,,,,,,,[1],True,,
QUALIFIED_B0_ACTUAL,70,Capacitor,capbank3,True,,,,,,,,[0],False,,
QUALIFIED_B0_ACTUAL,70,CapControl,capbank2a_ctrl,True,,,,,,,,,,100,100
QUALIFIED_B0_ACTUAL,70,CapControl,capbank2b_ctrl,True,,,,,,,,,,101,101
QUALIFIED_B0_ACTUAL,70,CapControl,capbank2c_ctrl,True,,,,,,,,,,102,102
QUALIFIED_B0_ACTUAL,70,CapControl,capbank1a_ctrl,True,,,,,,,,,,100,90
QUALIFIED_B0_ACTUAL,70,CapControl,capbank1b_ctrl,True,,,,,,,,,,101,91
QUALIFIED_B0_ACTUAL,70,CapControl,capbank1c_ctrl,True,,,,,,,,,,102,92
QUALIFIED_B0_ACTUAL,70,CapControl,capbank0a_ctrl,True,,,,,,,,,,100,80
QUALIFIED_B0_ACTUAL,70,CapControl,capbank0b_ctrl,True,,,,,,,,,,101,81
QUALIFIED_B0_ACTUAL,70,CapControl,capbank0c_ctrl,True,,,,,,,,,,102,82
QUALIFIED_B0_ACTUAL,71,RegControl,feeder_rega,True,-2,0.9875,0.9,1.1,False,False,123.5,,,15,
QUALIFIED_B0_ACTUAL,71,RegControl,feeder_regb,True,-2,0.9875,0.9,1.1,False,False,123.5,,,15,
QUALIFIED_B0_ACTUAL,71,RegControl,feeder_regc,True,-2,0.9875,0.9,1.1,False,False,123.5,,,15,
QUALIFIED_B0_ACTUAL,71,RegControl,vreg2_a,True,4,1.025,0.9,1.1,False,False,125.0,,,15,
QUALIFIED_B0_ACTUAL,71,RegControl,vreg2_b,True,4,1.025,0.9,1.1,False,False,125.0,,,15,
QUALIFIED_B0_ACTUAL,71,RegControl,vreg2_c,True,3,1.01875,0.9,1.1,False,False,125.0,,,15,
QUALIFIED_B0_ACTUAL,71,RegControl,vreg3_a,True,5,1.0312500000000002,0.9,1.1,False,False,123.5,,,15,
QUALIFIED_B0_ACTUAL,71,RegControl,vreg3_b,True,4,1.0250000000000001,0.9,1.1,False,False,123.5,,,15,
QUALIFIED_B0_ACTUAL,71,RegControl,vreg3_c,True,2,1.0125000000000002,0.9,1.1,False,False,123.5,,,15,
QUALIFIED_B0_ACTUAL,71,RegControl,vreg4_a,True,8,1.0500000000000003,0.9,1.1,False,False,125.0,,,15,
QUALIFIED_B0_ACTUAL,71,RegControl,vreg4_b,True,8,1.0500000000000003,0.9,1.1,False,False,125.0,,,15,
QUALIFIED_B0_ACTUAL,71,RegControl,vreg4_c,True,6,1.0375,0.9,1.1,False,False,125.0,,,15,
QUALIFIED_B0_ACTUAL,71,Capacitor,capbank2a,True,,,,,,,,[0],False,,
QUALIFIED_B0_ACTUAL,71,Capacitor,capbank2b,True,,,,,,,,[0],False,,
QUALIFIED_B0_ACTUAL,71,Capacitor,capbank2c,True,,,,,,,,[0],False,,
QUALIFIED_B0_ACTUAL,71,Capacitor,capbank1a,True,,,,,,,,[0],False,,
QUALIFIED_B0_ACTUAL,71,Capacitor,capbank1b,True,,,,,,,,[0],False,,
QUALIFIED_B0_ACTUAL,71,Capacitor,capbank1c,True,,,,,,,,[0],False,,
QUALIFIED_B0_ACTUAL,71,Capacitor,capbank0a,True,,,,,,,,[1],True,,
QUALIFIED_B0_ACTUAL,71,Capacitor,capbank0b,True,,,,,,,,[1],True,,
QUALIFIED_B0_ACTUAL,71,Capacitor,capbank0c,True,,,,,,,,[1],True,,
QUALIFIED_B0_ACTUAL,71,Capacitor,capbank3,True,,,,,,,,[0],False,,
QUALIFIED_B0_ACTUAL,71,CapControl,capbank2a_ctrl,True,,,,,,,,,,100,100
QUALIFIED_B0_ACTUAL,71,CapControl,capbank2b_ctrl,True,,,,,,,,,,101,101
QUALIFIED_B0_ACTUAL,71,CapControl,capbank2c_ctrl,True,,,,,,,,,,102,102
QUALIFIED_B0_ACTUAL,71,CapControl,capbank1a_ctrl,True,,,,,,,,,,100,90
QUALIFIED_B0_ACTUAL,71,CapControl,capbank1b_ctrl,True,,,,,,,,,,101,91
QUALIFIED_B0_ACTUAL,71,CapControl,capbank1c_ctrl,True,,,,,,,,,,102,92
QUALIFIED_B0_ACTUAL,71,CapControl,capbank0a_ctrl,True,,,,,,,,,,100,80
QUALIFIED_B0_ACTUAL,71,CapControl,capbank0b_ctrl,True,,,,,,,,,,101,81
QUALIFIED_B0_ACTUAL,71,CapControl,capbank0c_ctrl,True,,,,,,,,,,102,82
QUALIFIED_B0_ACTUAL,72,RegControl,feeder_rega,True,-2,0.9875,0.9,1.1,False,False,123.5,,,15,
QUALIFIED_B0_ACTUAL,72,RegControl,feeder_regb,True,-2,0.9875,0.9,1.1,False,False,123.5,,,15,
QUALIFIED_B0_ACTUAL,72,RegControl,feeder_regc,True,-2,0.9875,0.9,1.1,False,False,123.5,,,15,
QUALIFIED_B0_ACTUAL,72,RegControl,vreg2_a,True,5,1.03125,0.9,1.1,False,False,125.0,,,15,
QUALIFIED_B0_ACTUAL,72,RegControl,vreg2_b,True,4,1.025,0.9,1.1,False,False,125.0,,,15,
QUALIFIED_B0_ACTUAL,72,RegControl,vreg2_c,True,3,1.01875,0.9,1.1,False,False,125.0,,,15,
QUALIFIED_B0_ACTUAL,72,RegControl,vreg3_a,True,6,1.0375000000000003,0.9,1.1,False,False,123.5,,,15,
QUALIFIED_B0_ACTUAL,72,RegControl,vreg3_b,True,4,1.0250000000000001,0.9,1.1,False,False,123.5,,,15,
QUALIFIED_B0_ACTUAL,72,RegControl,vreg3_c,True,2,1.0125000000000002,0.9,1.1,False,False,123.5,,,15,
QUALIFIED_B0_ACTUAL,72,RegControl,vreg4_a,True,8,1.0500000000000003,0.9,1.1,False,False,125.0,,,15,
QUALIFIED_B0_ACTUAL,72,RegControl,vreg4_b,True,8,1.0500000000000003,0.9,1.1,False,False,125.0,,,15,
QUALIFIED_B0_ACTUAL,72,RegControl,vreg4_c,True,6,1.0375,0.9,1.1,False,False,125.0,,,15,
QUALIFIED_B0_ACTUAL,72,Capacitor,capbank2a,True,,,,,,,,[0],False,,
QUALIFIED_B0_ACTUAL,72,Capacitor,capbank2b,True,,,,,,,,[0],False,,
QUALIFIED_B0_ACTUAL,72,Capacitor,capbank2c,True,,,,,,,,[0],False,,
QUALIFIED_B0_ACTUAL,72,Capacitor,capbank1a,True,,,,,,,,[0],False,,
QUALIFIED_B0_ACTUAL,72,Capacitor,capbank1b,True,,,,,,,,[0],False,,
QUALIFIED_B0_ACTUAL,72,Capacitor,capbank1c,True,,,,,,,,[0],False,,
QUALIFIED_B0_ACTUAL,72,Capacitor,capbank0a,True,,,,,,,,[1],True,,
QUALIFIED_B0_ACTUAL,72,Capacitor,capbank0b,True,,,,,,,,[1],True,,
QUALIFIED_B0_ACTUAL,72,Capacitor,capbank0c,True,,,,,,,,[1],True,,
QUALIFIED_B0_ACTUAL,72,Capacitor,capbank3,True,,,,,,,,[0],False,,
QUALIFIED_B0_ACTUAL,72,CapControl,capbank2a_ctrl,True,,,,,,,,,,100,100
QUALIFIED_B0_ACTUAL,72,CapControl,capbank2b_ctrl,True,,,,,,,,,,101,101
QUALIFIED_B0_ACTUAL,72,CapControl,capbank2c_ctrl,True,,,,,,,,,,102,102
QUALIFIED_B0_ACTUAL,72,CapControl,capbank1a_ctrl,True,,,,,,,,,,100,90
QUALIFIED_B0_ACTUAL,72,CapControl,capbank1b_ctrl,True,,,,,,,,,,101,91
QUALIFIED_B0_ACTUAL,72,CapControl,capbank1c_ctrl,True,,,,,,,,,,102,92
QUALIFIED_B0_ACTUAL,72,CapControl,capbank0a_ctrl,True,,,,,,,,,,100,80
QUALIFIED_B0_ACTUAL,72,CapControl,capbank0b_ctrl,True,,,,,,,,,,101,81
QUALIFIED_B0_ACTUAL,72,CapControl,capbank0c_ctrl,True,,,,,,,,,,102,82
QUALIFIED_B0_ACTUAL,73,RegControl,feeder_rega,True,-2,0.9875,0.9,1.1,False,False,123.5,,,15,
QUALIFIED_B0_ACTUAL,73,RegControl,feeder_regb,True,-2,0.9875,0.9,1.1,False,False,123.5,,,15,
QUALIFIED_B0_ACTUAL,73,RegControl,feeder_regc,True,-2,0.9875,0.9,1.1,False,False,123.5,,,15,
QUALIFIED_B0_ACTUAL,73,RegControl,vreg2_a,True,5,1.03125,0.9,1.1,False,False,125.0,,,15,
QUALIFIED_B0_ACTUAL,73,RegControl,vreg2_b,True,4,1.025,0.9,1.1,False,False,125.0,,,15,
QUALIFIED_B0_ACTUAL,73,RegControl,vreg2_c,True,3,1.01875,0.9,1.1,False,False,125.0,,,15,
QUALIFIED_B0_ACTUAL,73,RegControl,vreg3_a,True,6,1.0375000000000003,0.9,1.1,False,False,123.5,,,15,
QUALIFIED_B0_ACTUAL,73,RegControl,vreg3_b,True,4,1.0250000000000001,0.9,1.1,False,False,123.5,,,15,
QUALIFIED_B0_ACTUAL,73,RegControl,vreg3_c,True,2,1.0125000000000002,0.9,1.1,False,False,123.5,,,15,
QUALIFIED_B0_ACTUAL,73,RegControl,vreg4_a,True,8,1.0500000000000003,0.9,1.1,False,False,125.0,,,15,
QUALIFIED_B0_ACTUAL,73,RegControl,vreg4_b,True,8,1.0500000000000003,0.9,1.1,False,False,125.0,,,15,
QUALIFIED_B0_ACTUAL,73,RegControl,vreg4_c,True,6,1.0375,0.9,1.1,False,False,125.0,,,15,
QUALIFIED_B0_ACTUAL,73,Capacitor,capbank2a,True,,,,,,,,[0],False,,
QUALIFIED_B0_ACTUAL,73,Capacitor,capbank2b,True,,,,,,,,[0],False,,
QUALIFIED_B0_ACTUAL,73,Capacitor,capbank2c,True,,,,,,,,[0],False,,
QUALIFIED_B0_ACTUAL,73,Capacitor,capbank1a,True,,,,,,,,[0],False,,
QUALIFIED_B0_ACTUAL,73,Capacitor,capbank1b,True,,,,,,,,[0],False,,
QUALIFIED_B0_ACTUAL,73,Capacitor,capbank1c,True,,,,,,,,[0],False,,
QUALIFIED_B0_ACTUAL,73,Capacitor,capbank0a,True,,,,,,,,[1],True,,
QUALIFIED_B0_ACTUAL,73,Capacitor,capbank0b,True,,,,,,,,[1],True,,
QUALIFIED_B0_ACTUAL,73,Capacitor,capbank0c,True,,,,,,,,[1],True,,
QUALIFIED_B0_ACTUAL,73,Capacitor,capbank3,True,,,,,,,,[0],False,,
QUALIFIED_B0_ACTUAL,73,CapControl,capbank2a_ctrl,True,,,,,,,,,,100,100
QUALIFIED_B0_ACTUAL,73,CapControl,capbank2b_ctrl,True,,,,,,,,,,101,101
QUALIFIED_B0_ACTUAL,73,CapControl,capbank2c_ctrl,True,,,,,,,,,,102,102
QUALIFIED_B0_ACTUAL,73,CapControl,capbank1a_ctrl,True,,,,,,,,,,100,90
QUALIFIED_B0_ACTUAL,73,CapControl,capbank1b_ctrl,True,,,,,,,,,,101,91
QUALIFIED_B0_ACTUAL,73,CapControl,capbank1c_ctrl,True,,,,,,,,,,102,92
QUALIFIED_B0_ACTUAL,73,CapControl,capbank0a_ctrl,True,,,,,,,,,,100,80
QUALIFIED_B0_ACTUAL,73,CapControl,capbank0b_ctrl,True,,,,,,,,,,101,81
QUALIFIED_B0_ACTUAL,73,CapControl,capbank0c_ctrl,True,,,,,,,,,,102,82
QUALIFIED_B0_ACTUAL,74,RegControl,feeder_rega,True,-2,0.9875,0.9,1.1,False,False,123.5,,,15,
QUALIFIED_B0_ACTUAL,74,RegControl,feeder_regb,True,-2,0.9875,0.9,1.1,False,False,123.5,,,15,
QUALIFIED_B0_ACTUAL,74,RegControl,feeder_regc,True,-2,0.9875,0.9,1.1,False,False,123.5,,,15,
QUALIFIED_B0_ACTUAL,74,RegControl,vreg2_a,True,5,1.03125,0.9,1.1,False,False,125.0,,,15,
QUALIFIED_B0_ACTUAL,74,RegControl,vreg2_b,True,4,1.025,0.9,1.1,False,False,125.0,,,15,
QUALIFIED_B0_ACTUAL,74,RegControl,vreg2_c,True,3,1.01875,0.9,1.1,False,False,125.0,,,15,
QUALIFIED_B0_ACTUAL,74,RegControl,vreg3_a,True,6,1.0375000000000003,0.9,1.1,False,False,123.5,,,15,
QUALIFIED_B0_ACTUAL,74,RegControl,vreg3_b,True,4,1.0250000000000001,0.9,1.1,False,False,123.5,,,15,
QUALIFIED_B0_ACTUAL,74,RegControl,vreg3_c,True,2,1.0125000000000002,0.9,1.1,False,False,123.5,,,15,
QUALIFIED_B0_ACTUAL,74,RegControl,vreg4_a,True,8,1.0500000000000003,0.9,1.1,False,False,125.0,,,15,
QUALIFIED_B0_ACTUAL,74,RegControl,vreg4_b,True,8,1.0500000000000003,0.9,1.1,False,False,125.0,,,15,
QUALIFIED_B0_ACTUAL,74,RegControl,vreg4_c,True,6,1.0375,0.9,1.1,False,False,125.0,,,15,
QUALIFIED_B0_ACTUAL,74,Capacitor,capbank2a,True,,,,,,,,[0],False,,
QUALIFIED_B0_ACTUAL,74,Capacitor,capbank2b,True,,,,,,,,[0],False,,
QUALIFIED_B0_ACTUAL,74,Capacitor,capbank2c,True,,,,,,,,[0],False,,
QUALIFIED_B0_ACTUAL,74,Capacitor,capbank1a,True,,,,,,,,[0],False,,
QUALIFIED_B0_ACTUAL,74,Capacitor,capbank1b,True,,,,,,,,[0],False,,
QUALIFIED_B0_ACTUAL,74,Capacitor,capbank1c,True,,,,,,,,[0],False,,
QUALIFIED_B0_ACTUAL,74,Capacitor,capbank0a,True,,,,,,,,[1],True,,
QUALIFIED_B0_ACTUAL,74,Capacitor,capbank0b,True,,,,,,,,[1],True,,
QUALIFIED_B0_ACTUAL,74,Capacitor,capbank0c,True,,,,,,,,[1],True,,
QUALIFIED_B0_ACTUAL,74,Capacitor,capbank3,True,,,,,,,,[0],False,,
QUALIFIED_B0_ACTUAL,74,CapControl,capbank2a_ctrl,True,,,,,,,,,,100,100
QUALIFIED_B0_ACTUAL,74,CapControl,capbank2b_ctrl,True,,,,,,,,,,101,101
QUALIFIED_B0_ACTUAL,74,CapControl,capbank2c_ctrl,True,,,,,,,,,,102,102
QUALIFIED_B0_ACTUAL,74,CapControl,capbank1a_ctrl,True,,,,,,,,,,100,90
QUALIFIED_B0_ACTUAL,74,CapControl,capbank1b_ctrl,True,,,,,,,,,,101,91
QUALIFIED_B0_ACTUAL,74,CapControl,capbank1c_ctrl,True,,,,,,,,,,102,92
QUALIFIED_B0_ACTUAL,74,CapControl,capbank0a_ctrl,True,,,,,,,,,,100,80
QUALIFIED_B0_ACTUAL,74,CapControl,capbank0b_ctrl,True,,,,,,,,,,101,81
QUALIFIED_B0_ACTUAL,74,CapControl,capbank0c_ctrl,True,,,,,,,,,,102,82
QUALIFIED_B0_ACTUAL,75,RegControl,feeder_rega,True,-2,0.9875,0.9,1.1,False,False,123.5,,,15,
QUALIFIED_B0_ACTUAL,75,RegControl,feeder_regb,True,-2,0.9875,0.9,1.1,False,False,123.5,,,15,
QUALIFIED_B0_ACTUAL,75,RegControl,feeder_regc,True,-2,0.9875,0.9,1.1,False,False,123.5,,,15,
QUALIFIED_B0_ACTUAL,75,RegControl,vreg2_a,True,5,1.03125,0.9,1.1,False,False,125.0,,,15,
QUALIFIED_B0_ACTUAL,75,RegControl,vreg2_b,True,4,1.025,0.9,1.1,False,False,125.0,,,15,
QUALIFIED_B0_ACTUAL,75,RegControl,vreg2_c,True,3,1.01875,0.9,1.1,False,False,125.0,,,15,
QUALIFIED_B0_ACTUAL,75,RegControl,vreg3_a,True,6,1.0375000000000003,0.9,1.1,False,False,123.5,,,15,
QUALIFIED_B0_ACTUAL,75,RegControl,vreg3_b,True,4,1.0250000000000001,0.9,1.1,False,False,123.5,,,15,
QUALIFIED_B0_ACTUAL,75,RegControl,vreg3_c,True,2,1.0125000000000002,0.9,1.1,False,False,123.5,,,15,
QUALIFIED_B0_ACTUAL,75,RegControl,vreg4_a,True,8,1.0500000000000003,0.9,1.1,False,False,125.0,,,15,
QUALIFIED_B0_ACTUAL,75,RegControl,vreg4_b,True,8,1.0500000000000003,0.9,1.1,False,False,125.0,,,15,
QUALIFIED_B0_ACTUAL,75,RegControl,vreg4_c,True,6,1.0375,0.9,1.1,False,False,125.0,,,15,
QUALIFIED_B0_ACTUAL,75,Capacitor,capbank2a,True,,,,,,,,[0],False,,
QUALIFIED_B0_ACTUAL,75,Capacitor,capbank2b,True,,,,,,,,[0],False,,
QUALIFIED_B0_ACTUAL,75,Capacitor,capbank2c,True,,,,,,,,[0],False,,
QUALIFIED_B0_ACTUAL,75,Capacitor,capbank1a,True,,,,,,,,[0],False,,
QUALIFIED_B0_ACTUAL,75,Capacitor,capbank1b,True,,,,,,,,[0],False,,
QUALIFIED_B0_ACTUAL,75,Capacitor,capbank1c,True,,,,,,,,[0],False,,
QUALIFIED_B0_ACTUAL,75,Capacitor,capbank0a,True,,,,,,,,[1],True,,
QUALIFIED_B0_ACTUAL,75,Capacitor,capbank0b,True,,,,,,,,[1],True,,
QUALIFIED_B0_ACTUAL,75,Capacitor,capbank0c,True,,,,,,,,[1],True,,
QUALIFIED_B0_ACTUAL,75,Capacitor,capbank3,True,,,,,,,,[0],False,,
QUALIFIED_B0_ACTUAL,75,CapControl,capbank2a_ctrl,True,,,,,,,,,,100,100
QUALIFIED_B0_ACTUAL,75,CapControl,capbank2b_ctrl,True,,,,,,,,,,101,101
QUALIFIED_B0_ACTUAL,75,CapControl,capbank2c_ctrl,True,,,,,,,,,,102,102
QUALIFIED_B0_ACTUAL,75,CapControl,capbank1a_ctrl,True,,,,,,,,,,100,90
QUALIFIED_B0_ACTUAL,75,CapControl,capbank1b_ctrl,True,,,,,,,,,,101,91
QUALIFIED_B0_ACTUAL,75,CapControl,capbank1c_ctrl,True,,,,,,,,,,102,92
QUALIFIED_B0_ACTUAL,75,CapControl,capbank0a_ctrl,True,,,,,,,,,,100,80
QUALIFIED_B0_ACTUAL,75,CapControl,capbank0b_ctrl,True,,,,,,,,,,101,81
QUALIFIED_B0_ACTUAL,75,CapControl,capbank0c_ctrl,True,,,,,,,,,,102,82
QUALIFIED_B0_ACTUAL,76,RegControl,feeder_rega,True,-2,0.9875,0.9,1.1,False,False,123.5,,,15,
QUALIFIED_B0_ACTUAL,76,RegControl,feeder_regb,True,-2,0.9875,0.9,1.1,False,False,123.5,,,15,
QUALIFIED_B0_ACTUAL,76,RegControl,feeder_regc,True,-2,0.9875,0.9,1.1,False,False,123.5,,,15,
QUALIFIED_B0_ACTUAL,76,RegControl,vreg2_a,True,5,1.03125,0.9,1.1,False,False,125.0,,,15,
QUALIFIED_B0_ACTUAL,76,RegControl,vreg2_b,True,4,1.025,0.9,1.1,False,False,125.0,,,15,
QUALIFIED_B0_ACTUAL,76,RegControl,vreg2_c,True,3,1.01875,0.9,1.1,False,False,125.0,,,15,
QUALIFIED_B0_ACTUAL,76,RegControl,vreg3_a,True,6,1.0375000000000003,0.9,1.1,False,False,123.5,,,15,
QUALIFIED_B0_ACTUAL,76,RegControl,vreg3_b,True,4,1.0250000000000001,0.9,1.1,False,False,123.5,,,15,
QUALIFIED_B0_ACTUAL,76,RegControl,vreg3_c,True,2,1.0125000000000002,0.9,1.1,False,False,123.5,,,15,
QUALIFIED_B0_ACTUAL,76,RegControl,vreg4_a,True,8,1.0500000000000003,0.9,1.1,False,False,125.0,,,15,
QUALIFIED_B0_ACTUAL,76,RegControl,vreg4_b,True,8,1.0500000000000003,0.9,1.1,False,False,125.0,,,15,
QUALIFIED_B0_ACTUAL,76,RegControl,vreg4_c,True,6,1.0375,0.9,1.1,False,False,125.0,,,15,
QUALIFIED_B0_ACTUAL,76,Capacitor,capbank2a,True,,,,,,,,[0],False,,
QUALIFIED_B0_ACTUAL,76,Capacitor,capbank2b,True,,,,,,,,[0],False,,
QUALIFIED_B0_ACTUAL,76,Capacitor,capbank2c,True,,,,,,,,[0],False,,
QUALIFIED_B0_ACTUAL,76,Capacitor,capbank1a,True,,,,,,,,[0],False,,
QUALIFIED_B0_ACTUAL,76,Capacitor,capbank1b,True,,,,,,,,[0],False,,
QUALIFIED_B0_ACTUAL,76,Capacitor,capbank1c,True,,,,,,,,[0],False,,
QUALIFIED_B0_ACTUAL,76,Capacitor,capbank0a,True,,,,,,,,[1],True,,
QUALIFIED_B0_ACTUAL,76,Capacitor,capbank0b,True,,,,,,,,[1],True,,
QUALIFIED_B0_ACTUAL,76,Capacitor,capbank0c,True,,,,,,,,[1],True,,
QUALIFIED_B0_ACTUAL,76,Capacitor,capbank3,True,,,,,,,,[0],False,,
QUALIFIED_B0_ACTUAL,76,CapControl,capbank2a_ctrl,True,,,,,,,,,,100,100
QUALIFIED_B0_ACTUAL,76,CapControl,capbank2b_ctrl,True,,,,,,,,,,101,101
QUALIFIED_B0_ACTUAL,76,CapControl,capbank2c_ctrl,True,,,,,,,,,,102,102
QUALIFIED_B0_ACTUAL,76,CapControl,capbank1a_ctrl,True,,,,,,,,,,100,90
QUALIFIED_B0_ACTUAL,76,CapControl,capbank1b_ctrl,True,,,,,,,,,,101,91
QUALIFIED_B0_ACTUAL,76,CapControl,capbank1c_ctrl,True,,,,,,,,,,102,92
QUALIFIED_B0_ACTUAL,76,CapControl,capbank0a_ctrl,True,,,,,,,,,,100,80
QUALIFIED_B0_ACTUAL,76,CapControl,capbank0b_ctrl,True,,,,,,,,,,101,81
QUALIFIED_B0_ACTUAL,76,CapControl,capbank0c_ctrl,True,,,,,,,,,,102,82
QUALIFIED_B0_ACTUAL,77,RegControl,feeder_rega,True,-2,0.9875,0.9,1.1,False,False,123.5,,,15,
QUALIFIED_B0_ACTUAL,77,RegControl,feeder_regb,True,-2,0.9875,0.9,1.1,False,False,123.5,,,15,
QUALIFIED_B0_ACTUAL,77,RegControl,feeder_regc,True,-2,0.9875,0.9,1.1,False,False,123.5,,,15,
QUALIFIED_B0_ACTUAL,77,RegControl,vreg2_a,True,5,1.03125,0.9,1.1,False,False,125.0,,,15,
QUALIFIED_B0_ACTUAL,77,RegControl,vreg2_b,True,4,1.025,0.9,1.1,False,False,125.0,,,15,
QUALIFIED_B0_ACTUAL,77,RegControl,vreg2_c,True,3,1.01875,0.9,1.1,False,False,125.0,,,15,
QUALIFIED_B0_ACTUAL,77,RegControl,vreg3_a,True,6,1.0375000000000003,0.9,1.1,False,False,123.5,,,15,
QUALIFIED_B0_ACTUAL,77,RegControl,vreg3_b,True,4,1.0250000000000001,0.9,1.1,False,False,123.5,,,15,
QUALIFIED_B0_ACTUAL,77,RegControl,vreg3_c,True,2,1.0125000000000002,0.9,1.1,False,False,123.5,,,15,
QUALIFIED_B0_ACTUAL,77,RegControl,vreg4_a,True,8,1.0500000000000003,0.9,1.1,False,False,125.0,,,15,
QUALIFIED_B0_ACTUAL,77,RegControl,vreg4_b,True,8,1.0500000000000003,0.9,1.1,False,False,125.0,,,15,
QUALIFIED_B0_ACTUAL,77,RegControl,vreg4_c,True,6,1.0375,0.9,1.1,False,False,125.0,,,15,
QUALIFIED_B0_ACTUAL,77,Capacitor,capbank2a,True,,,,,,,,[0],False,,
QUALIFIED_B0_ACTUAL,77,Capacitor,capbank2b,True,,,,,,,,[0],False,,
QUALIFIED_B0_ACTUAL,77,Capacitor,capbank2c,True,,,,,,,,[0],False,,
QUALIFIED_B0_ACTUAL,77,Capacitor,capbank1a,True,,,,,,,,[0],False,,
QUALIFIED_B0_ACTUAL,77,Capacitor,capbank1b,True,,,,,,,,[0],False,,
QUALIFIED_B0_ACTUAL,77,Capacitor,capbank1c,True,,,,,,,,[0],False,,
QUALIFIED_B0_ACTUAL,77,Capacitor,capbank0a,True,,,,,,,,[1],True,,
QUALIFIED_B0_ACTUAL,77,Capacitor,capbank0b,True,,,,,,,,[1],True,,
QUALIFIED_B0_ACTUAL,77,Capacitor,capbank0c,True,,,,,,,,[1],True,,
QUALIFIED_B0_ACTUAL,77,Capacitor,capbank3,True,,,,,,,,[0],False,,
QUALIFIED_B0_ACTUAL,77,CapControl,capbank2a_ctrl,True,,,,,,,,,,100,100
QUALIFIED_B0_ACTUAL,77,CapControl,capbank2b_ctrl,True,,,,,,,,,,101,101
QUALIFIED_B0_ACTUAL,77,CapControl,capbank2c_ctrl,True,,,,,,,,,,102,102
QUALIFIED_B0_ACTUAL,77,CapControl,capbank1a_ctrl,True,,,,,,,,,,100,90
QUALIFIED_B0_ACTUAL,77,CapControl,capbank1b_ctrl,True,,,,,,,,,,101,91
QUALIFIED_B0_ACTUAL,77,CapControl,capbank1c_ctrl,True,,,,,,,,,,102,92
QUALIFIED_B0_ACTUAL,77,CapControl,capbank0a_ctrl,True,,,,,,,,,,100,80
QUALIFIED_B0_ACTUAL,77,CapControl,capbank0b_ctrl,True,,,,,,,,,,101,81
QUALIFIED_B0_ACTUAL,77,CapControl,capbank0c_ctrl,True,,,,,,,,,,102,82
QUALIFIED_B0_ACTUAL,78,RegControl,feeder_rega,True,-2,0.9875,0.9,1.1,False,False,123.5,,,15,
QUALIFIED_B0_ACTUAL,78,RegControl,feeder_regb,True,-2,0.9875,0.9,1.1,False,False,123.5,,,15,
QUALIFIED_B0_ACTUAL,78,RegControl,feeder_regc,True,-2,0.9875,0.9,1.1,False,False,123.5,,,15,
QUALIFIED_B0_ACTUAL,78,RegControl,vreg2_a,True,5,1.03125,0.9,1.1,False,False,125.0,,,15,
QUALIFIED_B0_ACTUAL,78,RegControl,vreg2_b,True,4,1.025,0.9,1.1,False,False,125.0,,,15,
QUALIFIED_B0_ACTUAL,78,RegControl,vreg2_c,True,3,1.01875,0.9,1.1,False,False,125.0,,,15,
QUALIFIED_B0_ACTUAL,78,RegControl,vreg3_a,True,6,1.0375000000000003,0.9,1.1,False,False,123.5,,,15,
QUALIFIED_B0_ACTUAL,78,RegControl,vreg3_b,True,4,1.0250000000000001,0.9,1.1,False,False,123.5,,,15,
QUALIFIED_B0_ACTUAL,78,RegControl,vreg3_c,True,2,1.0125000000000002,0.9,1.1,False,False,123.5,,,15,
QUALIFIED_B0_ACTUAL,78,RegControl,vreg4_a,True,8,1.0500000000000003,0.9,1.1,False,False,125.0,,,15,
QUALIFIED_B0_ACTUAL,78,RegControl,vreg4_b,True,8,1.0500000000000003,0.9,1.1,False,False,125.0,,,15,
QUALIFIED_B0_ACTUAL,78,RegControl,vreg4_c,True,6,1.0375,0.9,1.1,False,False,125.0,,,15,
QUALIFIED_B0_ACTUAL,78,Capacitor,capbank2a,True,,,,,,,,[0],False,,
QUALIFIED_B0_ACTUAL,78,Capacitor,capbank2b,True,,,,,,,,[0],False,,
QUALIFIED_B0_ACTUAL,78,Capacitor,capbank2c,True,,,,,,,,[0],False,,
QUALIFIED_B0_ACTUAL,78,Capacitor,capbank1a,True,,,,,,,,[0],False,,
QUALIFIED_B0_ACTUAL,78,Capacitor,capbank1b,True,,,,,,,,[0],False,,
QUALIFIED_B0_ACTUAL,78,Capacitor,capbank1c,True,,,,,,,,[0],False,,
QUALIFIED_B0_ACTUAL,78,Capacitor,capbank0a,True,,,,,,,,[1],True,,
QUALIFIED_B0_ACTUAL,78,Capacitor,capbank0b,True,,,,,,,,[1],True,,
QUALIFIED_B0_ACTUAL,78,Capacitor,capbank0c,True,,,,,,,,[1],True,,
QUALIFIED_B0_ACTUAL,78,Capacitor,capbank3,True,,,,,,,,[0],False,,
QUALIFIED_B0_ACTUAL,78,CapControl,capbank2a_ctrl,True,,,,,,,,,,100,100
QUALIFIED_B0_ACTUAL,78,CapControl,capbank2b_ctrl,True,,,,,,,,,,101,101
QUALIFIED_B0_ACTUAL,78,CapControl,capbank2c_ctrl,True,,,,,,,,,,102,102
QUALIFIED_B0_ACTUAL,78,CapControl,capbank1a_ctrl,True,,,,,,,,,,100,90
QUALIFIED_B0_ACTUAL,78,CapControl,capbank1b_ctrl,True,,,,,,,,,,101,91
QUALIFIED_B0_ACTUAL,78,CapControl,capbank1c_ctrl,True,,,,,,,,,,102,92
QUALIFIED_B0_ACTUAL,78,CapControl,capbank0a_ctrl,True,,,,,,,,,,100,80
QUALIFIED_B0_ACTUAL,78,CapControl,capbank0b_ctrl,True,,,,,,,,,,101,81
QUALIFIED_B0_ACTUAL,78,CapControl,capbank0c_ctrl,True,,,,,,,,,,102,82
QUALIFIED_B0_ACTUAL,79,RegControl,feeder_rega,True,-2,0.9875,0.9,1.1,False,False,123.5,,,15,
QUALIFIED_B0_ACTUAL,79,RegControl,feeder_regb,True,-2,0.9875,0.9,1.1,False,False,123.5,,,15,
QUALIFIED_B0_ACTUAL,79,RegControl,feeder_regc,True,-2,0.9875,0.9,1.1,False,False,123.5,,,15,
QUALIFIED_B0_ACTUAL,79,RegControl,vreg2_a,True,5,1.03125,0.9,1.1,False,False,125.0,,,15,
QUALIFIED_B0_ACTUAL,79,RegControl,vreg2_b,True,4,1.025,0.9,1.1,False,False,125.0,,,15,
QUALIFIED_B0_ACTUAL,79,RegControl,vreg2_c,True,3,1.01875,0.9,1.1,False,False,125.0,,,15,
QUALIFIED_B0_ACTUAL,79,RegControl,vreg3_a,True,6,1.0375000000000003,0.9,1.1,False,False,123.5,,,15,
QUALIFIED_B0_ACTUAL,79,RegControl,vreg3_b,True,4,1.0250000000000001,0.9,1.1,False,False,123.5,,,15,
QUALIFIED_B0_ACTUAL,79,RegControl,vreg3_c,True,2,1.0125000000000002,0.9,1.1,False,False,123.5,,,15,
QUALIFIED_B0_ACTUAL,79,RegControl,vreg4_a,True,8,1.0500000000000003,0.9,1.1,False,False,125.0,,,15,
QUALIFIED_B0_ACTUAL,79,RegControl,vreg4_b,True,8,1.0500000000000003,0.9,1.1,False,False,125.0,,,15,
QUALIFIED_B0_ACTUAL,79,RegControl,vreg4_c,True,6,1.0375,0.9,1.1,False,False,125.0,,,15,
QUALIFIED_B0_ACTUAL,79,Capacitor,capbank2a,True,,,,,,,,[0],False,,
QUALIFIED_B0_ACTUAL,79,Capacitor,capbank2b,True,,,,,,,,[0],False,,
QUALIFIED_B0_ACTUAL,79,Capacitor,capbank2c,True,,,,,,,,[0],False,,
QUALIFIED_B0_ACTUAL,79,Capacitor,capbank1a,True,,,,,,,,[0],False,,
QUALIFIED_B0_ACTUAL,79,Capacitor,capbank1b,True,,,,,,,,[0],False,,
QUALIFIED_B0_ACTUAL,79,Capacitor,capbank1c,True,,,,,,,,[0],False,,
QUALIFIED_B0_ACTUAL,79,Capacitor,capbank0a,True,,,,,,,,[1],True,,
QUALIFIED_B0_ACTUAL,79,Capacitor,capbank0b,True,,,,,,,,[1],True,,
QUALIFIED_B0_ACTUAL,79,Capacitor,capbank0c,True,,,,,,,,[1],True,,
QUALIFIED_B0_ACTUAL,79,Capacitor,capbank3,True,,,,,,,,[0],False,,
QUALIFIED_B0_ACTUAL,79,CapControl,capbank2a_ctrl,True,,,,,,,,,,100,100
QUALIFIED_B0_ACTUAL,79,CapControl,capbank2b_ctrl,True,,,,,,,,,,101,101
QUALIFIED_B0_ACTUAL,79,CapControl,capbank2c_ctrl,True,,,,,,,,,,102,102
QUALIFIED_B0_ACTUAL,79,CapControl,capbank1a_ctrl,True,,,,,,,,,,100,90
QUALIFIED_B0_ACTUAL,79,CapControl,capbank1b_ctrl,True,,,,,,,,,,101,91
QUALIFIED_B0_ACTUAL,79,CapControl,capbank1c_ctrl,True,,,,,,,,,,102,92
QUALIFIED_B0_ACTUAL,79,CapControl,capbank0a_ctrl,True,,,,,,,,,,100,80
QUALIFIED_B0_ACTUAL,79,CapControl,capbank0b_ctrl,True,,,,,,,,,,101,81
QUALIFIED_B0_ACTUAL,79,CapControl,capbank0c_ctrl,True,,,,,,,,,,102,82
QUALIFIED_B0_ACTUAL,80,RegControl,feeder_rega,True,-2,0.9875,0.9,1.1,False,False,123.5,,,15,
QUALIFIED_B0_ACTUAL,80,RegControl,feeder_regb,True,-2,0.9875,0.9,1.1,False,False,123.5,,,15,
QUALIFIED_B0_ACTUAL,80,RegControl,feeder_regc,True,-2,0.9875,0.9,1.1,False,False,123.5,,,15,
QUALIFIED_B0_ACTUAL,80,RegControl,vreg2_a,True,5,1.03125,0.9,1.1,False,False,125.0,,,15,
QUALIFIED_B0_ACTUAL,80,RegControl,vreg2_b,True,4,1.025,0.9,1.1,False,False,125.0,,,15,
QUALIFIED_B0_ACTUAL,80,RegControl,vreg2_c,True,3,1.01875,0.9,1.1,False,False,125.0,,,15,
QUALIFIED_B0_ACTUAL,80,RegControl,vreg3_a,True,6,1.0375000000000003,0.9,1.1,False,False,123.5,,,15,
QUALIFIED_B0_ACTUAL,80,RegControl,vreg3_b,True,4,1.0250000000000001,0.9,1.1,False,False,123.5,,,15,
QUALIFIED_B0_ACTUAL,80,RegControl,vreg3_c,True,2,1.0125000000000002,0.9,1.1,False,False,123.5,,,15,
QUALIFIED_B0_ACTUAL,80,RegControl,vreg4_a,True,8,1.0500000000000003,0.9,1.1,False,False,125.0,,,15,
QUALIFIED_B0_ACTUAL,80,RegControl,vreg4_b,True,8,1.0500000000000003,0.9,1.1,False,False,125.0,,,15,
QUALIFIED_B0_ACTUAL,80,RegControl,vreg4_c,True,6,1.0375,0.9,1.1,False,False,125.0,,,15,
QUALIFIED_B0_ACTUAL,80,Capacitor,capbank2a,True,,,,,,,,[0],False,,
QUALIFIED_B0_ACTUAL,80,Capacitor,capbank2b,True,,,,,,,,[0],False,,
QUALIFIED_B0_ACTUAL,80,Capacitor,capbank2c,True,,,,,,,,[0],False,,
QUALIFIED_B0_ACTUAL,80,Capacitor,capbank1a,True,,,,,,,,[0],False,,
QUALIFIED_B0_ACTUAL,80,Capacitor,capbank1b,True,,,,,,,,[0],False,,
QUALIFIED_B0_ACTUAL,80,Capacitor,capbank1c,True,,,,,,,,[0],False,,
QUALIFIED_B0_ACTUAL,80,Capacitor,capbank0a,True,,,,,,,,[1],True,,
QUALIFIED_B0_ACTUAL,80,Capacitor,capbank0b,True,,,,,,,,[1],True,,
QUALIFIED_B0_ACTUAL,80,Capacitor,capbank0c,True,,,,,,,,[1],True,,
QUALIFIED_B0_ACTUAL,80,Capacitor,capbank3,True,,,,,,,,[0],False,,
QUALIFIED_B0_ACTUAL,80,CapControl,capbank2a_ctrl,True,,,,,,,,,,100,100
QUALIFIED_B0_ACTUAL,80,CapControl,capbank2b_ctrl,True,,,,,,,,,,101,101
QUALIFIED_B0_ACTUAL,80,CapControl,capbank2c_ctrl,True,,,,,,,,,,102,102
QUALIFIED_B0_ACTUAL,80,CapControl,capbank1a_ctrl,True,,,,,,,,,,100,90
QUALIFIED_B0_ACTUAL,80,CapControl,capbank1b_ctrl,True,,,,,,,,,,101,91
QUALIFIED_B0_ACTUAL,80,CapControl,capbank1c_ctrl,True,,,,,,,,,,102,92
QUALIFIED_B0_ACTUAL,80,CapControl,capbank0a_ctrl,True,,,,,,,,,,100,80
QUALIFIED_B0_ACTUAL,80,CapControl,capbank0b_ctrl,True,,,,,,,,,,101,81
QUALIFIED_B0_ACTUAL,80,CapControl,capbank0c_ctrl,True,,,,,,,,,,102,82
QUALIFIED_B0_ACTUAL,81,RegControl,feeder_rega,True,-2,0.9875,0.9,1.1,False,False,123.5,,,15,
QUALIFIED_B0_ACTUAL,81,RegControl,feeder_regb,True,-2,0.9875,0.9,1.1,False,False,123.5,,,15,
QUALIFIED_B0_ACTUAL,81,RegControl,feeder_regc,True,-2,0.9875,0.9,1.1,False,False,123.5,,,15,
QUALIFIED_B0_ACTUAL,81,RegControl,vreg2_a,True,4,1.025,0.9,1.1,False,False,125.0,,,15,
QUALIFIED_B0_ACTUAL,81,RegControl,vreg2_b,True,4,1.025,0.9,1.1,False,False,125.0,,,15,
QUALIFIED_B0_ACTUAL,81,RegControl,vreg2_c,True,3,1.01875,0.9,1.1,False,False,125.0,,,15,
QUALIFIED_B0_ACTUAL,81,RegControl,vreg3_a,True,6,1.0375000000000003,0.9,1.1,False,False,123.5,,,15,
QUALIFIED_B0_ACTUAL,81,RegControl,vreg3_b,True,4,1.0250000000000001,0.9,1.1,False,False,123.5,,,15,
QUALIFIED_B0_ACTUAL,81,RegControl,vreg3_c,True,2,1.0125000000000002,0.9,1.1,False,False,123.5,,,15,
QUALIFIED_B0_ACTUAL,81,RegControl,vreg4_a,True,8,1.0500000000000003,0.9,1.1,False,False,125.0,,,15,
QUALIFIED_B0_ACTUAL,81,RegControl,vreg4_b,True,8,1.0500000000000003,0.9,1.1,False,False,125.0,,,15,
QUALIFIED_B0_ACTUAL,81,RegControl,vreg4_c,True,6,1.0375,0.9,1.1,False,False,125.0,,,15,
QUALIFIED_B0_ACTUAL,81,Capacitor,capbank2a,True,,,,,,,,[0],False,,
QUALIFIED_B0_ACTUAL,81,Capacitor,capbank2b,True,,,,,,,,[0],False,,
QUALIFIED_B0_ACTUAL,81,Capacitor,capbank2c,True,,,,,,,,[0],False,,
QUALIFIED_B0_ACTUAL,81,Capacitor,capbank1a,True,,,,,,,,[0],False,,
QUALIFIED_B0_ACTUAL,81,Capacitor,capbank1b,True,,,,,,,,[0],False,,
QUALIFIED_B0_ACTUAL,81,Capacitor,capbank1c,True,,,,,,,,[0],False,,
QUALIFIED_B0_ACTUAL,81,Capacitor,capbank0a,True,,,,,,,,[1],True,,
QUALIFIED_B0_ACTUAL,81,Capacitor,capbank0b,True,,,,,,,,[1],True,,
QUALIFIED_B0_ACTUAL,81,Capacitor,capbank0c,True,,,,,,,,[1],True,,
QUALIFIED_B0_ACTUAL,81,Capacitor,capbank3,True,,,,,,,,[0],False,,
QUALIFIED_B0_ACTUAL,81,CapControl,capbank2a_ctrl,True,,,,,,,,,,100,100
QUALIFIED_B0_ACTUAL,81,CapControl,capbank2b_ctrl,True,,,,,,,,,,101,101
QUALIFIED_B0_ACTUAL,81,CapControl,capbank2c_ctrl,True,,,,,,,,,,102,102
QUALIFIED_B0_ACTUAL,81,CapControl,capbank1a_ctrl,True,,,,,,,,,,100,90
QUALIFIED_B0_ACTUAL,81,CapControl,capbank1b_ctrl,True,,,,,,,,,,101,91
QUALIFIED_B0_ACTUAL,81,CapControl,capbank1c_ctrl,True,,,,,,,,,,102,92
QUALIFIED_B0_ACTUAL,81,CapControl,capbank0a_ctrl,True,,,,,,,,,,100,80
QUALIFIED_B0_ACTUAL,81,CapControl,capbank0b_ctrl,True,,,,,,,,,,101,81
QUALIFIED_B0_ACTUAL,81,CapControl,capbank0c_ctrl,True,,,,,,,,,,102,82
QUALIFIED_B0_ACTUAL,82,RegControl,feeder_rega,True,-2,0.9875,0.9,1.1,False,False,123.5,,,15,
QUALIFIED_B0_ACTUAL,82,RegControl,feeder_regb,True,-2,0.9875,0.9,1.1,False,False,123.5,,,15,
QUALIFIED_B0_ACTUAL,82,RegControl,feeder_regc,True,-2,0.9875,0.9,1.1,False,False,123.5,,,15,
QUALIFIED_B0_ACTUAL,82,RegControl,vreg2_a,True,4,1.025,0.9,1.1,False,False,125.0,,,15,
QUALIFIED_B0_ACTUAL,82,RegControl,vreg2_b,True,4,1.025,0.9,1.1,False,False,125.0,,,15,
QUALIFIED_B0_ACTUAL,82,RegControl,vreg2_c,True,3,1.01875,0.9,1.1,False,False,125.0,,,15,
QUALIFIED_B0_ACTUAL,82,RegControl,vreg3_a,True,6,1.0375000000000003,0.9,1.1,False,False,123.5,,,15,
QUALIFIED_B0_ACTUAL,82,RegControl,vreg3_b,True,4,1.0250000000000001,0.9,1.1,False,False,123.5,,,15,
QUALIFIED_B0_ACTUAL,82,RegControl,vreg3_c,True,2,1.0125000000000002,0.9,1.1,False,False,123.5,,,15,
QUALIFIED_B0_ACTUAL,82,RegControl,vreg4_a,True,8,1.0500000000000003,0.9,1.1,False,False,125.0,,,15,
QUALIFIED_B0_ACTUAL,82,RegControl,vreg4_b,True,8,1.0500000000000003,0.9,1.1,False,False,125.0,,,15,
QUALIFIED_B0_ACTUAL,82,RegControl,vreg4_c,True,6,1.0375,0.9,1.1,False,False,125.0,,,15,
QUALIFIED_B0_ACTUAL,82,Capacitor,capbank2a,True,,,,,,,,[0],False,,
QUALIFIED_B0_ACTUAL,82,Capacitor,capbank2b,True,,,,,,,,[0],False,,
QUALIFIED_B0_ACTUAL,82,Capacitor,capbank2c,True,,,,,,,,[0],False,,
QUALIFIED_B0_ACTUAL,82,Capacitor,capbank1a,True,,,,,,,,[0],False,,
QUALIFIED_B0_ACTUAL,82,Capacitor,capbank1b,True,,,,,,,,[0],False,,
QUALIFIED_B0_ACTUAL,82,Capacitor,capbank1c,True,,,,,,,,[0],False,,
QUALIFIED_B0_ACTUAL,82,Capacitor,capbank0a,True,,,,,,,,[1],True,,
QUALIFIED_B0_ACTUAL,82,Capacitor,capbank0b,True,,,,,,,,[1],True,,
QUALIFIED_B0_ACTUAL,82,Capacitor,capbank0c,True,,,,,,,,[1],True,,
QUALIFIED_B0_ACTUAL,82,Capacitor,capbank3,True,,,,,,,,[0],False,,
QUALIFIED_B0_ACTUAL,82,CapControl,capbank2a_ctrl,True,,,,,,,,,,100,100
QUALIFIED_B0_ACTUAL,82,CapControl,capbank2b_ctrl,True,,,,,,,,,,101,101
QUALIFIED_B0_ACTUAL,82,CapControl,capbank2c_ctrl,True,,,,,,,,,,102,102
QUALIFIED_B0_ACTUAL,82,CapControl,capbank1a_ctrl,True,,,,,,,,,,100,90
QUALIFIED_B0_ACTUAL,82,CapControl,capbank1b_ctrl,True,,,,,,,,,,101,91
QUALIFIED_B0_ACTUAL,82,CapControl,capbank1c_ctrl,True,,,,,,,,,,102,92
QUALIFIED_B0_ACTUAL,82,CapControl,capbank0a_ctrl,True,,,,,,,,,,100,80
QUALIFIED_B0_ACTUAL,82,CapControl,capbank0b_ctrl,True,,,,,,,,,,101,81
QUALIFIED_B0_ACTUAL,82,CapControl,capbank0c_ctrl,True,,,,,,,,,,102,82
QUALIFIED_B0_ACTUAL,83,RegControl,feeder_rega,True,-2,0.9875,0.9,1.1,False,False,123.5,,,15,
QUALIFIED_B0_ACTUAL,83,RegControl,feeder_regb,True,-2,0.9875,0.9,1.1,False,False,123.5,,,15,
QUALIFIED_B0_ACTUAL,83,RegControl,feeder_regc,True,-2,0.9875,0.9,1.1,False,False,123.5,,,15,
QUALIFIED_B0_ACTUAL,83,RegControl,vreg2_a,True,4,1.025,0.9,1.1,False,False,125.0,,,15,
QUALIFIED_B0_ACTUAL,83,RegControl,vreg2_b,True,4,1.025,0.9,1.1,False,False,125.0,,,15,
QUALIFIED_B0_ACTUAL,83,RegControl,vreg2_c,True,3,1.01875,0.9,1.1,False,False,125.0,,,15,
QUALIFIED_B0_ACTUAL,83,RegControl,vreg3_a,True,6,1.0375000000000003,0.9,1.1,False,False,123.5,,,15,
QUALIFIED_B0_ACTUAL,83,RegControl,vreg3_b,True,4,1.0250000000000001,0.9,1.1,False,False,123.5,,,15,
QUALIFIED_B0_ACTUAL,83,RegControl,vreg3_c,True,2,1.0125000000000002,0.9,1.1,False,False,123.5,,,15,
QUALIFIED_B0_ACTUAL,83,RegControl,vreg4_a,True,8,1.0500000000000003,0.9,1.1,False,False,125.0,,,15,
QUALIFIED_B0_ACTUAL,83,RegControl,vreg4_b,True,8,1.0500000000000003,0.9,1.1,False,False,125.0,,,15,
QUALIFIED_B0_ACTUAL,83,RegControl,vreg4_c,True,6,1.0375,0.9,1.1,False,False,125.0,,,15,
QUALIFIED_B0_ACTUAL,83,Capacitor,capbank2a,True,,,,,,,,[0],False,,
QUALIFIED_B0_ACTUAL,83,Capacitor,capbank2b,True,,,,,,,,[0],False,,
QUALIFIED_B0_ACTUAL,83,Capacitor,capbank2c,True,,,,,,,,[0],False,,
QUALIFIED_B0_ACTUAL,83,Capacitor,capbank1a,True,,,,,,,,[0],False,,
QUALIFIED_B0_ACTUAL,83,Capacitor,capbank1b,True,,,,,,,,[0],False,,
QUALIFIED_B0_ACTUAL,83,Capacitor,capbank1c,True,,,,,,,,[0],False,,
QUALIFIED_B0_ACTUAL,83,Capacitor,capbank0a,True,,,,,,,,[1],True,,
QUALIFIED_B0_ACTUAL,83,Capacitor,capbank0b,True,,,,,,,,[1],True,,
QUALIFIED_B0_ACTUAL,83,Capacitor,capbank0c,True,,,,,,,,[1],True,,
QUALIFIED_B0_ACTUAL,83,Capacitor,capbank3,True,,,,,,,,[0],False,,
QUALIFIED_B0_ACTUAL,83,CapControl,capbank2a_ctrl,True,,,,,,,,,,100,100
QUALIFIED_B0_ACTUAL,83,CapControl,capbank2b_ctrl,True,,,,,,,,,,101,101
QUALIFIED_B0_ACTUAL,83,CapControl,capbank2c_ctrl,True,,,,,,,,,,102,102
QUALIFIED_B0_ACTUAL,83,CapControl,capbank1a_ctrl,True,,,,,,,,,,100,90
QUALIFIED_B0_ACTUAL,83,CapControl,capbank1b_ctrl,True,,,,,,,,,,101,91
QUALIFIED_B0_ACTUAL,83,CapControl,capbank1c_ctrl,True,,,,,,,,,,102,92
QUALIFIED_B0_ACTUAL,83,CapControl,capbank0a_ctrl,True,,,,,,,,,,100,80
QUALIFIED_B0_ACTUAL,83,CapControl,capbank0b_ctrl,True,,,,,,,,,,101,81
QUALIFIED_B0_ACTUAL,83,CapControl,capbank0c_ctrl,True,,,,,,,,,,102,82
QUALIFIED_B0_ACTUAL,84,RegControl,feeder_rega,True,-2,0.9875,0.9,1.1,False,False,123.5,,,15,
QUALIFIED_B0_ACTUAL,84,RegControl,feeder_regb,True,-2,0.9875,0.9,1.1,False,False,123.5,,,15,
QUALIFIED_B0_ACTUAL,84,RegControl,feeder_regc,True,-2,0.9875,0.9,1.1,False,False,123.5,,,15,
QUALIFIED_B0_ACTUAL,84,RegControl,vreg2_a,True,4,1.025,0.9,1.1,False,False,125.0,,,15,
QUALIFIED_B0_ACTUAL,84,RegControl,vreg2_b,True,4,1.025,0.9,1.1,False,False,125.0,,,15,
QUALIFIED_B0_ACTUAL,84,RegControl,vreg2_c,True,3,1.01875,0.9,1.1,False,False,125.0,,,15,
QUALIFIED_B0_ACTUAL,84,RegControl,vreg3_a,True,6,1.0375000000000003,0.9,1.1,False,False,123.5,,,15,
QUALIFIED_B0_ACTUAL,84,RegControl,vreg3_b,True,4,1.0250000000000001,0.9,1.1,False,False,123.5,,,15,
QUALIFIED_B0_ACTUAL,84,RegControl,vreg3_c,True,2,1.0125000000000002,0.9,1.1,False,False,123.5,,,15,
QUALIFIED_B0_ACTUAL,84,RegControl,vreg4_a,True,8,1.0500000000000003,0.9,1.1,False,False,125.0,,,15,
QUALIFIED_B0_ACTUAL,84,RegControl,vreg4_b,True,8,1.0500000000000003,0.9,1.1,False,False,125.0,,,15,
QUALIFIED_B0_ACTUAL,84,RegControl,vreg4_c,True,6,1.0375,0.9,1.1,False,False,125.0,,,15,
QUALIFIED_B0_ACTUAL,84,Capacitor,capbank2a,True,,,,,,,,[0],False,,
QUALIFIED_B0_ACTUAL,84,Capacitor,capbank2b,True,,,,,,,,[0],False,,
QUALIFIED_B0_ACTUAL,84,Capacitor,capbank2c,True,,,,,,,,[0],False,,
QUALIFIED_B0_ACTUAL,84,Capacitor,capbank1a,True,,,,,,,,[0],False,,
QUALIFIED_B0_ACTUAL,84,Capacitor,capbank1b,True,,,,,,,,[0],False,,
QUALIFIED_B0_ACTUAL,84,Capacitor,capbank1c,True,,,,,,,,[0],False,,
QUALIFIED_B0_ACTUAL,84,Capacitor,capbank0a,True,,,,,,,,[1],True,,
QUALIFIED_B0_ACTUAL,84,Capacitor,capbank0b,True,,,,,,,,[1],True,,
QUALIFIED_B0_ACTUAL,84,Capacitor,capbank0c,True,,,,,,,,[1],True,,
QUALIFIED_B0_ACTUAL,84,Capacitor,capbank3,True,,,,,,,,[0],False,,
QUALIFIED_B0_ACTUAL,84,CapControl,capbank2a_ctrl,True,,,,,,,,,,100,100
QUALIFIED_B0_ACTUAL,84,CapControl,capbank2b_ctrl,True,,,,,,,,,,101,101
QUALIFIED_B0_ACTUAL,84,CapControl,capbank2c_ctrl,True,,,,,,,,,,102,102
QUALIFIED_B0_ACTUAL,84,CapControl,capbank1a_ctrl,True,,,,,,,,,,100,90
QUALIFIED_B0_ACTUAL,84,CapControl,capbank1b_ctrl,True,,,,,,,,,,101,91
QUALIFIED_B0_ACTUAL,84,CapControl,capbank1c_ctrl,True,,,,,,,,,,102,92
QUALIFIED_B0_ACTUAL,84,CapControl,capbank0a_ctrl,True,,,,,,,,,,100,80
QUALIFIED_B0_ACTUAL,84,CapControl,capbank0b_ctrl,True,,,,,,,,,,101,81
QUALIFIED_B0_ACTUAL,84,CapControl,capbank0c_ctrl,True,,,,,,,,,,102,82
QUALIFIED_B0_ACTUAL,85,RegControl,feeder_rega,True,-2,0.9875,0.9,1.1,False,False,123.5,,,15,
QUALIFIED_B0_ACTUAL,85,RegControl,feeder_regb,True,-2,0.9875,0.9,1.1,False,False,123.5,,,15,
QUALIFIED_B0_ACTUAL,85,RegControl,feeder_regc,True,-2,0.9875,0.9,1.1,False,False,123.5,,,15,
QUALIFIED_B0_ACTUAL,85,RegControl,vreg2_a,True,4,1.025,0.9,1.1,False,False,125.0,,,15,
QUALIFIED_B0_ACTUAL,85,RegControl,vreg2_b,True,4,1.025,0.9,1.1,False,False,125.0,,,15,
QUALIFIED_B0_ACTUAL,85,RegControl,vreg2_c,True,3,1.01875,0.9,1.1,False,False,125.0,,,15,
QUALIFIED_B0_ACTUAL,85,RegControl,vreg3_a,True,6,1.0375000000000003,0.9,1.1,False,False,123.5,,,15,
QUALIFIED_B0_ACTUAL,85,RegControl,vreg3_b,True,4,1.0250000000000001,0.9,1.1,False,False,123.5,,,15,
QUALIFIED_B0_ACTUAL,85,RegControl,vreg3_c,True,2,1.0125000000000002,0.9,1.1,False,False,123.5,,,15,
QUALIFIED_B0_ACTUAL,85,RegControl,vreg4_a,True,8,1.0500000000000003,0.9,1.1,False,False,125.0,,,15,
QUALIFIED_B0_ACTUAL,85,RegControl,vreg4_b,True,8,1.0500000000000003,0.9,1.1,False,False,125.0,,,15,
QUALIFIED_B0_ACTUAL,85,RegControl,vreg4_c,True,6,1.0375,0.9,1.1,False,False,125.0,,,15,
QUALIFIED_B0_ACTUAL,85,Capacitor,capbank2a,True,,,,,,,,[0],False,,
QUALIFIED_B0_ACTUAL,85,Capacitor,capbank2b,True,,,,,,,,[0],False,,
QUALIFIED_B0_ACTUAL,85,Capacitor,capbank2c,True,,,,,,,,[0],False,,
QUALIFIED_B0_ACTUAL,85,Capacitor,capbank1a,True,,,,,,,,[0],False,,
QUALIFIED_B0_ACTUAL,85,Capacitor,capbank1b,True,,,,,,,,[0],False,,
QUALIFIED_B0_ACTUAL,85,Capacitor,capbank1c,True,,,,,,,,[0],False,,
QUALIFIED_B0_ACTUAL,85,Capacitor,capbank0a,True,,,,,,,,[1],True,,
QUALIFIED_B0_ACTUAL,85,Capacitor,capbank0b,True,,,,,,,,[1],True,,
QUALIFIED_B0_ACTUAL,85,Capacitor,capbank0c,True,,,,,,,,[1],True,,
QUALIFIED_B0_ACTUAL,85,Capacitor,capbank3,True,,,,,,,,[0],False,,
QUALIFIED_B0_ACTUAL,85,CapControl,capbank2a_ctrl,True,,,,,,,,,,100,100
QUALIFIED_B0_ACTUAL,85,CapControl,capbank2b_ctrl,True,,,,,,,,,,101,101
QUALIFIED_B0_ACTUAL,85,CapControl,capbank2c_ctrl,True,,,,,,,,,,102,102
QUALIFIED_B0_ACTUAL,85,CapControl,capbank1a_ctrl,True,,,,,,,,,,100,90
QUALIFIED_B0_ACTUAL,85,CapControl,capbank1b_ctrl,True,,,,,,,,,,101,91
QUALIFIED_B0_ACTUAL,85,CapControl,capbank1c_ctrl,True,,,,,,,,,,102,92
QUALIFIED_B0_ACTUAL,85,CapControl,capbank0a_ctrl,True,,,,,,,,,,100,80
QUALIFIED_B0_ACTUAL,85,CapControl,capbank0b_ctrl,True,,,,,,,,,,101,81
QUALIFIED_B0_ACTUAL,85,CapControl,capbank0c_ctrl,True,,,,,,,,,,102,82
QUALIFIED_B0_ACTUAL,86,RegControl,feeder_rega,True,-2,0.9875,0.9,1.1,False,False,123.5,,,15,
QUALIFIED_B0_ACTUAL,86,RegControl,feeder_regb,True,-2,0.9875,0.9,1.1,False,False,123.5,,,15,
QUALIFIED_B0_ACTUAL,86,RegControl,feeder_regc,True,-2,0.9875,0.9,1.1,False,False,123.5,,,15,
QUALIFIED_B0_ACTUAL,86,RegControl,vreg2_a,True,3,1.0187499999999998,0.9,1.1,False,False,125.0,,,15,
QUALIFIED_B0_ACTUAL,86,RegControl,vreg2_b,True,4,1.025,0.9,1.1,False,False,125.0,,,15,
QUALIFIED_B0_ACTUAL,86,RegControl,vreg2_c,True,3,1.01875,0.9,1.1,False,False,125.0,,,15,
QUALIFIED_B0_ACTUAL,86,RegControl,vreg3_a,True,6,1.0375000000000003,0.9,1.1,False,False,123.5,,,15,
QUALIFIED_B0_ACTUAL,86,RegControl,vreg3_b,True,4,1.0250000000000001,0.9,1.1,False,False,123.5,,,15,
QUALIFIED_B0_ACTUAL,86,RegControl,vreg3_c,True,2,1.0125000000000002,0.9,1.1,False,False,123.5,,,15,
QUALIFIED_B0_ACTUAL,86,RegControl,vreg4_a,True,8,1.0500000000000003,0.9,1.1,False,False,125.0,,,15,
QUALIFIED_B0_ACTUAL,86,RegControl,vreg4_b,True,8,1.0500000000000003,0.9,1.1,False,False,125.0,,,15,
QUALIFIED_B0_ACTUAL,86,RegControl,vreg4_c,True,6,1.0375,0.9,1.1,False,False,125.0,,,15,
QUALIFIED_B0_ACTUAL,86,Capacitor,capbank2a,True,,,,,,,,[0],False,,
QUALIFIED_B0_ACTUAL,86,Capacitor,capbank2b,True,,,,,,,,[0],False,,
QUALIFIED_B0_ACTUAL,86,Capacitor,capbank2c,True,,,,,,,,[0],False,,
QUALIFIED_B0_ACTUAL,86,Capacitor,capbank1a,True,,,,,,,,[0],False,,
QUALIFIED_B0_ACTUAL,86,Capacitor,capbank1b,True,,,,,,,,[0],False,,
QUALIFIED_B0_ACTUAL,86,Capacitor,capbank1c,True,,,,,,,,[0],False,,
QUALIFIED_B0_ACTUAL,86,Capacitor,capbank0a,True,,,,,,,,[1],True,,
QUALIFIED_B0_ACTUAL,86,Capacitor,capbank0b,True,,,,,,,,[1],True,,
QUALIFIED_B0_ACTUAL,86,Capacitor,capbank0c,True,,,,,,,,[1],True,,
QUALIFIED_B0_ACTUAL,86,Capacitor,capbank3,True,,,,,,,,[0],False,,
QUALIFIED_B0_ACTUAL,86,CapControl,capbank2a_ctrl,True,,,,,,,,,,100,100
QUALIFIED_B0_ACTUAL,86,CapControl,capbank2b_ctrl,True,,,,,,,,,,101,101
QUALIFIED_B0_ACTUAL,86,CapControl,capbank2c_ctrl,True,,,,,,,,,,102,102
QUALIFIED_B0_ACTUAL,86,CapControl,capbank1a_ctrl,True,,,,,,,,,,100,90
QUALIFIED_B0_ACTUAL,86,CapControl,capbank1b_ctrl,True,,,,,,,,,,101,91
QUALIFIED_B0_ACTUAL,86,CapControl,capbank1c_ctrl,True,,,,,,,,,,102,92
QUALIFIED_B0_ACTUAL,86,CapControl,capbank0a_ctrl,True,,,,,,,,,,100,80
QUALIFIED_B0_ACTUAL,86,CapControl,capbank0b_ctrl,True,,,,,,,,,,101,81
QUALIFIED_B0_ACTUAL,86,CapControl,capbank0c_ctrl,True,,,,,,,,,,102,82
QUALIFIED_B0_ACTUAL,87,RegControl,feeder_rega,True,-2,0.9875,0.9,1.1,False,False,123.5,,,15,
QUALIFIED_B0_ACTUAL,87,RegControl,feeder_regb,True,-2,0.9875,0.9,1.1,False,False,123.5,,,15,
QUALIFIED_B0_ACTUAL,87,RegControl,feeder_regc,True,-2,0.9875,0.9,1.1,False,False,123.5,,,15,
QUALIFIED_B0_ACTUAL,87,RegControl,vreg2_a,True,3,1.0187499999999998,0.9,1.1,False,False,125.0,,,15,
QUALIFIED_B0_ACTUAL,87,RegControl,vreg2_b,True,4,1.025,0.9,1.1,False,False,125.0,,,15,
QUALIFIED_B0_ACTUAL,87,RegControl,vreg2_c,True,3,1.01875,0.9,1.1,False,False,125.0,,,15,
QUALIFIED_B0_ACTUAL,87,RegControl,vreg3_a,True,6,1.0375000000000003,0.9,1.1,False,False,123.5,,,15,
QUALIFIED_B0_ACTUAL,87,RegControl,vreg3_b,True,4,1.0250000000000001,0.9,1.1,False,False,123.5,,,15,
QUALIFIED_B0_ACTUAL,87,RegControl,vreg3_c,True,2,1.0125000000000002,0.9,1.1,False,False,123.5,,,15,
QUALIFIED_B0_ACTUAL,87,RegControl,vreg4_a,True,8,1.0500000000000003,0.9,1.1,False,False,125.0,,,15,
QUALIFIED_B0_ACTUAL,87,RegControl,vreg4_b,True,8,1.0500000000000003,0.9,1.1,False,False,125.0,,,15,
QUALIFIED_B0_ACTUAL,87,RegControl,vreg4_c,True,6,1.0375,0.9,1.1,False,False,125.0,,,15,
QUALIFIED_B0_ACTUAL,87,Capacitor,capbank2a,True,,,,,,,,[0],False,,
QUALIFIED_B0_ACTUAL,87,Capacitor,capbank2b,True,,,,,,,,[0],False,,
QUALIFIED_B0_ACTUAL,87,Capacitor,capbank2c,True,,,,,,,,[0],False,,
QUALIFIED_B0_ACTUAL,87,Capacitor,capbank1a,True,,,,,,,,[0],False,,
QUALIFIED_B0_ACTUAL,87,Capacitor,capbank1b,True,,,,,,,,[0],False,,
QUALIFIED_B0_ACTUAL,87,Capacitor,capbank1c,True,,,,,,,,[0],False,,
QUALIFIED_B0_ACTUAL,87,Capacitor,capbank0a,True,,,,,,,,[1],True,,
QUALIFIED_B0_ACTUAL,87,Capacitor,capbank0b,True,,,,,,,,[1],True,,
QUALIFIED_B0_ACTUAL,87,Capacitor,capbank0c,True,,,,,,,,[1],True,,
QUALIFIED_B0_ACTUAL,87,Capacitor,capbank3,True,,,,,,,,[0],False,,
QUALIFIED_B0_ACTUAL,87,CapControl,capbank2a_ctrl,True,,,,,,,,,,100,100
QUALIFIED_B0_ACTUAL,87,CapControl,capbank2b_ctrl,True,,,,,,,,,,101,101
QUALIFIED_B0_ACTUAL,87,CapControl,capbank2c_ctrl,True,,,,,,,,,,102,102
QUALIFIED_B0_ACTUAL,87,CapControl,capbank1a_ctrl,True,,,,,,,,,,100,90
QUALIFIED_B0_ACTUAL,87,CapControl,capbank1b_ctrl,True,,,,,,,,,,101,91
QUALIFIED_B0_ACTUAL,87,CapControl,capbank1c_ctrl,True,,,,,,,,,,102,92
QUALIFIED_B0_ACTUAL,87,CapControl,capbank0a_ctrl,True,,,,,,,,,,100,80
QUALIFIED_B0_ACTUAL,87,CapControl,capbank0b_ctrl,True,,,,,,,,,,101,81
QUALIFIED_B0_ACTUAL,87,CapControl,capbank0c_ctrl,True,,,,,,,,,,102,82
QUALIFIED_B0_ACTUAL,88,RegControl,feeder_rega,True,-2,0.9875,0.9,1.1,False,False,123.5,,,15,
QUALIFIED_B0_ACTUAL,88,RegControl,feeder_regb,True,-2,0.9875,0.9,1.1,False,False,123.5,,,15,
QUALIFIED_B0_ACTUAL,88,RegControl,feeder_regc,True,-2,0.9875,0.9,1.1,False,False,123.5,,,15,
QUALIFIED_B0_ACTUAL,88,RegControl,vreg2_a,True,3,1.0187499999999998,0.9,1.1,False,False,125.0,,,15,
QUALIFIED_B0_ACTUAL,88,RegControl,vreg2_b,True,4,1.025,0.9,1.1,False,False,125.0,,,15,
QUALIFIED_B0_ACTUAL,88,RegControl,vreg2_c,True,3,1.01875,0.9,1.1,False,False,125.0,,,15,
QUALIFIED_B0_ACTUAL,88,RegControl,vreg3_a,True,5,1.0312500000000002,0.9,1.1,False,False,123.5,,,15,
QUALIFIED_B0_ACTUAL,88,RegControl,vreg3_b,True,4,1.0250000000000001,0.9,1.1,False,False,123.5,,,15,
QUALIFIED_B0_ACTUAL,88,RegControl,vreg3_c,True,2,1.0125000000000002,0.9,1.1,False,False,123.5,,,15,
QUALIFIED_B0_ACTUAL,88,RegControl,vreg4_a,True,8,1.0500000000000003,0.9,1.1,False,False,125.0,,,15,
QUALIFIED_B0_ACTUAL,88,RegControl,vreg4_b,True,8,1.0500000000000003,0.9,1.1,False,False,125.0,,,15,
QUALIFIED_B0_ACTUAL,88,RegControl,vreg4_c,True,6,1.0375,0.9,1.1,False,False,125.0,,,15,
QUALIFIED_B0_ACTUAL,88,Capacitor,capbank2a,True,,,,,,,,[0],False,,
QUALIFIED_B0_ACTUAL,88,Capacitor,capbank2b,True,,,,,,,,[0],False,,
QUALIFIED_B0_ACTUAL,88,Capacitor,capbank2c,True,,,,,,,,[0],False,,
QUALIFIED_B0_ACTUAL,88,Capacitor,capbank1a,True,,,,,,,,[0],False,,
QUALIFIED_B0_ACTUAL,88,Capacitor,capbank1b,True,,,,,,,,[0],False,,
QUALIFIED_B0_ACTUAL,88,Capacitor,capbank1c,True,,,,,,,,[0],False,,
QUALIFIED_B0_ACTUAL,88,Capacitor,capbank0a,True,,,,,,,,[1],True,,
QUALIFIED_B0_ACTUAL,88,Capacitor,capbank0b,True,,,,,,,,[1],True,,
QUALIFIED_B0_ACTUAL,88,Capacitor,capbank0c,True,,,,,,,,[1],True,,
QUALIFIED_B0_ACTUAL,88,Capacitor,capbank3,True,,,,,,,,[0],False,,
QUALIFIED_B0_ACTUAL,88,CapControl,capbank2a_ctrl,True,,,,,,,,,,100,100
QUALIFIED_B0_ACTUAL,88,CapControl,capbank2b_ctrl,True,,,,,,,,,,101,101
QUALIFIED_B0_ACTUAL,88,CapControl,capbank2c_ctrl,True,,,,,,,,,,102,102
QUALIFIED_B0_ACTUAL,88,CapControl,capbank1a_ctrl,True,,,,,,,,,,100,90
QUALIFIED_B0_ACTUAL,88,CapControl,capbank1b_ctrl,True,,,,,,,,,,101,91
QUALIFIED_B0_ACTUAL,88,CapControl,capbank1c_ctrl,True,,,,,,,,,,102,92
QUALIFIED_B0_ACTUAL,88,CapControl,capbank0a_ctrl,True,,,,,,,,,,100,80
QUALIFIED_B0_ACTUAL,88,CapControl,capbank0b_ctrl,True,,,,,,,,,,101,81
QUALIFIED_B0_ACTUAL,88,CapControl,capbank0c_ctrl,True,,,,,,,,,,102,82
QUALIFIED_B0_ACTUAL,89,RegControl,feeder_rega,True,-2,0.9875,0.9,1.1,False,False,123.5,,,15,
QUALIFIED_B0_ACTUAL,89,RegControl,feeder_regb,True,-2,0.9875,0.9,1.1,False,False,123.5,,,15,
QUALIFIED_B0_ACTUAL,89,RegControl,feeder_regc,True,-2,0.9875,0.9,1.1,False,False,123.5,,,15,
QUALIFIED_B0_ACTUAL,89,RegControl,vreg2_a,True,3,1.0187499999999998,0.9,1.1,False,False,125.0,,,15,
QUALIFIED_B0_ACTUAL,89,RegControl,vreg2_b,True,4,1.025,0.9,1.1,False,False,125.0,,,15,
QUALIFIED_B0_ACTUAL,89,RegControl,vreg2_c,True,3,1.01875,0.9,1.1,False,False,125.0,,,15,
QUALIFIED_B0_ACTUAL,89,RegControl,vreg3_a,True,5,1.0312500000000002,0.9,1.1,False,False,123.5,,,15,
QUALIFIED_B0_ACTUAL,89,RegControl,vreg3_b,True,4,1.0250000000000001,0.9,1.1,False,False,123.5,,,15,
QUALIFIED_B0_ACTUAL,89,RegControl,vreg3_c,True,2,1.0125000000000002,0.9,1.1,False,False,123.5,,,15,
QUALIFIED_B0_ACTUAL,89,RegControl,vreg4_a,True,8,1.0500000000000003,0.9,1.1,False,False,125.0,,,15,
QUALIFIED_B0_ACTUAL,89,RegControl,vreg4_b,True,8,1.0500000000000003,0.9,1.1,False,False,125.0,,,15,
QUALIFIED_B0_ACTUAL,89,RegControl,vreg4_c,True,6,1.0375,0.9,1.1,False,False,125.0,,,15,
QUALIFIED_B0_ACTUAL,89,Capacitor,capbank2a,True,,,,,,,,[0],False,,
QUALIFIED_B0_ACTUAL,89,Capacitor,capbank2b,True,,,,,,,,[0],False,,
QUALIFIED_B0_ACTUAL,89,Capacitor,capbank2c,True,,,,,,,,[0],False,,
QUALIFIED_B0_ACTUAL,89,Capacitor,capbank1a,True,,,,,,,,[0],False,,
QUALIFIED_B0_ACTUAL,89,Capacitor,capbank1b,True,,,,,,,,[0],False,,
QUALIFIED_B0_ACTUAL,89,Capacitor,capbank1c,True,,,,,,,,[0],False,,
QUALIFIED_B0_ACTUAL,89,Capacitor,capbank0a,True,,,,,,,,[1],True,,
QUALIFIED_B0_ACTUAL,89,Capacitor,capbank0b,True,,,,,,,,[1],True,,
QUALIFIED_B0_ACTUAL,89,Capacitor,capbank0c,True,,,,,,,,[1],True,,
QUALIFIED_B0_ACTUAL,89,Capacitor,capbank3,True,,,,,,,,[0],False,,
QUALIFIED_B0_ACTUAL,89,CapControl,capbank2a_ctrl,True,,,,,,,,,,100,100
QUALIFIED_B0_ACTUAL,89,CapControl,capbank2b_ctrl,True,,,,,,,,,,101,101
QUALIFIED_B0_ACTUAL,89,CapControl,capbank2c_ctrl,True,,,,,,,,,,102,102
QUALIFIED_B0_ACTUAL,89,CapControl,capbank1a_ctrl,True,,,,,,,,,,100,90
QUALIFIED_B0_ACTUAL,89,CapControl,capbank1b_ctrl,True,,,,,,,,,,101,91
QUALIFIED_B0_ACTUAL,89,CapControl,capbank1c_ctrl,True,,,,,,,,,,102,92
QUALIFIED_B0_ACTUAL,89,CapControl,capbank0a_ctrl,True,,,,,,,,,,100,80
QUALIFIED_B0_ACTUAL,89,CapControl,capbank0b_ctrl,True,,,,,,,,,,101,81
QUALIFIED_B0_ACTUAL,89,CapControl,capbank0c_ctrl,True,,,,,,,,,,102,82
QUALIFIED_B0_ACTUAL,90,RegControl,feeder_rega,True,-2,0.9875,0.9,1.1,False,False,123.5,,,15,
QUALIFIED_B0_ACTUAL,90,RegControl,feeder_regb,True,-2,0.9875,0.9,1.1,False,False,123.5,,,15,
QUALIFIED_B0_ACTUAL,90,RegControl,feeder_regc,True,-2,0.9875,0.9,1.1,False,False,123.5,,,15,
QUALIFIED_B0_ACTUAL,90,RegControl,vreg2_a,True,3,1.0187499999999998,0.9,1.1,False,False,125.0,,,15,
QUALIFIED_B0_ACTUAL,90,RegControl,vreg2_b,True,3,1.0187499999999998,0.9,1.1,False,False,125.0,,,15,
QUALIFIED_B0_ACTUAL,90,RegControl,vreg2_c,True,3,1.01875,0.9,1.1,False,False,125.0,,,15,
QUALIFIED_B0_ACTUAL,90,RegControl,vreg3_a,True,5,1.0312500000000002,0.9,1.1,False,False,123.5,,,15,
QUALIFIED_B0_ACTUAL,90,RegControl,vreg3_b,True,4,1.0250000000000001,0.9,1.1,False,False,123.5,,,15,
QUALIFIED_B0_ACTUAL,90,RegControl,vreg3_c,True,2,1.0125000000000002,0.9,1.1,False,False,123.5,,,15,
QUALIFIED_B0_ACTUAL,90,RegControl,vreg4_a,True,8,1.0500000000000003,0.9,1.1,False,False,125.0,,,15,
QUALIFIED_B0_ACTUAL,90,RegControl,vreg4_b,True,8,1.0500000000000003,0.9,1.1,False,False,125.0,,,15,
QUALIFIED_B0_ACTUAL,90,RegControl,vreg4_c,True,6,1.0375,0.9,1.1,False,False,125.0,,,15,
QUALIFIED_B0_ACTUAL,90,Capacitor,capbank2a,True,,,,,,,,[0],False,,
QUALIFIED_B0_ACTUAL,90,Capacitor,capbank2b,True,,,,,,,,[0],False,,
QUALIFIED_B0_ACTUAL,90,Capacitor,capbank2c,True,,,,,,,,[0],False,,
QUALIFIED_B0_ACTUAL,90,Capacitor,capbank1a,True,,,,,,,,[0],False,,
QUALIFIED_B0_ACTUAL,90,Capacitor,capbank1b,True,,,,,,,,[0],False,,
QUALIFIED_B0_ACTUAL,90,Capacitor,capbank1c,True,,,,,,,,[0],False,,
QUALIFIED_B0_ACTUAL,90,Capacitor,capbank0a,True,,,,,,,,[1],True,,
QUALIFIED_B0_ACTUAL,90,Capacitor,capbank0b,True,,,,,,,,[1],True,,
QUALIFIED_B0_ACTUAL,90,Capacitor,capbank0c,True,,,,,,,,[1],True,,
QUALIFIED_B0_ACTUAL,90,Capacitor,capbank3,True,,,,,,,,[0],False,,
QUALIFIED_B0_ACTUAL,90,CapControl,capbank2a_ctrl,True,,,,,,,,,,100,100
QUALIFIED_B0_ACTUAL,90,CapControl,capbank2b_ctrl,True,,,,,,,,,,101,101
QUALIFIED_B0_ACTUAL,90,CapControl,capbank2c_ctrl,True,,,,,,,,,,102,102
QUALIFIED_B0_ACTUAL,90,CapControl,capbank1a_ctrl,True,,,,,,,,,,100,90
QUALIFIED_B0_ACTUAL,90,CapControl,capbank1b_ctrl,True,,,,,,,,,,101,91
QUALIFIED_B0_ACTUAL,90,CapControl,capbank1c_ctrl,True,,,,,,,,,,102,92
QUALIFIED_B0_ACTUAL,90,CapControl,capbank0a_ctrl,True,,,,,,,,,,100,80
QUALIFIED_B0_ACTUAL,90,CapControl,capbank0b_ctrl,True,,,,,,,,,,101,81
QUALIFIED_B0_ACTUAL,90,CapControl,capbank0c_ctrl,True,,,,,,,,,,102,82
QUALIFIED_B0_ACTUAL,91,RegControl,feeder_rega,True,-2,0.9875,0.9,1.1,False,False,123.5,,,15,
QUALIFIED_B0_ACTUAL,91,RegControl,feeder_regb,True,-2,0.9875,0.9,1.1,False,False,123.5,,,15,
QUALIFIED_B0_ACTUAL,91,RegControl,feeder_regc,True,-2,0.9875,0.9,1.1,False,False,123.5,,,15,
QUALIFIED_B0_ACTUAL,91,RegControl,vreg2_a,True,3,1.0187499999999998,0.9,1.1,False,False,125.0,,,15,
QUALIFIED_B0_ACTUAL,91,RegControl,vreg2_b,True,3,1.0187499999999998,0.9,1.1,False,False,125.0,,,15,
QUALIFIED_B0_ACTUAL,91,RegControl,vreg2_c,True,2,1.0125,0.9,1.1,False,False,125.0,,,15,
QUALIFIED_B0_ACTUAL,91,RegControl,vreg3_a,True,5,1.0312500000000002,0.9,1.1,False,False,123.5,,,15,
QUALIFIED_B0_ACTUAL,91,RegControl,vreg3_b,True,4,1.0250000000000001,0.9,1.1,False,False,123.5,,,15,
QUALIFIED_B0_ACTUAL,91,RegControl,vreg3_c,True,2,1.0125000000000002,0.9,1.1,False,False,123.5,,,15,
QUALIFIED_B0_ACTUAL,91,RegControl,vreg4_a,True,8,1.0500000000000003,0.9,1.1,False,False,125.0,,,15,
QUALIFIED_B0_ACTUAL,91,RegControl,vreg4_b,True,8,1.0500000000000003,0.9,1.1,False,False,125.0,,,15,
QUALIFIED_B0_ACTUAL,91,RegControl,vreg4_c,True,6,1.0375,0.9,1.1,False,False,125.0,,,15,
QUALIFIED_B0_ACTUAL,91,Capacitor,capbank2a,True,,,,,,,,[0],False,,
QUALIFIED_B0_ACTUAL,91,Capacitor,capbank2b,True,,,,,,,,[0],False,,
QUALIFIED_B0_ACTUAL,91,Capacitor,capbank2c,True,,,,,,,,[0],False,,
QUALIFIED_B0_ACTUAL,91,Capacitor,capbank1a,True,,,,,,,,[0],False,,
QUALIFIED_B0_ACTUAL,91,Capacitor,capbank1b,True,,,,,,,,[0],False,,
QUALIFIED_B0_ACTUAL,91,Capacitor,capbank1c,True,,,,,,,,[0],False,,
QUALIFIED_B0_ACTUAL,91,Capacitor,capbank0a,True,,,,,,,,[1],True,,
QUALIFIED_B0_ACTUAL,91,Capacitor,capbank0b,True,,,,,,,,[1],True,,
QUALIFIED_B0_ACTUAL,91,Capacitor,capbank0c,True,,,,,,,,[1],True,,
QUALIFIED_B0_ACTUAL,91,Capacitor,capbank3,True,,,,,,,,[0],False,,
QUALIFIED_B0_ACTUAL,91,CapControl,capbank2a_ctrl,True,,,,,,,,,,100,100
QUALIFIED_B0_ACTUAL,91,CapControl,capbank2b_ctrl,True,,,,,,,,,,101,101
QUALIFIED_B0_ACTUAL,91,CapControl,capbank2c_ctrl,True,,,,,,,,,,102,102
QUALIFIED_B0_ACTUAL,91,CapControl,capbank1a_ctrl,True,,,,,,,,,,100,90
QUALIFIED_B0_ACTUAL,91,CapControl,capbank1b_ctrl,True,,,,,,,,,,101,91
QUALIFIED_B0_ACTUAL,91,CapControl,capbank1c_ctrl,True,,,,,,,,,,102,92
QUALIFIED_B0_ACTUAL,91,CapControl,capbank0a_ctrl,True,,,,,,,,,,100,80
QUALIFIED_B0_ACTUAL,91,CapControl,capbank0b_ctrl,True,,,,,,,,,,101,81
QUALIFIED_B0_ACTUAL,91,CapControl,capbank0c_ctrl,True,,,,,,,,,,102,82
QUALIFIED_B0_ACTUAL,92,RegControl,feeder_rega,True,-2,0.9875,0.9,1.1,False,False,123.5,,,15,
QUALIFIED_B0_ACTUAL,92,RegControl,feeder_regb,True,-2,0.9875,0.9,1.1,False,False,123.5,,,15,
QUALIFIED_B0_ACTUAL,92,RegControl,feeder_regc,True,-2,0.9875,0.9,1.1,False,False,123.5,,,15,
QUALIFIED_B0_ACTUAL,92,RegControl,vreg2_a,True,3,1.0187499999999998,0.9,1.1,False,False,125.0,,,15,
QUALIFIED_B0_ACTUAL,92,RegControl,vreg2_b,True,3,1.0187499999999998,0.9,1.1,False,False,125.0,,,15,
QUALIFIED_B0_ACTUAL,92,RegControl,vreg2_c,True,2,1.0125,0.9,1.1,False,False,125.0,,,15,
QUALIFIED_B0_ACTUAL,92,RegControl,vreg3_a,True,5,1.0312500000000002,0.9,1.1,False,False,123.5,,,15,
QUALIFIED_B0_ACTUAL,92,RegControl,vreg3_b,True,4,1.0250000000000001,0.9,1.1,False,False,123.5,,,15,
QUALIFIED_B0_ACTUAL,92,RegControl,vreg3_c,True,2,1.0125000000000002,0.9,1.1,False,False,123.5,,,15,
QUALIFIED_B0_ACTUAL,92,RegControl,vreg4_a,True,8,1.0500000000000003,0.9,1.1,False,False,125.0,,,15,
QUALIFIED_B0_ACTUAL,92,RegControl,vreg4_b,True,8,1.0500000000000003,0.9,1.1,False,False,125.0,,,15,
QUALIFIED_B0_ACTUAL,92,RegControl,vreg4_c,True,6,1.0375,0.9,1.1,False,False,125.0,,,15,
QUALIFIED_B0_ACTUAL,92,Capacitor,capbank2a,True,,,,,,,,[0],False,,
QUALIFIED_B0_ACTUAL,92,Capacitor,capbank2b,True,,,,,,,,[0],False,,
QUALIFIED_B0_ACTUAL,92,Capacitor,capbank2c,True,,,,,,,,[0],False,,
QUALIFIED_B0_ACTUAL,92,Capacitor,capbank1a,True,,,,,,,,[0],False,,
QUALIFIED_B0_ACTUAL,92,Capacitor,capbank1b,True,,,,,,,,[0],False,,
QUALIFIED_B0_ACTUAL,92,Capacitor,capbank1c,True,,,,,,,,[0],False,,
QUALIFIED_B0_ACTUAL,92,Capacitor,capbank0a,True,,,,,,,,[1],True,,
QUALIFIED_B0_ACTUAL,92,Capacitor,capbank0b,True,,,,,,,,[1],True,,
QUALIFIED_B0_ACTUAL,92,Capacitor,capbank0c,True,,,,,,,,[1],True,,
QUALIFIED_B0_ACTUAL,92,Capacitor,capbank3,True,,,,,,,,[0],False,,
QUALIFIED_B0_ACTUAL,92,CapControl,capbank2a_ctrl,True,,,,,,,,,,100,100
QUALIFIED_B0_ACTUAL,92,CapControl,capbank2b_ctrl,True,,,,,,,,,,101,101
QUALIFIED_B0_ACTUAL,92,CapControl,capbank2c_ctrl,True,,,,,,,,,,102,102
QUALIFIED_B0_ACTUAL,92,CapControl,capbank1a_ctrl,True,,,,,,,,,,100,90
QUALIFIED_B0_ACTUAL,92,CapControl,capbank1b_ctrl,True,,,,,,,,,,101,91
QUALIFIED_B0_ACTUAL,92,CapControl,capbank1c_ctrl,True,,,,,,,,,,102,92
QUALIFIED_B0_ACTUAL,92,CapControl,capbank0a_ctrl,True,,,,,,,,,,100,80
QUALIFIED_B0_ACTUAL,92,CapControl,capbank0b_ctrl,True,,,,,,,,,,101,81
QUALIFIED_B0_ACTUAL,92,CapControl,capbank0c_ctrl,True,,,,,,,,,,102,82
QUALIFIED_B0_ACTUAL,93,RegControl,feeder_rega,True,-2,0.9875,0.9,1.1,False,False,123.5,,,15,
QUALIFIED_B0_ACTUAL,93,RegControl,feeder_regb,True,-2,0.9875,0.9,1.1,False,False,123.5,,,15,
QUALIFIED_B0_ACTUAL,93,RegControl,feeder_regc,True,-2,0.9875,0.9,1.1,False,False,123.5,,,15,
QUALIFIED_B0_ACTUAL,93,RegControl,vreg2_a,True,3,1.0187499999999998,0.9,1.1,False,False,125.0,,,15,
QUALIFIED_B0_ACTUAL,93,RegControl,vreg2_b,True,3,1.0187499999999998,0.9,1.1,False,False,125.0,,,15,
QUALIFIED_B0_ACTUAL,93,RegControl,vreg2_c,True,2,1.0125,0.9,1.1,False,False,125.0,,,15,
QUALIFIED_B0_ACTUAL,93,RegControl,vreg3_a,True,5,1.0312500000000002,0.9,1.1,False,False,123.5,,,15,
QUALIFIED_B0_ACTUAL,93,RegControl,vreg3_b,True,4,1.0250000000000001,0.9,1.1,False,False,123.5,,,15,
QUALIFIED_B0_ACTUAL,93,RegControl,vreg3_c,True,2,1.0125000000000002,0.9,1.1,False,False,123.5,,,15,
QUALIFIED_B0_ACTUAL,93,RegControl,vreg4_a,True,8,1.0500000000000003,0.9,1.1,False,False,125.0,,,15,
QUALIFIED_B0_ACTUAL,93,RegControl,vreg4_b,True,8,1.0500000000000003,0.9,1.1,False,False,125.0,,,15,
QUALIFIED_B0_ACTUAL,93,RegControl,vreg4_c,True,6,1.0375,0.9,1.1,False,False,125.0,,,15,
QUALIFIED_B0_ACTUAL,93,Capacitor,capbank2a,True,,,,,,,,[0],False,,
QUALIFIED_B0_ACTUAL,93,Capacitor,capbank2b,True,,,,,,,,[0],False,,
QUALIFIED_B0_ACTUAL,93,Capacitor,capbank2c,True,,,,,,,,[0],False,,
QUALIFIED_B0_ACTUAL,93,Capacitor,capbank1a,True,,,,,,,,[0],False,,
QUALIFIED_B0_ACTUAL,93,Capacitor,capbank1b,True,,,,,,,,[0],False,,
QUALIFIED_B0_ACTUAL,93,Capacitor,capbank1c,True,,,,,,,,[0],False,,
QUALIFIED_B0_ACTUAL,93,Capacitor,capbank0a,True,,,,,,,,[1],True,,
QUALIFIED_B0_ACTUAL,93,Capacitor,capbank0b,True,,,,,,,,[1],True,,
QUALIFIED_B0_ACTUAL,93,Capacitor,capbank0c,True,,,,,,,,[1],True,,
QUALIFIED_B0_ACTUAL,93,Capacitor,capbank3,True,,,,,,,,[0],False,,
QUALIFIED_B0_ACTUAL,93,CapControl,capbank2a_ctrl,True,,,,,,,,,,100,100
QUALIFIED_B0_ACTUAL,93,CapControl,capbank2b_ctrl,True,,,,,,,,,,101,101
QUALIFIED_B0_ACTUAL,93,CapControl,capbank2c_ctrl,True,,,,,,,,,,102,102
QUALIFIED_B0_ACTUAL,93,CapControl,capbank1a_ctrl,True,,,,,,,,,,100,90
QUALIFIED_B0_ACTUAL,93,CapControl,capbank1b_ctrl,True,,,,,,,,,,101,91
QUALIFIED_B0_ACTUAL,93,CapControl,capbank1c_ctrl,True,,,,,,,,,,102,92
QUALIFIED_B0_ACTUAL,93,CapControl,capbank0a_ctrl,True,,,,,,,,,,100,80
QUALIFIED_B0_ACTUAL,93,CapControl,capbank0b_ctrl,True,,,,,,,,,,101,81
QUALIFIED_B0_ACTUAL,93,CapControl,capbank0c_ctrl,True,,,,,,,,,,102,82
QUALIFIED_B0_ACTUAL,94,RegControl,feeder_rega,True,-2,0.9875,0.9,1.1,False,False,123.5,,,15,
QUALIFIED_B0_ACTUAL,94,RegControl,feeder_regb,True,-2,0.9875,0.9,1.1,False,False,123.5,,,15,
QUALIFIED_B0_ACTUAL,94,RegControl,feeder_regc,True,-2,0.9875,0.9,1.1,False,False,123.5,,,15,
QUALIFIED_B0_ACTUAL,94,RegControl,vreg2_a,True,3,1.0187499999999998,0.9,1.1,False,False,125.0,,,15,
QUALIFIED_B0_ACTUAL,94,RegControl,vreg2_b,True,3,1.0187499999999998,0.9,1.1,False,False,125.0,,,15,
QUALIFIED_B0_ACTUAL,94,RegControl,vreg2_c,True,2,1.0125,0.9,1.1,False,False,125.0,,,15,
QUALIFIED_B0_ACTUAL,94,RegControl,vreg3_a,True,5,1.0312500000000002,0.9,1.1,False,False,123.5,,,15,
QUALIFIED_B0_ACTUAL,94,RegControl,vreg3_b,True,4,1.0250000000000001,0.9,1.1,False,False,123.5,,,15,
QUALIFIED_B0_ACTUAL,94,RegControl,vreg3_c,True,2,1.0125000000000002,0.9,1.1,False,False,123.5,,,15,
QUALIFIED_B0_ACTUAL,94,RegControl,vreg4_a,True,8,1.0500000000000003,0.9,1.1,False,False,125.0,,,15,
QUALIFIED_B0_ACTUAL,94,RegControl,vreg4_b,True,8,1.0500000000000003,0.9,1.1,False,False,125.0,,,15,
QUALIFIED_B0_ACTUAL,94,RegControl,vreg4_c,True,6,1.0375,0.9,1.1,False,False,125.0,,,15,
QUALIFIED_B0_ACTUAL,94,Capacitor,capbank2a,True,,,,,,,,[0],False,,
QUALIFIED_B0_ACTUAL,94,Capacitor,capbank2b,True,,,,,,,,[0],False,,
QUALIFIED_B0_ACTUAL,94,Capacitor,capbank2c,True,,,,,,,,[0],False,,
QUALIFIED_B0_ACTUAL,94,Capacitor,capbank1a,True,,,,,,,,[0],False,,
QUALIFIED_B0_ACTUAL,94,Capacitor,capbank1b,True,,,,,,,,[0],False,,
QUALIFIED_B0_ACTUAL,94,Capacitor,capbank1c,True,,,,,,,,[0],False,,
QUALIFIED_B0_ACTUAL,94,Capacitor,capbank0a,True,,,,,,,,[1],True,,
QUALIFIED_B0_ACTUAL,94,Capacitor,capbank0b,True,,,,,,,,[1],True,,
QUALIFIED_B0_ACTUAL,94,Capacitor,capbank0c,True,,,,,,,,[1],True,,
QUALIFIED_B0_ACTUAL,94,Capacitor,capbank3,True,,,,,,,,[0],False,,
QUALIFIED_B0_ACTUAL,94,CapControl,capbank2a_ctrl,True,,,,,,,,,,100,100
QUALIFIED_B0_ACTUAL,94,CapControl,capbank2b_ctrl,True,,,,,,,,,,101,101
QUALIFIED_B0_ACTUAL,94,CapControl,capbank2c_ctrl,True,,,,,,,,,,102,102
QUALIFIED_B0_ACTUAL,94,CapControl,capbank1a_ctrl,True,,,,,,,,,,100,90
QUALIFIED_B0_ACTUAL,94,CapControl,capbank1b_ctrl,True,,,,,,,,,,101,91
QUALIFIED_B0_ACTUAL,94,CapControl,capbank1c_ctrl,True,,,,,,,,,,102,92
QUALIFIED_B0_ACTUAL,94,CapControl,capbank0a_ctrl,True,,,,,,,,,,100,80
QUALIFIED_B0_ACTUAL,94,CapControl,capbank0b_ctrl,True,,,,,,,,,,101,81
QUALIFIED_B0_ACTUAL,94,CapControl,capbank0c_ctrl,True,,,,,,,,,,102,82
QUALIFIED_B0_ACTUAL,95,RegControl,feeder_rega,True,-2,0.9875,0.9,1.1,False,False,123.5,,,15,
QUALIFIED_B0_ACTUAL,95,RegControl,feeder_regb,True,-2,0.9875,0.9,1.1,False,False,123.5,,,15,
QUALIFIED_B0_ACTUAL,95,RegControl,feeder_regc,True,-2,0.9875,0.9,1.1,False,False,123.5,,,15,
QUALIFIED_B0_ACTUAL,95,RegControl,vreg2_a,True,3,1.0187499999999998,0.9,1.1,False,False,125.0,,,15,
QUALIFIED_B0_ACTUAL,95,RegControl,vreg2_b,True,3,1.0187499999999998,0.9,1.1,False,False,125.0,,,15,
QUALIFIED_B0_ACTUAL,95,RegControl,vreg2_c,True,2,1.0125,0.9,1.1,False,False,125.0,,,15,
QUALIFIED_B0_ACTUAL,95,RegControl,vreg3_a,True,5,1.0312500000000002,0.9,1.1,False,False,123.5,,,15,
QUALIFIED_B0_ACTUAL,95,RegControl,vreg3_b,True,4,1.0250000000000001,0.9,1.1,False,False,123.5,,,15,
QUALIFIED_B0_ACTUAL,95,RegControl,vreg3_c,True,2,1.0125000000000002,0.9,1.1,False,False,123.5,,,15,
QUALIFIED_B0_ACTUAL,95,RegControl,vreg4_a,True,7,1.0437500000000002,0.9,1.1,False,False,125.0,,,15,
QUALIFIED_B0_ACTUAL,95,RegControl,vreg4_b,True,8,1.0500000000000003,0.9,1.1,False,False,125.0,,,15,
QUALIFIED_B0_ACTUAL,95,RegControl,vreg4_c,True,6,1.0375,0.9,1.1,False,False,125.0,,,15,
QUALIFIED_B0_ACTUAL,95,Capacitor,capbank2a,True,,,,,,,,[0],False,,
QUALIFIED_B0_ACTUAL,95,Capacitor,capbank2b,True,,,,,,,,[0],False,,
QUALIFIED_B0_ACTUAL,95,Capacitor,capbank2c,True,,,,,,,,[0],False,,
QUALIFIED_B0_ACTUAL,95,Capacitor,capbank1a,True,,,,,,,,[0],False,,
QUALIFIED_B0_ACTUAL,95,Capacitor,capbank1b,True,,,,,,,,[0],False,,
QUALIFIED_B0_ACTUAL,95,Capacitor,capbank1c,True,,,,,,,,[0],False,,
QUALIFIED_B0_ACTUAL,95,Capacitor,capbank0a,True,,,,,,,,[1],True,,
QUALIFIED_B0_ACTUAL,95,Capacitor,capbank0b,True,,,,,,,,[1],True,,
QUALIFIED_B0_ACTUAL,95,Capacitor,capbank0c,True,,,,,,,,[1],True,,
QUALIFIED_B0_ACTUAL,95,Capacitor,capbank3,True,,,,,,,,[0],False,,
QUALIFIED_B0_ACTUAL,95,CapControl,capbank2a_ctrl,True,,,,,,,,,,100,100
QUALIFIED_B0_ACTUAL,95,CapControl,capbank2b_ctrl,True,,,,,,,,,,101,101
QUALIFIED_B0_ACTUAL,95,CapControl,capbank2c_ctrl,True,,,,,,,,,,102,102
QUALIFIED_B0_ACTUAL,95,CapControl,capbank1a_ctrl,True,,,,,,,,,,100,90
QUALIFIED_B0_ACTUAL,95,CapControl,capbank1b_ctrl,True,,,,,,,,,,101,91
QUALIFIED_B0_ACTUAL,95,CapControl,capbank1c_ctrl,True,,,,,,,,,,102,92
QUALIFIED_B0_ACTUAL,95,CapControl,capbank0a_ctrl,True,,,,,,,,,,100,80
QUALIFIED_B0_ACTUAL,95,CapControl,capbank0b_ctrl,True,,,,,,,,,,101,81
QUALIFIED_B0_ACTUAL,95,CapControl,capbank0c_ctrl,True,,,,,,,,,,102,82
