tree
version=v4
num_class=1
num_tree_per_iteration=1
label_index=0
max_feature_idx=176
objective=regression_l1
feature_names=lag_total_avg_active_gpus_0001 lag_total_avg_active_gpus_0002 lag_total_avg_active_gpus_0003 lag_total_avg_active_gpus_0006 lag_total_avg_active_gpus_0012 lag_total_avg_active_gpus_0024 lag_total_avg_active_gpus_0048 lag_total_avg_active_gpus_0288 lag_total_avg_active_gpus_0576 lag_total_avg_active_gpus_2016 lag_fixed_avg_active_gpus_F30_0001 lag_fixed_avg_active_gpus_F30_0002 lag_fixed_avg_active_gpus_F30_0003 lag_fixed_avg_active_gpus_F30_0006 lag_fixed_avg_active_gpus_F30_0012 lag_fixed_avg_active_gpus_F30_0024 lag_fixed_avg_active_gpus_F30_0048 lag_fixed_avg_active_gpus_F30_0288 lag_fixed_avg_active_gpus_F30_0576 lag_fixed_avg_active_gpus_F30_2016 lag_flexible_avg_active_gpus_F30_0001 lag_flexible_avg_active_gpus_F30_0002 lag_flexible_avg_active_gpus_F30_0003 lag_flexible_avg_active_gpus_F30_0006 lag_flexible_avg_active_gpus_F30_0012 lag_flexible_avg_active_gpus_F30_0024 lag_flexible_avg_active_gpus_F30_0048 lag_flexible_avg_active_gpus_F30_0288 lag_flexible_avg_active_gpus_F30_0576 lag_flexible_avg_active_gpus_F30_2016 lag_arriving_job_count_0001 lag_arriving_job_count_0002 lag_arriving_job_count_0003 lag_arriving_job_count_0006 lag_arriving_job_count_0012 lag_arriving_job_count_0024 lag_arriving_job_count_0048 lag_arriving_job_count_0288 lag_arriving_job_count_0576 lag_arriving_job_count_2016 lag_arriving_requested_gpus_0001 lag_arriving_requested_gpus_0002 lag_arriving_requested_gpus_0003 lag_arriving_requested_gpus_0006 lag_arriving_requested_gpus_0012 lag_arriving_requested_gpus_0024 lag_arriving_requested_gpus_0048 lag_arriving_requested_gpus_0288 lag_arriving_requested_gpus_0576 lag_arriving_requested_gpus_2016 lag_arriving_flexible_gpu_hours_F30_0001 lag_arriving_flexible_gpu_hours_F30_0002 lag_arriving_flexible_gpu_hours_F30_0003 lag_arriving_flexible_gpu_hours_F30_0006 lag_arriving_flexible_gpu_hours_F30_0012 lag_arriving_flexible_gpu_hours_F30_0024 lag_arriving_flexible_gpu_hours_F30_0048 lag_arriving_flexible_gpu_hours_F30_0288 lag_arriving_flexible_gpu_hours_F30_0576 lag_arriving_flexible_gpu_hours_F30_2016 lag_queued_job_count_0001 lag_queued_job_count_0002 lag_queued_job_count_0003 lag_queued_job_count_0006 lag_queued_job_count_0012 lag_queued_job_count_0024 lag_queued_job_count_0048 lag_queued_job_count_0288 lag_queued_job_count_0576 lag_queued_job_count_2016 lag_queued_requested_gpus_0001 lag_queued_requested_gpus_0002 lag_queued_requested_gpus_0003 lag_queued_requested_gpus_0006 lag_queued_requested_gpus_0012 lag_queued_requested_gpus_0024 lag_queued_requested_gpus_0048 lag_queued_requested_gpus_0288 lag_queued_requested_gpus_0576 lag_queued_requested_gpus_2016 lag_running_job_equivalents_0001 lag_running_job_equivalents_0002 lag_running_job_equivalents_0003 lag_running_job_equivalents_0006 lag_running_job_equivalents_0012 lag_running_job_equivalents_0024 lag_running_job_equivalents_0048 lag_running_job_equivalents_0288 lag_running_job_equivalents_0576 lag_running_job_equivalents_2016 roll0003_mean_total_avg_active_gpus roll0003_max_total_avg_active_gpus roll0003_stddev_pop_total_avg_active_gpus roll0012_mean_total_avg_active_gpus roll0012_max_total_avg_active_gpus roll0012_stddev_pop_total_avg_active_gpus roll0048_mean_total_avg_active_gpus roll0048_max_total_avg_active_gpus roll0048_stddev_pop_total_avg_active_gpus roll0288_mean_total_avg_active_gpus roll0288_max_total_avg_active_gpus roll0288_stddev_pop_total_avg_active_gpus roll2016_mean_total_avg_active_gpus roll2016_max_total_avg_active_gpus roll2016_stddev_pop_total_avg_active_gpus roll0003_mean_fixed_avg_active_gpus_F30 roll0003_max_fixed_avg_active_gpus_F30 roll0003_stddev_pop_fixed_avg_active_gpus_F30 roll0012_mean_fixed_avg_active_gpus_F30 roll0012_max_fixed_avg_active_gpus_F30 roll0012_stddev_pop_fixed_avg_active_gpus_F30 roll0048_mean_fixed_avg_active_gpus_F30 roll0048_max_fixed_avg_active_gpus_F30 roll0048_stddev_pop_fixed_avg_active_gpus_F30 roll0288_mean_fixed_avg_active_gpus_F30 roll0288_max_fixed_avg_active_gpus_F30 roll0288_stddev_pop_fixed_avg_active_gpus_F30 roll2016_mean_fixed_avg_active_gpus_F30 roll2016_max_fixed_avg_active_gpus_F30 roll2016_stddev_pop_fixed_avg_active_gpus_F30 roll0003_mean_flexible_avg_active_gpus_F30 roll0003_max_flexible_avg_active_gpus_F30 roll0003_stddev_pop_flexible_avg_active_gpus_F30 roll0012_mean_flexible_avg_active_gpus_F30 roll0012_max_flexible_avg_active_gpus_F30 roll0012_stddev_pop_flexible_avg_active_gpus_F30 roll0048_mean_flexible_avg_active_gpus_F30 roll0048_max_flexible_avg_active_gpus_F30 roll0048_stddev_pop_flexible_avg_active_gpus_F30 roll0288_mean_flexible_avg_active_gpus_F30 roll0288_max_flexible_avg_active_gpus_F30 roll0288_stddev_pop_flexible_avg_active_gpus_F30 roll2016_mean_flexible_avg_active_gpus_F30 roll2016_max_flexible_avg_active_gpus_F30 roll2016_stddev_pop_flexible_avg_active_gpus_F30 roll0003_mean_arriving_flexible_gpu_hours_F30 roll0003_max_arriving_flexible_gpu_hours_F30 roll0003_stddev_pop_arriving_flexible_gpu_hours_F30 roll0012_mean_arriving_flexible_gpu_hours_F30 roll0012_max_arriving_flexible_gpu_hours_F30 roll0012_stddev_pop_arriving_flexible_gpu_hours_F30 roll0048_mean_arriving_flexible_gpu_hours_F30 roll0048_max_arriving_flexible_gpu_hours_F30 roll0048_stddev_pop_arriving_flexible_gpu_hours_F30 roll0288_mean_arriving_flexible_gpu_hours_F30 roll0288_max_arriving_flexible_gpu_hours_F30 roll0288_stddev_pop_arriving_flexible_gpu_hours_F30 roll2016_mean_arriving_flexible_gpu_hours_F30 roll2016_max_arriving_flexible_gpu_hours_F30 roll2016_stddev_pop_arriving_flexible_gpu_hours_F30 roll0003_mean_queued_requested_gpus roll0003_max_queued_requested_gpus roll0003_stddev_pop_queued_requested_gpus roll0012_mean_queued_requested_gpus roll0012_max_queued_requested_gpus roll0012_stddev_pop_queued_requested_gpus roll0048_mean_queued_requested_gpus roll0048_max_queued_requested_gpus roll0048_stddev_pop_queued_requested_gpus roll0288_mean_queued_requested_gpus roll0288_max_queued_requested_gpus roll0288_stddev_pop_queued_requested_gpus roll2016_mean_queued_requested_gpus roll2016_max_queued_requested_gpus roll2016_stddev_pop_queued_requested_gpus utc_hour melbourne_hour melbourne_day_of_week melbourne_month melbourne_day_of_year is_weekend hour_sin hour_cos weekday_sin weekday_cos month_sin month_cos
feature_infos=[0:515.73333740234375] [0:515.73333740234375] [0:515.73333740234375] [0:515.73333740234375] [0:515.73333740234375] [0:515.73333740234375] [0:515.73333740234375] [0:515.73333740234375] [0:515.73333740234375] [0:515.73333740234375] [0:515.73333740234375] [0:515.73333740234375] [0:515.73333740234375] [0:515.73333740234375] [0:515.73333740234375] [0:515.73333740234375] [0:515.73333740234375] [0:515.73333740234375] [0:515.73333740234375] [0:515.73333740234375] [0:512] [0:512] [0:512] [0:512] [0:512] [0:512] [0:512] [0:512] [0:512] [0:512] [0:1718] [0:1718] [0:1718] [0:1718] [0:1718] [0:1718] [0:1718] [0:1718] [0:1718] [0:1718] [0:5632] [0:5632] [0:5632] [0:5632] [0:5632] [0:5632] [0:5632] [0:5632] [0:5632] [0:5632] [0:12685.912109375] [0:12685.912109375] [0:12685.912109375] [0:12685.912109375] [0:12685.912109375] [0:12685.912109375] [0:12685.912109375] [0:12685.912109375] [0:12685.912109375] [0:12685.912109375] [0:9596] [0:9596] [0:9596] [0:9596] [0:9596] [0:9596] [0:9596] [0:9596] [0:9596] [0:1960] [0:9599] [0:9599] [0:9599] [0:9599] [0:9599] [0:9599] [0:9599] [0:9599] [0:9599] [0:6127] [0:463] [0:463] [0:463] [0:463] [0:463] [0:463] [0:463] [0:463] [0:463] [0:463] [0:512] [0:515.73333740234375] [0:240.55458068847656] [0:512] [0:515.73333740234375] [0:255.7161865234375] [0:504.01470947265625] [0:515.73333740234375] [0:250.40919494628906] [0:451.16268920898438] [0:515.73333740234375] [0:230.42581176757812] [6.1177248426247388e-05:262.34512329101562] [0.053333334624767303:515.73333740234375] [0.0014853802276775241:183.8941650390625] [0:512] [0:515.73333740234375] [0:240.55458068847656] [0:509.86666870117188] [0:515.73333740234375] [0:246.19882202148438] [0:504.01470947265625] [0:515.73333740234375] [0:250.40919494628906] [0:283.29208374023438] [0:515.73333740234375] [0:225.25091552734375] [6.1177248426247388e-05:169.79315185546875] [0.053333334624767303:515.73333740234375] [0.0014853802276775241:174.28001403808594] [0:512] [0:512] [0:235.18722534179688] [0:512] [0:512] [0:253.82646179199219] [0:483.61279296875] [0:512] [0:226.47317504882812] [0:411.73898315429688] [0:512] [0:233.52969360351562] [0:178.25611877441406] [0:512] [0:182.61265563964844] [0:4244.66064453125] [0:12685.912109375] [0:5980.1962890625] [0:1061.303955078125] [0:12685.912109375] [0:3506.200927734375] [0:273.25704956054688] [0:12685.912109375] [0:1811.8798828125] [0:45.542839050292969] [0:12685.912109375] [0:746.28338623046875] [0:15.986562728881836] [0:12685.912109375] [0:363.71148681640625] [0:9599] [0:9599] [0:2476.137451171875] [0:9599] [0:9599] [0:2455.648681640625] [0:9599] [0:9599] [0:3645.520751953125] [0:2920.1318359375] [0:9599] [0:3976.248291015625] [0:1056.5416259765625] [0:9599] [0:1794.708251953125] [0:23] [0:23] [0:6] [1:12] [1:366] [0:1] [-1:1] [-1:1] [-0.97492790222167969:0.97492790222167969] [-0.90096884965896606:1] [-1:1] [-1:1]
tree_sizes=1416 1473 1464 1430 1458 1472 1446 1510 1487 1458 1474 1482 1447 1496 1490 1495 1479 1486 1493 1487 1471 1523 1509 1552 1540 1536 1548 1556 1550 1555 1560 1557 1563 1561 1565 1557 1560 1559 1555 1553 1560 1555

Tree=0
num_leaves=15
num_cat=0
split_feature=105 172 106 90 103 165 98 106 117 157 166 102 158 29
split_gain=4337.3 2435.1 1110.98 535.768 426.211 405.49 378.17 274.096 219.685 235.994 212.52 201.255 178.149 174.413
threshold=46.151666641235359 0.37940952181816107 3.9966666698455815 142.25777435302737 483.98666381835943 10.500000000000002 22.379631042480472 9.8066668510437029 27.584090232849125 2668.5000000000005 15.500000000000002 49.269430160522468 0.20197523385286334 16.996666908264164
decision_type=2 2 2 2 2 2 2 2 2 2 2 2 2 2
left_child=1 2 12 4 8 7 13 -3 9 -2 -5 -7 -1 -4
right_child=3 5 6 10 -6 11 -8 -9 -10 -11 -12 -13 -14 -15
leaf_value=0 -1.4880000114440919 0 -0.074333333969116219 -2.1306667327880859 0 0 0 -0.10000000000000001 -0.65000000000000002 4.9366666793823244 -4.1919998168945316 0.30000000000000004 0 -0.13049999475479127
leaf_weight=11032 2321 2706 14711 5637 3302 11450 4306 1485 8086 140 2985 10456 4088 5339
leaf_count=11032 2321 2706 14711 5637 3302 11450 4306 1485 8086 140 2985 10456 4088 5339
internal_value=-0.003142 0.00335478 -0.00447937 -0.0220969 -0.0159954 0.0152038 -0.0110874 0.000953289 -0.0209013 -0.0339822 -0.0318825 0.0179294 0.00616529 -0.0139741
internal_weight=88044 65573 39476 22471 13849 26097 24356 4191 10547 2461 8622 21906 15120 20050
internal_count=88044 65573 39476 22471 13849 26097 24356 4191 10547 2461 8622 21906 15120 20050
is_linear=0
shrinkage=0.05


Tree=1
num_leaves=15
num_cat=0
split_feature=105 172 105 105 103 166 162 132 167 114 28 112 114 161
split_gain=3910.71 1261.11 959.396 397.178 406.401 392.392 305.358 244.269 240.851 232.875 224.553 203.71 192.89 188.21
threshold=45.001111984252937 0.60355338454246532 8.0005555152893084 142.29333496093753 476.11999511718756 7.5000000000000009 399.26412963867193 135.64583587646487 1.5000000000000002 37.147783279418952 71.041667938232436 68.006668090820327 10.915236949920656 0.70621952414512645
decision_type=2 2 2 2 2 2 2 2 2 2 2 2 2 2
left_child=1 2 -1 4 9 12 13 -8 -7 -2 -5 -11 -4 -3
right_child=3 6 5 10 -6 8 7 -9 -10 11 -12 -13 -14 -15
leaf_value=0 -1.2675000000000001 0 -0.2414750021696091 -3.9345999622344969 -0.046833335161209105 -0.041629166901111604 0 1.5978333282470705 -0.19347500026226044 0.13250000000000001 -0.67413332462310793 -0.78241665840148933 0.077608332633972169 0.18500000000000003
leaf_weight=24280 3117 3725 1215 5928 4953 4450 2354 298 10635 921 1204 6766 4052 14146
leaf_count=24280 3117 3725 1215 5928 4953 4450 2354 298 10635 921 1204 6766 4052 14146
internal_value=-0.00217833 0.00406768 -0.000649685 -0.019955 -0.0155152 -0.0086555 0.0143243 -0.00150546 -0.0127568 -0.0209501 -0.0297464 -0.0162572 0.00309181 0.0166732
internal_weight=88044 65155 44632 22889 15757 20352 20523 2652 15085 10804 7132 7687 5267 17871
internal_count=88044 65155 44632 22889 15757 20352 20523 2652 15085 10804 7132 7687 5267 17871
is_linear=0
shrinkage=0.05


Tree=2
num_leaves=15
num_cat=0
split_feature=105 165 105 105 103 165 113 117 29 114 105 114 112 169
split_gain=2926.41 739.05 727.031 339.036 468.901 315.089 401.702 282.109 328.229 229.642 220.661 264.595 215.139 209.006
threshold=45.001111984252937 11.500000000000002 10.001111030578615 142.29333496093753 476.11999511718756 18.500000000000004 1.0000000180025095e-35 17.533060073852543 16.028333663940433 41.187267303466804 8.6172223091125506 29.094068527221683 68.58499908447267 110.50000000000001
decision_type=2 2 2 2 2 2 2 2 2 2 2 2 2 2
left_child=1 2 -1 4 9 6 -3 -4 -9 -2 -7 -12 -11 -8
right_child=3 5 7 -5 -6 10 13 8 -10 12 11 -13 -14 -15
leaf_value=0 -1.0652791566252711 0 -0.33660958328843121 -3.0457366423606871 -0.044491668403148651 0 0 -0.024250000000000008 -0.14913458088040352 0.1887083330154419 -0.17716374802589419 0.059673750013113029 -0.75504580831527712 0.25225001049041745
leaf_weight=20058 3792 4233 2350 7132 4953 6342 2152 6348 3877 778 3727 2561 6234 13507
leaf_count=20058 3792 4233 2350 7132 4953 6342 2152 6348 3877 778 3727 2561 6234 13507
internal_value=-0.00278652 0.00261664 -0.00269931 -0.0181641 -0.0140623 0.00795032 0.0118711 -0.0121224 -0.00852395 -0.0199001 0.00177285 -0.00486255 -0.0145219 0.0155644
internal_weight=88044 65155 32633 22889 15757 32522 19892 12575 10225 10804 12630 6288 7012 15659
internal_count=88044 65155 32633 22889 15757 32522 19892 12575 10225 10804 12630 6288 7012 15659
is_linear=0
shrinkage=0.05


Tree=3
num_leaves=15
num_cat=0
split_feature=105 165 105 103 111 165 113 169 117 117 149 68 161 84
split_gain=2530.62 708.289 784.696 376.49 341.332 297.4 382.931 282.918 239.634 215.117 205.219 203.321 179.176 220.695
threshold=55.957777023315437 11.500000000000002 10.001111030578615 440.96333312988287 185.75076293945315 15.500000000000002 0.094007804989814772 177.50000000000003 15.676978111267092 17.533060073852543 33.201787948608406 111.50000000000001 27.047539710998539 9.0016665458679217
decision_type=2 2 2 2 2 2 2 2 2 2 2 2 2 2
left_child=1 2 12 -2 -5 6 10 -4 -8 -9 -3 -6 -1 -14
right_child=3 5 7 4 11 -7 8 9 -10 -11 -12 -13 13 -15
leaf_value=0 -1.4575277024775746 0 0.0032939583450555809 -0.24062687666416169 -3.1311163217782978 0 0.037387499475479126 -0.31977910412400967 0.41847082772254951 -0.12634452120512726 -0.015000000000000003 0.20055017163753508 0 0
leaf_weight=12436 8566 2588 3034 6770 3247 22138 2169 1867 7209 9584 476 338 4950 2672
leaf_count=12436 8566 2588 3034 6770 3247 22138 2169 1867 7209 9584 476 338 4950 2672
internal_value=-0.00256562 0.00186972 -0.00319411 -0.0187652 -0.0123407 0.00692786 0.0131116 -0.01206 0.0181232 -0.0156556 -0.002232 -0.024805 0.00320989 0.00924348
internal_weight=88044 69123 34543 18921 10355 34580 12442 14485 9378 11451 3064 3585 20058 7622
internal_count=88044 69123 34543 18921 10355 34580 12442 14485 9378 11451 3064 3585 20058 7622
is_linear=0
shrinkage=0.05


Tree=4
num_leaves=15
num_cat=0
split_feature=105 165 105 103 109 28 26 172 16 43 106 117 161 88
split_gain=2335.93 632.513 749.615 362.388 312.012 255.128 252.401 259.516 365.661 252.389 244.837 230.01 223.428 183.589
threshold=55.957777023315437 11.500000000000002 8.0005555152893084 440.96333312988287 171.76332855224612 71.041667938232436 235.47833251953128 0.12940952181816107 6.0033333301544198 36.500000000000007 8.5033335685729998 17.533060073852543 27.047539710998539 209.38666534423831
decision_type=2 2 2 2 2 2 2 2 2 2 2 2 2 2
left_child=1 2 12 -2 -5 -6 7 10 -9 11 -3 -4 -1 -14
right_child=3 6 9 4 5 -7 -8 8 -10 -11 -12 -13 13 -15
leaf_value=0 -1.3846513173536956 0 -0.30127712933465839 -0.11923574091136456 -2.9038940017831329 0.13249932640671733 0.53067264624625443 0 0.25738062936544415 0.13605619223669171 -0.079068062490224841 -0.086609583288431172 0 -0.046283333301544188
leaf_weight=11997 8566 5220 2687 5148 4277 930 764 11481 10656 1317 6459 11669 6368 505
leaf_count=11997 8566 5220 2687 5148 4277 930 764 11481 10656 1317 6459 11669 6368 505
internal_value=-0.00251962 0.0017417 -0.00304359 -0.0180836 -0.0117809 -0.0204048 0.00652161 0.00587653 0.00905745 -0.0111239 -0.000154057 -0.0130457 0.00366887 0.0108534
internal_weight=88044 69123 34543 18921 10355 5207 34580 33816 22137 15673 11679 14356 18870 6873
internal_count=88044 69123 34543 18921 10355 5207 34580 33816 22137 15673 11679 14356 18870 6873
is_linear=0
shrinkage=0.05


Tree=5
num_leaves=15
num_cat=0
split_feature=105 165 106 164 161 114 161 149 132 106 146 165 129 100
split_gain=2152.8 478.198 604.396 301.931 389.832 273.291 256.337 237.851 256.029 226.291 222.792 212.512 203.713 187.099
threshold=45.001111984252937 11.500000000000002 8.9316663742065447 175.34202575683597 49.469936370849616 15.263802051544191 27.047539710998539 42.039134979248054 134.4912033081055 76.655002593994155 94.001186370849624 15.500000000000002 13.177656173706056 76.571666717529311
decision_type=2 2 2 2 2 2 2 2 2 2 2 2 2 2
left_child=1 2 6 10 9 -3 -1 11 -9 -5 -2 -7 -11 -4
right_child=3 5 13 4 -6 7 -8 8 -10 12 -12 -13 -14 -15
leaf_value=0 -1.1357521369535402 0 -0.22328910764850676 0.17128952123297753 -0.86629755599982305 0.4791782481924296 0 -0.014250000000000002 1.9959714177695513 -0.53922383498483895 0.16855965488880875 0.087387499475479136 0.27894101429170376 -0.062249378063753247
leaf_weight=11872 9463 17041 2102 1682 7153 4838 6728 2982 289 3783 277 7372 531 11931
leaf_count=11872 9463 17041 2102 1682 7153 4838 6728 2982 289 3783 277 7372 531 11931
internal_value=-0.00223171 0.00240255 -0.00187358 -0.0154211 -0.0104721 0.0066929 0.00403655 0.0115007 -0.000473138 -0.00106649 -0.0220934 0.0147073 -0.00713128 -0.0097058
internal_weight=88044 65155 32633 22889 13149 32522 18600 15481 3271 5996 9740 12210 4314 14033
internal_count=88044 65155 32633 22889 13149 32522 18600 15481 3271 5996 9740 12210 4314 14033
is_linear=0
shrinkage=0.05


Tree=6
num_leaves=15
num_cat=0
split_feature=105 172 105 174 164 158 99 29 6 89 78 106 159 161
split_gain=1928.82 526.397 745.142 506.2 350.892 356.73 343.213 342.715 260.11 259.838 201.908 190.713 314.043 168.768
threshold=55.957777023315437 0.37940952181816107 8.0005555152893084 1.0000000180025095e-35 175.34202575683597 19.371997833251957 41.918663024902351 12.993333339691164 6.0033333301544198 182.11499786376956 581.50000000000011 171.93666839599612 3.8072916269302373 27.047539710998539
decision_type=2 2 2 2 2 2 2 2 2 2 2 2 2 2
left_child=1 2 13 8 -2 11 -4 -8 10 -10 -3 12 -6 -1
right_child=4 3 6 -5 5 -7 7 -9 9 -11 -12 -13 -14 -15
leaf_value=0 -1.3792303188249211 0 -0.1737563043307159 0 1.1956869466491538 -1.3940756136789885 0.01424034059554339 -0.10603965949857236 0.3046513401211709 -0.28213722510617972 -0.014250000000000002 -1.9093797056488204 -0.096588430165863784 0
leaf_weight=13660 7488 5730 9154 11751 621 4549 7622 3835 9126 298 422 2087 4176 7525
leaf_count=13660 7488 5730 9154 11751 621 4549 7622 3835 9126 298 422 2087 4176 7525
internal_value=-0.0023345 0.00153773 -0.00199038 0.00693327 -0.0164773 -0.0109591 -0.00875776 -0.00298813 0.0128426 0.0180613 0.00484002 -0.00377413 0.00171803 0.00459415
internal_weight=88044 69123 41796 27327 18921 11433 20611 11457 15576 9424 6152 6884 4797 21185
internal_count=88044 69123 41796 27327 18921 11433 20611 11457 15576 9424 6152 6884 4797 21185
is_linear=0
shrinkage=0.05


Tree=7
num_leaves=15
num_cat=0
split_feature=105 106 166 41 103 101 15 158 172 105 113 119 99 102
split_gain=1893.36 499.292 508.358 379.094 327.479 302.835 252.037 211.234 252.504 387.906 187.102 181.268 195.509 164.317
threshold=59.193889617919929 20.996666908264164 6.5000000000000009 42.500000000000007 440.96333312988287 15.785930156707765 416.06666564941412 7.5262849330902108 0.60355338454246532 5.9833333492279062 100.58396530151369 130.19275665283206 100.75522613525392 49.508207321166999
decision_type=2 2 2 2 2 2 2 2 2 2 2 2 2 2
left_child=1 7 13 5 -2 -4 -6 11 9 -9 -10 12 -1 -3
right_child=4 2 3 -5 6 -7 -8 8 10 -11 -12 -13 -14 -15
leaf_value=0 -1.3674133064247245 -0.054564178582981231 -0.3288793847661764 0.15240749749036664 -0.42593905629818335 -0.14751321930232153 -10.228748680558276 0.0023141666650772093 0.22934492662107947 -0.040710174589699041 -0.060692573378920561 0.13705090605597023 -0.014874655770390478 0.27974965012303016
leaf_weight=31669 7862 2343 2847 1989 9478 9571 550 4083 5954 4743 220 947 1434 4354
leaf_count=31669 7862 2343 2847 1989 9478 9571 550 4083 5954 4743 220 947 1434 4354
internal_value=-0.00232541 0.00137759 -0.00505235 -0.0103421 -0.0168427 -0.0135877 -0.0108442 0.00414433 0.00908697 0.00365757 0.0168393 0.00196594 0.00134711 0.00632647
internal_weight=88044 70154 21104 14407 17890 12418 10028 49050 15000 8826 6174 34050 33103 6697
internal_count=88044 70154 21104 14407 17890 12418 10028 49050 15000 8826 6174 34050 33103 6697
is_linear=0
shrinkage=0.05


Tree=8
num_leaves=15
num_cat=0
split_feature=105 172 105 119 174 164 158 119 146 88 73 166 93 131
split_gain=1599.96 567.821 451.886 438.478 369.173 303.425 286.879 286.006 229.499 178.452 218.884 174.863 154.344 208.266
threshold=62.997220993041999 1.0000000180025095e-35 15.001111030578615 38.95155334472657 1.0000000180025095e-35 168.11050415039065 19.371997833251957 82.061923980712905 65.402969360351577 224.05999755859378 11.500000000000002 15.500000000000002 342.01777648925787 9.8121213912963885
decision_type=2 2 2 2 2 2 2 2 2 2 2 2 2 2
left_child=1 2 12 8 9 -2 11 -5 -4 10 -3 -7 13 -1
right_child=5 4 3 7 -6 6 -8 -9 -10 -11 -12 -13 -14 -15
leaf_value=0 -1.5813981833388062 0 -0.30532678259289264 0.037944643043577149 0 0.016146944268415554 -1.5417876412390032 -0.26402399454301401 0.098154401058570803 -0.087392386716033083 0.18460685808144098 -0.53275926330443013 -0.047801541668176656 0.006524999737739564
leaf_weight=16117 6087 10480 6394 4551 15963 4525 4119 2299 349 413 9835 1982 413 4517
leaf_count=16117 6087 10480 6394 4551 15963 4525 4119 2299 349 413 9835 1982 413 4517
internal_value=-0.00272746 0.000535494 -0.00405542 -0.0111597 0.00486974 -0.0166497 -0.0115417 -0.00224654 -0.020206 0.00927025 0.00993356 -0.00499846 0.000534391 0.00114347
internal_weight=88044 71331 34640 13593 36691 16713 10626 6850 6743 20728 20315 6507 21047 20634
internal_count=88044 71331 34640 13593 36691 16713 10626 6850 6743 20728 20315 6507 21047 20634
is_linear=0
shrinkage=0.05


Tree=9
num_leaves=15
num_cat=0
split_feature=105 165 105 119 158 169 172 174 6 169 66 28 91 117
split_gain=1366.25 579.451 352.522 316.259 311.568 294.611 227.405 391.428 255.623 239.853 225.194 209.792 180.197 167.302
threshold=78.259998321533217 10.500000000000002 11.001111030578615 72.28623199462892 21.111507415771488 177.50000000000003 0.37940952181816107 1.0000000180025095e-35 6.0033333301544198 293.50000000000006 3.5000000000000004 12.993333339691164 260.77999877929693 48.667240142822273
decision_type=2 2 2 2 2 2 2 2 2 2 2 2 2 2
left_child=1 2 13 -2 -5 -4 -3 8 -8 -9 -6 -7 -12 -1
right_child=3 6 5 4 10 11 7 9 -10 -11 12 -13 -14 -15
leaf_value=0 -1.8298817614582696 0 0.0021454736430183115 -0.12712377436280789 -4.6563929058562206 -0.2155112171344179 0 0 0.3500359010011484 0.15523210033762902 0.17458119423411544 -0.082509789697429017 -2.1095022889428017 0.0018722083449363707
leaf_weight=14905 6003 16358 4091 4018 980 6355 5261 8073 8731 2540 877 5170 979 3703
leaf_count=14905 6003 16358 4091 4018 980 6355 5261 8073 8731 2540 877 5170 979 3703
internal_value=-0.00292053 -0.000344452 -0.00514622 -0.0179793 -0.0106284 -0.0106843 0.0036675 0.00670459 0.0121955 -0.000536824 -0.0233017 -0.0147745 -0.0130038 -0.000496964
internal_weight=88044 75187 34224 12857 6854 15616 40963 24605 13992 10613 2836 11525 1856 18608
internal_count=88044 75187 34224 12857 6854 15616 40963 24605 13992 10613 2836 11525 1856 18608
is_linear=0
shrinkage=0.05


Tree=10
num_leaves=15
num_cat=0
split_feature=105 165 164 105 169 114 91 169 160 86 106 97 147 131
split_gain=1140.11 556.405 295.836 236.392 321.994 220.83 245.789 249.92 215.4 189.135 187.46 252.373 187.278 185.935
threshold=78.259998321533217 11.500000000000002 103.47421264648439 15.706111431121828 177.50000000000003 18.362824440002445 38.001667022705085 112.50000000000001 72.500000000000014 118.026668548584 154.35333251953128 132.01999664306643 13.437592506408693 125.46153640747072
decision_type=2 2 2 2 2 2 2 2 2 2 2 2 2 2
left_child=1 3 -2 12 -5 -3 7 -7 10 -6 11 -4 -1 -8
right_child=2 5 8 4 9 6 13 -9 -10 -11 -12 -13 -14 -15
leaf_value=0 -2.3007515241668246 0 -0.59305433560154275 0.0040736824857829567 -0.21463230306701364 -0.013956584103095257 0.0030789369245635386 0.24546725470994801 -1.3309585689714489 0.065894575578565692 -0.53875663570155108 1.4883865985305045 -0.0085178429040720493 1.084490843424236
leaf_weight=22842 2795 19110 331 4049 9247 477 9318 8312 8149 1009 921 661 351 472
leaf_count=22842 2795 19110 331 4049 9247 477 9318 8312 8149 1009 921 661 351 472
internal_value=-0.0032357 -0.000882408 -0.0169919 -0.00519425 -0.0102481 0.0034077 0.00728853 0.0133557 -0.012983 -0.0149596 0.00211157 0.0171515 -0.00207561 0.00183767
internal_weight=88044 75187 12857 37498 14305 37689 18579 8789 10062 10256 1913 992 23193 9790
internal_count=88044 75187 12857 37498 14305 37689 18579 8789 10062 10256 1913 992 23193 9790
is_linear=0
shrinkage=0.05


Tree=11
num_leaves=15
num_cat=0
split_feature=105 172 174 163 164 105 117 29 169 158 149 105 116 28
split_gain=1038.96 463.92 387.348 343.508 251.828 244.075 453.419 248.847 219.386 207.733 195.962 193.894 247.685 193.339
threshold=78.259998321533217 0.37940952181816107 1.0000000180025095e-35 5254.0000000000009 103.47421264648439 15.706111431121828 27.908045768737797 12.993333339691164 344.50000000000006 0.1713262274861336 11.92332696914673 174.80000305175784 32.33116531372071 71.041667938232436
decision_type=2 2 2 2 2 2 2 2 2 2 2 2 2 2
left_child=1 5 3 8 -2 -1 -7 -8 -3 10 -4 12 -6 -13
right_child=4 2 9 -5 11 6 7 -9 -10 -11 -12 13 -14 -15
leaf_value=0 -2.1857139479584831 0.1318805735161693 0 -0.0092303429040720489 -1.0663433315306545 -0.30973160956600476 0.011368668205471742 -0.1787663618538575 0 0.016466304724902937 -0.015000000000000003 -3.4580142556969542 0.069016076686837721 0.075498250146149512
leaf_weight=26739 2795 14508 3444 969 1571 6327 9038 3884 1096 7371 1811 3879 3722 890
leaf_count=26739 2795 14508 3444 969 1571 6327 9038 3884 1096 7371 1811 3879 3722 890
internal_value=-0.00304376 -0.000797292 0.00413128 0.00915671 -0.0161756 -0.00392668 -0.00821907 -0.00284675 0.010952 -0.00246615 -0.010057 -0.0124764 -0.00587958 -0.0197842
internal_weight=88044 75187 29199 16573 12857 45988 19249 12922 15604 12626 5255 10062 5293 4769
internal_count=88044 75187 29199 16573 12857 45988 19249 12922 15604 12626 5255 10062 5293 4769
is_linear=0
shrinkage=0.05


Tree=12
num_leaves=15
num_cat=0
split_feature=105 165 119 113 172 158 163 66 119 164 91 43 106 106
split_gain=871.749 358.166 304.878 300.434 364.849 279.382 253.064 241.551 229.058 193.347 174.914 174.076 294.299 154.86
threshold=84.020557403564467 11.500000000000002 72.28623199462892 0.017377180047333244 0.37940952181816107 21.111507415771488 358.00000000000006 3.5000000000000004 156.09461212158206 1.2480102777481081 260.77999877929693 64.500000000000014 20.005000114440922 143.6549987792969
decision_type=2 2 2 2 2 2 2 2 2 2 2 2 2 2
left_child=1 8 -2 6 -5 13 -3 -7 11 -6 -9 12 -1 -4
right_child=2 3 5 4 9 7 -8 10 -10 -11 -12 -13 -14 -15
leaf_value=0 -1.8847853663847953 0 0.47048693234233618 0 -0.011942690210019105 -4.3604761359491793 0 0.28145356659269105 0.74305384427995469 0.1723422181156874 -1.9290833716147 0.11590551866071384 -0.22657292660095174 -0.35548178793253626
leaf_weight=24445 5187 1903 909 14344 561 967 4584 837 396 16860 962 2141 10958 2990
leaf_count=24445 5187 1903 909 14344 561 967 4584 837 396 16860 962 2141 10958 2990
internal_value=-0.00344638 -0.00148365 -0.016058 0.00193037 0.00393296 -0.00897301 -0.00787123 -0.0211115 -0.00492555 0.00879433 -0.0102273 -0.00532637 -0.00616386 -0.000345799
internal_weight=88044 76192 11852 38252 31765 6665 6487 2766 37940 17421 1799 37544 35403 3899
internal_count=88044 76192 11852 38252 31765 6665 6487 2766 37940 17421 1799 37544 35403 3899
is_linear=0
shrinkage=0.05


Tree=13
num_leaves=15
num_cat=0
split_feature=105 165 110 172 164 164 102 155 141 166 27 113 130 26
split_gain=759.402 320.457 304.195 357.413 286.037 247.132 189.198 188.809 178.517 164.994 171.343 159.957 157.988 149.976
threshold=77.130554199218764 11.500000000000002 0.019435313530266288 0.12940952181816107 210.00659179687503 103.47421264648439 49.269430160522468 18.271865844726566 0.080416668206453337 16.500000000000004 116.01499938964845 116.19397735595705 380.22833251953131 37.006666183471687
decision_type=2 2 2 2 2 2 2 2 2 2 2 2 2 2
left_child=1 8 4 13 -3 -2 -5 9 -1 10 -7 -11 -10 -4
right_child=5 2 3 6 -6 7 -8 -9 12 11 -12 -13 -14 -15
leaf_value=0 -1.981605352616195 0 -0.014798865446106025 0.027946779582292133 -0.0003262499868869782 -0.021668466621729367 0.26897292110658988 -2.959266817327812 -0.06916730754283891 -1.9161202325113469 -2.6185129626578352 0.54806219559515024 0.35222661645958375 0.090415049871196612
leaf_weight=31679 2842 5487 8752 7027 5068 5288 9890 2306 5439 1995 438 189 290 1354
leaf_count=31679 2842 5487 8752 7027 5068 5288 9890 2306 5439 1995 438 189 290 1354
internal_value=-0.00351906 -0.00158086 0.00168028 0.00449164 -0.0055161 -0.0146444 0.00893511 -0.0110068 -0.0048566 -0.00732786 -0.00286163 -0.0190041 -0.0129752 -0.00294729
internal_weight=88044 74986 37578 27023 10555 13058 16917 10216 37408 7910 5726 2184 5729 10106
internal_count=88044 74986 37578 27023 10555 13058 16917 10216 37408 7910 5726 2184 5729 10106
is_linear=0
shrinkage=0.05


Tree=14
num_leaves=15
num_cat=0
split_feature=106 165 17 111 118 90 149 110 134 78 160 132 155 102
split_gain=906.634 406.646 273.852 205.356 203.831 186.124 175.725 276.763 275.396 290.711 207.123 143.187 140.66 137.602
threshold=46.171665191650398 11.500000000000002 33.768333435058601 369.23646545410162 280.00332641601568 213.62610626220706 40.531217575073249 1.0000000180025095e-35 21.215463638305668 1243.5000000000002 353.50000000000006 131.50685119628909 22.428280830383304 40.053592681884773
decision_type=2 2 2 2 2 2 2 2 2 2 2 2 2 2
left_child=1 -1 4 12 -2 -6 8 -8 -3 -10 -9 -7 -4 -14
right_child=2 6 3 -5 5 11 7 10 9 -11 -12 -13 13 -15
leaf_value=0 -1.4039719296474624 0 -0.094965949483462583 -11.49595238707756 -0.22786400173451826 -3.2894808099317396 -0.014387315608395141 -0.049027357251360308 0.13497290795707589 -0.020115216176464123 0.16322981381365834 0.15252250361228958 0.74965606032738186 -0.98199580103572925
leaf_weight=32147 2619 17387 11837 299 5423 1720 1857 2056 6897 534 2951 353 290 1674
leaf_count=32147 2619 17387 11837 299 5423 1720 1857 2056 6897 534 2951 353 290 1674
internal_value=-0.00216186 0.000963436 -0.0103984 -0.00589153 -0.0166749 -0.012465 0.00498312 -0.00209638 0.00694114 0.0149946 0.00402035 -0.0251925 -0.00499421 -0.0173692
internal_weight=88044 63829 24215 14100 10115 7496 31682 6864 24818 7431 5007 2073 13801 1964
internal_count=88044 63829 24215 14100 10115 7496 31682 6864 24818 7431 5007 2073 13801 1964
is_linear=0
shrinkage=0.05


Tree=15
num_leaves=15
num_cat=0
split_feature=105 133 165 119 165 16 106 43 131 158 159 95 26 144
split_gain=705.031 543.925 361.939 304.335 249.649 249.437 192.655 225.663 173.88 166.733 249.991 156.357 131.686 136.73
threshold=84.020557403564467 500.50000000000006 11.500000000000002 72.28623199462892 11.500000000000002 416.06666564941412 11.010000228881838 64.500000000000014 10.004671573638918 21.111507415771488 57.300348281860359 8.1783413887023944 235.47833251953128 13.053499698638918
decision_type=2 2 2 2 2 2 2 2 2 2 2 2 2 2
left_child=1 2 6 -2 -3 9 8 -8 -1 11 -11 -5 13 -4
right_child=3 4 12 5 -6 -7 7 -9 -10 10 -12 -13 -14 -15
leaf_value=0 -1.6962358028593085 0 1.6312499344348909e-05 0.36144529679707199 -0.0067323328985094454 -8.7402013578427695 -0.11568544346292918 0.13710149374299802 0.003016407057001107 -2.4787828440222452 -0.16291178923965105 -1.1473822319326679 0.51848969652400334 -0.086325315083194992
leaf_weight=15060 5187 1017 35597 2154 1008 428 15768 2004 4091 786 1678 1619 825 822
leaf_count=15060 5187 1017 35597 2154 1008 428 15768 2004 4091 786 1678 1619 825 822
internal_value=-0.00268373 -0.000918671 -0.000219759 -0.0140255 -0.0264532 -0.00694903 -0.00372752 -0.00747595 -0.000247964 -0.00439763 -0.0144998 0.00221016 0.00325781 0.00280859
internal_weight=88044 76192 74167 11852 2025 6665 36923 17772 19151 6237 2464 3773 37244 36419
internal_count=88044 76192 74167 11852 2025 6665 36923 17772 19151 6237 2464 3773 37244 36419
is_linear=0
shrinkage=0.05


Tree=16
num_leaves=15
num_cat=0
split_feature=106 97 172 105 142 119 174 169 69 111 112 89 155 66
split_gain=521.247 584.322 372.471 373.159 288.636 271.135 267.535 263.941 262.557 223.043 203.023 187.975 183.24 161.767
threshold=118.43499755859376 1.6933333277702334 0.78656607866287243 3.0011111497879033 14.990139007568361 72.445896148681655 1.0000000180025095e-35 100.50000000000001 15.500000000000002 369.23646545410162 15.00833320617676 182.11499786376956 33.77910232543946 1.0000000180025095e-35
decision_type=2 2 2 2 2 2 2 2 2 2 2 2 2 2
left_child=1 8 3 4 -3 -2 11 -5 -1 12 -8 -4 -7 -10
right_child=5 2 6 7 -6 9 10 -9 13 -11 -12 -13 -14 -15
leaf_value=0 -2.9051786887784221 0 0.30280965999712245 -0.19628333330154421 0.019056670627157341 -0.042427714763693558 -0.025634168813475317 -0.026384168813475318 0 -8.953494437188386 0.090210340655701465 -0.3080877983398444 -3.8690059761593711 -0.0015416179109344896
leaf_weight=11114 3466 8968 7502 2674 1406 4533 1360 38630 332 564 4311 147 921 2116
leaf_count=11114 3466 8968 7502 2674 1406 4533 1360 38630 332 564 4311 147 921 2116
internal_value=-0.00352645 -0.00218927 -0.000219221 -0.00214094 0.00633491 -0.0145958 0.00723452 -0.00427026 -0.0116275 -0.00816869 -0.000995419 0.0133329 -0.00505587 -0.026437
internal_weight=88044 78560 64998 51678 10374 9484 13320 41304 13562 6018 5671 7649 5454 2448
internal_count=88044 78560 64998 51678 10374 9484 13320 41304 13562 6018 5671 7649 5454 2448
is_linear=0
shrinkage=0.05


Tree=17
num_leaves=15
num_cat=0
split_feature=105 154 146 63 162 169 79 162 161 146 100 172 134 106
split_gain=533.984 443.7 311.882 297.074 284.521 269.732 220.94 214.245 251.425 186.322 177.725 208.209 177.011 169.147
threshold=46.811109542846687 4.5000000000000009 19.269679069519047 104.50000000000001 443.29960632324224 336.50000000000006 16.500000000000004 18.237103462219242 31.803363800048832 94.001186370849624 73.933330535888686 0.78656607866287243 63.860136032104499 171.93666839599612
decision_type=2 2 2 2 2 2 2 2 2 2 2 2 2 2
left_child=1 2 4 10 6 7 -1 -2 13 -10 -3 -12 -4 -9
right_child=5 3 12 -5 -6 -7 -8 8 9 -11 11 -13 -14 -15
leaf_value=0 -1.3220922787343554 0 0.10199512499553938 -0.021571463104071563 -0.0056457162535839744 -1.5845714342982677 0 0.07492409628417783 -0.68663498546634161 0.10145127560554174 0.0061381955720789978 0.30470315920004515 -0.0004770703397370336 -1.2702014829377823
leaf_weight=22283 2356 7065 1284 4515 2113 809 6874 5913 9901 1754 14635 6557 456 1529
leaf_count=22283 2356 7065 1284 4515 2113 809 6874 5913 9901 1754 14635 6557 456 1529
internal_value=-0.00270247 -0.000437016 -0.00452824 0.00368399 -0.00567546 -0.00939507 -0.00438927 -0.00832091 -0.00656214 -0.0111449 0.00558701 0.00787611 0.0160458 0.000617698
internal_weight=88044 65782 33010 32772 31270 22262 29157 21453 19097 11655 28257 21192 1740 7442
internal_count=88044 65782 33010 32772 31270 22262 29157 21453 19097 11655 28257 21192 1740 7442
is_linear=0
shrinkage=0.05


Tree=18
num_leaves=15
num_cat=0
split_feature=105 154 142 105 99 103 16 164 119 146 105 164 118 105
split_gain=518.484 341.113 282.295 594.018 238.609 236.838 245.947 215.347 357.522 206.72 179.82 213.68 188.19 175.932
threshold=79.645557403564467 4.5000000000000009 1.8352777361869814 2.9916666746139531 273.49526977539068 440.96333312988287 416.06666564941412 449.98173522949224 82.061923980712905 19.269679069519047 12.67277765274048 849.38925170898449 229.95333099365237 35.90222358703614
decision_type=2 2 2 2 2 2 2 2 2 2 2 2 2 2
left_child=1 9 7 4 -4 -2 -7 13 -9 10 11 -1 -12 -3
right_child=5 2 3 -5 -6 6 -8 8 -10 -11 12 -13 -14 -15
leaf_value=0 -1.3885037951101034 0.017154861153696854 0.070531955797877771 -0.085802745742398531 -0.019824375328269868 -0.2386032227767812 -7.8267359823267881 0 -0.017926247988944596 0.017264975053015216 -0.44987495145530976 0.20530253758791206 -0.098844943963436932 0.012730525207958128
leaf_weight=23687 5082 16162 1519 8823 226 7120 454 4007 1378 2182 1871 489 7252 7792
leaf_count=23687 5082 16162 1519 8823 226 7120 454 4007 1378 2182 1871 489 7252 7792
internal_value=-0.0023822 -0.000809757 0.00236145 -0.0046439 0.0219714 -0.0117447 -0.00613537 0.00488516 -0.00414657 -0.00437637 -0.00535371 -0.00309541 -0.0113333 0.00691598
internal_weight=88044 75388 39907 10568 1745 12656 7574 29339 5385 35481 33299 24176 9123 23954
internal_count=88044 75388 39907 10568 1745 12656 7574 29339 5385 35481 33299 24176 9123 23954
is_linear=0
shrinkage=0.05


Tree=19
num_leaves=15
num_cat=0
split_feature=10 169 100 67 119 66 105 115 88 90 111 102 24 16
split_gain=407.128 398.793 503.127 368.123 222.759 222.744 244.224 219.15 262.945 235.822 218.379 280.708 226.649 213.742
threshold=137.00666809082034 349.50000000000006 29.033333778381351 2.5000000000000004 72.28623199462892 115.50000000000001 59.193889617919929 173.91833496093753 94.08499908447267 22.656666755676273 10.044132232666017 25.788770675659183 22.97500038146973 416.06666564941412
decision_type=2 2 2 2 2 2 2 2 2 2 2 2 2 2
left_child=1 3 -3 7 -2 6 -5 9 -9 -1 11 -4 -12 -6
right_child=4 2 10 5 13 -7 -8 8 -10 -11 12 -13 -14 -15
leaf_value=0 -3.7308871937679373 -0.0008577430576848428 0.033770139951179744 0.00058940262084327994 -0.3050631788829512 -0.038797388097465003 -0.24096732837059448 0 -0.22144124025720124 -0.15882554389383188 -0.28341275685031325 -0.00097345139093870314 0.17844305143108885 -8.051070591380455
leaf_weight=20569 2354 923 1659 25366 4680 4298 4503 12859 522 7678 1589 299 347 398
leaf_count=20569 2354 923 1659 25366 4680 4298 4503 12859 522 7678 1589 299 347 398
internal_value=-0.00319368 -0.00216083 -0.0161033 -0.00127375 -0.0143875 0.00257228 0.0041039 -0.00443038 0.00084043 -0.00692694 -0.00820723 0.00356597 -0.0200927 -0.00847924
internal_weight=88044 80612 4817 75795 7432 34167 29869 41628 13381 28247 3894 1958 1936 5078
internal_count=88044 80612 4817 75795 7432 34167 29869 41628 13381 28247 3894 1958 1936 5078
is_linear=0
shrinkage=0.05


Tree=20
num_leaves=15
num_cat=0
split_feature=115 60 165 168 104 106 69 162 88 169 105 68 166 146
split_gain=802.551 706.336 486.53 568.996 558.19 428.493 338.523 282.569 250.266 230.707 246.036 228.625 223.742 203.121
threshold=0.48666664958000189 10.500000000000002 9.5000000000000018 11.500000000000002 43.429265975952156 143.6549987792969 15.500000000000002 65.788688659667983 232.30666351318362 263.50000000000006 7.9561109542846689 300.50000000000006 7.5000000000000009 104.99508285522462
decision_type=2 2 2 2 2 2 2 2 2 2 2 2 2 2
left_child=1 2 4 -4 -1 7 -5 9 12 -2 -11 -10 -9 -7
right_child=5 -3 3 6 -6 13 -8 8 11 10 -12 -13 -14 -15
leaf_value=0 0 -0.000799359030423469 -0.0060363495453580503 -3.0285756009381446e-05 0.00028228581267919874 -1.9981503815780599 4.679513953734304e-05 0.11657874147502312 -0.24424172257911925 -3.0285756009381446e-05 -0.44831600366693691 0.0012930957292819243 0 0.29054062485781901
leaf_weight=734 32513 1946 1800 115 758 6754 353 11753 1161 3560 1777 593 23209 1018
leaf_count=734 32513 1946 1800 115 758 6754 353 11753 1161 3560 1777 593 23209 1018
internal_value=-0.00374451 -0.0218701 -0.00918991 -0.0237571 0.0129593 -0.00248716 0.0251586 -0.00132223 0.00180278 -0.00435345 -0.0139835 -0.0166003 0.00272829 -0.0136557
internal_weight=88044 5706 3760 2268 1492 82338 468 74566 36716 37850 5337 1754 34962 7772
internal_count=88044 5706 3760 2268 1492 82338 468 74566 36716 37850 5337 1754 34962 7772
is_linear=0
shrinkage=0.05


Tree=21
num_leaves=15
num_cat=0
split_feature=169 105 63 128 66 111 88 146 148 26 164 90 159 69
split_gain=483.856 436.919 469.443 387.985 336.765 310.654 234.449 226.625 212.914 213.57 208.726 266.802 205.254 200.345
threshold=344.50000000000006 46.811109542846687 2.5000000000000004 0.18707744777202609 25.500000000000004 0.91461804509162914 232.30666351318362 19.269679069519047 299.59944152832037 15.011666774749758 142.33003234863284 225.79333496093753 1321.5937500000002 34.500000000000007
decision_type=2 2 2 2 2 2 2 2 2 2 2 2 2 2
left_child=1 2 7 12 13 -6 -5 -1 10 -10 -3 -12 -4 -2
right_child=4 8 3 6 5 -7 -8 -9 9 -11 11 -13 -14 -15
leaf_value=0 -2.9470131042163998e-05 -0.39266609694040505 0.029510400790674254 0.006235848545713474 -0.00077488795327942711 -0.010841392679458628 -0.071840369652879862 0.016401726300364457 -0.79745691942653729 -0.094183345975271532 0.24642446049062494 -5.7558486717194608 -0.15278020992115701 4.4455382560475886e-05
leaf_weight=32967 4116 4026 11367 11864 1202 715 1194 2138 8800 4689 4002 356 305 303
leaf_count=32967 4116 4026 11367 11864 1202 715 1194 2138 8800 4689 4002 356 305 303
internal_value=-0.00254404 -0.00151139 0.000699365 0.00597534 -0.0158492 -0.0333247 5.35865e-05 -0.00301766 -0.00755782 -0.0114458 -0.00129932 0.00628008 0.0125974 -0.00823915
internal_weight=88044 81708 59835 24730 6336 1917 13058 35105 21873 13489 8384 4358 11672 4419
internal_count=88044 81708 59835 24730 6336 1917 13058 35105 21873 13489 8384 4358 11672 4419
is_linear=0
shrinkage=0.05


Tree=22
num_leaves=15
num_cat=0
split_feature=111 76 105 166 99 65 33 164 103 69 102 117 106 171
split_gain=857.338 1303.97 447.771 290.463 250.877 240.766 239.886 227.909 226.353 230.006 212.042 200.164 190.776 174.878
threshold=0.0073611109983176002 33.500000000000007 20.892222404479984 7.5000000000000009 26.181209564208988 113.50000000000001 9.5000000000000018 349.99827575683599 231.50333404541018 82.500000000000014 12.807719707489015 86.032409667968764 4.7850000858306894 -0.6035533845424651
decision_type=2 2 2 2 2 2 2 2 2 2 2 2 2 2
left_child=1 8 4 10 11 13 7 -5 -1 -10 -4 -2 -7 -6
right_child=2 -3 3 6 5 12 -8 -9 9 -11 -12 -13 -14 -15
leaf_value=0 0 -0.001449525344677572 -0.86459080187095061 -0.35984890225047927 0.0012284409428178281 0.0085047447504773329 0.059903943980650756 -0.033227784270892069 -2.6482336689586728e-05 4.223261343245209e-05 0.048804799698795177 0.49808971941908431 -0.099011906421181323 0.10706216636300021
leaf_weight=3562 18376 3219 848 15574 5122 1127 3919 5200 5648 457 12044 267 1439 11242
leaf_count=3562 18376 3219 848 15574 5122 1127 3919 5200 5648 457 12044 267 1439 11242
internal_value=-0.0037411 -0.0156543 -0.00169764 -0.005556 0.00216217 0.006216 -0.00873148 -0.0108716 -0.00646712 -0.0123077 0.000527254 -0.00195463 -0.00801245 0.0084489
internal_weight=88044 12886 75158 37585 37573 18930 24693 20774 9667 6105 12892 18643 2566 16364
internal_count=88044 12886 75158 37585 37573 18930 24693 20774 9667 6105 12892 18643 2566 16364
is_linear=0
shrinkage=0.05


Tree=23
num_leaves=15
num_cat=0
split_feature=169 163 81 106 66 111 172 133 100 160 79 10 132 159
split_gain=471.537 631.172 818.266 450.699 273.983 283.651 229.983 444.761 388.927 214.372 208.445 277.872 434.96 228.235
threshold=343.50000000000006 5188.0000000000009 2.7716666460037236 79.048332214355483 25.500000000000004 0.91461804509162914 1.0000000180025095e-35 500.50000000000006 40.279998779296882 72.500000000000014 2.5000000000000004 3.8699998855590825 13.927478790283205 25.187500000000004
decision_type=2 2 2 2 2 2 2 2 2 2 2 2 2 2
left_child=1 3 -3 6 10 -6 8 -8 -1 -5 13 12 -12 -2
right_child=4 2 -4 9 5 -7 7 -9 -10 -11 11 -13 -14 -15
leaf_value=5.0849186726189096e-07 -2.6672507655576466e-05 -0.0013925459518208247 0.00099755783529394929 0.094480528241258549 -0.00066366728838157714 -0.010360745092626588 0.0080328835738457099 -0.0058102888468023932 -7.2110188415464138e-05 -0.90035073777679497 4.7253005947063429e-05 -0.083468157794841236 -0.0066975383471293967 0.0033503559359231668
leaf_weight=3972 780 1972 2147 3062 1202 715 31797 996 27075 10399 1225 2112 255 335
leaf_count=3972 780 1972 2147 3062 1202 715 31797 996 27075 10399 1225 2112 255 335
internal_value=-0.00328737 -0.00224317 -0.0213021 -0.0012263 -0.016111 -0.0320239 0.000527058 0.00344686 -0.002557 -0.00953884 -0.00960314 -0.00372533 0.012862 -0.0284375
internal_weight=88044 81420 4119 77301 6624 1917 63840 32793 31047 13461 4707 3592 1480 1115
internal_count=88044 81420 4119 77301 6624 1917 63840 32793 31047 13461 4707 3592 1480 1115
is_linear=0
shrinkage=0.05


Tree=24
num_leaves=15
num_cat=0
split_feature=114 77 106 79 165 60 88 171 119 7 16 103 113 77
split_gain=980.403 711.83 337.403 315.713 646.582 843.488 286.815 276.301 270.833 263.283 247.94 244.17 220.644 197.591
threshold=0.0013425925862975421 33.500000000000007 118.43499755859376 48.500000000000007 9.5000000000000018 2.5000000000000004 209.38666534423831 -0.7865660786628722 72.28623199462892 109.26333236694337 416.06666564941412 463.29666137695318 0.13095460087060931 784.50000000000011
decision_type=2 2 2 2 2 2 2 2 2 2 2 2 2 2
left_child=1 3 6 11 -5 -6 7 9 -4 -2 -10 -1 -9 -8
right_child=2 -3 8 4 5 -7 13 12 10 -11 -12 -13 -14 -15
leaf_value=-2.5338882272797643e-05 -2.5864621621390791e-05 -0.0013074217798526521 -2.4742596092195273 0.00026947021428635505 -0.0057249793215947481 4.1194079969578261e-05 -0.056623493430711339 -0.00040113568682502367 -0.064019685204592142 -0.039159657533416888 -7.2388273179563303 0.00030230054454180133 0.0012948581068528444 0.52142762814747223
leaf_weight=1379 12081 2094 3456 679 1009 354 1831 6858 5613 2502 415 137 49436 200
leaf_count=1379 12081 2094 3456 679 1009 354 1831 6858 5613 2502 415 137 49436 200
internal_value=-0.0034106 -0.023546 -0.00202799 -0.00990738 0.00293112 -0.0169225 -0.000873644 -0.000342118 -0.0108968 -0.0064745 -0.00449196 -0.0271532 0.00124691 -0.0193762
internal_weight=88044 5652 82392 3558 2042 1363 72908 70877 9484 14583 6028 1516 56294 2031
internal_count=88044 5652 82392 3558 2042 1363 72908 70877 9484 14583 6028 1516 56294 2031
is_linear=0
shrinkage=0.05


Tree=25
num_leaves=15
num_cat=0
split_feature=114 60 165 169 60 69 105 69 162 169 160 88 10 28
split_gain=724.981 915.929 369.419 771.478 449.805 338.523 324.479 247.578 212.027 270.449 258.223 210.679 204.695 196.524
threshold=0.0013425925862975421 4.5000000000000009 9.5000000000000018 281.50000000000006 2.5000000000000004 15.500000000000002 142.29333496093753 722.50000000000011 65.788688659667983 263.50000000000006 21.000000000000004 232.30666351318362 7.9049999713897714 70.040000915527358
decision_type=2 2 2 2 2 2 2 2 2 2 2 2 2 2
left_child=1 2 3 -1 -4 -6 8 13 9 -2 -10 -12 -11 -8
right_child=6 -3 4 -5 5 -7 7 -9 10 12 11 -13 -14 -15
leaf_value=5.0791786439563031e-05 -6.1137395921869014e-05 -0.0012420506908600196 -0.005233525438382537 -2.4071938159157761e-05 -2.7069551006038127e-05 3.9134375971099348e-05 -2.3717293502007419 0.83835509939595321 0.19129733874029126 -0.00039883665981074691 0.00094871868560733965 -0.054416464358243433 -0.41602961892465862 0.37040703493523586
leaf_weight=998 32716 2093 1682 411 115 353 5718 209 1446 3585 33963 1771 1779 1205
leaf_count=998 32716 2093 1682 411 115 353 5718 209 1446 3585 33963 1771 1779 1205
internal_value=-0.00311985 -0.0204349 -0.00498036 0.0148868 -0.0180046 0.0251586 -0.0019309 -0.0121199 -0.000964592 -0.00358671 0.00172112 0.00088139 -0.0139877 -0.0137486
internal_weight=88044 5652 3559 1409 2150 468 82392 7132 75260 38080 37180 35734 5364 6923
internal_count=88044 5652 3559 1409 2150 468 82392 7132 75260 38080 37180 35734 5364 6923
is_linear=0
shrinkage=0.05


Tree=26
num_leaves=15
num_cat=0
split_feature=114 60 173 165 108 148 106 114 173 101 80 117 116 102
split_gain=726.635 888.93 273.897 256.533 312.788 327.8 299.47 294.699 193.648 311.49 241.603 184.872 140.088 193.431
threshold=0.0013425925862975421 4.5000000000000009 0.87837970256805431 11.500000000000002 1.0000000180025095e-35 424.08332824707037 30.900000572204593 43.991857528686531 -0.87837970256805409 31.78935527801514 113.00333404541017 58.583738327026374 71.477016448974624 68.35764312744142
decision_type=2 2 2 2 2 2 2 2 2 2 2 2 2 2
left_child=1 2 -1 8 5 11 -6 -8 9 -2 -11 -5 -10 -14
right_child=3 -3 -4 4 6 -7 7 -9 12 10 -12 -13 13 -15
leaf_value=3.3741909666442434e-05 -0.016747608052417318 -0.0011799481563170185 -0.00040291682390062374 -6.2527085107129304e-05 0.033159066237954692 -0.01462802203268768 -0.23231326510542522 0.082481295903654675 -5.8080526125775555e-05 0.046028017029175132 -0.527935152797118 2.1744046141076887 -0.050108573330202237 -0.016082497249254268
leaf_weight=2983 3048 2093 576 2675 19884 1581 6743 9946 29184 2437 656 234 1725 4279
leaf_count=2983 3048 2093 576 2675 19884 1581 6743 9946 29184 2437 656 234 1725 4279
internal_value=-0.00348897 -0.0208238 -0.00559764 -0.00229863 0.00050039 -0.0119466 0.00202991 -0.00290823 -0.00507935 -0.0132688 -0.00208199 -0.00197323 -0.00364845 -0.0106008
internal_weight=88044 5652 3559 82392 41063 4490 36573 16689 41329 6141 3093 2909 35188 6004
internal_count=88044 5652 3559 82392 41063 4490 36573 16689 41329 6141 3093 2909 35188 6004
is_linear=0
shrinkage=0.05


Tree=27
num_leaves=15
num_cat=0
split_feature=161 154 105 90 169 169 169 166 16 130 165 79 79 165
split_gain=589.61 1176.76 401.085 315.383 264.652 241.055 399.575 231.279 208.876 205.961 189.922 467.741 336.097 178.35
threshold=0.70621952414512645 8.5000000000000018 48.638334274291999 10.976110935211183 336.50000000000006 110.50000000000001 150.50000000000003 3.5000000000000004 416.06666564941412 172.02666473388675 7.5000000000000009 1.5000000000000002 1216.5000000000002 7.5000000000000009
decision_type=2 2 2 2 2 2 2 2 2 2 2 2 2 2
left_child=1 3 5 10 8 13 -7 -8 9 -4 11 -1 -12 -2
right_child=2 -3 4 -5 -6 6 7 -9 -10 -11 12 -13 -14 -15
leaf_value=-2.9851652850234857e-06 1.0859636604224975e-05 -0.0011364476228782989 -0.087344596377250838 -0.24268282614705675 -1.4897187091482598 0.23948714476990729 0.16990388569565529 -2.5276608427166061e-05 -5.7404392332417302 -0.90866766206610616 -2.7403168939058342e-05 4.6565101634262759e-05 -0.0051787411790792061 -0.0019297397220432934
leaf_weight=2301 2629 2070 17427 2101 749 5115 7120 32257 480 2500 6106 1114 858 5217
leaf_count=2301 2629 2070 17427 2101 749 5115 7120 32257 480 2500 6106 1114 858 5217
internal_value=-0.00239639 -0.0115905 -0.000575518 -0.00579095 -0.00638439 0.00177292 0.00319797 0.00148926 -0.00530815 -0.00451786 -0.00221013 0.00744152 -0.00694504 -0.00630493
internal_weight=88044 14550 73494 12480 21156 52338 44492 39377 20407 19927 10379 3415 6964 7846
internal_count=88044 14550 73494 12480 21156 52338 44492 39377 20407 19927 10379 3415 6964 7846
is_linear=0
shrinkage=0.05


Tree=28
num_leaves=15
num_cat=0
split_feature=114 60 106 119 111 154 142 105 101 124 160 162 79 165
split_gain=533.407 1139.49 286.37 325.725 252.152 234.026 282.545 316.014 248.502 213.579 188.507 176.693 150.715 801.491
threshold=0.0013425925862975421 4.5000000000000009 104.34999847412111 79.324413299560561 369.23646545410162 4.5000000000000009 0.83361113071441661 2.9916666746139531 5.0647172927856454 36.001667022705085 249.50000000000003 443.29960632324224 1216.5000000000002 11.500000000000002
decision_type=2 2 2 2 2 2 2 2 2 2 2 2 2 2
left_child=1 12 5 -4 10 9 8 -8 -7 11 -5 -2 -1 -14
right_child=2 -3 3 4 -6 6 7 -9 -10 -11 -12 -13 13 -15
leaf_value=3.3424972630073233e-05 -8.1380622195640641e-05 -0.0010641283673572526 -1.7774131673584699 0.39993687999056804 -7.0681681884144369 -0.027295916240594173 0.028134735324055152 -0.062982963874092759 0.032516752277611652 0.061314415487818609 -0.53006650726529414 -0.031771212993195741 4.4236846552549619e-05 -0.0049280581743795298
leaf_weight=2362 30203 2093 4865 2132 554 677 1742 9121 27697 1196 3108 1097 509 688
leaf_count=2362 30203 2093 4865 2132 554 677 1742 9121 27697 1196 3108 1097 509 688
internal_value=-0.00255994 -0.0174121 -0.0015401 -0.00918511 -0.00117262 -0.000403552 0.00219535 -0.00466047 0.00482047 -0.00354143 0.0022307 -0.00433477 -0.000182379 -0.0146007
internal_weight=88044 5652 82392 10659 5794 71733 39237 10863 28374 32496 5240 31300 3559 1197
internal_count=88044 5652 82392 10659 5794 71733 39237 10863 28374 32496 5240 31300 3559 1197
is_linear=0
shrinkage=0.05


Tree=29
num_leaves=15
num_cat=0
split_feature=114 60 105 163 88 119 172 97 110 172 172 169 160 79
split_gain=517.535 1139.49 238.804 221.396 330.084 212.068 220.919 210.027 205.336 245.674 216.457 194.869 169.719 150.715
threshold=0.0013425925862975421 4.5000000000000009 174.80000305175784 482.50000000000006 92.453330993652358 84.466579437255874 0.60355338454246532 451.18666076660162 0.8484168052673341 1.0000000180025095e-35 1.0000000180025095e-35 343.50000000000006 216.50000000000003 1216.5000000000002
decision_type=2 2 2 2 2 2 2 2 2 2 2 2 2 2
left_child=1 13 3 8 11 -4 7 -7 10 -10 -2 -5 -6 -1
right_child=2 -3 5 4 12 6 -8 -9 9 -11 -12 -13 -14 -15
leaf_value=3.1753723998569564e-05 1.4385685883795759e-05 -0.00101092194898939 -3.947596008916376 0.0081435245906017039 0.37919003670629542 0.37014931615941232 -5.9367136199421298 -5.1583915944205954 -0.086501661286262646 -0.0066228571337012491 -0.00036945648887558758 -0.0055859288492756155 -0.044899047462607491 -0.0043911153987270706
leaf_weight=2362 7164 2093 2006 35462 670 2356 646 528 8132 8074 8012 4624 4718 1197
leaf_count=2362 7164 2093 2006 35462 670 2356 646 528 8132 8074 8012 4624 4718 1197
internal_value=-0.00278254 -0.0174121 -0.00177798 -0.00105515 0.00117417 -0.0118029 -0.00441301 0.00152302 -0.00428521 -0.00819814 -0.000105395 0.00273627 -0.0104395 -0.000182379
internal_weight=88044 5652 82392 76856 45474 5536 3530 2884 31382 16206 15176 40086 5388 3559
internal_count=88044 5652 82392 76856 45474 5536 3530 2884 31382 16206 15176 40086 5388 3559
is_linear=0
shrinkage=0.05


Tree=30
num_leaves=15
num_cat=0
split_feature=115 150 105 104 105 102 19 172 112 112 119 172 164 165
split_gain=521.384 1197.64 285.535 285.05 195.749 219.701 185.189 388.092 378.81 335.649 262.589 257.811 181.672 164.586
threshold=0.48666664958000189 31.833333015441898 35.90222358703614 36.220600128173835 213.25555419921878 123.19220352172853 0.18999999761581424 1.0000000180025095e-35 0.22666666656732562 15.00833320617676 21.851466178894047 0.91597560048103344 175.86292266845706 8.5000000000000018
decision_type=2 2 2 2 2 2 2 2 2 2 2 2 2 2
left_child=1 13 6 -4 12 -6 7 8 -2 -9 -8 -12 -5 -1
right_child=2 -3 3 4 5 -7 10 9 -10 -11 11 -13 -14 -15
leaf_value=0.0001844998786145512 3.0815377764593074e-05 -0.00096037585153992047 -0.38643578322904137 -0.17373308825845341 -4.8624067885324127 -0.20906088149596513 0.010345726194632929 -0.0010455738325566876 -1.580372945255803e-05 0.0080106336923347603 -7.7927658728270784e-05 0.22371578239469816 0.060378233006837145 -0.00040649269576842513
leaf_weight=1265 1367 2099 4309 9110 1558 2278 6317 5707 6648 3676 25934 4504 10930 2342
leaf_count=1265 1367 2099 4309 9110 1558 2278 6317 5707 6648 3676 25934 4504 10930 2342
internal_value=-0.00206022 -0.0166696 -0.00104684 -0.0051277 -0.00298982 -0.0133299 0.0010774 -0.00317187 0.00490648 -0.0100714 0.00308896 0.00116283 -0.00100773 0.000816722
internal_weight=88044 5706 82338 28185 23876 3836 54153 17398 8015 9383 36755 30438 20040 3607
internal_count=88044 5706 82338 28185 23876 3836 54153 17398 8015 9383 36755 30438 20040 3607
is_linear=0
shrinkage=0.05


Tree=31
num_leaves=15
num_cat=0
split_feature=114 77 105 158 165 90 112 118 16 130 172 91 130 69
split_gain=498.352 1087.1 210.378 250.639 240.773 325.436 256.043 232.779 197.909 212.603 197.794 214.358 173.376 160.862
threshold=0.0013425925862975421 33.500000000000007 46.811109542846687 1.0000000180025095e-35 7.5000000000000009 5.0016667842864999 5.0066666603088388 280.00332641601568 416.06666564941412 172.02666473388675 0.78656607866287243 37.786666870117195 147.04499816894534 471.50000000000006
decision_type=2 2 2 2 2 2 2 2 2 2 2 2 2 2
left_child=1 -1 3 4 5 -2 -6 12 9 -9 13 -12 -4 -5
right_child=2 -3 7 10 6 -7 -8 8 -10 -11 11 -13 -14 -15
leaf_value=4.0355875494569882e-06 1.4624090606345632e-05 -0.00091235705896292442 -0.8816864818242568 0.00013688709982884905 -0.00040868323220675509 -0.052506826325273363 -0.00035277400089172981 -0.010745939892266999 -4.9113711707182439 -0.80710038342171853 0.26781946651048594 -0.0051862300778844801 0.24418101606464468 0.36864748227084559
leaf_weight=3558 5295 2094 3247 26867 7253 4015 7312 15586 481 2330 5664 3326 618 398
leaf_count=3558 5295 2094 3247 26867 7253 4015 7312 15586 481 2330 5664 3326 618 398
internal_value=-0.00236686 -0.0167226 -0.00138112 0.000156315 -0.00382119 0.0024584 -0.00783459 -0.00553285 -0.00318715 -0.00233246 0.00277579 0.00920511 -0.0166796 0.000654565
internal_weight=88044 5652 82392 60130 23875 9310 14565 22262 18397 17916 36255 8990 3865 27265
internal_count=88044 5652 82392 60130 23875 9310 14565 22262 18397 17916 36255 8990 3865 27265
is_linear=0
shrinkage=0.05


Tree=32
num_leaves=15
num_cat=0
split_feature=114 60 106 119 16 158 142 105 174 172 105 159 164 165
split_gain=495.452 1078.33 193.973 250.37 207.846 184.895 221.034 364.33 220.357 288.003 208.437 182.714 180.557 132.953
threshold=0.0013425925862975421 4.5000000000000009 118.43499755859376 72.28623199462892 416.06666564941412 1.0000000180025095e-35 1.8352777361869814 2.9916666746139531 1.0000000180025095e-35 1.0000000180025095e-35 8.0005555152893084 1296.605895996094 597.65029907226574 8.5000000000000018
decision_type=2 2 2 2 2 2 2 2 2 2 2 2 2 2
left_child=1 13 5 -4 12 8 11 -8 10 -10 -2 -7 -5 -1
right_child=2 -3 3 4 -6 6 7 -9 9 -11 -12 -13 -14 -15
leaf_value=0.00017507310530635081 0.00030687253156676616 -0.0008667392060147782 -2.0774763580288238 0.12448352010679323 -5.6373924094707508 0.026480731902035728 0.019522313343347204 -0.06465659449616816 -5.1618512797332733e-05 -0.00074049795257823646 -0.080510335487552653 -0.084691004401686587 -7.8797782831124126 -0.00038636984035747676
leaf_weight=1265 8245 2093 3456 5337 415 33961 1997 10195 6638 5760 5145 967 276 2294
leaf_count=1265 8245 2093 3456 5337 415 33961 1997 10195 6638 5760 5145 967 276 2294
internal_value=-0.0023203 -0.0166343 -0.00133743 -0.00806197 -0.00190618 -0.000462195 0.00140053 -0.00439452 -0.00386539 -0.00866726 0.000582307 0.0034237 0.000631897 0.000126263
internal_weight=88044 5652 82392 9484 6028 72908 47120 12192 25788 12398 13390 34928 5613 3559
internal_count=88044 5652 82392 9484 6028 72908 47120 12192 25788 12398 13390 34928 5613 3559
is_linear=0
shrinkage=0.05


Tree=33
num_leaves=15
num_cat=0
split_feature=93 66 106 147 166 162 163 172 169 112 173 142 118 162
split_gain=644.552 912.507 394.58 371.848 295.187 268.577 259.322 216.843 379.153 349.98 234.367 208.12 187.246 185.067
threshold=0.036111110821366317 9.5000000000000018 3.9966666698455815 4.3963427543640146 7.5000000000000009 61.978918075561531 4976.0000000000009 1.0000000180025095e-35 345.50000000000006 1.6183333396911623 1.0000000180025095e-35 1.8352777361869814 386.95166015625006 442.08729553222662
decision_type=2 2 2 2 2 2 2 2 2 2 2 2 2 2
left_child=1 7 -2 -3 5 -4 -7 9 13 10 -1 -6 -13 -9
right_child=2 3 4 -5 11 6 -8 8 -10 -11 -12 12 -14 -15
leaf_value=3.5237364976076632e-05 0.0042563626958856873 -0.00083889912009117067 -0.045365958983731115 0.0013229792556053788 -0.023592662029118045 0.20159814687606731 -0.09854464794369891 -0.0002425700303992035 7.3043132733565294e-05 -5.2668521171602393e-05 -2.4423337473690929e-06 -0.18027477680630488 -0.0053937872582356054 -0.0045790454546329904
leaf_weight=1927 9954 2822 9236 414 31800 10211 1589 5927 524 1892 2294 5806 2657 991
leaf_count=1927 9954 2822 9236 414 31800 10211 1589 5927 524 1892 2294 5806 2657 991
internal_value=-0.0026826 -0.0114938 -0.000605546 -0.0353286 -0.00210508 0.00269474 0.00769166 -0.00579277 -0.0115214 0.00118503 0.00919309 -0.00461284 -0.0115789 -0.0146324
internal_weight=88044 16791 71253 3236 61299 21036 11800 13555 7442 6113 4221 40263 8463 6918
internal_count=88044 16791 71253 3236 61299 21036 11800 13555 7442 6113 4221 40263 8463 6918
is_linear=0
shrinkage=0.05


Tree=34
num_leaves=15
num_cat=0
split_feature=94 66 65 105 169 166 172 169 112 173 142 167 174 112
split_gain=614.909 910.992 406.818 362.044 285.434 272.178 247.274 395.175 281.217 229.492 227.888 202.723 197.966 189.454
threshold=0.83499997854232799 9.5000000000000018 36.500000000000007 2.9916666746139531 100.50000000000001 7.5000000000000009 1.0000000180025095e-35 345.50000000000006 2.0066666603088383 1.0000000180025095e-35 1.8352777361869814 1.5000000000000002 1.0000000180025095e-35 8.9883332252502459
decision_type=2 2 2 2 2 2 2 2 2 2 2 2 2 2
left_child=1 6 -3 12 -5 11 8 -8 9 -1 -7 -6 -2 -14
right_child=3 2 -4 4 5 10 7 -9 -10 -11 -12 -13 13 -15
leaf_value=3.3475496727272799e-05 0.020485321453317454 -0.00079695416408661214 0.0012568302928251099 -0.18328659974104589 -0.03844392024989314 -0.011386662026196993 -0.00041254462282198283 6.9390976096887018e-05 -5.0035095113022267e-05 -2.3202170600006381e-06 -0.1005612777800335 0.13583234624352572 -0.0027153030527352472 0.010951549309835627
leaf_weight=1973 4793 2646 612 3244 4972 30134 7044 536 1887 2317 8521 14584 2452 2329
leaf_count=1973 4793 2646 612 3244 4972 30134 7044 536 1887 2317 8521 14584 2452 2329
internal_value=-0.0024952 -0.0110311 -0.0347839 -0.000449785 -0.00185893 -0.00105383 -0.00539529 -0.0114436 0.00203009 0.00910361 -0.00348551 0.00375236 0.00859171 0.00138947
internal_weight=88044 17015 3258 71029 61455 58211 13757 7580 6177 4290 38655 19556 9574 4781
internal_count=88044 17015 3258 71029 61455 58211 13757 7580 6177 4290 38655 19556 9574 4781
is_linear=0
shrinkage=0.05


Tree=35
num_leaves=15
num_cat=0
split_feature=93 64 79 105 176 163 106 172 169 96 148 113 162 104
split_gain=522.065 688.567 382.382 326.824 253.78 242.757 253.211 214.212 375.618 290.524 218.073 204.794 184.819 154.32
threshold=0.32777777314186102 10.500000000000002 3.5000000000000004 20.892222404479984 0.68301269412040722 482.50000000000006 218.32666778564456 1.0000000180025095e-35 345.50000000000006 1.0000000180025095e-35 424.08332824707037 124.76125335693361 0.082341272383928313 24.627234458923343
decision_type=2 2 2 2 2 2 2 2 2 2 2 2 2 2
left_child=1 7 -3 -2 5 11 -7 9 10 12 -9 -5 -1 -10
right_child=3 2 -4 4 -6 6 -8 8 13 -11 -12 -13 -14 -15
leaf_value=3.1319620914881607e-05 0.0035163691611637907 -0.00075710645588228159 -4.9174851237864797e-05 -0.23804006463039082 -0.48791021919028099 0.033126255751930449 -2.4014213533296456 -0.00020922100071999448 -0.0080365664381312745 -5.5833664270383591e-05 -0.01047656745329761 1.3412406025666785 2.1625921560239802e-05 6.5921427292042672e-05
leaf_weight=347 32835 2012 1177 10227 2428 21512 3212 5529 103 2653 1797 206 3561 445
leaf_count=347 32835 2012 1177 10227 2428 21512 3212 5529 103 2653 1797 206 3561 445
internal_value=-0.00240207 -0.010097 -0.0311052 -0.000475683 -0.00365922 -0.00257807 0.000121315 -0.00544668 -0.0110039 0.00122601 -0.0139954 -0.00897203 0.00989011 0.0287523
internal_weight=88044 17624 3189 70420 37585 35157 24724 14435 7874 6561 7326 10433 3908 548
internal_count=88044 17624 3189 70420 37585 35157 24724 14435 7874 6561 7326 10433 3908 548
is_linear=0
shrinkage=0.05


Tree=36
num_leaves=15
num_cat=0
split_feature=93 64 79 105 169 101 142 172 169 96 147 77 162 117
split_gain=520.545 697.15 382.382 305.683 255.173 249.126 309.36 204.108 383.837 290.524 208.768 185.131 184.819 138.445
threshold=0.32777777314186102 10.500000000000002 3.5000000000000004 3.0011111497879033 100.50000000000001 115.08480072021486 1.8352777361869814 1.0000000180025095e-35 345.50000000000006 1.0000000180025095e-35 0.54437133669853222 453.00000000000006 0.082341272383928313 11.122696399688722
decision_type=2 2 2 2 2 2 2 2 2 2 2 2 2 2
left_child=1 7 -3 13 -5 6 -6 9 10 12 -9 -7 -1 -2
right_child=3 2 -4 4 5 11 -8 8 -10 -11 -12 -13 -14 -15
leaf_value=2.9753639869137528e-05 0.0036804139200278824 -0.0007192511330881674 -4.6716108675971554e-05 -0.17429808821205178 0.0098684073859404507 -0.20740316393507624 -0.079111748073834698 -0.00019875995068399478 6.2625355927440533e-05 -5.3041981056864411e-05 -0.0084871610343335794 0.15153768145707541 2.0544625482227812e-05 0.0028777802132015267
leaf_weight=347 2574 2012 1177 3242 40574 4618 11173 5715 548 2653 1611 1203 3561 7036
leaf_count=347 2574 2012 1177 3242 40574 4618 11173 5715 548 2653 1611 1203 3561 7036
internal_value=-0.00228282 -0.00996653 -0.0311052 -0.000359247 -0.001669 -0.000899727 0.000203857 -0.0052874 -0.010712 0.00122601 -0.0137362 -0.010702 0.00989011 0.00792512
internal_weight=88044 17624 3189 70420 60810 57568 51747 14435 7874 6561 7326 5821 3908 9610
internal_count=88044 17624 3189 70420 60810 57568 51747 14435 7874 6561 7326 5821 3908 9610
is_linear=0
shrinkage=0.05


Tree=37
num_leaves=15
num_cat=0
split_feature=169 162 171 163 100 100 68 162 105 169 71 103 153 115
split_gain=347.173 949.533 237.619 325.662 489.528 231.74 345.945 317.47 289.406 276.526 243.677 196.631 193.523 192.892
threshold=112.50000000000001 253.93179321289065 -0.7865660786628722 1376.5000000000002 53.33833312988282 73.933330535888686 2.5000000000000004 13.626736164093019 59.193889617919929 222.50000000000003 9.5000000000000018 305.44000244140631 43.291666030883796 483.40167236328131
decision_type=2 2 2 2 2 2 2 2 2 2 2 2 2 2
left_child=1 12 3 -2 -5 6 7 -4 9 -7 -8 -10 -1 -6
right_child=2 -3 5 4 13 8 10 -9 11 -11 -12 -13 -14 -15
leaf_value=-5.9461160292190903e-05 -0.011230152281752354 -0.00068328857643375901 0.0055423799838182734 0.00033603482692941262 -0.010457771032617439 0.14723024745786115 6.4063214790172491e-05 -0.0045913561643844431 -0.63496915594034753 0.0012050690317011049 -0.0062599293229103521 -0.031732765340452128 0.25384700015424927 0.60827578380091163
leaf_weight=11754 8774 1953 1336 856 5190 13239 2727 4710 2288 19473 2692 11387 1245 420
leaf_count=11754 8774 1953 1336 856 5190 13239 2727 4710 2288 19473 2692 11387 1245 420
internal_value=-0.00173767 -0.00867821 -0.000317386 -0.00587078 0.00264256 0.00114593 -0.00521796 -0.0134358 0.00271922 0.00527249 0.00395465 -0.00338816 -0.0037873 -0.00274265
internal_weight=88044 14952 73092 15240 6466 57852 11465 6046 46387 32712 5419 13675 12999 5610
internal_count=88044 14952 73092 15240 6466 57852 11465 6046 46387 32712 5419 13675 12999 5610
is_linear=0
shrinkage=0.05


Tree=38
num_leaves=15
num_cat=0
split_feature=169 162 105 67 169 155 66 77 148 115 156 105 166 163
split_gain=352.923 833.568 246.841 260.314 256.203 198.538 194.641 190.178 184.911 175.61 174.683 189.667 310.493 171.736
threshold=112.50000000000001 253.93179321289065 41.000555038452156 2.5000000000000004 336.50000000000006 23.993633270263675 115.50000000000001 784.50000000000011 61.841251373291023 94.34833145141603 45.770833969116218 4.2438888549804696 18.500000000000004 94.000000000000014
decision_type=2 2 2 2 2 2 2 2 2 2 2 2 2 2
left_child=1 10 3 8 5 9 13 -8 -2 -4 11 12 -1 -5
right_child=2 -3 4 6 -6 -7 7 -9 -10 -11 -12 -13 -14 -15
leaf_value=1.0459105701166787e-05 0.01499626068838392 -0.00064912414761207106 -0.24510044137641157 -0.10523566231893314 -1.0927855385086993 -0.89098542413503157 -0.045850812922899102 0.24297316055260768 -0.0017914624969723302 0.013280272333008037 0.26111628387190966 -0.31972684611577001 -0.00020328833156088783 0.0045677594274413742
leaf_weight=7121 4014 1953 2095 337 1017 3014 2574 694 20149 17700 1221 2250 2407 21498
leaf_count=7121 4014 1953 2095 337 1017 3014 2574 694 20149 17700 1221 2250 2407 21498
internal_value=-0.00147986 -0.00847764 -4.78816e-05 0.00197276 -0.00422559 -0.00312747 0.00553808 -0.00583562 -0.00173163 -0.00130556 -0.00389496 -0.00576254 -0.00267492 0.0072413
internal_weight=88044 14952 73092 49266 23826 22809 25103 3268 24163 19795 12999 11778 9528 21835
internal_count=88044 14952 73092 49266 23826 22809 25103 3268 24163 19795 12999 11778 9528 21835
is_linear=0
shrinkage=0.05


Tree=39
num_leaves=15
num_cat=0
split_feature=100 150 165 156 163 114 93 171 106 171 119 78 119 28
split_gain=483.022 415.865 385.838 676.157 671.594 186.995 207.644 273.998 251.576 180.812 168.971 166.124 251.3 196.885
threshold=4.1616666316986093 86.833332061767592 10.500000000000002 0.63541665673255932 1530.0000000000002 0.60108217597007763 0.32777777314186102 -0.91597560048103321 3.9966666698455815 -0.7865660786628722 25.17839336395264 55.500000000000007 14.256491661071779 218.08666992187503
decision_type=2 2 2 2 2 2 2 2 2 2 2 2 2 2
left_child=1 2 4 -4 10 -2 11 -8 -9 -6 -1 12 -7 -13
right_child=5 -3 3 -5 9 6 7 8 -10 -11 -12 13 -14 -15
leaf_value=-0.00019312391498284341 0.00093755788660573099 -0.00061666794023146755 0.00026445862002609993 -0.0026922923155864725 0.00029522961334492882 -0.00013529432639144905 -0.041285594808665671 0.0046495398412128601 -0.0036840471767774874 0.00038590908949861531 2.639668106225419e-05 -0.0069997665424953517 2.9644839363367673e-05 0.00092540190332444461
leaf_weight=863 935 1037 827 2223 586 3872 8173 7771 53876 642 442 2108 4397 292
leaf_count=863 935 1037 827 2223 586 3872 8173 7771 53876 642 442 2108 4397 292
internal_value=-0.00211132 -0.0150943 -0.00967251 -0.0216367 0.00474783 -0.00105491 -0.00131376 -0.000320802 0.000819925 0.0312247 -0.0201908 -0.00780869 -0.00444162 -0.0193763
internal_weight=88044 6620 5583 3050 2533 81424 80489 69820 61647 1228 1305 10669 8269 2400
internal_count=88044 6620 5583 3050 2533 81424 80489 69820 61647 1228 1305 10669 8269 2400
is_linear=0
shrinkage=0.05


Tree=40
num_leaves=15
num_cat=0
split_feature=99 159 172 69 90 105 117 166 29 117 19 63 134 78
split_gain=414.766 529.796 412.991 269.032 247.061 221.12 238.533 223.847 209.535 200.136 176.537 177.521 152.521 159.661
threshold=2.4316840171813969 87.998264312744155 1.0000000180025095e-35 15.500000000000002 1.0000000180025095e-35 20.892222404479984 14.78565835952759 7.5000000000000009 253.03333282470706 0.97936013340950023 0.76166665554046642 4.5000000000000009 74.562007904052749 746.50000000000011
decision_type=2 2 2 2 2 2 2 2 2 2 2 2 2 2
left_child=1 2 4 -4 9 10 -7 -8 -9 -1 12 -12 -2 -14
right_child=5 -3 3 -5 -6 6 7 8 -10 -11 11 -13 13 -15
leaf_value=-0.0003064495666793041 -2.9243805027748799e-05 -0.00058583454321989423 -0.00018346771923370125 -0.0029259647094374164 -0.059180914617256886 -0.57177943029478706 0.085216503083278161 -0.089559201455420345 -0.82692371089874761 3.6446211348731732e-05 0.00027924530605167588 0.063828845281959118 -0.032648660245083824 0.0017370636029209225
leaf_weight=198 10413 1189 4619 1397 897 3271 11646 21822 714 4248 15864 10075 1218 473
leaf_count=198 10413 1189 4619 1397 897 3271 11646 21822 714 4248 15864 10075 1218 473
internal_value=-0.00173313 -0.010149 -0.00681538 -0.0157947 0.0033003 -0.00033377 -0.00306076 -0.00182526 -0.0047336 0.008133 0.00235098 0.00467738 -0.0026344 -0.0165389
internal_weight=88044 12548 11359 6016 5343 75496 37453 34182 22536 4446 38043 25939 12104 1691
internal_count=88044 12548 11359 6016 5343 75496 37453 34182 22536 4446 38043 25939 12104 1691
is_linear=0
shrinkage=0.05


Tree=41
num_leaves=15
num_cat=0
split_feature=93 172 163 157 99 104 105 159 162 101 142 164 170 114
split_gain=244.066 439.255 418.198 359.64 318.01 303.909 292.552 293.864 260.144 223.55 270.854 210.912 200.047 200.493
threshold=0.32777777314186102 1.0000000180025095e-35 1442.0000000000002 51.500000000000007 1.0000000180025095e-35 82.061923980712905 3.0011111497879033 0.057291666045784957 4.4114584922790536 115.08480072021486 1.8352777361869814 842.46313476562511 1.0000000180025095e-35 23.212506294250492
decision_type=2 2 2 2 2 2 2 2 2 2 2 2 2 2
left_child=1 3 4 12 -3 -5 -2 -8 -6 10 -9 -4 13 -1
right_child=6 2 11 5 8 -7 7 9 -10 -11 -12 -13 -14 -15
leaf_value=1.1390771046942178e-05 0.0031835522616536342 0.00011251208295081762 -0.0066968117364785522 -0.00055654281605889942 -0.00017741412403295435 0.00022623580261943622 -0.1633731519441263 0.011742520868634568 9.4971677749231773e-05 -0.14190626578424279 -0.074214955537620572 0.4912914360289044 3.4623587633214079e-05 -0.0078195085504021381
leaf_weight=4540 9610 842 3032 961 2787 448 2671 40987 2684 5821 11331 148 1830 352
leaf_count=4540 9610 842 3032 961 2787 448 2671 40987 2684 5821 11331 148 1830 352
internal_value=-0.00145487 -0.00671621 -0.0140187 0.00181293 -0.00656062 -0.0211103 -0.000137735 -0.00141906 -0.010966 -0.000673328 0.000361218 -0.0287912 0.00663 0.00134776
internal_weight=88044 17624 9493 8131 6313 1409 70420 60810 5471 58139 52318 3180 6722 4892
internal_count=88044 17624 9493 8131 6313 1409 70420 60810 5471 58139 52318 3180 6722 4892
is_linear=0
shrinkage=0.05


end of trees

feature_importances:
roll0003_mean_fixed_avg_active_gpus_F30=56
melbourne_day_of_year=29
utc_hour=26
hour_cos=26
roll0003_max_fixed_avg_active_gpus_F30=24
roll2016_stddev_pop_fixed_avg_active_gpus_F30=17
roll0288_mean_fixed_avg_active_gpus_F30=16
roll2016_stddev_pop_queued_requested_gpus=15
roll2016_mean_queued_requested_gpus=14
roll2016_mean_fixed_avg_active_gpus_F30=12
melbourne_hour=12
roll2016_max_total_avg_active_gpus=10
roll0048_stddev_pop_queued_requested_gpus=10
roll2016_max_queued_requested_gpus=10
lag_queued_job_count_0048=9
lag_queued_requested_gpus_2016=9
roll0048_max_fixed_avg_active_gpus_F30=9
lag_fixed_avg_active_gpus_F30_0048=8
lag_queued_job_count_0001=8
lag_queued_job_count_2016=8
lag_running_job_equivalents_0576=8
roll2016_mean_total_avg_active_gpus=8
roll0048_mean_fixed_avg_active_gpus_F30=8
roll0048_max_arriving_flexible_gpu_hours_F30=8
roll0288_stddev_pop_queued_requested_gpus=8
roll0003_mean_total_avg_active_gpus=7
roll0288_max_total_avg_active_gpus=7
roll0048_stddev_pop_fixed_avg_active_gpus_F30=7
roll0288_stddev_pop_arriving_flexible_gpu_hours_F30=7
roll0288_mean_queued_requested_gpus=7
weekday_cos=7
lag_flexible_avg_active_gpus_F30_0576=6
roll0012_mean_total_avg_active_gpus=6
roll0288_mean_total_avg_active_gpus=6
roll0288_max_queued_requested_gpus=6
lag_flexible_avg_active_gpus_F30_2016=5
lag_queued_requested_gpus_0288=5
roll0288_stddev_pop_total_avg_active_gpus=5
roll0288_max_fixed_avg_active_gpus_F30=5
hour_sin=5
lag_flexible_avg_active_gpus_F30_0048=4
lag_queued_requested_gpus_0576=4
roll0003_max_total_avg_active_gpus=4
roll2016_stddev_pop_total_avg_active_gpus=4
roll2016_max_fixed_avg_active_gpus_F30=4
roll0288_max_flexible_avg_active_gpus_F30=4
roll2016_mean_flexible_avg_active_gpus_F30=4
roll2016_max_arriving_flexible_gpu_hours_F30=4
roll2016_stddev_pop_arriving_flexible_gpu_hours_F30=4
roll0012_max_queued_requested_gpus=4
roll0012_stddev_pop_queued_requested_gpus=4
weekday_sin=4
lag_fixed_avg_active_gpus_F30_0001=3
lag_arriving_requested_gpus_0006=3
lag_queued_job_count_0006=3
lag_queued_job_count_0576=3
roll0048_max_total_avg_active_gpus=3
roll0012_stddev_pop_fixed_avg_active_gpus_F30=3
roll0288_stddev_pop_flexible_avg_active_gpus_F30=3
roll2016_stddev_pop_flexible_avg_active_gpus_F30=3
roll2016_mean_arriving_flexible_gpu_hours_F30=3
lag_total_avg_active_gpus_0048=2
lag_fixed_avg_active_gpus_F30_2016=2
lag_queued_job_count_0012=2
lag_queued_job_count_0024=2
lag_queued_job_count_0288=2
lag_running_job_equivalents_2016=2
roll0048_mean_total_avg_active_gpus=2
roll0288_stddev_pop_fixed_avg_active_gpus_F30=2
roll2016_max_flexible_avg_active_gpus_F30=2
roll0003_mean_queued_requested_gpus=2
roll0048_mean_queued_requested_gpus=2
roll0048_max_queued_requested_gpus=2
melbourne_day_of_week=2
lag_total_avg_active_gpus_0288=1
lag_fixed_avg_active_gpus_F30_0024=1
lag_fixed_avg_active_gpus_F30_0288=1
lag_flexible_avg_active_gpus_F30_0012=1
lag_flexible_avg_active_gpus_F30_0288=1
lag_arriving_job_count_0006=1
lag_arriving_requested_gpus_0002=1
lag_queued_requested_gpus_0002=1
lag_queued_requested_gpus_0006=1
lag_queued_requested_gpus_0048=1
lag_running_job_equivalents_0001=1
lag_running_job_equivalents_0002=1
lag_running_job_equivalents_0012=1
lag_running_job_equivalents_0048=1
roll0012_max_total_avg_active_gpus=1
roll0012_stddev_pop_total_avg_active_gpus=1
roll0048_stddev_pop_total_avg_active_gpus=1
roll0012_mean_fixed_avg_active_gpus_F30=1
roll0012_max_fixed_avg_active_gpus_F30=1
roll0012_max_flexible_avg_active_gpus_F30=1
roll0048_stddev_pop_flexible_avg_active_gpus_F30=1
roll0288_mean_flexible_avg_active_gpus_F30=1
roll0048_mean_arriving_flexible_gpu_hours_F30=1
roll0288_mean_arriving_flexible_gpu_hours_F30=1
roll0012_mean_queued_requested_gpus=1
melbourne_month=1
is_weekend=1
month_cos=1

parameters:
[boosting: gbdt]
[objective: regression_l1]
[metric: l1]
[tree_learner: serial]
[device_type: cpu]
[data_sample_strategy: bagging]
[data: ]
[valid: ]
[num_iterations: 42]
[learning_rate: 0.05]
[num_leaves: 15]
[num_threads: 4]
[seed: 20260721]
[deterministic: 1]
[force_col_wise: 1]
[force_row_wise: 0]
[histogram_pool_size: -1]
[max_depth: 5]
[min_data_in_leaf: 100]
[min_sum_hessian_in_leaf: 0.001]
[bagging_fraction: 1]
[pos_bagging_fraction: 1]
[neg_bagging_fraction: 1]
[bagging_freq: 0]
[bagging_seed: 11591]
[bagging_by_query: 0]
[feature_fraction: 1]
[feature_fraction_bynode: 1]
[feature_fraction_seed: 24120]
[extra_trees: 0]
[extra_seed: 12737]
[early_stopping_round: 0]
[early_stopping_min_delta: 0]
[first_metric_only: 0]
[max_delta_step: 0]
[lambda_l1: 0]
[lambda_l2: 5]
[linear_lambda: 0]
[min_gain_to_split: 0]
[drop_rate: 0.1]
[max_drop: 50]
[skip_drop: 0.5]
[xgboost_dart_mode: 0]
[uniform_drop: 0]
[drop_seed: 6762]
[top_rate: 0.2]
[other_rate: 0.1]
[min_data_per_group: 100]
[max_cat_threshold: 32]
[cat_l2: 10]
[cat_smooth: 10]
[max_cat_to_onehot: 4]
[top_k: 20]
[monotone_constraints: ]
[monotone_constraints_method: basic]
[monotone_penalty: 0]
[feature_contri: ]
[forcedsplits_filename: ]
[refit_decay_rate: 0.9]
[cegb_tradeoff: 1]
[cegb_penalty_split: 0]
[cegb_penalty_feature_lazy: ]
[cegb_penalty_feature_coupled: ]
[path_smooth: 0]
[interaction_constraints: ]
[verbosity: -1]
[saved_feature_importance_type: 0]
[use_quantized_grad: 0]
[num_grad_quant_bins: 4]
[quant_train_renew_leaf: 0]
[stochastic_rounding: 1]
[linear_tree: 0]
[max_bin: 255]
[max_bin_by_feature: ]
[min_data_in_bin: 3]
[bin_construct_sample_cnt: 200000]
[data_random_seed: 4436]
[is_enable_sparse: 1]
[enable_bundle: 1]
[use_missing: 1]
[zero_as_missing: 0]
[feature_pre_filter: 1]
[pre_partition: 0]
[two_round: 0]
[header: 0]
[label_column: ]
[weight_column: ]
[group_column: ]
[ignore_column: ]
[categorical_feature: ]
[forcedbins_filename: ]
[precise_float_parser: 0]
[parser_config_file: ]
[objective_seed: 18074]
[num_class: 1]
[is_unbalance: 0]
[scale_pos_weight: 1]
[sigmoid: 1]
[boost_from_average: 1]
[reg_sqrt: 0]
[alpha: 0.9]
[fair_c: 1]
[poisson_max_delta_step: 0.7]
[tweedie_variance_power: 1.5]
[lambdarank_truncation_level: 30]
[lambdarank_norm: 1]
[label_gain: ]
[lambdarank_position_bias_regularization: 0]
[eval_at: ]
[multi_error_top_k: 1]
[auc_mu_weights: ]
[num_machines: 1]
[local_listen_port: 12400]
[time_out: 120]
[machine_list_filename: ]
[machines: ]
[gpu_platform_id: -1]
[gpu_device_id: -1]
[gpu_device_id_list: ]
[gpu_use_dp: 0]
[num_gpu: 1]

end of parameters

pandas_categorical:[]
