tree
version=v4
num_class=1
num_tree_per_iteration=1
label_index=0
max_feature_idx=176
objective=binary sigmoid:1
feature_names=lag_total_avg_active_gpus_0001 lag_total_avg_active_gpus_0002 lag_total_avg_active_gpus_0003 lag_total_avg_active_gpus_0006 lag_total_avg_active_gpus_0012 lag_total_avg_active_gpus_0024 lag_total_avg_active_gpus_0048 lag_total_avg_active_gpus_0288 lag_total_avg_active_gpus_0576 lag_total_avg_active_gpus_2016 lag_fixed_avg_active_gpus_F30_0001 lag_fixed_avg_active_gpus_F30_0002 lag_fixed_avg_active_gpus_F30_0003 lag_fixed_avg_active_gpus_F30_0006 lag_fixed_avg_active_gpus_F30_0012 lag_fixed_avg_active_gpus_F30_0024 lag_fixed_avg_active_gpus_F30_0048 lag_fixed_avg_active_gpus_F30_0288 lag_fixed_avg_active_gpus_F30_0576 lag_fixed_avg_active_gpus_F30_2016 lag_flexible_avg_active_gpus_F30_0001 lag_flexible_avg_active_gpus_F30_0002 lag_flexible_avg_active_gpus_F30_0003 lag_flexible_avg_active_gpus_F30_0006 lag_flexible_avg_active_gpus_F30_0012 lag_flexible_avg_active_gpus_F30_0024 lag_flexible_avg_active_gpus_F30_0048 lag_flexible_avg_active_gpus_F30_0288 lag_flexible_avg_active_gpus_F30_0576 lag_flexible_avg_active_gpus_F30_2016 lag_arriving_job_count_0001 lag_arriving_job_count_0002 lag_arriving_job_count_0003 lag_arriving_job_count_0006 lag_arriving_job_count_0012 lag_arriving_job_count_0024 lag_arriving_job_count_0048 lag_arriving_job_count_0288 lag_arriving_job_count_0576 lag_arriving_job_count_2016 lag_arriving_requested_gpus_0001 lag_arriving_requested_gpus_0002 lag_arriving_requested_gpus_0003 lag_arriving_requested_gpus_0006 lag_arriving_requested_gpus_0012 lag_arriving_requested_gpus_0024 lag_arriving_requested_gpus_0048 lag_arriving_requested_gpus_0288 lag_arriving_requested_gpus_0576 lag_arriving_requested_gpus_2016 lag_arriving_flexible_gpu_hours_F30_0001 lag_arriving_flexible_gpu_hours_F30_0002 lag_arriving_flexible_gpu_hours_F30_0003 lag_arriving_flexible_gpu_hours_F30_0006 lag_arriving_flexible_gpu_hours_F30_0012 lag_arriving_flexible_gpu_hours_F30_0024 lag_arriving_flexible_gpu_hours_F30_0048 lag_arriving_flexible_gpu_hours_F30_0288 lag_arriving_flexible_gpu_hours_F30_0576 lag_arriving_flexible_gpu_hours_F30_2016 lag_queued_job_count_0001 lag_queued_job_count_0002 lag_queued_job_count_0003 lag_queued_job_count_0006 lag_queued_job_count_0012 lag_queued_job_count_0024 lag_queued_job_count_0048 lag_queued_job_count_0288 lag_queued_job_count_0576 lag_queued_job_count_2016 lag_queued_requested_gpus_0001 lag_queued_requested_gpus_0002 lag_queued_requested_gpus_0003 lag_queued_requested_gpus_0006 lag_queued_requested_gpus_0012 lag_queued_requested_gpus_0024 lag_queued_requested_gpus_0048 lag_queued_requested_gpus_0288 lag_queued_requested_gpus_0576 lag_queued_requested_gpus_2016 lag_running_job_equivalents_0001 lag_running_job_equivalents_0002 lag_running_job_equivalents_0003 lag_running_job_equivalents_0006 lag_running_job_equivalents_0012 lag_running_job_equivalents_0024 lag_running_job_equivalents_0048 lag_running_job_equivalents_0288 lag_running_job_equivalents_0576 lag_running_job_equivalents_2016 roll0003_mean_total_avg_active_gpus roll0003_max_total_avg_active_gpus roll0003_stddev_pop_total_avg_active_gpus roll0012_mean_total_avg_active_gpus roll0012_max_total_avg_active_gpus roll0012_stddev_pop_total_avg_active_gpus roll0048_mean_total_avg_active_gpus roll0048_max_total_avg_active_gpus roll0048_stddev_pop_total_avg_active_gpus roll0288_mean_total_avg_active_gpus roll0288_max_total_avg_active_gpus roll0288_stddev_pop_total_avg_active_gpus roll2016_mean_total_avg_active_gpus roll2016_max_total_avg_active_gpus roll2016_stddev_pop_total_avg_active_gpus roll0003_mean_fixed_avg_active_gpus_F30 roll0003_max_fixed_avg_active_gpus_F30 roll0003_stddev_pop_fixed_avg_active_gpus_F30 roll0012_mean_fixed_avg_active_gpus_F30 roll0012_max_fixed_avg_active_gpus_F30 roll0012_stddev_pop_fixed_avg_active_gpus_F30 roll0048_mean_fixed_avg_active_gpus_F30 roll0048_max_fixed_avg_active_gpus_F30 roll0048_stddev_pop_fixed_avg_active_gpus_F30 roll0288_mean_fixed_avg_active_gpus_F30 roll0288_max_fixed_avg_active_gpus_F30 roll0288_stddev_pop_fixed_avg_active_gpus_F30 roll2016_mean_fixed_avg_active_gpus_F30 roll2016_max_fixed_avg_active_gpus_F30 roll2016_stddev_pop_fixed_avg_active_gpus_F30 roll0003_mean_flexible_avg_active_gpus_F30 roll0003_max_flexible_avg_active_gpus_F30 roll0003_stddev_pop_flexible_avg_active_gpus_F30 roll0012_mean_flexible_avg_active_gpus_F30 roll0012_max_flexible_avg_active_gpus_F30 roll0012_stddev_pop_flexible_avg_active_gpus_F30 roll0048_mean_flexible_avg_active_gpus_F30 roll0048_max_flexible_avg_active_gpus_F30 roll0048_stddev_pop_flexible_avg_active_gpus_F30 roll0288_mean_flexible_avg_active_gpus_F30 roll0288_max_flexible_avg_active_gpus_F30 roll0288_stddev_pop_flexible_avg_active_gpus_F30 roll2016_mean_flexible_avg_active_gpus_F30 roll2016_max_flexible_avg_active_gpus_F30 roll2016_stddev_pop_flexible_avg_active_gpus_F30 roll0003_mean_arriving_flexible_gpu_hours_F30 roll0003_max_arriving_flexible_gpu_hours_F30 roll0003_stddev_pop_arriving_flexible_gpu_hours_F30 roll0012_mean_arriving_flexible_gpu_hours_F30 roll0012_max_arriving_flexible_gpu_hours_F30 roll0012_stddev_pop_arriving_flexible_gpu_hours_F30 roll0048_mean_arriving_flexible_gpu_hours_F30 roll0048_max_arriving_flexible_gpu_hours_F30 roll0048_stddev_pop_arriving_flexible_gpu_hours_F30 roll0288_mean_arriving_flexible_gpu_hours_F30 roll0288_max_arriving_flexible_gpu_hours_F30 roll0288_stddev_pop_arriving_flexible_gpu_hours_F30 roll2016_mean_arriving_flexible_gpu_hours_F30 roll2016_max_arriving_flexible_gpu_hours_F30 roll2016_stddev_pop_arriving_flexible_gpu_hours_F30 roll0003_mean_queued_requested_gpus roll0003_max_queued_requested_gpus roll0003_stddev_pop_queued_requested_gpus roll0012_mean_queued_requested_gpus roll0012_max_queued_requested_gpus roll0012_stddev_pop_queued_requested_gpus roll0048_mean_queued_requested_gpus roll0048_max_queued_requested_gpus roll0048_stddev_pop_queued_requested_gpus roll0288_mean_queued_requested_gpus roll0288_max_queued_requested_gpus roll0288_stddev_pop_queued_requested_gpus roll2016_mean_queued_requested_gpus roll2016_max_queued_requested_gpus roll2016_stddev_pop_queued_requested_gpus utc_hour melbourne_hour melbourne_day_of_week melbourne_month melbourne_day_of_year is_weekend hour_sin hour_cos weekday_sin weekday_cos month_sin month_cos
feature_infos=[0:515.73333740234375] [0:515.73333740234375] [0:515.73333740234375] [0:515.73333740234375] [0:515.73333740234375] [0:515.73333740234375] [0:515.73333740234375] [0:515.73333740234375] [0:515.73333740234375] [0:515.73333740234375] [0:515.73333740234375] [0:515.73333740234375] [0:515.73333740234375] [0:515.73333740234375] [0:515.73333740234375] [0:515.73333740234375] [0:515.73333740234375] [0:515.73333740234375] [0:515.73333740234375] [0:515.73333740234375] [0:512] [0:512] [0:512] [0:512] [0:512] [0:512] [0:512] [0:512] [0:512] [0:512] [0:1718] [0:1718] [0:1718] [0:1718] [0:1718] [0:1718] [0:1718] [0:1718] [0:1718] [0:1718] [0:5632] [0:5632] [0:5632] [0:5632] [0:5632] [0:5632] [0:5632] [0:5632] [0:5632] [0:5632] [0:12685.912109375] [0:12685.912109375] [0:12685.912109375] [0:12685.912109375] [0:12685.912109375] [0:12685.912109375] [0:12685.912109375] [0:12685.912109375] [0:12685.912109375] [0:12685.912109375] [0:9596] [0:9596] [0:9596] [0:9596] [0:9596] [0:9596] [0:9596] [0:9596] [0:9596] [0:1960] [0:9599] [0:9599] [0:9599] [0:9599] [0:9599] [0:9599] [0:9599] [0:9599] [0:9599] [0:6127] [0:463] [0:463] [0:463] [0:463] [0:463] [0:463] [0:463] [0:463] [0:463] [0:463] [0:512] [0:515.73333740234375] [0:240.55458068847656] [0:512] [0:515.73333740234375] [0:255.7161865234375] [0:504.01470947265625] [0:515.73333740234375] [0:250.40919494628906] [0:451.16268920898438] [0:515.73333740234375] [0:230.42581176757812] [6.1177248426247388e-05:262.34512329101562] [0.053333334624767303:515.73333740234375] [0.0014853802276775241:183.8941650390625] [0:512] [0:515.73333740234375] [0:240.55458068847656] [0:509.86666870117188] [0:515.73333740234375] [0:246.19882202148438] [0:504.01470947265625] [0:515.73333740234375] [0:250.40919494628906] [0:283.29208374023438] [0:515.73333740234375] [0:225.25091552734375] [6.1177248426247388e-05:169.79315185546875] [0.053333334624767303:515.73333740234375] [0.0014853802276775241:174.28001403808594] [0:512] [0:512] [0:235.18722534179688] [0:512] [0:512] [0:253.82646179199219] [0:483.61279296875] [0:512] [0:226.47317504882812] [0:411.73898315429688] [0:512] [0:233.52969360351562] [0:178.25611877441406] [0:512] [0:182.61265563964844] [0:4244.66064453125] [0:12685.912109375] [0:5980.1962890625] [0:1061.303955078125] [0:12685.912109375] [0:3506.200927734375] [0:273.25704956054688] [0:12685.912109375] [0:1811.8798828125] [0:45.542839050292969] [0:12685.912109375] [0:746.28338623046875] [0:15.986562728881836] [0:12685.912109375] [0:363.71148681640625] [0:9599] [0:9599] [0:2476.137451171875] [0:9599] [0:9599] [0:2455.648681640625] [0:9599] [0:9599] [0:3645.520751953125] [0:2920.1318359375] [0:9599] [0:3976.248291015625] [0:1056.5416259765625] [0:9599] [0:1794.708251953125] [0:23] [0:23] [0:6] [1:12] [1:366] [0:1] [-1:1] [-1:1] [-0.97492790222167969:0.97492790222167969] [-0.90096884965896606:1] [-1:1] [-1:1]
tree_sizes=1719 1753 1756 1754 1784 1772 1781 1767 1777 1766 1777 1763 1771 1769 1772 1765 1761 1770 1770 1771 1769 1762 1775 1770 1763 1775 1768 1755 1762 1771 1762 1768 1760 1777 1779 1781 1785 1777 1778 1783 1783 1775 1781 1784 1772

Tree=0
num_leaves=15
num_cat=0
split_feature=141 165 127 169 75 167 78 138 166 148 145 165 28 98
split_gain=10147.3 3974.18 2194.39 1557.09 901.414 758.22 732.224 563.511 479.176 390.664 328.162 345.228 261.468 237.061
threshold=1.0000000180025095e-35 13.500000000000002 3.0066666603088383 206.50000000000003 6.5000000000000009 1.5000000000000002 18.500000000000004 0.048750000074505813 18.500000000000004 814.06219482421886 417.37416076660162 5.5000000000000009 223.06999969482425 11.352215290069582
decision_type=2 2 2 2 2 2 2 2 2 2 2 2 2 2
left_child=2 7 12 -3 -4 -5 -7 10 9 -6 -2 -12 -1 -14
right_child=1 3 4 5 8 6 -8 -9 -10 -11 11 -13 13 -15
leaf_value=-2.159186462779739 -2.1379863663531431 -2.1198179211310446 -2.1385453611546792 -2.0080039735649438 -2.0939466404036104 -1.9413209158890428 -1.8055109017697963 -2.0066329337634894 -2.1256613458287101 -2.0214262234934313 -2.0086945345464913 -2.1264835522853134 -2.1159768363639255 -1.8929691066352015
leaf_weight=5215.6976874545217 296.59599836915731 77.001806236803532 676.23504057526588 108.35870616137981 289.88351214677095 185.07283441722393 304.55508917570114 208.56653619557619 248.93734619021416 532.39605009555817 135.87989967316389 110.08477404713631 41.809199899435043 11.698904559016226
leaf_count=54391 3093 803 7052 1130 3023 1930 3176 2175 2596 5552 1417 1148 436 122
internal_value=-2.11721 -1.99587 -2.14195 -1.90826 -2.09344 -1.88122 -1.85455 -2.07546 -2.065 -2.0467 -2.10268 -2.06055 -2.15804 -2.05222
internal_weight=8442.77 1426.12 7016.66 674.988 1747.45 597.987 489.628 751.127 1071.22 822.28 542.561 245.965 5269.21 53.5081
internal_count=88044 14872 73172 7039 18223 6236 5106 7833 11171 8575 5658 2565 54949 558
is_linear=0
shrinkage=1


Tree=1
num_leaves=15
num_cat=0
split_feature=141 165 127 169 65 99 165 169 161 167 8 132 117 28
split_gain=8453.51 2657.58 2046.48 998.493 781.691 549.547 486.021 434.182 452.946 410.418 377.358 294.359 260.016 243.916
threshold=1.0000000180025095e-35 13.500000000000002 3.0066666603088383 206.50000000000003 2.5000000000000004 24.952302932739261 6.5000000000000009 267.50000000000006 97.371520996093764 1.5000000000000002 28.993332862854007 7.8216576576232919 26.793779373168949 223.06999969482425
decision_type=2 2 2 2 2 2 2 2 2 2 2 2 2 2
left_child=2 6 13 -3 -4 -5 7 -2 -9 -7 11 -6 -12 -1
right_child=1 3 4 5 10 9 -8 8 -10 -11 12 -13 -14 -15
leaf_value=-0.041252621637102499 0.0063046957448212237 -0.0024863907784749579 -0.02003042065675387 0.074173650244896264 0.022902159636468026 0.10861787450523688 -0.018872547866282504 0.16328438194863298 0.044816645340219174 0.22410699387028923 -0.026212987862071709 0.13635977723001816 0.044565372891346287 0.060214352932992946
leaf_weight=5045.7790615856647 196.82856491953135 76.844500049948692 678.33014537394047 101.22819366306067 87.076398886740208 108.00723217427731 249.56062874943018 149.17008657753468 180.51457424461842 505.59443358331919 156.36348070204258 175.47484689950943 683.69448693096638 55.729749292135239
leaf_count=54391 1992 803 7162 896 891 1035 2576 1471 1794 4305 1605 1755 6810 558
internal_value=-0.000103357 0.104489 -0.0239868 0.168674 0.0221133 0.186963 0.0383523 0.0653985 0.100057 0.204821 0.0480137 0.0998622 0.031314 -0.0400863
internal_weight=8450.2 1567.75 6882.45 791.674 1780.94 714.83 776.074 526.513 329.685 613.602 1102.61 262.551 840.058 5101.51
internal_count=88044 14872 73172 7039 18223 6236 7833 5257 3265 5340 11061 2646 8415 54949
is_linear=0
shrinkage=0.05


Tree=2
num_leaves=15
num_cat=0
split_feature=141 127 165 169 75 138 24 166 128 8 145 165 28 29
split_gain=7176.3 1910.34 1907.13 699.123 679.824 412.752 408.496 385.193 355.165 331.202 271.599 243.696 225.276 223.822
threshold=1.0000000180025095e-35 3.0066666603088383 13.500000000000002 206.50000000000003 6.5000000000000009 0.048750000074505813 4.988333225250245 18.500000000000004 4.2620346546173105 41.851665496826179 417.37416076660162 4.5000000000000009 223.06999969482425 32.996665954589851
decision_type=2 2 2 2 2 2 2 2 2 2 2 2 2 2
left_child=1 12 5 -4 -3 10 13 9 -8 -6 -2 -12 -1 -5
right_child=2 4 3 6 7 -7 8 -9 -10 -11 11 -13 -14 -15
leaf_value=-0.040534967342980087 -0.020918549939467321 -0.019982842348873691 -0.002374133370288248 0.11057087242724468 0.10015961288225653 0.089971541294715573 0.22334451003339639 -0.01020947886422577 0.14030764802399651 0.036251524200878127 0.094421226578990408 -0.00061998158912933985 0.055000418958918343 -0.037140089154409757
leaf_weight=4882.6130253076553 297.48337005823851 655.05911415815353 76.694492898881435 174.3991529867053 313.52879045903683 236.89162939786911 251.63913925737143 257.17593923211098 362.00398962199688 585.90366937220097 133.40309162437916 131.43296657502651 58.364420846104622 27.425226666033268
leaf_count=54391 3093 7052 803 1378 2951 2175 1889 2596 2745 5624 1215 1350 558 224
internal_value=-0.00017823 -0.023259 0.0917663 0.141837 0.0206193 0.0353383 0.155332 0.0436018 0.175889 0.0589595 0.0117325 0.0481166 -0.039352 0.0900863
internal_weight=8444.02 6752.64 1691.37 892.162 1811.67 799.211 815.468 1156.61 613.643 899.432 562.319 264.836 4940.98 201.824
internal_count=88044 73172 14872 7039 18223 7833 6236 11171 4634 8575 5658 2565 54949 1602
is_linear=0
shrinkage=0.05


Tree=3
num_leaves=15
num_cat=0
split_feature=141 127 165 65 169 165 87 148 169 161 99 169 94 165
split_gain=6176.28 1783.93 1435.03 603.098 518.037 379.93 363.497 364.622 316.924 318.457 293.555 229.144 259.469 225.951
threshold=1.0000000180025095e-35 3.0066666603088383 13.500000000000002 3.5000000000000004 206.50000000000003 6.5000000000000009 2.3283332586288457 814.06219482421886 267.50000000000006 80.07471084594728 24.952302932739261 194.50000000000003 214.04499816894534 22.500000000000004
decision_type=2 2 2 2 2 2 2 2 2 2 2 2 2 2
left_child=1 11 5 -3 -4 8 -5 -8 -2 -10 -6 -1 -13 -12
right_child=2 3 4 6 10 -7 7 -9 9 -11 13 12 -14 -15
leaf_value=-0.046869720237266231 0.0044062818274204036 -0.016505058766187162 -0.0022667639354420083 0.13753072135819736 0.055799911318415711 -0.018693271664433075 -0.010022142615293075 0.053509286025607998 0.14324316181573199 0.045953500155259293 0.15519566856469402 -0.027170474595512931 0.091017347431486179 0.07346636056391824
leaf_weight=3054.0782308802009 202.18935166299343 716.85215874761343 76.551449745893478 87.117454193532467 116.72181192785501 248.31091645359993 328.62811843305826 707.3990116789937 132.21952505409718 237.50953613221645 674.10686801373959 1689.8161017075181 42.964155316352844 112.27462631464005
leaf_count=35109 1992 7704 803 800 896 2576 3215 6504 1101 2164 4567 19354 486 773
internal_value=-0.000229541 -0.0225473 0.0817754 0.0192581 0.122497 0.0326911 0.042056 0.0334058 0.0549694 0.0821925 0.133027 -0.03862 -0.0239866 0.144065
internal_weight=8426.74 6626.86 1799.88 1840 979.655 820.229 1123.14 1036.03 571.918 369.729 903.103 4786.86 1732.78 786.381
internal_count=88044 73172 14872 18223 7039 7833 10519 9719 5257 3265 6236 54949 19840 5340
is_linear=0
shrinkage=0.05


Tree=4
num_leaves=15
num_cat=0
split_feature=144 138 166 169 155 171 104 145 158 175 18 169 147 164
split_gain=5476.84 2239.62 1093.64 1018.67 410.048 321.025 284.717 210.835 208.337 209.669 341.725 196.831 175.094 155.819
threshold=0.040125384926795966 0.048750000074505813 17.500000000000004 262.50000000000006 1.0000000180025095e-35 0.12940952181816109 50.136165618896491 1177.112487792969 1.0000000180025095e-35 -0.68301269412040699 0.99333333969116222 283.50000000000006 1.9812786579132082 663.18234252929699
decision_type=2 2 2 2 2 2 2 2 2 2 2 2 2 2
left_child=8 2 3 6 -5 -3 -2 -4 -1 10 -10 -7 -9 -11
right_child=1 5 7 4 -6 11 -8 12 9 13 -12 -13 -14 -15
leaf_value=-0.049003945545363088 0.047835018372442334 0.061450362770034808 -0.038795502694241452 0.026385040233652714 0.085380636137762742 0.088575048342991347 -0.013326261683345532 0.14020261180395835 0.24230812536443042 -0.037916368246275617 0.00056573490593369192 0.15547992462397867 0.00049028426381789723 0.012921860763808475
leaf_weight=2363.4566146880388 247.29797676950693 212.47645737975836 668.43140587955713 430.31886842101812 970.95630847662687 185.89965851604939 769.19766473770142 23.410036876797676 10.537963822484015 1596.6905345469713 247.52617267519236 404.67791440337896 106.62564796209335 163.96825332939625
leaf_count=27996 2380 1767 7207 4155 8090 1349 7881 241 119 18757 2647 2510 1093 1852
internal_value=-0.000268384 0.0418575 0.0231206 0.0398573 0.0674219 0.116291 0.00171466 -0.0274911 -0.0389095 -0.0269993 0.0148551 0.13534 0.0299024 -0.0331587
internal_weight=8401.47 4019.29 3216.24 2417.77 1401.28 803.054 1016.5 798.467 4382.18 2018.72 258.064 590.578 130.036 1760.66
internal_count=88044 36673 31047 22506 12245 5626 10261 8541 51371 23375 2766 3859 1334 20609
is_linear=0
shrinkage=0.05


Tree=5
num_leaves=15
num_cat=0
split_feature=144 138 166 169 155 171 166 158 175 18 145 78 164 93
split_gain=4950.78 1813.48 962.093 849.761 325.952 260.551 249.32 207.26 197.958 275.133 197.289 159.12 147.714 272.523
threshold=0.040125384926795966 0.048750000074505813 17.500000000000004 262.50000000000006 1.0000000180025095e-35 0.91597560048103344 12.500000000000002 1.0000000180025095e-35 -0.68301269412040699 0.99333333969116222 1177.112487792969 12.500000000000002 663.18234252929699 168.15569305419925
decision_type=2 2 2 2 2 2 2 2 2 2 2 2 2 2
left_child=7 2 3 5 -5 -2 11 -1 9 -9 -4 -3 -10 -14
right_child=1 6 10 4 -6 -7 -8 8 12 -11 -12 -13 13 -15
leaf_value=-0.048508658503719472 -0.0099669980993062537 0.077555137855078157 -0.038045887670609249 0.024581613555576989 0.076375357265326807 0.056349341140366417 0.049382792032883122 0.2044633025974335 -0.0371819889458977 0.00053776789827839511 0.028041745141281861 0.13376571564453385 -0.0072024911132907952 0.21589123818671388
leaf_weight=2270.6162644028664 843.0969307795167 209.22968632727861 648.13908682763577 438.93090350180864 1030.1120459213853 174.45680530369282 183.13871581107378 12.726066730916498 1548.1561934798956 247.6363762319088 132.72315837442875 467.91580494493246 155.68730477243662 9.9809048771858198
leaf_count=27996 8576 1401 7207 4155 8090 1685 1465 119 18757 2647 1334 2760 1751 101
internal_value=-0.000297518 0.0386685 0.0215867 0.0367752 0.0610359 0.00162269 0.103047 -0.0381899 -0.0262291 0.01417 -0.026706 0.117093 -0.0323899 0.0121692
internal_weight=8372.55 4127.74 3267.46 2486.6 1469.04 1017.55 860.284 4244.8 1974.19 260.362 780.862 677.145 1713.82 165.668
internal_count=88044 36673 31047 22506 12245 10261 5626 51371 23375 2766 8541 4161 20609 1852
is_linear=0
shrinkage=0.05


Tree=6
num_leaves=15
num_cat=0
split_feature=144 138 166 169 155 158 171 175 8 145 173 165 147 164
split_gain=4486.24 1494.99 850.188 753.529 515.882 206.136 198.836 186.542 233.508 183.838 181.148 160.052 141.79 141.112
threshold=0.040125384926795966 0.048750000074505813 17.500000000000004 206.50000000000003 1.0000000180025095e-35 1.0000000180025095e-35 0.12940952181816109 -0.68301269412040699 7.0016667842864999 1177.112487792969 -1.0000000180025095e-35 19.500000000000004 1.9812786579132082 663.18234252929699
decision_type=2 2 2 2 2 2 2 2 2 2 2 2 2 2
left_child=5 2 3 -2 -5 -1 -3 8 10 -4 -7 -10 -11 -9
right_child=1 6 9 4 -6 7 -8 13 11 12 -12 -13 -14 -15
leaf_value=-0.048017383715782826 -0.022793431601278957 0.050733199288814972 -0.037298356611226796 0.012980831829175253 0.065250557582523461 -0.016360492396171916 0.10613718973267926 -0.03644824097750337 -0.023909122836733063 0.11936833261396643 0.21650975170026682 0.080346026918883665 -0.00086904746391124445 0.011753459574236924
leaf_weight=2181.4691453501582 472.12007643282413 231.52870994061232 628.67108156532049 729.44872008264065 1348.3304840251803 12.090519160032274 679.30994530022144 1501.6476677805185 192.19763617962599 26.607750438153744 17.953494906425476 40.27747055888176 109.01259689033031 166.51054083555937
leaf_count=27996 5117 1767 7207 7019 10370 128 3859 18757 2047 241 168 423 1093 1852
internal_value=-0.00031653 0.035847 0.0201866 0.0340382 0.0469754 -0.0374712 0.0924078 -0.0254617 0.0135059 -0.0259473 0.133833 -0.00453503 0.0261262 -0.0316161
internal_weight=8337.18 4225.03 3314.19 2549.9 2077.78 4112.15 910.839 1930.68 262.519 764.291 30.044 232.475 135.62 1668.16
internal_count=88044 36673 31047 22506 17389 51371 5626 23375 2766 8541 296 2470 1334 20609
is_linear=0
shrinkage=0.05


Tree=7
num_leaves=15
num_cat=0
split_feature=144 166 169 155 167 161 158 145 169 164 93 99 28 99
split_gain=4074.51 1295 1019.77 736.347 339.377 225.062 204.661 193.346 178.479 177.385 183.248 137.01 134.507 130.796
threshold=0.040125384926795966 16.500000000000004 206.50000000000003 1.0000000180025095e-35 1.5000000000000002 25.399498939514164 1.0000000180025095e-35 1257.9085083007815 194.50000000000003 2.3839694261550908 183.38874816894534 273.49526977539068 124.026668548584 242.60491180419925
decision_type=2 2 2 2 2 2 2 2 2 2 2 2 2 2
left_child=6 2 -2 5 -5 -4 -1 11 12 -10 -11 -3 -8 -9
right_child=1 7 3 4 -6 -7 8 13 9 10 -12 -13 -14 -15
leaf_value=-0.047528988706278447 -0.019058688545056636 -0.031654589553841317 -0.027788076099571558 0.037500943993647423 0.084697462097502105 0.033343994793483066 -0.038982102295478396 0.052720316091369082 0.14140343822104964 -0.014396683383907092 0.12076169660104495 0.086668167934695645 0.12597578998567066 -0.043710215699545044
leaf_weight=2095.9145724326372 481.85657978057861 770.93737039715052 214.03524100035429 509.73864354938269 1657.7629109621048 479.41728399693966 1120.5437273681164 135.31629330664873 14.914878249168394 725.34438303858042 20.997799269855022 20.560044012963772 7.7551679313182822 42.712651275098324
leaf_count=27996 5187 8653 2155 3738 10698 4393 14472 1254 118 8519 194 191 72 404
internal_value=-0.00033667 0.0333278 0.0480678 0.0593871 0.07371 0.0144116 -0.0367582 -0.01748 -0.0247172 -0.00594966 -0.00981577 -0.0280563 -0.0372975 0.0290227
internal_weight=8297.81 4312.34 3342.81 2860.95 2167.5 693.453 3985.47 969.526 1889.56 761.257 746.342 791.497 1128.3 178.029
internal_count=88044 36673 26171 20984 14436 6548 51371 10502 23375 8831 8713 8844 14544 1658
is_linear=0
shrinkage=0.05


Tree=8
num_leaves=15
num_cat=0
split_feature=144 166 169 155 167 158 161 145 169 164 75 165 144 28
split_gain=3704.9 1124.26 872.335 611.031 275.127 203.209 200.609 176.922 171.147 153.393 177.974 142.871 138.572 125.454
threshold=0.040125384926795966 16.500000000000004 206.50000000000003 1.0000000180025095e-35 1.5000000000000002 1.0000000180025095e-35 25.399498939514164 1177.112487792969 194.50000000000003 2.3839694261550908 24.500000000000004 6.5000000000000009 0.056608796119689948 149.70000457763675
decision_type=2 2 2 2 2 2 2 2 2 2 2 2 2 2
left_child=5 2 12 6 -5 -1 -4 11 13 -10 -11 -3 -2 -7
right_child=1 7 3 4 -6 8 -8 -9 9 10 -12 -13 -14 -15
leaf_value=-0.047042400647594622 0.13876636493656852 0.038401700065709567 -0.027002261229126096 0.034764581815113875 0.076645501765322088 -0.038294635168032665 0.030916583553933008 0.02572963428683658 0.12642046465501322 -0.027648454781065229 0.023084472734591813 -0.034484028282690891 -0.022779996230810711 0.11781359016523239
leaf_weight=2013.8497320115566 8.7275373935699445 70.256941422820091 209.51298471540213 522.41981623321772 1738.6141119226813 1084.9371807426214 491.27923468500376 190.83671654760838 16.399747297167778 473.95499365776777 265.91556512564421 694.52863951027393 465.94045586138964 8.3035262152552587
leaf_count=27996 85 588 2155 3738 10698 14474 4393 1742 118 5732 2981 8172 5102 70
internal_value=-0.000353035 0.0310453 0.0443713 0.0544443 0.0670668 -0.0360427 0.0135322 -0.0168576 -0.023971 -0.0056262 -0.00938206 -0.0275824 -0.0183942 -0.036578
internal_weight=8255.48 4392.12 3436.49 2961.83 2261.03 3863.36 700.792 955.622 1849.51 756.27 739.871 764.786 474.668 1093.24
internal_count=88044 36673 26171 20984 14436 51371 6548 10502 23375 8831 8713 8760 5187 14544
is_linear=0
shrinkage=0.05


Tree=9
num_leaves=15
num_cat=0
split_feature=144 138 166 169 158 158 169 145 93 66 164 7 166 28
split_gain=3375.81 1010.69 589.154 487.776 331.117 201.406 163.601 149.718 148.337 145.292 143.452 122.254 118.013 115.002
threshold=0.040125384926795966 0.048750000074505813 17.500000000000004 206.50000000000003 0.1713262274861336 1.0000000180025095e-35 194.50000000000003 1177.112487792969 183.38874816894534 5.5000000000000009 2.3839694261550908 45.001667022705085 18.500000000000004 149.70000457763675
decision_type=2 2 2 2 2 2 2 2 2 2 2 2 2 2
left_child=5 2 3 -2 -5 -1 13 -4 10 -3 -8 -9 -11 -7
right_child=1 9 7 4 -6 6 8 11 -10 12 -12 -13 -14 -15
leaf_value=-0.046556620620587963 -0.020767877175675326 0.03601748153934272 -0.035251846578341385 -0.020435890569785477 0.042444050125967525 -0.037602469742418536 0.11408177003799874 0.082868492723696549 0.10789161464857924 0.086036910327588145 -0.013484411698866432 -0.011662653951916496 -0.029422536787930376 0.10812154387431179
leaf_weight=1935.1696879640222 449.05541250854731 223.41215970367193 579.06347173452377 230.17952041327953 2047.5088261663914 1050.6319105774164 17.7678342461586 47.214808821678162 22.886262565851212 769.6032811626792 711.30747803300619 96.216855570673943 20.50446330010891 9.02417044341564
leaf_count=27996 5117 1439 7207 2433 14956 14474 118 419 194 4022 8519 915 165 70
internal_value=-0.000365168 0.0289987 0.0160493 0.0266793 0.0360587 -0.0353321 -0.023247 -0.0239765 -0.00535416 0.0727731 -0.00961971 0.0211983 0.0828744 -0.0358595
internal_weight=8209.55 4462.76 3449.24 2726.74 2277.69 3746.79 1811.62 722.495 751.962 1013.52 729.075 143.432 790.108 1059.66
internal_count=88044 36673 31047 22506 17389 51371 23375 8541 8831 5626 8637 1334 4187 14544
is_linear=0
shrinkage=0.05


Tree=10
num_leaves=15
num_cat=0
split_feature=144 166 169 139 126 163 158 165 151 169 145 97 100 99
split_gain=3079.11 869.573 667.415 326.721 279.729 217.556 199.507 188.574 178.248 156.479 151.231 132.144 135.901 125.122
threshold=0.040125384926795966 16.500000000000004 263.50000000000006 0.83361113071441661 18.439618110656742 1127.0000000000002 1.0000000180025095e-35 18.500000000000004 8.5000000000000018 194.50000000000003 1257.9085083007815 203.13833618164065 222.02500152587893 273.49526977539068
decision_type=2 2 2 2 2 2 2 2 2 2 2 2 2 2
left_child=6 2 4 5 7 -4 -1 -2 -6 -8 13 -11 -13 -3
right_child=1 10 3 -5 8 -7 9 -9 -10 11 -12 12 -14 -15
leaf_value=-0.046070722073725839 -0.030225272921941011 -0.029696424164242126 0.072935917630696498 0.081567494257076531 -0.016304385699325481 0.030466467421348294 -0.035142219736501459 0.022976254818213387 0.052824598154866613 -0.013384356084824051 0.0236999425301757 0.17925908555227554 0.021188636529473951 0.081820571624813543
leaf_weight=1859.7683760747313 469.93370907008648 721.84473709017038 402.26672392338514 732.31824231147766 119.51804656535387 1229.2738673388958 1027.5006953403354 252.08875425159931 389.34587531536818 647.85338325798512 188.53838750720024 11.516640365123747 87.887943103909492 21.343773879110813
leaf_count=27996 4903 8653 2707 3618 1140 8711 14544 2291 2801 7809 1658 104 918 191
internal_value=-0.000372841 0.0271347 0.0382812 0.0538021 0.00837691 0.0411284 -0.0346212 -0.0116201 0.0365875 -0.0225275 -0.0158449 -0.00506355 0.0472099 -0.0259684
internal_weight=8161 4526.47 3594.75 2363.86 1230.89 1631.54 3634.53 722.022 508.864 1774.76 931.727 747.258 99.4046 743.189
internal_count=88044 36673 26171 15036 11135 11418 51371 7194 3941 23375 10502 8831 1022 8844
is_linear=0
shrinkage=0.05


Tree=11
num_leaves=15
num_cat=0
split_feature=144 138 166 169 8 104 28 9 96 169 68 165 144 99
split_gain=2825.47 796.055 487.448 439.954 247.456 208.488 202.055 203.599 148.844 215.426 230.377 136.897 131.907 151.585
threshold=0.0052305171266198167 0.048750000074505813 17.500000000000004 262.50000000000006 29.970000267028812 50.136165618896491 223.06999969482425 13.958333492279055 10.846701145172121 349.50000000000006 10.500000000000002 19.500000000000004 6.4468255043029794 273.49526977539068
decision_type=2 2 2 2 2 2 2 2 2 2 2 2 2 2
left_child=6 2 3 5 -5 -2 8 -8 -1 11 -11 -10 13 -4
right_child=1 -3 12 4 -6 -7 7 -9 9 10 -12 -13 -14 -15
leaf_value=-0.048105614329397972 0.033053659939436063 0.061980908338302526 -0.037372120081865849 0.064606687952472389 0.024816053905689053 -0.015330547286394434 0.18027628461354106 -0.0084780688130641681 -0.03592534952113869 0.23454133919035744 -0.038761354443033538 -0.00022930448332560981 0.01777076571074877 0.12976631141030834
leaf_weight=1585.5688242912292 300.57344271987677 1085.6608702912927 575.35290652513504 577.2888351008296 1225.073817640543 815.54824581742287 16.139221020042896 42.785782098770142 1366.0255796015263 11.273534335196018 12.353494539856911 334.11235354095697 154.4540902748704 9.1016710549592954
leaf_count=24271 2772 5748 7530 3976 8643 8470 152 478 19529 129 166 4602 1492 86
internal_value=-0.000376625 0.0244818 0.0132811 0.0224616 0.0377043 -0.0022113 -0.0353657 0.0532776 -0.0370221 -0.0267174 0.109832 -0.0289316 -0.0228865 -0.0336906
internal_weight=8111.31 4743.05 3657.39 2918.48 1802.36 1116.12 3368.26 58.925 3309.33 1723.76 23.627 1700.14 738.909 584.455
internal_count=88044 38717 32969 23861 12619 11242 49327 630 48697 24426 295 24131 9108 7616
is_linear=0
shrinkage=0.05


Tree=12
num_leaves=15
num_cat=0
split_feature=127 166 148 139 100 159 103 167 17 169 166 164 159 145
split_gain=2598.05 693.697 530.088 382.861 275.126 300.899 235.785 221.866 220.958 218.667 222.798 272.538 224.843 174.51
threshold=3.9933333396911626 15.500000000000002 814.06219482421886 0.76444444060325634 321.08000183105474 21.890625000000004 294.14166259765631 4.5000000000000009 0.99333333969116222 194.50000000000003 8.5000000000000018 1793.5250244140627 1.9982638955116274 1257.9085083007815
decision_type=2 2 2 2 2 2 2 2 2 2 2 2 2 2
left_child=3 2 6 9 5 -4 7 -2 -6 -1 12 -12 -11 -3
right_child=1 13 4 -5 8 -7 -8 -9 -10 10 11 -13 -14 -15
leaf_value=-0.042220519214490104 0.046889118336734176 -0.018956518780689449 -0.0049056898171782335 0.044447442309974702 0.088320888241872161 0.07260546803680884 -0.024058091001136688 -0.017679635399966295 0.011991146558204801 0.11511319952747275 -0.037699286268353019 0.13154818416341277 -0.0031020834684515088 0.033264485545304763
leaf_weight=2252.6531078368425 428.33236962556839 797.32611874490976 137.46171096712351 165.80755481868982 111.11461328715086 1332.9127307385206 347.28599542379379 188.81557665765285 529.11710619181395 38.057764902710915 911.563322275877 19.624620642513037 607.70226218178868 195.03545904159546
leaf_count=35120 2799 9049 1292 927 633 7749 3067 1688 3509 438 12553 208 7418 1594
internal_value=-0.00037477 0.0277385 0.0394532 -0.0289935 0.0534603 0.0653671 0.00868203 0.0271511 0.0258202 -0.0322271 -0.0178632 -0.0334489 0.00469584 -0.00857787
internal_weight=8062.81 4067.4 3075.04 3995.41 2110.61 1470.37 964.434 617.148 640.232 3829.6 1576.95 931.188 645.76 992.362
internal_count=88044 31380 20737 56664 13183 9041 7554 4487 4142 55737 20617 12761 7856 10643
is_linear=0
shrinkage=0.05


Tree=13
num_leaves=15
num_cat=0
split_feature=144 166 145 141 169 166 28 157 27 166 148 153 86 101
split_gain=2387.26 663.976 374.327 371.561 268.84 211.833 190.297 187.334 268.542 169.688 211.132 179.929 167.046 153.243
threshold=0.0052305171266198167 8.5000000000000018 547.88400268554699 1.0000000180025095e-35 309.50000000000006 18.500000000000004 223.06999969482425 83.500000000000014 13.994999885559084 14.500000000000002 1304.3688964843752 132.04166412353518 10.911666393280031 8.4947228431701678
decision_type=2 2 2 2 2 2 2 2 2 2 2 2 2 2
left_child=6 3 4 7 -3 -6 -1 13 -9 10 -4 -11 -8 -2
right_child=1 2 9 -5 5 -7 12 8 -10 11 -12 -13 -14 -15
leaf_value=-0.03573582887510126 0.12380457096108353 -0.024903932100105067 0.099128128959454526 0.062809039996096855 0.028953306504012368 -0.039681794906915216 0.13133306231065486 0.072023692277567081 0.0092992679950118767 -0.036143772289882074 0.027444112733688044 0.029721821377902587 -0.025805781105271937 -0.013421871001145608
leaf_weight=3117.2097422108054 16.501631863415241 1035.071180857718 151.67840582877398 1088.426703825593 555.03487420454621 136.03740864247084 27.669024281203747 300.8425182774663 389.92362062633038 146.91766999661922 315.85696856677532 322.49831710755825 32.259522475302219 376.47260662168264
leaf_count=48697 159 11340 971 5504 3965 1876 259 2495 2699 1415 1880 2668 371 3745
internal_value=-0.000377941 0.0217376 0.00498341 0.0422197 -0.00882863 0.0152545 -0.0340167 0.0213479 0.0369383 0.0303411 0.0515028 0.00894356 0.0512719 -0.00617647
internal_weight=8012.4 4835.26 2663.09 2172.17 1726.14 691.072 3177.14 1083.74 690.766 936.951 467.535 469.416 59.9285 392.974
internal_count=88044 38717 24115 14602 17181 5841 49327 9098 5194 6934 2851 4083 630 3904
is_linear=0
shrinkage=0.05


Tree=14
num_leaves=15
num_cat=0
split_feature=127 166 148 139 77 27 169 166 164 111 99 167 145 103
split_gain=2195.5 546.446 433.591 326.029 223.884 234.202 213.381 206.883 240.117 219.005 205.095 176.231 147.097 140.248
threshold=3.9933333396911626 15.500000000000002 814.06219482421886 0.76444444060325634 2.5000000000000004 29.013333320617679 194.50000000000003 8.5000000000000018 1793.5250244140627 2.2039235830307011 62.96960639953614 4.5000000000000009 1257.9085083007815 270.50833129882818
decision_type=2 2 2 2 2 2 2 2 2 2 2 2 2 2
left_child=3 2 10 6 13 -6 -1 9 -9 -8 11 -2 -3 -4
right_child=1 12 4 -5 5 -7 7 8 -10 -11 -12 -13 -14 -15
leaf_value=-0.041214333406940765 0.036734995041124145 -0.017775062035925195 0.053673077509318039 0.038749192943550337 0.072742026426246761 0.036821213944480395 -0.039232634430566092 -0.036561944030435119 0.11643305158965976 0.024002068094186726 -0.033267399836281381 -0.014922902737145624 0.029646352748183776 -0.013345913589467424
leaf_weight=2113.6795928813517 501.27168490737677 775.38766179233789 113.456374168396 171.84646739810705 878.07785107195377 977.32222095131874 190.89922261983156 864.90313928201795 21.658091939985752 450.17639606446028 234.07360830157995 241.63081976026297 202.09916175156832 224.78856827318668
leaf_count=35120 3328 9049 671 927 4906 5796 2744 12553 208 5112 2094 2132 1594 1810
internal_value=-0.000376402 0.024784 0.0348475 -0.0277435 0.0471647 0.0539707 -0.0309304 -0.0166132 -0.0321924 0.00501417 0.00709191 0.0199457 -0.00786952 0.00958843
internal_weight=7961.27 4148.11 3170.62 3813.16 2193.65 1855.4 3641.32 1527.64 886.561 641.076 976.976 742.903 977.487 338.245
internal_count=88044 31380 20737 56664 13183 10702 55737 20617 12761 7856 7554 5460 10643 2481
is_linear=0
shrinkage=0.05


Tree=15
num_leaves=15
num_cat=0
split_feature=144 66 138 171 97 27 77 169 75 169 161 164 169 146
split_gain=2022.62 579.046 281.031 251.819 186.614 183.113 253.729 179.217 210.638 152.792 266.649 265.286 141.216 177.824
threshold=0.0024435764644294982 6.5000000000000009 1.0000000180025095e-35 0.91597560048103344 143.02333068847659 34.998332977294929 112.50000000000001 311.50000000000006 192.50000000000003 197.50000000000003 13.681599617004396 435.18548583984381 146.50000000000003 3.7962383031845097
decision_type=2 2 2 2 2 2 2 2 2 2 2 2 2 2
left_child=4 3 5 7 -1 6 -3 -2 -9 -6 -11 -12 -5 -14
right_child=1 2 -4 12 9 -7 -8 8 -10 10 11 -13 13 -15
leaf_value=-0.038692958463253845 -0.020664410860907034 0.019646684989402394 0.05607075686154267 -0.039982021062309206 -0.023221432020322688 0.0046674962201102019 0.066236595635071768 0.003745651906621396 0.10830608194928029 0.20841402060905759 -0.021990104530852095 0.1456791349222398 0.14877076602908143 0.03448356304810668
leaf_weight=2448.9784117713571 1146.2076745070517 957.89833046495914 885.25215236842632 36.107990521937609 373.2261956743896 864.07533805072308 420.06855600699782 388.44855282455683 50.050441682338715 14.487943597137926 117.45691980421543 24.250505328178406 41.902657717466354 141.92249472439289
leaf_count=41001 12761 7462 4149 435 6271 6254 2949 3419 280 116 1408 215 259 1065
internal_value=-0.000380375 0.0192617 0.0322595 -0.00328929 -0.0328835 0.022754 0.0340376 -0.0102868 0.0167667 -0.00589992 0.034926 0.0106903 0.0462385 0.0637847
internal_weight=7910.33 4931.93 3127.29 1804.64 2978.4 2242.04 1377.97 1584.71 438.499 529.422 156.195 141.707 219.933 183.825
internal_count=88044 39033 20814 18219 49011 16665 10411 16460 3699 8010 1739 1623 1759 1324
is_linear=0
shrinkage=0.05


Tree=16
num_leaves=15
num_cat=0
split_feature=144 166 169 164 104 104 81 148 96 169 68 28 165 165
split_gain=1856.3 511.788 462.35 219.767 241.502 212.238 183.379 182.095 181.44 169.039 151.497 145.987 125.79 122.006
threshold=0.0024435764644294982 17.500000000000004 263.50000000000006 270.04606628417974 146.11090850830081 50.136165618896491 37.923332214355476 998.13571166992199 10.846701145172121 349.50000000000006 10.500000000000002 226.99333190917972 19.500000000000004 19.500000000000004
decision_type=2 2 2 2 2 2 2 2 2 2 2 2 2 2
left_child=8 2 5 7 -5 6 -2 -4 11 13 -11 -1 -7 -10
right_child=1 -3 3 4 -6 12 -8 -9 9 10 -12 -13 -14 -15
leaf_value=-0.047275458656245981 0.043390449978449562 -0.019249351316114494 0.028521345050534802 0.032688034267333327 -0.020429724530803967 -0.021871754310943615 -0.041708194231295063 0.06526869569387854 -0.02970854813804576 0.17934155859056236 -0.037256321619599991 0.1025737329273802 0.019184381277677645 0.0056991576782049842
leaf_weight=1336.4045837409794 385.48920043557882 768.62074365094304 577.42442178726196 1082.9659166708589 262.73454143106937 722.05295069143176 71.41947690397501 850.73787772655487 1215.8403930477798 14.878430783748627 11.148731123656034 11.92513571679592 246.65433607622981 302.03414950147271
leaf_count=24243 2961 9684 3741 6515 1628 7425 603 4381 19771 129 166 132 2095 4570
internal_value=-0.000367063 0.0181675 0.0250305 0.0369065 0.0222801 0.00187478 0.0297812 0.0505626 -0.0321809 -0.0203733 0.0955094 -0.0455761 -0.0113731 -0.0226674
internal_weight=7860.33 4968.1 4199.48 2773.86 1345.7 1425.62 456.909 1428.16 2892.23 1543.9 26.0272 1348.33 968.707 1517.87
internal_count=88044 39033 29349 16265 8143 13084 3564 8122 49011 24636 295 24375 9520 24341
is_linear=0
shrinkage=0.05


Tree=17
num_leaves=15
num_cat=0
split_feature=127 166 148 169 166 111 77 167 164 100 103 167 103 119
split_gain=1725.73 416.42 330.984 292.549 274.797 279.192 239.184 230.636 228.481 221.587 202.835 164.703 153.45 131.575
threshold=3.9933333396911626 17.500000000000004 814.06219482421886 206.50000000000003 8.5000000000000018 2.0139235258102421 7.5000000000000009 1.5000000000000002 1793.5250244140627 42.593334197998054 294.14166259765631 3.5000000000000004 270.50833129882818 87.510643005371108
decision_type=2 2 2 2 2 2 2 2 2 2 2 2 2 2
left_child=3 2 10 -1 5 -5 12 -8 -6 -7 11 -2 -4 -12
right_child=1 -3 6 4 8 9 7 -9 -10 -11 13 -13 -14 -15
leaf_value=-0.037763205908597053 0.042500198918924315 -0.015597267327665225 0.041209959784631094 -0.037505605838685292 -0.034476382754669813 0.16790823309278197 0.019486486730331053 0.056538809640950809 0.094175734137419864 0.025724261250492528 -0.036750400289454407 -0.0054243973956652272 -0.015905055379023297 0.044363383687074993
leaf_weight=2122.9889098517597 384.33941961079836 648.5602632984519 187.04450935870409 180.78022702783346 746.09398294240236 24.434561215341091 608.23391435295343 1406.298294223845 31.444706149399281 463.08311434462667 323.06519318372011 330.40287002176046 298.77045000717044 54.616194419562817
leaf_count=37788 2341 7988 1083 2733 11207 187 3954 7350 248 4501 3005 2699 2511 449
internal_value=-0.000365851 0.0211825 0.0278343 -0.0259685 -0.00857933 0.0148754 0.0378493 0.0454278 -0.028705 0.0344828 0.00484398 0.0204624 0.0062807 -0.0245942
internal_weight=7810.16 4241.33 3592.77 3568.83 1445.84 668.298 2500.35 2014.53 777.539 487.518 1092.42 714.742 485.815 377.681
internal_count=88044 31380 23392 56664 18876 7421 14898 11304 11455 4688 8494 5040 3594 3454
is_linear=0
shrinkage=0.05


Tree=18
num_leaves=15
num_cat=0
split_feature=144 66 167 165 165 171 97 87 115 169 75 103 105 161
split_gain=1574.39 437.306 232.499 351.406 230.496 212.154 182.966 173.646 151.57 143.357 166.45 133.453 217.062 290.122
threshold=0.0024435764644294982 6.5000000000000009 1.5000000000000002 11.500000000000002 5.5000000000000009 0.91597560048103344 143.02333068847659 223.02666473388675 198.00666809082034 311.50000000000006 192.50000000000003 480.16667175292974 114.29888916015626 41.10626411437989
decision_type=2 2 2 2 2 2 2 2 2 2 2 2 2 2
left_child=6 5 4 7 8 9 -1 -4 -3 -2 -11 12 -8 -14
right_child=1 2 3 -5 -6 -7 11 -9 -10 10 -12 -13 13 -15
leaf_value=-0.036955861727191959 -0.019700617750242368 0.067346373687726724 0.0010246156520282517 0.050135262221322002 -0.0092297407117428853 0.041101638838199894 -0.014057418804410166 0.066531345521711097 -0.045637026945504471 0.0018317511638599841 0.091435215910121867 -0.03502821630573634 0.16524534406980862 0.0027337707632962499
leaf_weight=2233.8507750704885 1115.0532047562301 181.64378440007567 746.21441160514951 1487.3734694570303 666.7171619348228 227.17264630645514 198.43899289891124 112.06160651147366 31.655456870794296 395.73891423270106 54.67841362953186 198.48671308159828 43.258080665022135 64.131732895970345
leaf_count=41001 12761 1102 5840 8110 4793 1759 3048 664 305 3419 280 3497 575 890
internal_value=-0.000363266 0.0162728 0.0272624 0.0354704 0.00530743 -0.00352256 -0.0308267 0.00991337 0.0499174 -0.0101084 0.0135936 -0.00358165 0.0170627 0.0726348
internal_weight=7756.48 5018.31 3225.67 2345.65 880.016 1792.64 2738.17 858.276 213.299 1565.47 450.417 504.316 305.829 107.39
internal_count=88044 39033 20814 14614 6200 18219 49011 6504 1407 16460 3699 8010 4513 1465
is_linear=0
shrinkage=0.05


Tree=19
num_leaves=15
num_cat=0
split_feature=127 166 169 148 100 166 111 159 164 29 119 17 116 104
split_gain=1461.19 347.372 276.831 276.011 218.845 209.163 232.895 206.539 199.33 194.765 182.903 180.516 179.848 150.897
threshold=3.9933333396911626 17.500000000000004 215.50000000000003 814.06219482421886 321.08000183105474 8.5000000000000018 2.0139235258102421 21.890625000000004 1793.5250244140627 30.045000076293949 33.71068191528321 2.7883332967758183 14.396882534027101 78.972675323486342
decision_type=2 2 2 2 2 2 2 2 2 2 2 2 2 2
left_child=2 3 -1 10 7 6 13 -5 -7 -8 12 -6 -2 -4
right_child=1 -3 5 4 11 8 9 -9 -10 -11 -12 -13 -14 -15
leaf_value=-0.035892369147028473 -0.0056847109340844616 -0.014880047062848251 -0.051793285016432093 -0.011465918437215603 0.053709427499298912 -0.03176339997281525 0.046973435273910992 0.048826641468528095 0.086067633623925652 -0.040992223352105887 -0.022354310101482176 -0.0021611868606355171 0.04515054392656595 0.094330349735827865
leaf_weight=2112.8223284371197 347.25988607108593 638.09041987732053 149.08718059584498 153.69482645019889 186.98567605018616 653.70302563533187 382.29845390096307 1629.4630493484437 33.219762735068798 71.119415022432804 408.0724662989378 583.97460871934891 341.70437858626246 15.328335322439669
leaf_count=39424 2387 7988 2451 1484 1003 10216 3471 8707 248 720 3775 3704 2332 134
internal_value=-0.000358533 0.0190656 -0.0247292 0.0250104 0.0340056 -0.0065843 0.0144651 0.0436123 -0.0254843 0.0328792 0.00400844 0.0116482 0.0196716 -0.0357884
internal_weight=7706.82 4289.25 3417.58 3651.15 2554.12 1304.76 617.833 1783.16 686.923 453.418 1097.04 770.96 688.964 164.416
internal_count=88044 31380 56664 23392 14898 17240 6776 10191 10464 4191 8494 4707 4719 2585
is_linear=0
shrinkage=0.05


Tree=20
num_leaves=15
num_cat=0
split_feature=144 138 166 145 96 141 19 28 169 99 69 117 165 77
split_gain=1337.87 370.983 236.712 228.897 185.869 161.845 150.783 137.286 137.208 133.991 123.512 121.496 116.14 248.475
threshold=0.0024435764644294982 0.048750000074505813 7.5000000000000009 547.88400268554699 10.846701145172121 0.71990451216697704 59.30333328247071 226.99333190917972 349.50000000000006 64.855178833007827 492.50000000000006 5.7676768302917489 19.500000000000004 8.5000000000000018
decision_type=2 2 2 2 2 2 2 2 2 2 2 2 2 2
left_child=4 2 5 9 7 6 -2 -1 12 -4 -5 -10 -6 -14
right_child=1 -3 3 10 8 -7 -8 -9 11 -11 -12 -13 13 -15
leaf_value=-0.046026415055390318 0.0067526650181251192 0.038760193797921366 -0.00088756760092528395 0.024364522358308188 -0.026886251267136577 0.058228549909573102 0.051822202767388671 0.097017436525386899 -0.038082301766973588 -0.030274209010948495 -0.057097014632325208 0.15142749597542113 -0.024623721603532288 0.07155439750930441
leaf_weight=1168.9490798600018 1034.9752292372286 1206.1019717752934 875.47634127736092 726.0354972332716 1101.1175040379167 256.53141014277935 221.69065501913428 12.50430443137884 10.93253940343857 691.93786641955376 45.011398538947105 17.340413607656956 190.0484627597034 97.506722088903189
leaf_count=24243 7589 5772 9245 5570 19771 1271 1815 132 143 7482 289 152 3105 1465
internal_value=-0.000358842 0.0146198 0.00702004 -0.00295499 -0.0294867 0.0223942 0.0148773 -0.04411 -0.0171815 -0.0139154 0.0192718 0.0834373 -0.0195221 0.00865474
internal_weight=7656.16 5057.76 3851.66 2338.46 2598.4 1513.2 1256.67 1181.45 1416.95 1567.41 771.047 28.273 1388.67 287.555
internal_count=88044 39033 33261 22586 49011 10675 9404 24375 24636 16727 5859 295 24341 4570
is_linear=0
shrinkage=0.05


Tree=21
num_leaves=15
num_cat=0
split_feature=127 166 169 148 166 154 159 164 147 99 100 9 17 173
split_gain=1244.5 300.433 261.203 249.787 223.738 194.173 229.278 177.764 175.727 155.834 154.91 139.475 136.102 133.303
threshold=3.9933333396911626 15.500000000000002 194.50000000000003 814.06219482421886 8.5000000000000018 104.50000000000001 1.9982638955116274 1037.3819580078127 1.4427740573883059 62.96960639953614 321.08000183105474 15.00666666030884 2.0033333301544194 0.87837970256805431
decision_type=2 2 2 2 2 2 2 2 2 2 2 2 2 2
left_child=2 3 -1 9 5 6 -4 -6 -7 13 11 -5 -12 -2
right_child=1 -3 4 10 7 8 -8 -9 -10 -11 12 -13 -14 -15
leaf_value=-0.036845421403239841 0.0060122921377359397 -0.0074313820120591109 0.090591824517472053 0.012673919841974329 -0.034122294266052892 0.12729727595785387 -0.015064625815243786 0.044725565579910503 0.022624958174268982 -0.032773124930408952 0.05212838499542008 0.048692534097750491 0.00081053837469117888 0.067877141830164897
leaf_weight=1736.4857044219971 682.54045377671719 958.88869101554155 52.330922368913889 342.16343570500612 734.61879133060575 52.84928746894002 487.58052515983582 74.824768170714378 140.3845616132021 226.10817747563124 165.45721600204706 1326.0218776315451 534.491449393332 95.033128581941128
leaf_count=35278 4949 10643 477 2240 12294 496 6331 763 1025 2094 850 6801 3292 511
internal_value=-0.000352778 0.0172337 -0.0235703 0.0242486 -0.00855572 0.0114158 -0.00408659 -0.0266038 0.0537415 0.00332069 0.0330928 0.0413647 0.013225 0.0139586
internal_weight=7609.78 4330.7 3279.07 3371.82 1542.59 733.145 539.911 809.444 193.234 1003.68 2368.13 1668.19 699.949 777.574
internal_count=88044 31380 56664 20737 21386 8329 6808 13057 1521 7554 13183 9041 4142 5460
is_linear=0
shrinkage=0.05


Tree=22
num_leaves=15
num_cat=0
split_feature=144 66 167 165 165 94 171 169 28 87 77 165 162 22
split_gain=1141.26 319.874 192.047 267.955 201.194 184.135 169.77 162.152 139.862 138.392 127.513 204.622 123.599 121.492
threshold=0.0024435764644294982 6.5000000000000009 1.5000000000000002 11.500000000000002 5.5000000000000009 19.873332977294925 0.91597560048103344 349.50000000000006 223.06999969482425 223.02666473388675 23.500000000000004 19.500000000000004 21.953620910644535 127.95333480834962
decision_type=2 2 2 2 2 2 2 2 2 2 2 2 2 2
left_child=5 6 4 9 -3 8 -2 10 -1 -4 -7 -12 -6 -5
right_child=1 2 3 13 12 7 -8 -9 -10 -11 11 -13 -14 -15
leaf_value=-0.04354372012256244 -0.0099758383227652042 0.043325481986364149 -0.00047644016457774348 0.035511962838248826 0.088933055527504745 -0.027746183736171239 0.035169847895830136 0.096387239420728854 0.092597680781626598 0.056546479430036371 -0.010118044712569272 0.086417446753164179 -0.015404099977931752 0.072715624393627137
leaf_weight=1240.511850014329 1541.9437777474523 222.59132205694914 755.41692989319563 1267.1613603271544 24.725376300513744 836.88636184483767 235.68513711541891 27.366858664900064 14.634760551154612 118.83100274950266 289.58620528876781 62.515740595757961 652.16897932812572 269.62896716594696
leaf_count=26890 16460 1407 5840 6863 134 16013 1759 273 145 664 4840 850 4659 1247
internal_value=-0.000343851 0.0131943 0.0223698 0.0297126 0.00263241 -0.0281856 -0.00390839 -0.0142346 -0.0415952 0.00755181 -0.0171737 0.00799184 -0.0109687 0.042254
internal_weight=7559.65 5088.15 3310.52 2411.04 899.486 2471.5 1777.63 1216.36 1255.15 874.248 1188.99 352.102 676.894 1536.79
internal_count=88044 39033 20814 14614 6200 49011 18219 21976 27035 6504 21703 5690 4793 8110
is_linear=0
shrinkage=0.05


Tree=23
num_leaves=15
num_cat=0
split_feature=127 154 169 155 166 96 157 72 166 144 111 98 159 101
split_gain=1056.37 265.085 245.658 203.385 171.222 218.209 170.878 161.815 159.973 131.435 130.486 121.067 200.135 117.84
threshold=3.9933333396911626 6.5000000000000009 194.50000000000003 27.915920257568363 18.500000000000004 10.285590171813967 1396.5000000000002 888.50000000000011 7.5000000000000009 6.4468255043029794 2.0139235258102421 74.559989929199233 3.003472208976746 8.3344783782959002
decision_type=2 2 2 2 2 2 2 2 2 2 2 2 2 2
left_child=2 13 11 8 6 -6 7 -3 10 -7 -4 -1 -13 -2
right_child=1 4 3 -5 5 9 -8 -9 -10 -11 -12 12 -14 -15
leaf_value=-0.039642354079884562 0.063175347577208524 0.024752928425870135 -0.033917668071833287 0.051826402564828844 0.17995421694659203 -0.037786525794102604 -0.022969172915429683 0.078298496404411277 -0.028064937754965331 0.022661589627466106 0.019614608858946794 0.16362672285955915 -0.013525694518214712 -0.018433685034077631
leaf_weight=1514.7479237429798 42.629278171807528 2962.0851356685162 147.22627988830209 125.95880596712232 9.6102992482483369 254.0738811828196 174.60442718490958 144.57806101441383 789.03013737872243 133.64455760270357 447.39585780352354 13.494890410453079 111.55440045893192 640.95564452558756
leaf_count=32969 337 17009 2470 1131 137 3533 1194 736 13205 1144 4580 252 2057 7290
internal_value=-0.000328583 0.0155967 -0.0223761 -0.00778211 0.0209067 -0.00998788 0.0246573 0.0273666 -0.0133756 -0.0169271 0.00618791 -0.035747 0.0111479 -0.0129227
internal_weight=7511.59 4362.18 3149.41 1509.61 3678.6 397.329 3281.27 3106.66 1383.65 387.718 594.622 1639.8 125.049 683.585
internal_count=88044 31380 56664 21386 23753 4814 18939 17745 20255 4677 7050 35278 2309 7627
is_linear=0
shrinkage=0.05


Tree=24
num_leaves=15
num_cat=0
split_feature=169 158 166 98 136 167 26 131 97 66 74 164 17 162
split_gain=980.185 524.646 287.8 191.596 167.934 143.624 140.145 155.352 120.866 158.384 124.552 97.2112 251.015 125.856
threshold=206.50000000000003 1.0000000180025095e-35 17.500000000000004 10.627526283264162 1.2215277552604678 1.5000000000000002 175.00666809082034 134.48258209228518 15.00833320617676 1.0000000180025095e-35 174.50000000000003 44.038578033447273 15.993333339691164 117.83631134033205
decision_type=2 2 2 2 2 2 2 2 2 2 2 2 2 2
left_child=3 -2 4 -1 5 -3 11 -8 9 -4 -10 12 -5 -13
right_child=1 2 8 6 -6 -7 7 -9 10 -11 -12 13 -14 -15
leaf_value=-0.044046231292905039 -0.02952184454691914 0.0022885712289471834 0.16923506479800104 -0.041802207461165142 0.05300070659642319 0.024566355119688976 0.16115250994346034 -0.041520963333291604 -0.039978367410781958 -0.039896903940017998 0.0073672659852653324 -0.043125839709542042 0.051482135322116457 -0.0018144938237965227
leaf_weight=1055.8387991040945 686.9026724845171 992.52362457662821 14.775640677660705 130.97447747737169 388.88260991126299 2674.8479454554617 18.33020351827145 13.079600799828766 332.41604918241501 13.834375083446501 233.82148154824972 453.04333819448948 148.70677883177996 309.32382177561522
leaf_count=23368 12309 7023 223 2740 1672 17198 153 125 4892 207 2496 8833 2339 4466
internal_value=-0.00031843 0.0111234 0.0171514 -0.0289611 0.0219127 0.0185485 -0.0139882 0.0826436 -0.0152282 0.077218 -0.0205342 -0.0172816 0.00783023 -0.0264852
internal_weight=7467.3 5338 4651.1 2129.3 4056.25 3667.37 1073.46 31.4098 594.848 28.61 566.238 1042.05 279.681 762.367
internal_count=88044 46020 33711 42024 25893 24221 18656 278 7818 430 7388 18378 5079 13299
is_linear=0
shrinkage=0.05


Tree=25
num_leaves=15
num_cat=0
split_feature=169 158 166 98 167 166 8 97 26 131 66 74 164 17
split_gain=902.873 477.368 259.935 187.121 157.809 238.795 175.324 139.274 124.869 129.254 120.431 102.022 90.4872 224.514
threshold=206.50000000000003 1.0000000180025095e-35 18.500000000000004 10.627526283264162 1.5000000000000002 8.5000000000000018 1.0000000180025095e-35 15.00833320617676 175.00666809082034 134.48258209228518 1.0000000180025095e-35 174.50000000000003 44.038578033447273 15.993333339691164
decision_type=2 2 2 2 2 2 2 2 2 2 2 2 2 2
left_child=3 -2 4 -1 6 -6 -3 10 12 -10 -4 -9 13 -5
right_child=1 2 7 8 5 -7 -8 11 9 -11 -12 -13 -14 -15
leaf_value=-0.043579038805199921 -0.028789573342426419 0.081004120691117898 0.15374359492475118 -0.041281549300938386 0.038341162492604892 0.010418661201919591 -0.0014852542522758873 -0.044902687847576069 0.14187316186330298 -0.040949422967082282 -0.037077054289629922 0.002282387428852414 -0.025783706848263262 0.046959225552084094
leaf_weight=1014.8942965492606 669.72463554888964 63.768160954117775 16.179506748914722 126.1801493614912 1724.6578583531082 1382.8514450415969 1015.0655905418098 264.37325098738074 20.401127360761166 12.679020963609217 10.918945871293543 198.5194743424654 744.97984696924686 155.18316368758678
leaf_count=23368 12309 406 209 2740 9789 9635 7219 4129 153 125 171 2153 13299 2339
internal_value=-0.000317122 0.0105478 0.0162063 -0.0282769 0.0202398 0.0259523 0.00374176 -0.0181116 -0.0134821 0.0756245 0.0830565 -0.0248584 -0.0167069 0.00735694
internal_weight=7420.38 5346.06 4676.33 2074.32 4186.34 3107.51 1078.83 489.991 1059.42 33.0801 27.0985 462.893 1026.34 281.363
internal_count=88044 46020 33711 42024 27049 19424 7625 6662 18656 278 380 6282 18378 5079
is_linear=0
shrinkage=0.05


Tree=26
num_leaves=15
num_cat=0
split_feature=127 66 169 155 112 112 141 8 79 166 115 144 149 98
split_gain=831.968 217.394 208.958 173.721 136.582 196.503 135.982 185.214 170.288 134.826 131.726 129.86 158.753 119.307
threshold=3.9933333396911626 7.5000000000000009 194.50000000000003 27.915920257568363 38.801666259765632 30.215000152587894 8.0231628417968768 38.976665496826179 14.500000000000002 7.5000000000000009 109.02000045776369 6.8164279460906991 42.142574310302741 10.527128219604494
decision_type=2 2 2 2 2 2 2 2 2 2 2 2 2 2
left_child=2 4 13 9 5 10 7 8 -3 -4 -2 -6 -13 -1
right_child=1 6 3 -5 11 -7 -8 -9 -10 -11 -12 12 -14 -15
leaf_value=-0.04700652964817275 -0.013892133057245518 0.056417094360052045 0.0049547479209737632 0.04673115378714391 -0.023597776241165241 0.073243724786625039 0.046074611424750722 0.0060174360819571816 0.013811118043146007 -0.026751461561896825 0.044813890799772882 0.10568340882915167 -0.015492535387936027 -0.018505004272367353
leaf_weight=800.21393946558237 363.50892142578959 442.90758084878325 599.21454415097833 130.1643511466682 710.49563336372375 113.09641680493951 458.8562930598855 1579.6871568895876 501.42371881380677 752.40754345804453 124.00801336765289 41.112093694508076 62.70981926843524 694.11354982480407
leaf_count=20546 3433 2625 7050 1131 7522 829 2193 10216 2857 13205 999 256 450 14732
internal_value=-0.000313786 0.0134968 -0.0207101 -0.00736598 -0.00263958 0.0153758 0.0211427 0.016528 0.0339859 -0.0127287 0.00134407 -0.0159399 0.0351426 -0.0338735
internal_weight=7373.92 4397.81 2976.11 1481.79 1414.93 600.613 2982.87 2524.02 944.331 1351.62 487.517 814.318 103.822 1494.33
internal_count=88044 31380 56664 21386 13489 5261 17891 15698 5482 20255 4432 8228 706 35278
is_linear=0
shrinkage=0.05


Tree=27
num_leaves=15
num_cat=0
split_feature=169 158 166 98 136 97 69 112 117 77 86 112 145 5
split_gain=772.964 410.471 226.944 178.69 148.796 127.483 126.47 112.954 102.992 98.6057 135.534 105.307 96.7388 90.012
threshold=206.50000000000003 1.0000000180025095e-35 18.500000000000004 10.627526283264162 1.2215277552604678 15.00833320617676 514.50000000000011 34.701665878295906 19.911299705505375 39.500000000000007 14.628333568573 461.11332702636724 1417.540222167969 27.911665916442875
decision_type=2 2 2 2 2 2 2 2 2 2 2 2 2 2
left_child=3 -2 4 -1 6 8 -3 13 -4 11 -11 -9 -7 -5
right_child=1 2 5 7 -6 12 -8 9 -10 10 -12 -13 -14 -15
leaf_value=-0.042703730335053425 -0.027707095480783268 0.016682224760581833 -0.036744583481859161 0.0012064783990692923 0.047326144161491335 -0.036919337842726101 -0.044827290845857543 -0.028463755113378616 0.13789660243931245 0.041159516651727582 -0.032657668376366501 0.050305897846631753 0.016962642446538164 0.18934229864544205
leaf_weight=941.54941930249333 645.04541562125087 3748.594600148499 10.641407519578935 13.365077495574953 398.34777188301086 348.93222068250179 80.795837581157684 723.80004061385989 17.855914149433374 151.38826541975141 98.586187902837992 40.57314819470048 105.67600867897272 7.2387189865112296
leaf_count=23368 12309 24865 164 230 1714 5413 470 14035 216 2143 1582 603 869 63
internal_value=-0.000305526 0.0095577 0.0146843 -0.0269894 0.018395 -0.0176449 0.0153277 -0.0125567 0.076932 -0.0151055 0.0119776 -0.0239829 -0.0243459 0.0913718
internal_weight=7332.39 5355.89 4710.84 1976.5 4227.74 483.106 3829.39 1034.95 28.4973 1014.35 249.974 764.373 454.608 20.6038
internal_count=88044 46020 33711 42024 27049 6662 25335 18656 380 18363 3725 14638 6282 293
is_linear=0
shrinkage=0.05


Tree=28
num_leaves=15
num_cat=0
split_feature=158 169 166 17 119 167 165 78 101 114 97 88 116 100
split_gain=715.26 409.954 203.72 148.922 144.628 136.991 206.888 148.755 126.381 191.729 114.121 110.087 127.261 100.011
threshold=1.0000000180025095e-35 206.50000000000003 18.500000000000004 15.993333339691164 63.831878662109382 1.5000000000000002 14.500000000000002 1142.5000000000002 50.227117538452156 54.714073181152351 15.00833320617676 2.0016666650772099 120.27465438842775 73.11999893188478
decision_type=2 2 2 2 2 2 2 2 2 2 2 2 2 2
left_child=3 -2 5 -1 8 7 -7 -3 13 -10 -4 12 -6 -5
right_child=1 2 10 4 11 6 -8 -9 9 -11 -12 -13 -14 -15
leaf_value=-0.043329403554367679 -0.019445876936172536 -0.0048418631469291581 0.070077246270042706 0.060877962868614965 -0.02740849695936733 0.0078470973400892076 0.033703883189260229 0.050663208806181165 0.1479444356154242 -0.014239913423607871 -0.0236479683849063 -0.051084999584528813 0.19955187056543847 -0.024043367128387502
leaf_weight=956.21333277970552 1141.030841127038 961.99743514880538 30.193371418863535 39.818805314600468 13.194086350500585 1358.7232963182032 1803.3657093755901 132.93814652785659 33.967194452881813 32.722847789525986 445.16755587607622 187.13340379297733 5.1587459556758395 148.43671546131372
leaf_count=23778 21084 6907 380 688 270 9519 9905 718 486 653 6282 4305 104 2965
internal_value=-0.000298365 0.00739853 0.0138847 -0.0321235 -0.00863598 0.0173524 0.0226234 0.00209678 0.0164156 0.0729224 -0.0170274 -0.0393689 0.0654535 -0.00497092
internal_weight=7290.06 5873.42 4732.39 1416.65 460.432 4257.02 3162.09 1094.94 254.946 66.69 475.361 205.486 18.3528 188.256
internal_count=88044 54795 33711 33249 9471 27049 19424 7625 4792 1139 6662 4679 374 3653
is_linear=0
shrinkage=0.05


Tree=29
num_leaves=15
num_cat=0
split_feature=126 95 169 166 77 13 119 88 147 148 138 167 98 159
split_gain=666.237 210.04 217.263 205.953 173.563 273.561 157.252 155.893 126.273 157.204 116.84 112.909 111.085 175.08
threshold=3.2162152528762822 0.19910793006420138 253.50000000000003 18.500000000000004 33.500000000000007 30.001667022705082 32.754362106323249 31.793334007263187 12.303861141204836 814.06219482421886 0.12553240731358531 4.5000000000000009 74.559989929199233 27.456597328186039
decision_type=2 2 2 2 2 2 2 2 2 2 2 2 2 2
left_child=1 -1 12 4 5 11 -4 -8 9 -6 -7 -2 -3 -14
right_child=3 2 6 -5 8 10 7 -9 -10 -11 -12 -13 13 -15
leaf_value=-0.036737797677009069 0.031046477582579807 -0.023931394649485252 -0.0075769109843477032 -0.018871174627623589 -0.0010009749639333543 -0.030291253464256485 0.069102232418535858 -0.0075066523924000863 -0.0058140305785269412 0.036418879844984625 0.021915212313169296 -0.018740160834226149 0.082649313097826457 -0.024920833038578855
leaf_weight=997.30255089700222 678.74570538848639 1313.861531727016 330.48885263502598 455.19525195658207 339.36477296799421 543.02732001245022 186.78741002455354 100.19208379089832 281.30870799347758 1610.6328380927444 129.3713671118021 133.14107230678201 61.196871504187584 84.324721336364746
leaf_count=23793 4447 26981 3237 6356 2197 4635 1446 843 1559 8368 604 1177 961 1440
internal_value=-0.000288129 -0.0179329 -0.00883626 0.0127232 0.0166139 0.0033462 0.0159387 0.0426855 0.0254125 0.0299207 -0.020159 0.0228172 -0.0193372 0.0215589
internal_weight=7244.94 3074.15 2076.85 4170.79 3715.59 1484.29 617.468 286.979 2231.31 1950 672.399 811.887 1459.38 145.522
internal_count=88044 58701 34908 29343 22987 10863 5526 2289 12124 10565 5239 5624 29382 2401
is_linear=0
shrinkage=0.05


Tree=30
num_leaves=15
num_cat=0
split_feature=158 169 166 17 119 136 119 161 76 88 116 98 99 9
split_gain=624.482 344.691 167.938 146.747 136.558 121.261 117.856 136.331 111.379 106.348 113.167 90.9008 192.755 140.043
threshold=1.0000000180025095e-35 206.50000000000003 17.500000000000004 15.993333339691164 63.831878662109382 1.2215277552604678 28.784272193908695 4.1412758827209482 1380.5000000000002 2.0016666650772099 122.69237136840822 49.321546554565437 55.71672439575196 47.943332672119148
decision_type=2 2 2 2 2 2 2 2 2 2 2 2 2 2
left_child=3 11 5 -1 6 8 -5 -8 -3 10 -6 -2 13 -13
right_child=1 2 -4 4 9 -7 7 -9 -10 -11 -12 12 -14 -15
leaf_value=-0.042573229938835416 -0.028025897185610212 0.014576127690050442 -0.012932043960981686 -0.034096832054432695 -0.026970714479356207 0.042319438780318082 0.15690326022940315 0.022015317208962631 -0.043204217745504862 -0.050818884921823883 0.18354074113002461 0.10404380383275982 -0.017917429418937144 -0.036590279774132962
leaf_weight=896.80142778158188 755.13590996712446 3712.4849472679198 562.65888852626085 75.832485999912024 12.966896504163744 394.3405335471034 16.620498742908239 161.09728246554732 80.593743216246367 175.56370433792472 5.8275404870510092 60.708346329629421 269.25526703894138 21.317000105977058
leaf_count=23778 15914 23708 7818 1741 278 1672 289 2762 513 4305 96 873 3921 376
internal_value=-0.000287182 0.00677362 0.0126281 -0.0309497 -0.00746388 0.0160739 0.0166037 0.0385787 0.0132932 -0.0384902 0.063154 -0.0183044 0.00269352 0.067493
internal_weight=7201.2 5856.49 4750.08 1344.71 447.908 4187.42 253.55 177.718 3793.08 194.358 18.7944 1106.42 351.281 82.0253
internal_count=88044 54795 33711 33249 9471 25893 4792 3051 24221 4679 374 21084 5170 1249
is_linear=0
shrinkage=0.05


Tree=31
num_leaves=15
num_cat=0
split_feature=158 169 165 167 17 119 119 15 65 79 20 88 116 166
split_gain=577.318 312.673 154.363 258.466 143.211 126.972 120.201 118.394 111.94 145.44 108.905 101.599 96.0404 90.8278
threshold=1.0000000180025095e-35 206.50000000000003 14.500000000000002 1.5000000000000002 15.993333339691164 63.831878662109382 27.25769138336182 137.00666809082034 7.5000000000000009 13.500000000000002 22.97500038146973 2.0016666650772099 122.69237136840822 8.5000000000000018
decision_type=2 2 2 2 2 2 2 2 2 2 2 2 2 2
left_child=4 -2 8 7 -1 10 -5 -4 -3 -10 13 12 -7 -6
right_child=1 2 3 6 5 11 -8 -9 9 -11 -12 -13 -14 -15
leaf_value=-0.042089891511607594 -0.017693278466590145 -0.012252704238600672 -0.012076034352423121 0.0066572287616308888 0.047702430431506987 -0.026465152041717011 0.037197180778600819 0.089945634253307441 0.028157702563359824 -0.0029211555240659733 0.10614816185886383 -0.050597401850427028 0.16330982515668191 -0.017475589179932305
leaf_weight=862.67036414332688 1088.6247414723039 808.18996159732342 589.9103614911437 421.21381873264909 74.746766714379191 12.657302461564543 1400.8374293036759 24.892216451466084 665.40938148275018 856.57127805799246 24.522237453609705 167.7353770788759 6.8142544254660598 157.27785324305296
leaf_count=23778 21084 9041 3931 2637 1356 278 7268 126 4592 6116 184 4305 96 3252
internal_value=-0.000281029 0.00642965 0.0119513 0.0207363 -0.0302694 -0.00707723 0.0301746 -0.00725309 0.00273926 0.0107142 0.0156834 -0.0378648 0.0597461 0.00408486
internal_weight=7162.07 5855.65 4767.02 2436.85 1306.42 443.754 1822.05 614.803 2330.17 1521.98 256.547 187.207 19.4716 232.025
internal_count=88044 54795 33711 13962 33249 9471 9905 4057 19749 10708 4792 4679 374 4608
is_linear=0
shrinkage=0.05


Tree=32
num_leaves=15
num_cat=0
split_feature=158 169 141 69 8 17 77 144 147 128 79 165 119 119
split_gain=533.999 292.328 149.833 144.719 139.716 139.408 126.192 124.54 138.943 157.241 122.92 165.309 118.19 103.044
threshold=1.0000000180025095e-35 263.50000000000006 8.0231628417968768 514.50000000000011 36.818332672119148 15.993333339691164 943.50000000000011 6.582200527191163 1.4427740573883059 3.1031267642974858 8.5000000000000018 19.500000000000004 63.831878662109382 28.784272193908695
decision_type=2 2 2 2 2 2 2 2 2 2 2 2 2 2
left_child=5 7 3 4 -3 -1 -4 10 -9 -10 11 -2 13 -7
right_child=1 2 6 -5 -6 12 -8 8 9 -11 -12 -13 -14 -15
leaf_value=-0.041599506950311199 -0.013197579509977353 0.025914385122822188 0.046800121966917643 -0.055772901031905277 0.00380087282163683 -0.033565079348541998 -0.053450552045879875 0.12275009030886 0.078952664209113455 -0.011759889712905659 -0.027043684938211843 0.027922343299291198 -0.037247531385063842 0.034565616487428868
leaf_weight=830.0856876373291 889.04475504532456 1189.3034587949514 469.38423039391637 74.402262520045042 1782.3677224628627 73.85778696089983 29.538001425564289 26.424917787313461 58.504224665462971 188.97338914871216 810.59564904868603 331.39890943095088 180.411138439551 185.0362357199192
leaf_count=23778 13345 7899 2177 485 12187 1741 163 147 402 1287 12778 3925 4679 3051
internal_value=-0.000270383 0.006114 0.0151183 0.010919 0.0126797 -0.0296011 0.0403935 -0.00773732 0.0236288 0.0108236 -0.0120149 -0.00196352 -0.00671668 0.0148615
internal_weight=7119.33 5849.94 3545 3046.07 2971.67 1269.39 498.922 2304.94 273.903 247.478 2031.04 1220.44 439.305 258.894
internal_count=88044 54795 22911 20571 20086 33249 2340 31884 1836 1689 30048 17270 9471 4792
is_linear=0
shrinkage=0.05


Tree=33
num_leaves=15
num_cat=0
split_feature=144 28 135 96 166 145 167 89 89 103 164 162 162 99
split_gain=494.574 180.246 171.755 171.41 157.837 151.844 139.937 138.807 135.119 121.518 216.869 117.523 117.125 113.604
threshold=0.0024435764644294982 223.06999969482425 0.42324073612689977 10.846701145172121 7.5000000000000009 547.88400268554699 1.5000000000000002 15.998333454132082 16.941666603088382 450.31832885742193 842.46313476562511 586.73660278320324 5.8157243728637704 64.855178833007827
decision_type=2 2 2 2 2 2 2 2 2 2 2 2 2 2
left_child=1 3 4 -1 6 13 -2 -3 -8 10 -5 -7 -11 -6
right_child=2 7 -4 9 5 11 8 -9 -10 12 -12 -13 -14 -15
leaf_value=-0.041997366089938655 -0.0058159135184602025 0.12942118190535751 0.037888490166165217 -0.0056207025988692233 -0.00094031566559521138 0.0078840094306654711 0.0095806050423881579 -0.026321232568743254 0.040584659096607439 0.092497357953212719 0.11528048689898523 0.074399076691172197 -0.038415936337123785 -0.027056998492132209
leaf_weight=785.0262657199055 532.87855901941657 29.612605147063732 432.168222412467 682.64529894478619 1008.8250928260386 963.38494951277971 751.64939538389444 21.93848055228591 661.81324169412255 13.192242987453936 34.206834502518177 66.501181870698929 395.37137069180608 704.49049248546362
leaf_count=24243 3574 273 1949 13243 10107 6605 5136 357 3479 201 471 343 10223 7840
internal_value=-0.000268079 -0.021582 0.00790981 -0.0241313 0.00510969 -0.0026183 0.0159804 0.0666751 0.0241892 -0.0115384 0.000907019 0.0125177 -0.0331216 -0.0117266
internal_weight=7083.7 1961.99 5121.71 1910.44 4689.54 2743.2 1946.34 51.5511 1413.46 1125.42 716.852 1029.89 408.564 1713.32
internal_count=88044 49011 39033 48381 37084 24895 12189 630 8615 24138 13714 6948 10424 17947
is_linear=0
shrinkage=0.05


Tree=34
num_leaves=15
num_cat=0
split_feature=158 169 17 141 69 8 26 88 120 29 77 166 100 116
split_gain=465.214 250.919 134.944 129.028 132.885 121.862 116.422 116.178 114.852 145.943 114.775 103.742 93.4615 150.785
threshold=1.0000000180025095e-35 263.50000000000006 15.993333339691164 8.0231628417968768 514.50000000000011 29.970000267028812 9.9983334541320819 33.878334045410163 5.9983332157135019 1.0000000180025095e-35 943.50000000000011 13.500000000000002 66.026668548583999 11.018312931060793
decision_type=2 2 2 2 2 2 2 2 2 2 2 2 2 2
left_child=2 6 -1 4 5 -3 12 8 11 -10 -5 -4 13 -2
right_child=1 3 7 10 -6 -7 -8 -9 9 -11 -12 -13 -14 -15
leaf_value=-0.0407874041254596 -0.0092902716689299645 0.025369441027813799 0.026698952908429496 0.043354529860827155 -0.054865692868078554 0.0042113199656385741 0.0090861249384120765 -0.048323117942000934 0.14186241827479382 -0.0078721773128465761 -0.052643781379487581 -0.035465580385891642 -0.019496235635144767 0.092058516521433015
leaf_weight=778.12439960241318 130.41918768361211 1045.6166739948094 126.87312485277653 471.59919807687402 72.132793236523867 1939.243054125458 728.63914648070931 112.75288199819624 28.466636452823877 30.708365701138973 29.168917916715145 131.80001081712544 1372.1415066048503 45.658498607575893
leaf_count=23778 2119 6909 2792 2177 485 13177 5493 2754 249 393 163 3283 23712 560
internal_value=-0.000255427 0.00559895 -0.0284216 0.0138863 0.00999658 0.0116532 -0.00735264 -0.00586419 0.00971273 0.0695996 0.0372976 -0.00504722 -0.0150936 0.0188067
internal_weight=7043.34 5834.62 1208.73 3557.76 3056.99 2984.86 2276.86 430.601 317.848 59.175 500.768 258.673 1548.22 176.078
internal_count=88044 54795 33249 22911 20571 20086 31884 9471 6717 642 2340 6075 26391 2679
is_linear=0
shrinkage=0.05


Tree=35
num_leaves=15
num_cat=0
split_feature=169 155 98 171 17 8 148 149 112 102 78 120 173 14
split_gain=433.312 209.682 168.404 151.124 124.881 121.463 108.42 143.749 100.507 99.7435 124.184 121.831 99.7409 148.128
threshold=206.50000000000003 1.0000000180025095e-35 10.627526283264162 1.0000000180025095e-35 19.630000114440922 49.813333511352546 814.06219482421886 21.698858261108402 34.701665878295906 27.645507812500004 33.500000000000007 25.997777938842777 0.6078576147556306 19.998332977294925
decision_type=2 2 2 2 2 2 2 2 2 2 2 2 2 2
left_child=2 4 -1 9 -2 -6 7 -5 -4 10 -3 -11 -10 -14
right_child=1 3 8 6 5 -7 -8 -9 12 11 -12 -13 13 -15
leaf_value=-0.039866480992805736 -0.02029121201669206 0.05705280330962207 0.089931209732034667 0.019395904973598211 0.030540638557602362 -0.011678618655956543 0.027077315565156825 -0.026158273952260086 -0.021051714197913407 -0.032479269650759403 -0.039012632552916912 0.0043797468717370067 -0.046465546687406198 0.037719014951837881
leaf_weight=750.99721524305642 923.45283220894635 129.36841781437397 20.513766720890999 528.3398078083992 312.41691005416214 363.52282989397645 1745.5358748957515 251.55777822807431 655.56492383778095 322.74149670824409 40.935348834842443 706.47888256236911 66.616148963570595 190.53992884978652
leaf_count=23368 15053 957 293 3268 3433 4261 8436 1685 13583 3651 379 4897 1383 3397
internal_value=-0.000252811 0.00674181 -0.0223194 0.0132384 -0.00838271 0.00791594 0.0201678 0.00462927 -0.00806158 -0.00137371 0.0335078 -0.0072796 -0.010742 0.0154408
internal_weight=7008.58 5324.35 1684.23 3724.96 1599.39 675.94 2525.43 779.898 933.235 1199.52 170.304 1029.22 912.721 257.156
internal_count=88044 46020 42024 23273 22747 7694 13389 4953 18656 9884 1336 8548 18363 4780
is_linear=0
shrinkage=0.05


Tree=36
num_leaves=15
num_cat=0
split_feature=158 169 17 141 69 79 165 25 88 28 77 105 120 29
split_gain=403.789 213.532 129.749 111.629 122.346 109.791 125.927 122.244 109.742 108.477 103.721 100.311 98.0191 120.686
threshold=1.0000000180025095e-35 263.50000000000006 15.993333339691164 8.0231628417968768 524.50000000000011 8.5000000000000018 18.500000000000004 43.004999160766609 33.878334045410163 29.013333320617679 943.50000000000011 129.81999969482425 5.9983332157135019 1.0000000180025095e-35
decision_type=2 2 2 2 2 2 2 2 2 2 2 2 2 2
left_child=2 5 -1 4 9 6 11 -7 12 -3 -5 -2 -4 -14
right_child=1 3 8 10 -6 7 -8 -9 -10 -11 -12 -13 13 -15
leaf_value=-0.03992052964206752 -0.017038930399724948 0.017499169426392711 -0.0042698063855184714 0.040146088561430093 -0.057052225346243816 -0.028531258804804976 0.023141149648036183 0.024914032985713253 -0.047870425393265838 -0.0024375658112396753 -0.051756712916058933 0.023385273323203892 0.12581520001887922 -0.0078425379650154028
leaf_weight=729.97270776517689 742.91581297665834 1961.1953024715185 254.42512938380241 473.47941710427403 63.474028538912535 739.99804786965251 456.20789414644241 120.97293123975396 106.06360996514559 1043.1816265061498 28.60126992687583 188.45270684361458 31.052216455340385 30.735121421515942
leaf_count=23778 11097 12864 6075 2177 429 12456 5163 860 2754 7278 163 2308 249 393
internal_value=-0.000252035 0.00510881 -0.0272277 0.0127038 0.00909422 -0.00695086 0.00176158 -0.0209213 -0.00507563 0.0105842 0.0344521 -0.00877832 0.00980027 0.0637196
internal_weight=6970.73 5818.48 1152.25 3569.93 3067.85 2248.55 1387.58 860.971 422.276 3004.38 502.081 931.369 316.212 61.7873
internal_count=88044 54795 33249 22911 20571 31884 18568 13316 9471 20142 2340 13405 6717 642
is_linear=0
shrinkage=0.05


Tree=37
num_leaves=15
num_cat=0
split_feature=169 155 98 17 171 17 102 64 66 117 77 167 142 159
split_gain=379.995 184.271 157.205 153.367 130.309 117.973 152.472 113.11 105.52 102.115 95.4184 89.2001 86.4066 81.3972
threshold=194.50000000000003 1.0000000180025095e-35 62.224699020385749 69.006668090820327 1.0000000180025095e-35 19.630000114440922 49.052616119384773 5.5000000000000009 507.50000000000006 28.340077400207523 10.500000000000002 1.5000000000000002 1888.234069824219 6.5677084922790536
decision_type=2 2 2 2 2 2 2 2 2 2 2 2 2 2
left_child=2 5 13 7 12 -2 9 -4 11 -7 -8 -6 -3 -1
right_child=1 4 3 -5 8 6 10 -9 -10 -11 -12 -13 -14 -15
leaf_value=-0.048032511210577014 -0.019872532227661426 -0.003897222019611111 0.056882871955374018 -0.046841660935043834 0.0022460344217205361 0.025087778978507655 -0.029759307305814206 -0.031861721823743909 -0.047399659626779181 0.11495278523363793 0.012231897920809058 0.024637871490881126 0.072165044053010871 -0.020540126041612285
leaf_weight=440.19860177859664 937.13316482305527 1214.6129541024566 142.42640058510005 74.918536018580198 575.50098601728678 160.44603389315307 244.50599650107324 43.853540882468224 55.556350380182266 35.878230504691601 291.19120138138533 1968.8951473161578 33.51922495663166 718.5945050381124
leaf_count=15623 16006 10390 2029 1500 3571 1844 3698 754 301 392 2757 10352 165 18662
internal_value=-0.00025108 0.00568931 -0.0232709 0.0115927 0.011703 -0.00816829 0.00684864 0.0357041 0.0180679 0.0439576 -0.00703193 0.0195875 -0.00157474 -0.0311453
internal_weight=6937.23 5517.24 1419.99 261.198 3848.08 1669.15 732.021 186.28 2599.95 196.324 535.697 2544.4 1248.13 1158.79
internal_count=88044 49476 38568 4283 24779 24697 8691 2783 14224 2236 6455 13923 10555 34285
is_linear=0
shrinkage=0.05


Tree=38
num_leaves=15
num_cat=0
split_feature=169 157 156 98 77 27 119 161 162 79 77 101 17 102
split_gain=350.275 174.58 211.45 155.33 143.823 133.252 130.589 130.333 122.869 113.139 161.295 130.425 105.033 124.399
threshold=194.50000000000003 176.50000000000003 225.57291412353518 10.527128219604494 33.500000000000007 19.998332977294925 14.256491661071779 0.083188407123088851 308.00025939941412 10.500000000000002 10.500000000000002 44.536602020263679 54.003334045410163 54.534555435180671
decision_type=2 2 2 2 2 2 2 2 2 2 2 2 2 2
left_child=3 7 6 -1 -4 -6 -3 -2 -8 10 -9 -11 13 -5
right_child=1 2 4 12 5 -7 8 9 -10 11 -12 -13 -14 -15
leaf_value=-0.042342437185138075 -0.049497630777247295 -0.042852836594420067 -0.021222937585911681 -0.019284021375975392 0.032551143251253342 -0.00052035453929434887 0.050284095999776512 -0.0043328085839640425 0.001324854731256471 -0.020385088548557195 0.029932756796090639 0.0111307357111544 -0.031028939257314064 0.030069514583368474
leaf_weight=577.69863908179104 136.57554492354393 46.08845704048872 398.00709911435843 247.50670893490314 513.03180726990104 738.83503533527255 630.47552639991045 834.09904706478119 160.86282277852297 991.33596339449286 577.54841728322208 485.71383996494114 310.86729088239372 253.54915484413505
leaf_count=21114 4719 320 2795 6184 2873 4530 4021 10010 1169 9967 5185 3887 7139 4131
internal_value=-0.000248433 0.0054105 0.0152097 -0.0226361 0.00478736 0.0131084 0.0355933 -0.00265799 0.0404025 -0.00036174 0.00974246 -0.0100188 -0.00844134 0.00574068
internal_weight=6902.2 5512.57 2487.3 1389.62 1649.87 1251.87 837.427 3025.27 791.338 2888.7 1411.65 1477.05 811.923 501.056
internal_count=88044 49476 15708 38568 10198 7403 5510 33768 5190 29049 15195 13854 17454 10315
is_linear=0
shrinkage=0.05


Tree=39
num_leaves=15
num_cat=0
split_feature=158 169 17 88 102 101 117 100 76 119 17 162 96 166
split_gain=326.605 172.724 123.689 106.365 104.479 109.628 149.453 147.423 103.817 101.883 227.412 176.934 88.7432 144.77
threshold=1.0000000180025095e-35 263.50000000000006 15.993333339691164 33.878334045410163 102.23970031738283 35.312370300292976 50.787313461303718 66.026668548583999 1380.5000000000002 23.677707672119144 28.005000114440922 331.44197082519537 11.46885395050049 10.500000000000002
decision_type=2 2 2 2 2 2 2 2 2 2 2 2 2 2
left_child=2 4 -1 12 5 7 -7 -2 9 10 -3 -11 -4 -14
right_child=1 8 3 -5 -6 6 -8 -9 -10 11 -12 -13 13 -15
leaf_value=-0.038667462021745619 0.019070570946936288 -0.038034976060217773 -0.02997204681243397 -0.047452936048570149 -0.040184908214970332 -0.0093645331276841146 0.029034647932164627 -0.025471204954769608 -0.035783688286254563 0.026668238055764255 0.020628258964972841 0.00080611800237065509 0.090103469478751474 0.001883107801832347
leaf_weight=667.41826769709587 241.27760419994593 286.76632037386298 89.862881392240524 99.359393594786525 203.7892754971981 538.52895902656019 470.58672439493239 760.13356704637408 109.04253236576915 1747.9469508677721 376.02885378524661 1062.517374034971 60.863365985453129 158.95558208040893
leaf_count=23778 3176 2462 2406 2754 4015 6167 5887 12639 776 10864 2262 6547 1025 3286
internal_value=-0.000250987 0.00445161 -0.0254775 -0.00374873 -0.00651723 -0.00301342 0.00859724 -0.014698 0.0112314 0.0127567 -0.00484784 0.0169097 0.0108047 0.0277702
internal_weight=6873.08 5796.62 1076.46 409.041 2214.32 2010.53 1009.12 1001.41 3582.3 3473.26 662.795 2810.46 309.682 219.819
internal_count=88044 54795 33249 9471 31884 27869 12054 15815 22911 22135 4724 17411 6717 4311
is_linear=0
shrinkage=0.05


Tree=40
num_leaves=15
num_cat=0
split_feature=169 157 156 98 77 161 27 119 100 78 100 162 17 98
split_gain=306.145 154.235 182.392 147.7 128.707 118.765 116.595 114.085 107.78 242.908 131.98 105.925 99.4267 120.789
threshold=194.50000000000003 176.50000000000003 225.57291412353518 10.527128219604494 33.500000000000007 0.083188407123088851 19.998332977294925 14.256491661071779 66.939998626708999 40.500000000000007 87.643333435058608 308.00025939941412 69.006668090820327 74.559989929199233
decision_type=2 2 2 2 2 2 2 2 2 2 2 2 2 2
left_child=3 5 7 -1 -4 -2 -6 -3 9 -7 -10 -9 13 -5
right_child=1 2 4 12 6 8 -8 11 10 -11 -12 -13 -14 -15
leaf_value=-0.041647395246668287 -0.049200533040750824 -0.041477737302177201 -0.020370918520110314 -0.0099692604389285174 0.030311935531218383 -0.0012445558653918437 -0.00055337775141288599 0.046418580806899153 -0.035124079514492083 0.079820323334281434 -0.00024396858420264037 0.0010467762086717202 -0.035131842743801399 0.042434725328663665
leaf_weight=542.07411576062441 126.04406374879181 44.646055538207293 392.85505347326398 426.46164164692163 517.94802894070745 323.75803951919079 737.00804525241256 639.41156084090471 305.79784276522696 124.23788761533797 2129.2378956470639 161.01187234371901 231.4410870783031 142.60799675807357
leaf_count=21114 4719 320 2795 9940 2873 3199 4530 4021 4674 975 20201 1169 5549 1965
internal_value=-0.000254456 0.0049729 0.0141574 -0.0216153 0.00443867 -0.0026469 0.0122552 0.0329705 -0.000529954 0.0218692 -0.0046873 0.0373548 -0.00787607 0.00341832
internal_weight=6844.54 5501.96 2492.88 1342.58 1647.81 3009.08 1254.96 845.069 2883.03 447.996 2435.04 800.423 800.511 569.07
internal_count=88044 49476 15708 38568 10198 33768 7403 5510 29049 4174 24875 5190 17454 11905
is_linear=0
shrinkage=0.05


Tree=41
num_leaves=15
num_cat=0
split_feature=161 135 97 157 150 100 67 165 108 161 103 87 88 159
split_gain=282.982 132.211 118.072 116.197 265.243 188.161 134.35 129.714 89.4866 82.5793 100.01 98.5366 66.8873 60.9075
threshold=18.232953071594242 0.42324073612689977 468.17834472656256 1396.5000000000002 824.16665649414074 321.08000183105474 211.50000000000003 11.500000000000002 4.5805554389953622 0.083188407123088851 428.82501220703131 44.004999160766609 209.38666534423831 1555.8889160156252
decision_type=2 2 2 2 2 2 2 2 2 2 2 2 2 2
left_child=2 3 9 4 5 -2 13 -8 -6 12 11 -11 -1 -5
right_child=1 -3 -4 6 8 -7 7 -9 -10 10 -12 -13 -14 -15
leaf_value=-0.050198456681098583 0.0072348052027066999 0.032018673703591551 0.10515704475459514 -0.05036724185442798 -0.0076596533997784766 -0.016258620244130301 -0.044659028770815672 0.096999761107484872 0.059426304756895081 -0.011878967248723877 -0.045297370277784473 0.063226622087543982 0.093403602882033143 0.028282087656039064
leaf_weight=277.82028043083847 3324.9683367740363 405.1592757627368 13.404202383011578 229.29159668646753 59.383390435948968 1140.4584169536829 23.764869287610054 33.822031456977129 269.95823574252427 745.84156732261181 221.92203435488045 41.424539828673005 3.8982052206993094 24.300797011703253
leaf_count=12138 31769 1819 172 2475 433 14330 212 165 1667 16098 6150 363 40 213
internal_value=-0.000254673 0.00470561 -0.0211513 0.0025091 0.00444078 0.00122317 -0.0268544 0.0396427 0.0473964 -0.0228635 -0.0160354 -0.00755296 -0.0466172 -0.0424295
internal_weight=6815.42 5511.11 1304.31 5105.95 4794.77 4465.43 311.179 57.5869 329.342 1290.91 1009.19 787.266 281.718 253.592
internal_count=88044 53083 34961 51264 48199 46099 3065 377 2100 34789 22611 16461 12178 2688
is_linear=0
shrinkage=0.05


Tree=42
num_leaves=15
num_cat=0
split_feature=169 95 152 66 29 159 26 27 161 112 103 103 171 173
split_gain=266.178 144.782 142.263 103.13 99.5429 127.843 98.6542 88.9928 125.018 74.1903 85.576 69.6564 68.3536 89.2218
threshold=194.50000000000003 1.7150231599807741 1.0000000180025095e-35 7.5000000000000009 3.995000004768372 2.612847208976746 184.08833312988284 29.013333320617679 25.399498939514164 446.81333923339849 480.16667175292974 63.426666259765632 0.60355338454246532 0.87837970256805431
decision_type=2 2 2 2 2 2 2 2 2 2 2 2 2 2
left_child=1 11 3 4 5 -2 9 8 -5 10 -3 -1 -4 -14
right_child=2 6 12 7 -6 -7 -8 -9 -10 -11 -12 -13 13 -15
leaf_value=0.089008207788354735 0.047102658825435746 -0.0075781876535330212 0.0070135292848908072 -0.028564708839169756 -0.025008782784829209 -0.0075359939769604062 0.072743287749648708 -0.0071676627348323781 0.020350439480732032 0.039202593528370688 -0.049620776953914279 -0.045669320439800772 0.018612319378958367 0.06223175511320872
leaf_weight=5.338196547701954 120.32495563477278 602.10435238480568 1090.8197514340281 144.13161102309823 697.0926766153425 729.47079932875931 31.146161176264286 770.66912814229727 1076.6443318445235 61.167244421318173 147.3148509785533 449.67627638205886 725.80565312132239 137.11896862834692
leaf_count=156 1676 14699 7374 2099 11224 10282 208 5265 7242 928 4505 18072 3667 647
internal_value=-0.000242298 -0.0205723 0.00457222 -0.00141054 -0.011077 0.000430712 -0.0081908 0.00610701 0.0144823 -0.0117275 -0.0161167 -0.043139 0.0153833 0.025862
internal_weight=6788.82 1296.75 5492.08 3538.33 1546.89 849.796 841.733 1991.45 1220.78 810.586 749.419 455.014 1953.74 862.925
internal_count=88044 38568 49476 37788 23182 11958 20340 14606 9341 20132 19204 18228 11688 4314
is_linear=0
shrinkage=0.05


Tree=43
num_leaves=15
num_cat=0
split_feature=158 169 17 88 79 160 166 165 170 76 166 99 96 26
split_gain=246.802 132.517 117.648 103.553 94.7496 111.867 148.065 108.568 128.208 89.1522 94.3984 115.054 86.8794 85.9545
threshold=1.0000000180025095e-35 263.50000000000006 15.993333339691164 33.878334045410163 8.5000000000000018 1068.0000000000002 20.500000000000004 19.500000000000004 1.0000000180025095e-35 1380.5000000000002 18.500000000000004 18.692801475524906 3.0936111211776738 9.9983334541320819
decision_type=2 2 2 2 2 2 2 2 2 2 2 2 2 2
left_child=2 4 -1 -4 7 -6 -7 13 -9 10 12 -12 -3 -2
right_child=1 9 3 -5 5 6 -8 8 -10 -11 11 -13 -14 -15
leaf_value=-0.037060163202877111 -0.017531936465504029 -0.050859448581933489 0.01243219442238043 -0.046909292600724441 -0.02650868433736114 -0.0032636211982887834 0.13598450729517964 0.0063011165560254911 0.071048892114854406 -0.034620392074233994 0.064040707449490544 -0.025990468389247047 0.014647384125257446 0.013008242447223595
leaf_weight=599.04095948301256 634.73261224105954 46.669617660343647 300.53249550610781 91.819597842171788 711.05817905254662 84.12329394929111 19.610424768179655 266.66898400522768 102.83190168067813 105.65440353006124 35.728691510856152 279.06706140190363 3126.3116130754352 355.62254193797708
leaf_count=23778 11610 415 6717 2754 11691 1347 278 3175 985 776 395 3899 17426 2798
internal_value=-0.000232787 0.00373362 -0.0232129 -0.00187063 -0.00599983 -0.0194269 0.0281033 0.00208701 0.0250284 0.00962419 0.0110121 -0.0149306 0.0136054 -0.00655513
internal_weight=6759.47 5768.08 991.393 392.352 2174.65 814.792 103.734 1359.86 369.501 3593.43 3487.78 314.796 3172.98 990.355
internal_count=88044 54795 33249 9471 31884 13316 1625 18568 4160 22911 22135 4294 17841 14408
is_linear=0
shrinkage=0.05


Tree=44
num_leaves=15
num_cat=0
split_feature=77 157 75 99 148 27 101 24 99 68 103 146 142 100
split_gain=231.576 191.9 212.785 161.311 143.767 169.997 122.281 140.624 117.124 113.169 126.225 224.118 98.6509 142.028
threshold=8.5000000000000018 106.50000000000001 216.50000000000003 17.043315887451175 814.06219482421886 29.013333320617679 71.781078338623061 37.006666183471687 81.321853637695327 27.500000000000004 457.15333557128912 1.2286658287048342 9.2090277671813983 35.093334197998054
decision_type=2 2 2 2 2 2 2 2 2 2 2 2 2 2
left_child=1 -1 3 -3 9 12 7 -7 -5 10 11 -2 13 -6
right_child=4 2 -4 8 5 6 -8 -9 -10 -11 -12 -13 -14 -15
leaf_value=-0.021216540287218408 0.041317295980503682 -0.046504693392359235 -0.024633218782207644 0.054426264511413969 0.14762362063444256 0.033553345985185327 -0.021444083166586445 -0.0035197338871351676 -0.0011825611155248683 -0.037611686988771986 -0.038273754923927587 -0.010622478995634628 0.012902540596383103 0.034647809216914363
leaf_weight=1766.4227702673525 317.67964430525899 60.101416634395719 306.62522250600159 316.06912728957832 24.765256533399224 406.27714175917208 408.48849283158779 674.38732717931271 133.99704192951322 235.75806773453951 171.98234231770039 578.72414783202112 696.92038808390498 633.93667214922607
leaf_count=40681 5918 1095 3097 2378 305 2748 3301 4333 1180 3988 5023 4808 3468 5721
internal_value=-0.000229265 -0.0119685 0.00803897 0.0277244 0.00708548 0.01338 0.00170102 0.0105083 0.0380389 -0.00664361 0.000333407 0.00791172 0.0261559 0.0399755
internal_weight=6732.14 2583.22 816.793 510.168 4148.92 2844.78 1489.15 1080.66 450.066 1304.14 1068.39 896.404 1355.62 658.702
internal_count=88044 48431 7750 4653 39613 19876 10382 7081 3558 19737 15749 10726 9494 6026
is_linear=0
shrinkage=0.05


end of trees

feature_importances:
melbourne_day_of_year=54
melbourne_hour=43
utc_hour=27
roll0288_mean_arriving_flexible_gpu_hours_F30=20
lag_fixed_avg_active_gpus_F30_0288=19
roll0048_stddev_pop_queued_requested_gpus=19
melbourne_day_of_week=17
roll2016_stddev_pop_queued_requested_gpus=16
lag_queued_requested_gpus_0288=15
roll0288_max_arriving_flexible_gpu_hours_F30=15
roll0288_mean_total_avg_active_gpus=14
lag_flexible_avg_active_gpus_F30_0576=13
roll0048_stddev_pop_total_avg_active_gpus=13
roll2016_stddev_pop_fixed_avg_active_gpus_F30=13
roll0288_max_total_avg_active_gpus=12
roll2016_max_arriving_flexible_gpu_hours_F30=12
roll0288_stddev_pop_queued_requested_gpus=12
roll0048_max_flexible_avg_active_gpus_F30=11
roll2016_max_total_avg_active_gpus=10
roll0012_mean_arriving_flexible_gpu_hours_F30=10
roll0048_mean_arriving_flexible_gpu_hours_F30=10
lag_total_avg_active_gpus_0576=9
lag_queued_job_count_0048=9
lag_running_job_equivalents_0576=9
roll0012_stddev_pop_queued_requested_gpus=9
roll0288_mean_queued_requested_gpus=9
hour_sin=9
roll0048_max_total_avg_active_gpus=8
lag_flexible_avg_active_gpus_F30_0288=7
roll0048_mean_total_avg_active_gpus=7
roll2016_mean_queued_requested_gpus=7
lag_queued_requested_gpus_0024=6
lag_queued_requested_gpus_2016=6
roll0288_stddev_pop_total_avg_active_gpus=6
roll0048_max_fixed_avg_active_gpus_F30=6
roll0048_max_queued_requested_gpus=6
lag_flexible_avg_active_gpus_F30_0048=5
lag_flexible_avg_active_gpus_F30_2016=5
lag_queued_job_count_2016=5
lag_queued_requested_gpus_0576=5
roll2016_stddev_pop_total_avg_active_gpus=5
roll0288_stddev_pop_fixed_avg_active_gpus_F30=5
roll2016_mean_fixed_avg_active_gpus_F30=5
roll2016_mean_arriving_flexible_gpu_hours_F30=5
lag_running_job_equivalents_0288=4
roll2016_mean_total_avg_active_gpus=4
roll0048_mean_fixed_avg_active_gpus_F30=4
weekday_sin=4
lag_total_avg_active_gpus_2016=3
lag_queued_job_count_0024=3
lag_queued_job_count_0576=3
lag_queued_requested_gpus_0048=3
roll0012_mean_total_avg_active_gpus=3
roll0003_mean_flexible_avg_active_gpus_F30=3
roll0003_max_arriving_flexible_gpu_hours_F30=3
roll0012_max_arriving_flexible_gpu_hours_F30=3
month_sin=3
lag_fixed_avg_active_gpus_F30_0576=2
lag_flexible_avg_active_gpus_F30_0012=2
lag_queued_requested_gpus_0012=2
lag_running_job_equivalents_0048=2
lag_running_job_equivalents_2016=2
roll0012_max_total_avg_active_gpus=2
roll0012_stddev_pop_total_avg_active_gpus=2
roll0003_mean_fixed_avg_active_gpus_F30=2
roll0288_max_fixed_avg_active_gpus_F30=2
roll0048_mean_flexible_avg_active_gpus_F30=2
roll0048_stddev_pop_flexible_avg_active_gpus_F30=2
roll0288_stddev_pop_flexible_avg_active_gpus_F30=2
roll0003_mean_arriving_flexible_gpu_hours_F30=2
roll0048_max_arriving_flexible_gpu_hours_F30=2
roll0288_stddev_pop_arriving_flexible_gpu_hours_F30=2
roll2016_stddev_pop_arriving_flexible_gpu_hours_F30=2
roll0012_max_queued_requested_gpus=2
roll0048_mean_queued_requested_gpus=2
lag_total_avg_active_gpus_0024=1
lag_total_avg_active_gpus_0288=1
lag_fixed_avg_active_gpus_F30_0006=1
lag_fixed_avg_active_gpus_F30_0012=1
lag_fixed_avg_active_gpus_F30_0024=1
lag_fixed_avg_active_gpus_F30_2016=1
lag_flexible_avg_active_gpus_F30_0001=1
lag_flexible_avg_active_gpus_F30_0003=1
lag_flexible_avg_active_gpus_F30_0024=1
lag_queued_job_count_0012=1
lag_queued_job_count_0288=1
lag_queued_requested_gpus_0003=1
lag_running_job_equivalents_0002=1
roll0012_mean_fixed_avg_active_gpus_F30=1
roll0288_mean_fixed_avg_active_gpus_F30=1
roll2016_mean_flexible_avg_active_gpus_F30=1
roll0003_mean_queued_requested_gpus=1
roll0003_max_queued_requested_gpus=1
roll0003_stddev_pop_queued_requested_gpus=1
roll0012_mean_queued_requested_gpus=1
roll0288_max_queued_requested_gpus=1
roll2016_max_queued_requested_gpus=1
is_weekend=1

parameters:
[boosting: gbdt]
[objective: binary]
[metric: binary_logloss]
[tree_learner: serial]
[device_type: cpu]
[data_sample_strategy: bagging]
[data: ]
[valid: ]
[num_iterations: 45]
[learning_rate: 0.05]
[num_leaves: 15]
[num_threads: 4]
[seed: 20260721]
[deterministic: 1]
[force_col_wise: 1]
[force_row_wise: 0]
[histogram_pool_size: -1]
[max_depth: 5]
[min_data_in_leaf: 100]
[min_sum_hessian_in_leaf: 0.001]
[bagging_fraction: 1]
[pos_bagging_fraction: 1]
[neg_bagging_fraction: 1]
[bagging_freq: 0]
[bagging_seed: 11591]
[bagging_by_query: 0]
[feature_fraction: 1]
[feature_fraction_bynode: 1]
[feature_fraction_seed: 24120]
[extra_trees: 0]
[extra_seed: 12737]
[early_stopping_round: 0]
[early_stopping_min_delta: 0]
[first_metric_only: 0]
[max_delta_step: 0]
[lambda_l1: 0]
[lambda_l2: 5]
[linear_lambda: 0]
[min_gain_to_split: 0]
[drop_rate: 0.1]
[max_drop: 50]
[skip_drop: 0.5]
[xgboost_dart_mode: 0]
[uniform_drop: 0]
[drop_seed: 6762]
[top_rate: 0.2]
[other_rate: 0.1]
[min_data_per_group: 100]
[max_cat_threshold: 32]
[cat_l2: 10]
[cat_smooth: 10]
[max_cat_to_onehot: 4]
[top_k: 20]
[monotone_constraints: ]
[monotone_constraints_method: basic]
[monotone_penalty: 0]
[feature_contri: ]
[forcedsplits_filename: ]
[refit_decay_rate: 0.9]
[cegb_tradeoff: 1]
[cegb_penalty_split: 0]
[cegb_penalty_feature_lazy: ]
[cegb_penalty_feature_coupled: ]
[path_smooth: 0]
[interaction_constraints: ]
[verbosity: -1]
[saved_feature_importance_type: 0]
[use_quantized_grad: 0]
[num_grad_quant_bins: 4]
[quant_train_renew_leaf: 0]
[stochastic_rounding: 1]
[linear_tree: 0]
[max_bin: 255]
[max_bin_by_feature: ]
[min_data_in_bin: 3]
[bin_construct_sample_cnt: 200000]
[data_random_seed: 4436]
[is_enable_sparse: 1]
[enable_bundle: 1]
[use_missing: 1]
[zero_as_missing: 0]
[feature_pre_filter: 1]
[pre_partition: 0]
[two_round: 0]
[header: 0]
[label_column: ]
[weight_column: ]
[group_column: ]
[ignore_column: ]
[categorical_feature: ]
[forcedbins_filename: ]
[precise_float_parser: 0]
[parser_config_file: ]
[objective_seed: 18074]
[num_class: 1]
[is_unbalance: 0]
[scale_pos_weight: 1]
[sigmoid: 1]
[boost_from_average: 1]
[reg_sqrt: 0]
[alpha: 0.9]
[fair_c: 1]
[poisson_max_delta_step: 0.7]
[tweedie_variance_power: 1.5]
[lambdarank_truncation_level: 30]
[lambdarank_norm: 1]
[label_gain: ]
[lambdarank_position_bias_regularization: 0]
[eval_at: ]
[multi_error_top_k: 1]
[auc_mu_weights: ]
[num_machines: 1]
[local_listen_port: 12400]
[time_out: 120]
[machine_list_filename: ]
[machines: ]
[gpu_platform_id: -1]
[gpu_device_id: -1]
[gpu_device_id_list: ]
[gpu_use_dp: 0]
[num_gpu: 1]

end of parameters

pandas_categorical:[]
