tree
version=v4
num_class=1
num_tree_per_iteration=1
label_index=0
max_feature_idx=176
objective=regression_l1
feature_names=lag_total_avg_active_gpus_0001 lag_total_avg_active_gpus_0002 lag_total_avg_active_gpus_0003 lag_total_avg_active_gpus_0006 lag_total_avg_active_gpus_0012 lag_total_avg_active_gpus_0024 lag_total_avg_active_gpus_0048 lag_total_avg_active_gpus_0288 lag_total_avg_active_gpus_0576 lag_total_avg_active_gpus_2016 lag_fixed_avg_active_gpus_F30_0001 lag_fixed_avg_active_gpus_F30_0002 lag_fixed_avg_active_gpus_F30_0003 lag_fixed_avg_active_gpus_F30_0006 lag_fixed_avg_active_gpus_F30_0012 lag_fixed_avg_active_gpus_F30_0024 lag_fixed_avg_active_gpus_F30_0048 lag_fixed_avg_active_gpus_F30_0288 lag_fixed_avg_active_gpus_F30_0576 lag_fixed_avg_active_gpus_F30_2016 lag_flexible_avg_active_gpus_F30_0001 lag_flexible_avg_active_gpus_F30_0002 lag_flexible_avg_active_gpus_F30_0003 lag_flexible_avg_active_gpus_F30_0006 lag_flexible_avg_active_gpus_F30_0012 lag_flexible_avg_active_gpus_F30_0024 lag_flexible_avg_active_gpus_F30_0048 lag_flexible_avg_active_gpus_F30_0288 lag_flexible_avg_active_gpus_F30_0576 lag_flexible_avg_active_gpus_F30_2016 lag_arriving_job_count_0001 lag_arriving_job_count_0002 lag_arriving_job_count_0003 lag_arriving_job_count_0006 lag_arriving_job_count_0012 lag_arriving_job_count_0024 lag_arriving_job_count_0048 lag_arriving_job_count_0288 lag_arriving_job_count_0576 lag_arriving_job_count_2016 lag_arriving_requested_gpus_0001 lag_arriving_requested_gpus_0002 lag_arriving_requested_gpus_0003 lag_arriving_requested_gpus_0006 lag_arriving_requested_gpus_0012 lag_arriving_requested_gpus_0024 lag_arriving_requested_gpus_0048 lag_arriving_requested_gpus_0288 lag_arriving_requested_gpus_0576 lag_arriving_requested_gpus_2016 lag_arriving_flexible_gpu_hours_F30_0001 lag_arriving_flexible_gpu_hours_F30_0002 lag_arriving_flexible_gpu_hours_F30_0003 lag_arriving_flexible_gpu_hours_F30_0006 lag_arriving_flexible_gpu_hours_F30_0012 lag_arriving_flexible_gpu_hours_F30_0024 lag_arriving_flexible_gpu_hours_F30_0048 lag_arriving_flexible_gpu_hours_F30_0288 lag_arriving_flexible_gpu_hours_F30_0576 lag_arriving_flexible_gpu_hours_F30_2016 lag_queued_job_count_0001 lag_queued_job_count_0002 lag_queued_job_count_0003 lag_queued_job_count_0006 lag_queued_job_count_0012 lag_queued_job_count_0024 lag_queued_job_count_0048 lag_queued_job_count_0288 lag_queued_job_count_0576 lag_queued_job_count_2016 lag_queued_requested_gpus_0001 lag_queued_requested_gpus_0002 lag_queued_requested_gpus_0003 lag_queued_requested_gpus_0006 lag_queued_requested_gpus_0012 lag_queued_requested_gpus_0024 lag_queued_requested_gpus_0048 lag_queued_requested_gpus_0288 lag_queued_requested_gpus_0576 lag_queued_requested_gpus_2016 lag_running_job_equivalents_0001 lag_running_job_equivalents_0002 lag_running_job_equivalents_0003 lag_running_job_equivalents_0006 lag_running_job_equivalents_0012 lag_running_job_equivalents_0024 lag_running_job_equivalents_0048 lag_running_job_equivalents_0288 lag_running_job_equivalents_0576 lag_running_job_equivalents_2016 roll0003_mean_total_avg_active_gpus roll0003_max_total_avg_active_gpus roll0003_stddev_pop_total_avg_active_gpus roll0012_mean_total_avg_active_gpus roll0012_max_total_avg_active_gpus roll0012_stddev_pop_total_avg_active_gpus roll0048_mean_total_avg_active_gpus roll0048_max_total_avg_active_gpus roll0048_stddev_pop_total_avg_active_gpus roll0288_mean_total_avg_active_gpus roll0288_max_total_avg_active_gpus roll0288_stddev_pop_total_avg_active_gpus roll2016_mean_total_avg_active_gpus roll2016_max_total_avg_active_gpus roll2016_stddev_pop_total_avg_active_gpus roll0003_mean_fixed_avg_active_gpus_F30 roll0003_max_fixed_avg_active_gpus_F30 roll0003_stddev_pop_fixed_avg_active_gpus_F30 roll0012_mean_fixed_avg_active_gpus_F30 roll0012_max_fixed_avg_active_gpus_F30 roll0012_stddev_pop_fixed_avg_active_gpus_F30 roll0048_mean_fixed_avg_active_gpus_F30 roll0048_max_fixed_avg_active_gpus_F30 roll0048_stddev_pop_fixed_avg_active_gpus_F30 roll0288_mean_fixed_avg_active_gpus_F30 roll0288_max_fixed_avg_active_gpus_F30 roll0288_stddev_pop_fixed_avg_active_gpus_F30 roll2016_mean_fixed_avg_active_gpus_F30 roll2016_max_fixed_avg_active_gpus_F30 roll2016_stddev_pop_fixed_avg_active_gpus_F30 roll0003_mean_flexible_avg_active_gpus_F30 roll0003_max_flexible_avg_active_gpus_F30 roll0003_stddev_pop_flexible_avg_active_gpus_F30 roll0012_mean_flexible_avg_active_gpus_F30 roll0012_max_flexible_avg_active_gpus_F30 roll0012_stddev_pop_flexible_avg_active_gpus_F30 roll0048_mean_flexible_avg_active_gpus_F30 roll0048_max_flexible_avg_active_gpus_F30 roll0048_stddev_pop_flexible_avg_active_gpus_F30 roll0288_mean_flexible_avg_active_gpus_F30 roll0288_max_flexible_avg_active_gpus_F30 roll0288_stddev_pop_flexible_avg_active_gpus_F30 roll2016_mean_flexible_avg_active_gpus_F30 roll2016_max_flexible_avg_active_gpus_F30 roll2016_stddev_pop_flexible_avg_active_gpus_F30 roll0003_mean_arriving_flexible_gpu_hours_F30 roll0003_max_arriving_flexible_gpu_hours_F30 roll0003_stddev_pop_arriving_flexible_gpu_hours_F30 roll0012_mean_arriving_flexible_gpu_hours_F30 roll0012_max_arriving_flexible_gpu_hours_F30 roll0012_stddev_pop_arriving_flexible_gpu_hours_F30 roll0048_mean_arriving_flexible_gpu_hours_F30 roll0048_max_arriving_flexible_gpu_hours_F30 roll0048_stddev_pop_arriving_flexible_gpu_hours_F30 roll0288_mean_arriving_flexible_gpu_hours_F30 roll0288_max_arriving_flexible_gpu_hours_F30 roll0288_stddev_pop_arriving_flexible_gpu_hours_F30 roll2016_mean_arriving_flexible_gpu_hours_F30 roll2016_max_arriving_flexible_gpu_hours_F30 roll2016_stddev_pop_arriving_flexible_gpu_hours_F30 roll0003_mean_queued_requested_gpus roll0003_max_queued_requested_gpus roll0003_stddev_pop_queued_requested_gpus roll0012_mean_queued_requested_gpus roll0012_max_queued_requested_gpus roll0012_stddev_pop_queued_requested_gpus roll0048_mean_queued_requested_gpus roll0048_max_queued_requested_gpus roll0048_stddev_pop_queued_requested_gpus roll0288_mean_queued_requested_gpus roll0288_max_queued_requested_gpus roll0288_stddev_pop_queued_requested_gpus roll2016_mean_queued_requested_gpus roll2016_max_queued_requested_gpus roll2016_stddev_pop_queued_requested_gpus utc_hour melbourne_hour melbourne_day_of_week melbourne_month melbourne_day_of_year is_weekend hour_sin hour_cos weekday_sin weekday_cos month_sin month_cos
feature_infos=[0:515.73333740234375] [0:515.73333740234375] [0:515.73333740234375] [0:515.73333740234375] [0:515.73333740234375] [0:515.73333740234375] [0:515.73333740234375] [0:515.73333740234375] [0:515.73333740234375] [0:515.73333740234375] [0:515.73333740234375] [0:515.73333740234375] [0:515.73333740234375] [0:515.73333740234375] [0:515.73333740234375] [0:515.73333740234375] [0:515.73333740234375] [0:515.73333740234375] [0:515.73333740234375] [0:515.73333740234375] [0:512] [0:512] [0:512] [0:512] [0:512] [0:512] [0:512] [0:512] [0:512] [0:512] [0:1718] [0:1718] [0:1718] [0:1718] [0:1718] [0:1718] [0:1718] [0:1718] [0:1718] [0:1718] [0:5632] [0:5632] [0:5632] [0:5632] [0:5632] [0:5632] [0:5632] [0:5632] [0:5632] [0:5632] [0:12685.912109375] [0:12685.912109375] [0:12685.912109375] [0:12685.912109375] [0:12685.912109375] [0:12685.912109375] [0:12685.912109375] [0:12685.912109375] [0:12685.912109375] [0:12685.912109375] [0:9596] [0:9596] [0:9596] [0:9596] [0:9596] [0:9596] [0:9596] [0:9596] [0:9596] [0:1960] [0:9599] [0:9599] [0:9599] [0:9599] [0:9599] [0:9599] [0:9599] [0:9599] [0:9599] [0:6127] [0:463] [0:463] [0:463] [0:463] [0:463] [0:463] [0:463] [0:463] [0:463] [0:463] [0:512] [0:515.73333740234375] [0:240.55458068847656] [0:512] [0:515.73333740234375] [0:255.7161865234375] [0:504.01470947265625] [0:515.73333740234375] [0:250.40919494628906] [0:451.16268920898438] [0:515.73333740234375] [0:230.42581176757812] [6.1177248426247388e-05:262.34512329101562] [0.053333334624767303:515.73333740234375] [0.0014853802276775241:183.8941650390625] [0:512] [0:515.73333740234375] [0:240.55458068847656] [0:509.86666870117188] [0:515.73333740234375] [0:246.19882202148438] [0:504.01470947265625] [0:515.73333740234375] [0:250.40919494628906] [0:283.29208374023438] [0:515.73333740234375] [0:225.25091552734375] [6.1177248426247388e-05:169.79315185546875] [0.053333334624767303:515.73333740234375] [0.0014853802276775241:174.28001403808594] [0:512] [0:512] [0:235.18722534179688] [0:512] [0:512] [0:253.82646179199219] [0:483.61279296875] [0:512] [0:226.47317504882812] [0:411.73898315429688] [0:512] [0:233.52969360351562] [0:178.25611877441406] [0:512] [0:182.61265563964844] [0:4244.66064453125] [0:12685.912109375] [0:5980.1962890625] [0:1061.303955078125] [0:12685.912109375] [0:3506.200927734375] [0:273.25704956054688] [0:12685.912109375] [0:1811.8798828125] [0:45.542839050292969] [0:12685.912109375] [0:746.28338623046875] [0:15.986562728881836] [0:12685.912109375] [0:363.71148681640625] [0:9599] [0:9599] [0:2476.137451171875] [0:9599] [0:9599] [0:2455.648681640625] [0:9599] [0:9599] [0:3645.520751953125] [0:2920.1318359375] [0:9599] [0:3976.248291015625] [0:1056.5416259765625] [0:9599] [0:1794.708251953125] [0:23] [0:23] [0:6] [1:12] [1:366] [0:1] [-1:1] [-1:1] [-0.97492790222167969:0.97492790222167969] [-0.90096884965896606:1] [-1:1] [-1:1]
tree_sizes=1410 1409 1429 1476 1456 1453 1430 1434 1428 1440 1457 1432 1440 1441 1464 1494 1470 1494 1439 1444 1457 1480 1490 1487 1504 1510 1507 1509 1465 1499 1451 1479 1460 1471

Tree=0
num_leaves=15
num_cat=0
split_feature=10 105 166 90 45 106 114 95 84 164 80 90 167 166
split_gain=1659.29 393.675 313.007 164.146 146.578 133.536 85.5077 78.725 76.8699 83.7199 67.855 62.4758 57.228 56.9404
threshold=58.915000915527351 3.0011111497879033 7.5000000000000009 217.29389190673831 24.500000000000004 20.005000114440922 4.17159128189087 0.023281512781977657 35.001667022705085 166.51779937744143 200.82499694824222 74.576667785644545 1.5000000000000002 10.500000000000002
decision_type=2 2 2 2 2 2 2 2 2 2 2 2 2 2
left_child=1 7 6 8 5 -4 -3 -1 9 -2 -5 -11 -8 -10
right_child=3 2 4 10 -6 -7 12 -9 13 11 -12 -13 -14 -15
leaf_value=0 -0.20000000000000001 -0.043999999761581421 0 -0.36858333349227906 0.0064999997615814214 0 0 0 -0.10183333158493042 0 -0.020999999344348909 -0.095333331823349007 0 -0.10833333730697632
leaf_weight=18404 3787 1130 13953 3874 2409 11433 3504 8830 2024 1523 1103 3383 10419 2268
leaf_count=18404 3787 1130 13953 3874 2409 11433 3504 8830 2024 1523 1103 3383 10419 2268
internal_value=-0.00410964 -0.000634212 -0.00362168 -0.0176657 -0.00676619 -0.00788468 0.00218489 0.00406586 -0.0146959 -0.0119798 -0.0253914 -0.00765628 0.00325962 -0.0201769
internal_weight=88044 70082 42848 17962 27795 25386 15053 27234 12985 8693 4977 4906 13923 4292
internal_count=88044 70082 42848 17962 27795 25386 15053 27234 12985 8693 4977 4906 13923 4292
is_linear=0
shrinkage=0.05


Tree=1
num_leaves=15
num_cat=0
split_feature=105 107 0 45 166 166 166 106 110 14 109 85 80 167
split_gain=798.299 291.315 435.756 145.16 169.55 144.662 133.821 126.686 117.042 215.868 97.4353 89.5744 82.3657 70.8759
threshold=12.285555362701418 0.41707238554954534 89.129997253417983 15.500000000000002 9.5000000000000018 5.5000000000000009 7.5000000000000009 3.0049999952316289 0.0047048251144588002 59.329999923706062 157.00666809082034 54.006666183471687 13.821666717529299 1.5000000000000002
decision_type=2 2 2 2 2 2 2 2 2 2 2 2 2 2
left_child=6 5 3 4 -3 11 13 -8 9 -7 -4 -2 -5 -1
right_child=1 2 10 12 -6 8 7 -9 -10 -11 -12 -13 -14 -15
leaf_value=0 0 -0.003999999985098839 -0.10995000019669532 0.10775833755731584 -0.054000002145767216 0 0 0 0 0.0054166668653488166 -0.57395417243242264 -0.017666666954755782 -0.099616664797067656 0
leaf_weight=4743 3625 6610 4484 2688 4563 2883 18167 9961 12875 1044 5112 602 2220 8467
leaf_count=4743 3625 6610 4484 2688 4563 2883 18167 9961 12875 1044 5112 602 2220 8467
internal_value=-0.0027144 -0.00719317 -0.0107663 -0.00573169 -0.00887905 -0.00282875 0.00234623 0.000396332 -0.00490867 0.00264496 -0.0191959 0.00543478 0.00143497 0.00649641
internal_weight=88044 46706 25677 16081 11173 21029 41338 28128 16802 3927 9596 4227 4908 13210
internal_count=88044 46706 25677 16081 11173 21029 41338 28128 16802 3927 9596 4227 4908 13210
is_linear=0
shrinkage=0.05


Tree=2
num_leaves=15
num_cat=0
split_feature=105 107 166 106 80 97 110 41 171 163 15 90 171 167
split_gain=730.677 332.643 324.755 255.295 224.971 152.666 181.051 125.646 115.764 88.3184 74.6969 74.6652 60.4936 57.5452
threshold=42.62944412231446 0.0036500468850135808 7.5000000000000009 3.0049999952316289 16.944999694824222 86.283332824707045 0.032753543928265579 36.500000000000007 0.37940952181816107 1262.0000000000002 183.02333068847659 64.434444427490249 -0.6035533845424651 1.5000000000000002
decision_type=2 2 2 2 2 2 2 2 2 2 2 2 2 2
left_child=2 5 13 -4 9 12 -7 -5 10 -3 -6 -11 -2 -1
right_child=1 4 3 7 8 6 -8 -9 -10 11 -12 -13 -14 -15
leaf_value=0 -0.00027083334326744084 -0.18729999989271165 0 0 -0.17637729369103911 0.0051458335220813754 0 0.025700000524520872 -0.1301250020749867 0.062564165301620969 -0.51404603682458405 -0.041069165460765361 0 0
leaf_weight=6563 357 3667 18167 23306 4309 1150 3261 1023 5648 1262 2002 1631 811 14887
leaf_count=6563 357 3667 18167 23306 4309 1150 3261 1023 5648 1262 2002 1631 811 14887
internal_value=-0.00186828 -0.00928723 0.000928054 -0.00160349 -0.0125108 0.00141476 0.00567255 -0.00495192 -0.0165914 -0.00506474 -0.0212476 0.00146653 -0.0146206 0.00594267
internal_weight=88044 24098 63946 42496 18519 5579 4411 24329 11959 6560 6311 2893 1168 21450
internal_count=88044 24098 63946 42496 18519 5579 4411 24329 11959 6560 6311 2893 1168 21450
is_linear=0
shrinkage=0.05


Tree=3
num_leaves=15
num_cat=0
split_feature=105 107 166 106 33 110 102 100 0 110 162 80 159 71
split_gain=629.225 451.589 349.229 298.152 105.892 94.8284 111.081 102.021 83.9933 101.655 61.9128 59.426 59.2248 53.0603
threshold=64.074443817138686 0.0036500468850135808 7.5000000000000009 3.0049999952316289 9.5000000000000018 0.45235271751880651 53.467554092407234 307.12666320800787 222.03333282470706 2.5071008205413823 72.20932769775392 18.278333663940433 93.001735687255874 640.50000000000011
decision_type=2 2 2 2 2 2 2 2 2 2 2 2 2 2
left_child=2 5 -1 -4 -5 6 7 -2 10 -10 -3 -12 -11 -7
right_child=1 8 3 4 -6 13 -8 -9 9 12 11 -13 -14 -15
leaf_value=0 0.0094718749806284933 -0.38306708330120892 0 0 0.023992707952857018 0.0010499999672174455 0.0048885418459773062 -0.00025729167610406877 -0.0089143636263906926 -1.1285041549243033 -0.010679583044908941 -0.16031483568539842 -0.38933746600523594 -0.081570833325386061
leaf_weight=24104 136 3354 18167 27177 2292 2158 1124 126 619 1478 1547 4138 1339 285
leaf_count=24104 136 3354 18167 27177 2292 2158 1124 126 619 1478 1547 4138 1339 285
internal_value=-0.00169054 -0.0105555 0.000324761 -0.00215676 -0.00526227 0.00446009 0.0148814 -0.0142322 -0.0151643 -0.0218251 -0.0126216 -0.00942882 -0.0258505 -0.00147059
internal_weight=88044 16304 71740 47636 29469 3829 1386 262 12475 3436 9039 5685 2817 2443
internal_count=88044 16304 71740 47636 29469 3829 1386 262 12475 3436 9039 5685 2817 2443
is_linear=0
shrinkage=0.05


Tree=4
num_leaves=15
num_cat=0
split_feature=105 166 106 107 105 102 110 14 42 110 96 41 117 114
split_gain=546.777 340.122 275.781 271.804 165.454 132.507 128.325 123.685 118.238 97.5016 88.6184 88.5118 72.3401 69.0308
threshold=42.62944412231446 7.5000000000000009 3.0049999952316289 0.08251445367932321 75.240001678466811 45.531167984008796 0.0047048251144588002 57.125000000000007 79.500000000000014 2.1538267135620122 308.30828857421881 44.500000000000007 54.793878555297859 18.700359344482425
decision_type=2 2 2 2 2 2 2 2 2 2 2 2 2 2
left_child=1 -1 -3 5 8 -2 7 -7 -5 -6 -11 -4 -10 -13
right_child=3 2 11 4 9 6 -8 -9 12 10 -12 13 -14 -15
leaf_value=0 -0.00025796875946223737 0 0 -0.07132958123292775 -0.005395301401077305 -0.00025729167610406877 0 0.0048885418459773062 -0.03515871412325651 -0.33017649605816468 -1.0435544845452953 -0.0012850000262260436 0.30749919788996688 0.2412191208936274
leaf_weight=21450 1020 18167 23395 5611 1102 218 3923 1025 1226 8084 864 384 1025 550
leaf_count=21450 1020 18167 23395 5611 1102 218 3923 1025 1226 8084 864 384 1025 550
internal_value=-0.0016082 0.000810777 -0.00177996 -0.00802597 -0.0111458 0.00100953 0.00426417 0.0182292 -0.00570739 -0.0153953 -0.0171228 -0.00526013 0.0039672 0.00979766
internal_weight=88044 63946 42496 24098 17912 6186 5166 1243 7862 10050 8948 24329 2251 934
internal_count=88044 63946 42496 24098 17912 6186 5166 1243 7862 10050 8948 24329 2251 934
is_linear=0
shrinkage=0.05


Tree=5
num_leaves=15
num_cat=0
split_feature=105 107 166 106 110 117 42 96 162 117 100 85 134 176
split_gain=478.929 370.986 358.702 297.656 126.213 182.784 88.0038 85.6174 68.3108 55.4807 53.2996 51.5924 64.9412 48.8321
threshold=64.074443817138686 0.79547640681266796 7.5000000000000009 3.0049999952316289 0.0047048251144588002 28.675318717956547 36.500000000000007 162.78228759765628 72.20932769775392 54.13374328613282 307.12666320800787 20.001667022705082 56.419561386108406 -0.68301269412040699
decision_type=2 2 2 2 2 2 2 2 2 2 2 2 2 2
left_child=2 4 -1 -4 5 10 -5 8 -3 -8 -2 12 -6 -9
right_child=1 7 3 6 11 -7 9 13 -10 -11 -12 -13 -14 -15
leaf_value=0 0.0037496873871982091 -0.47161740270007296 0 0 -0.0013062383937825217 0.0089830207960307617 0 -0.61856789088905584 -0.15853990175563271 0.38201892583901997 -0.00023152865432575352 -0.04383450631855882 0.013620439762152325 -0.2780785666844145
leaf_weight=24104 100 2642 18167 27103 1249 899 1891 1907 4093 475 118 3585 378 1333
leaf_count=24104 100 2642 18167 27103 1249 899 1891 1907 4093 475 118 3585 378 1333
internal_value=-0.00139581 -0.00912993 0.000362395 -0.00215256 0.000339438 0.0155526 -0.00525548 -0.0151353 -0.0119065 0.00398566 -0.0251121 -0.00293272 0.0044424 -0.0218182
internal_weight=88044 16304 71740 47636 6329 1117 29469 9975 6735 2366 218 5212 1627 3240
internal_count=88044 16304 71740 47636 6329 1117 29469 9975 6735 2366 218 5212 1627 3240
is_linear=0
shrinkage=0.05


Tree=6
num_leaves=15
num_cat=0
split_feature=105 166 105 110 80 107 46 88 113 10 95 102 111 141
split_gain=463.527 317.081 259.701 95.9347 120.968 90.7956 90.0995 84.3624 83.2897 108.789 76.5673 71.2483 63.3564 59.6517
threshold=3.0011111497879033 7.5000000000000009 64.98944473266603 0.48332919180393225 15.891666889190676 1.6462126374244692 31.500000000000004 11.775000095367433 15.82967519760132 58.915000915527351 0.023281512781977657 49.845819473266609 116.19979095458986 0.78209781646728527
decision_type=2 2 2 2 2 2 2 2 2 2 2 2 2 2
left_child=10 2 11 8 6 13 -5 -6 -3 -10 -1 -2 -13 -4
right_child=1 3 5 4 7 -7 -8 -9 9 -11 -12 12 -14 -15
leaf_value=0 0 0 0.0069428470983974137 0 -0.089539865808881569 -0.37928095566829834 0.019866697830706836 -0.021666666865348818 0 0.0085338697562292228 0 0.00019999999925494197 -0.15691666603088381 -0.087824830465197956
leaf_weight=18404 6260 9335 1640 10871 5100 3111 2655 9931 1239 842 8830 9238 188 400
leaf_count=18404 6260 9335 1640 10871 5100 3111 2655 9931 1239 842 8830 9238 188 400
internal_value=-0.00138048 -0.00380827 0.0011923 -0.00641478 -0.00796338 -0.00854344 -0.00453034 -0.0110501 -0.00253918 0.00649569 0.00404016 0.00439105 0.00713604 -0.000342298
internal_weight=88044 60810 20837 39973 28557 5151 13526 15031 11416 2081 27234 15686 9426 2040
internal_count=88044 60810 20837 39973 28557 5151 13526 15031 11416 2081 27234 15686 9426 2040
is_linear=0
shrinkage=0.05


Tree=7
num_leaves=15
num_cat=0
split_feature=105 10 107 77 6 10 95 10 30 83 17 175 169 165
split_gain=453.002 229.836 182.094 100.818 96.0096 76.8763 76.5673 73.5291 105.905 63.8994 62.5435 57.8796 56.5627 51.8715
threshold=3.0011111497879033 137.00666809082034 1.6350723505020144 5.5000000000000009 18.006667137146 136.44499969482425 0.023281512781977657 53.049999237060554 1.0000000180025095e-35 48.013334274291999 216.83000183105472 -0.68301269412040699 72.500000000000014 12.500000000000002
decision_type=2 2 2 2 2 2 2 2 2 2 2 2 2 2
left_child=6 3 4 5 9 12 -1 8 -5 -3 -6 -4 -2 -8
right_child=1 2 11 7 10 -7 13 -9 -10 -11 -12 -13 -14 -15
leaf_value=0 -0.14130000561475753 -0.10893750096144664 -0.10211641311168429 0 -0.042237813023812687 0.0084575607445767937 0 -0.038643937492081892 0.0083589254083391278 0.016536342943031714 0.0060346002032512112 -0.82885653244097757 0 0
leaf_weight=18404 465 170 645 17186 2800 122 4248 6995 4971 254 606 2957 23639 4582
leaf_count=18404 465 170 645 17186 2800 122 4248 6995 4971 254 606 2957 23639 4582
internal_value=-0.00131858 -0.00371865 -0.0119537 -0.00257104 -0.00435463 -0.0049544 0.00404016 -0.00058991 0.000821226 0.0179487 -0.00715333 -0.0200166 -0.00515782 0.00786644
internal_weight=88044 60810 7432 53378 3830 24226 27234 29152 22157 424 3406 3602 24104 8830
internal_count=88044 60810 7432 53378 3830 24226 27234 29152 22157 424 3406 3602 24104 8830
is_linear=0
shrinkage=0.05


Tree=8
num_leaves=15
num_cat=0
split_feature=105 107 0 94 107 93 117 98 86 95 15 133 171 165
split_gain=430.068 164.319 320.124 175.772 112.927 99.409 95.7009 91.9256 77.2815 76.5673 76.2029 59.8845 52.4986 51.8715
threshold=3.0011111497879033 0.96182951331138622 89.129997253417983 73.006668090820327 0.0036500468850135808 72.98166656494142 25.103399276733402 0.62995049357414257 42.004999160766609 0.023281512781977657 355.02166748046881 289.38000488281256 0.37940952181816107 12.500000000000002
decision_type=2 2 2 2 2 2 2 2 2 2 2 2 2 2
left_child=9 3 6 5 7 11 -3 -5 -8 -1 12 -2 -4 -11
right_child=1 2 10 4 -6 -7 8 -9 -10 13 -12 -13 -14 -15
leaf_value=0 0 -0.039333334565162664 -0.30099460271388023 0.0016957603746373014 -0.00041794627041695639 -0.00021995222160946584 0.00019999999925494197 0 -0.14242438735483751 0 -1.3907800310203999 0 -0.17199000208824874 0
leaf_weight=18404 19270 4955 4004 262 6052 158 9872 7050 888 4248 553 4079 3667 4582
leaf_count=18404 19270 4955 4004 262 6052 158 9872 7050 888 4248 553 4079 3667 4582
internal_value=-0.00118116 -0.00351969 -0.0067449 -0.00142505 0.00315282 -0.00402773 -0.00256043 0.00733224 8.8249e-05 0.00404016 -0.0147345 -0.00375525 -0.013425 0.00786644
internal_weight=88044 60810 23939 36871 13364 23507 15715 7312 10760 27234 8224 23349 7671 8830
internal_count=88044 60810 23939 36871 13364 23507 15715 7312 10760 27234 8224 23349 7671 8830
is_linear=0
shrinkage=0.05


Tree=9
num_leaves=15
num_cat=0
split_feature=105 105 107 94 110 102 114 95 64 162 85 148 165 15
split_gain=379.807 165.275 307.269 177.141 107.928 115.684 77.2749 76.5673 69.0727 62.9251 58.8983 58.5151 51.8715 46.3674
threshold=3.0011111497879033 64.074443817138686 0.86754298210144054 73.006668090820327 0.44233174622058874 53.467554092407234 188.45200347900393 0.023281512781977657 2.5000000000000004 443.29960632324224 20.001667022705082 1523.5213623046877 12.500000000000002 101.00166702270509
decision_type=2 2 2 2 2 2 2 2 2 2 2 2 2 2
left_child=7 3 4 8 5 -3 -4 -1 9 -2 -6 -10 -9 -5
right_child=1 2 6 13 10 -7 -8 12 11 -11 -12 -13 -14 -15
leaf_value=0 0 -0.00020895461052899256 -0.26259127126627563 1.6897875746802208e-05 0.0061920343441215359 0.0058827334961821312 -0.78354872812210474 0 0 0 -0.039428577599212582 -9.9999999627470988e-06 0 -0.022333332896232606
leaf_weight=18404 16878 292 8851 10822 1543 1337 912 4248 12480 1270 3369 2017 4582 1039
leaf_count=18404 16878 292 8851 10822 1543 1337 912 4248 12480 1270 3369 2017 4582 1039
internal_value=-0.000866563 -0.00306421 -0.00737016 -0.00148615 0.00101589 0.0121481 -0.0129863 0.00404016 -0.00338744 -0.00544263 -0.00268456 -0.000813681 0.00786644 0.003746
internal_weight=88044 60810 16304 44506 6541 1629 9763 27234 32645 18148 4912 14497 8830 11861
internal_count=88044 60810 16304 44506 6541 1629 9763 27234 32645 18148 4912 14497 8830 11861
is_linear=0
shrinkage=0.05


Tree=10
num_leaves=15
num_cat=0
split_feature=10 109 107 166 91 160 116 95 86 97 106 171 162 17
split_gain=421.79 115.097 197.665 118.943 87.8872 82.3942 80.3564 75.6041 71.5336 69.7892 68.2768 66.0578 61.3068 51.0185
threshold=3.0016666650772099 151.09999847412112 1.7583160400390627 5.5000000000000009 97.340000152587905 1816.5000000000002 4.796525478363038 0.65403267741203319 422.69332885742193 1.6933333277702334 336.86332702636724 -0.37940952181816096 111.77033615112306 444.21333312988287
decision_type=2 2 2 2 2 2 2 2 2 2 2 2 2 2
left_child=9 3 7 5 -4 6 -2 10 -5 -1 -3 -11 -6 -9
right_child=1 2 4 8 12 -7 -8 13 -10 11 -12 -13 -14 -15
leaf_value=0 -9.9999999627470988e-06 -0.0010119969615250001 0.026513645321004531 0 -0.8290864386400707 -9.9999999627470988e-06 0.00046499084033134707 -0.026991007175491501 -8.4489378734011048e-07 0 0.015415389121071025 0 -0.37923568699018761 0.022796337068257511
leaf_weight=13562 601 477 454 37788 2364 528 12048 3409 166 5807 397 8494 1845 104
leaf_count=13562 601 477 454 37788 2364 528 12048 3409 166 5807 397 8494 1845 104
internal_value=-0.00112948 -0.0034842 -0.00868029 -0.00256375 -0.0158419 0.0015286 0.00233918 -0.00105874 -0.00398456 0.00395615 0.0120592 0.00639242 -0.0180944 -0.00433485
internal_weight=88044 60181 9050 51131 4663 13177 12649 4387 37954 27863 874 14301 4209 3513
internal_count=88044 60181 9050 51131 4663 13177 12649 4387 37954 27863 874 14301 4209 3513
is_linear=0
shrinkage=0.05


Tree=11
num_leaves=15
num_cat=0
split_feature=10 91 107 77 101 95 97 61 171 111 147 100 16 67
split_gain=443.925 90.6511 159.267 92.355 90.9665 76.5201 69.7892 69.2888 66.0578 62.4862 58.0312 52.8181 52.1099 50.1732
threshold=3.0016666650772099 223.98000335693362 2.9164359569549565 5.5000000000000009 94.620452880859389 0.023281512781977657 1.6933333277702334 253.50000000000003 -0.37940952181816096 178.89552307128909 3.4133048057556157 66.026668548583999 383.27333068847662 1.0000000180025095e-35
decision_type=2 2 2 2 2 2 2 2 2 2 2 2 2 2
left_child=6 3 4 9 7 -6 -1 -3 -8 13 -4 -5 -13 -2
right_child=1 2 10 11 5 -7 8 -9 -10 -11 -12 12 -14 -15
leaf_value=0 0 -0.011832181295021286 -1.2179927189660462 0 0.003617589223363036 -8.4489378734011048e-07 0 0.0030146853240841957 0 -0.27374256057315183 -0.092345792975229629 0 -0.19888333335518837 -9.4999999646097443e-06
leaf_weight=13562 19301 1634 1753 2184 347 2054 5807 288 8494 711 607 26021 175 5106
leaf_count=13562 19301 1634 1753 2184 347 2054 5807 288 8494 711 607 26021 175 5106
internal_value=-0.00126123 -0.00367693 -0.00916567 -0.00299049 -0.00345425 0.00303408 0.00395615 -0.0115464 0.00639242 -0.00519842 -0.0195983 -0.00103576 -0.000412198 -0.00477019
internal_weight=88044 60181 6683 53498 4323 2401 27863 1922 14301 25118 2360 28380 26196 24407
internal_count=88044 60181 6683 53498 4323 2401 27863 1922 14301 25118 2360 28380 26196 24407
is_linear=0
shrinkage=0.05


Tree=12
num_leaves=15
num_cat=0
split_feature=105 10 110 102 107 164 44 126 109 89 97 157 171 85
split_gain=355.41 113.087 257.469 119.803 102.594 102.52 82.2647 82.3442 80.653 74.025 59.7959 59.4727 56.8239 45.1012
threshold=4.9988889694213876 64.00333404541017 0.46077346801757818 53.467554092407234 1.7347857356071474 214.53181457519534 39.500000000000007 412.19357299804693 225.72333526611331 4.2049999237060556 1.6933333277702334 1.5000000000000002 -0.37940952181816096 20.001667022705082
decision_type=2 2 2 2 2 2 2 2 2 2 2 2 2 2
left_child=10 6 3 5 13 -3 7 9 -6 -2 -1 -5 -12 -4
right_child=1 2 4 11 8 -7 -8 -9 -10 -11 12 -13 -14 -15
leaf_value=0 0 0.01217865784373722 0.0048068762307603265 0.0078130395936086561 -0.197466995740915 -0.00019803188000431244 0.022000474880788944 0.00059080641565309119 -0.87324920366987857 0 0 0.00054610846973214577 0 -0.038545771426668429
leaf_weight=13562 11642 129 1967 552 5760 168 3507 215 2505 25810 6816 825 10242 4344
leaf_count=13562 11642 129 1967 552 5760 168 3507 215 2505 25810 6816 825 10242 4344
internal_value=-0.000485525 -0.0028052 -0.00633651 0.0122096 -0.00846993 -0.0163907 -0.00141091 -0.00209307 -0.0121342 -0.00227194 0.00386449 0.0184153 0.00583426 -0.00366529
internal_weight=88044 57424 16250 1674 14576 297 41174 37667 8265 37452 30620 1377 17058 6311
internal_count=88044 57424 16250 1674 14576 297 41174 37667 8265 37452 30620 1377 17058 6311
is_linear=0
shrinkage=0.05


Tree=13
num_leaves=15
num_cat=0
split_feature=105 110 10 107 90 166 116 84 97 171 9 160 117 119
split_gain=351.339 95.7531 134.28 82.5719 81.6604 73.5661 68.9621 63.0068 59.7959 56.8239 56.3632 78.068 47.9742 43.9289
threshold=4.9988889694213876 15.41384267807007 87.398334503173842 1.1287024021148684 434.69889831542974 19.500000000000004 185.99476623535159 69.875000000000014 1.6933333277702334 -0.37940952181816096 7.0016667842864999 1816.5000000000002 45.871747970581062 124.3667335510254
decision_type=2 2 2 2 2 2 2 2 2 2 2 2 2 2
left_child=8 4 5 -4 10 -3 13 -5 -1 -10 12 -12 -2 -6
right_child=1 2 3 7 6 -7 -8 -9 9 -11 11 -13 -14 -15
leaf_value=0 -9.9999999627470988e-06 0.00017999999932944777 -0.020988073958602905 -0.71631154818026932 0.0010825306941694677 -0.015310845501717463 -0.38592691177583111 -1.1589644004592123 0 0 0 -8.4489378734011048e-07 0 0.00056126609487043664
leaf_weight=13562 8076 4609 1145 2864 391 823 101 624 6816 10242 34131 1321 2933 406
leaf_count=13562 8076 4609 1145 2864 391 823 101 624 6816 10242 34131 1321 2933 406
internal_value=-0.000460539 -0.00276689 -0.00719464 -0.0134433 -0.00182523 -0.00185764 0.0130676 -0.0172631 0.00386449 0.00583426 -0.00211445 -0.00114364 -0.00523879 0.0180175
internal_weight=88044 57424 10065 4633 47359 5432 898 3488 30620 17058 46461 35452 11009 797
internal_count=88044 57424 10065 4633 47359 5432 898 3488 30620 17058 46461 35452 11009 797
is_linear=0
shrinkage=0.05


Tree=14
num_leaves=15
num_cat=0
split_feature=105 107 105 44 115 166 14 87 160 166 102 126 11 106
split_gain=353.121 125.164 149.938 122.72 75.9438 66.8682 65.0857 68.1602 63.0248 82.2457 65.2005 55.7937 54.2836 50.3238
threshold=18.404444694519047 0.58728396892547619 70.905002593994155 48.500000000000007 484.50000000000006 10.500000000000002 371.91000366210943 49.001667022705085 63.500000000000007 17.500000000000004 40.053592681884773 412.19357299804693 66.00333404541017 6.9533333778381357
decision_type=2 2 2 2 2 2 2 2 2 2 2 2 2 2
left_child=11 4 3 5 8 -3 7 -4 9 -2 -10 13 -5 -1
right_child=1 2 6 12 -6 -7 -8 -9 10 -11 -12 -13 -14 -15
leaf_value=0 0 -0.0099134731053640551 -0.29713936489364445 0.045073341919064314 0.0153882154051632 -0.067335673381823821 -1.0033149300143265 0.0027076867254376639 -0.00018763028600595944 4.9999999813735494e-07 0 0.00053320279012691472 0.50685203208754659 0
leaf_weight=32413 2352 5578 7285 2579 380 3702 506 1440 2126 635 12504 329 519 15696
leaf_count=32413 2352 5578 7285 2579 380 3702 506 1440 2126 635 12504 329 519 15696
internal_value=0.00027144 -0.00323016 -0.00579486 -0.00219656 -0.000149983 -0.0050727 -0.0106161 -0.00959336 -0.000629894 0.00598262 -0.00198155 0.00313461 0.00641315 0.00299289
internal_weight=88044 39606 21609 12378 17997 9280 9231 8725 17617 2987 14630 48438 3098 48109
internal_count=88044 39606 21609 12378 17997 9280 9231 8725 17617 2987 14630 48438 3098 48109
is_linear=0
shrinkage=0.05


Tree=15
num_leaves=15
num_cat=0
split_feature=105 110 106 117 105 114 17 110 86 84 111 113 172 119
split_gain=310.227 128.94 135.202 115.42 103.053 80.5607 109.317 79.6637 79.0698 73.5553 55.4088 50.3635 46.3695 45.338
threshold=18.404444694519047 2.1114969253540044 89.35666656494142 26.793779373168949 92.932224273681655 188.45200347900393 188.60333251953128 0.0047048251144588002 43.004999160766609 34.004999160766609 17.880694389343265 58.429565429687507 -0.37940952181816096 13.269028663635256
decision_type=2 2 2 2 2 2 2 2 2 2 2 2 2 2
left_child=-1 4 3 10 13 6 -4 12 -5 -7 -3 -9 -6 -2
right_child=1 2 5 8 7 9 -8 11 -10 -11 -12 -13 -14 -15
leaf_value=0 0.00041666666045784965 -0.18863802380088288 -0.22335593836643547 0.00067567365459765051 -5.8150663400049959e-05 0.021072632701697083 0.024108938167856447 0.0010946740738502104 -0.04698531467591581 -0.75698712226781284 -0.021273346415060519 0.020089708686839611 0.0072418564921099817 0
leaf_weight=48438 932 1343 7990 10423 158 218 817 1425 2245 824 2976 330 618 9307
leaf_count=48438 932 1343 7990 10423 158 218 817 1425 2245 824 2976 330 618 9307
internal_value=0.000395234 -0.00288682 -0.00485451 -0.00215101 0.00124853 -0.0095139 -0.00794939 0.0102721 0.000256451 -0.0226361 -0.00920444 0.00434659 0.0235595 -0.000985943
internal_weight=88044 39606 26836 16987 12770 9849 8807 2531 12668 1042 4319 1755 776 10239
internal_count=88044 39606 26836 16987 12770 9849 8807 2531 12668 1042 4319 1755 776 10239
is_linear=0
shrinkage=0.05


Tree=16
num_leaves=15
num_cat=0
split_feature=10 16 115 17 77 91 107 11 106 15 106 26 98 80
split_gain=330.813 84.4178 93.9452 86.7334 76.4007 62.4345 58.1724 48.8965 70.321 43.8203 43.5167 73.5899 66.9501 40.7171
threshold=18.996666908264164 355.02166748046881 484.50000000000006 22.003333091735843 5.5000000000000009 317.00666809082037 4.6273322105407724 24.668333053588871 37.709999084472663 173.26833343505862 6.9533333778381357 438.97666931152349 0.046022923663258559 17.268333435058597
decision_type=2 2 2 2 2 2 2 2 2 2 2 2 2 2
left_child=7 2 3 5 -5 -2 9 8 10 -3 12 -12 -1 -4
right_child=1 6 13 4 -6 -7 -8 -9 -10 -11 11 -13 -14 -15
leaf_value=0 -0.00017824877170566147 0.036509513902844369 -0.00669950033547396 -0.0076380949436853328 8.5366205129578626e-06 -0.77605637894672186 -1.7045992798600225 0.012061992030842383 -2.0088604973474422 -0.061385046739785835 0 0.00050654265062056905 0 0.02160899335221644
leaf_weight=13497 13411 103 197 9060 14307 612 287 509 276 648 15499 228 19031 379
leaf_count=13497 13411 103 197 9060 14307 612 287 509 276 648 15499 228 19031 379
internal_value=0.000308919 -0.00312748 -0.00274157 -0.00305121 -0.00118518 -0.00615911 -0.017162 0.0030421 0.00287931 -0.00972222 0.00302424 0.00086448 0.00406818 0.0172117
internal_weight=88044 39004 37966 37390 23367 14023 1038 49040 48531 751 48255 15727 32528 576
internal_count=88044 39004 37966 37390 23367 14023 1038 49040 48531 751 48255 15727 32528 576
is_linear=0
shrinkage=0.05


Tree=17
num_leaves=15
num_cat=0
split_feature=107 105 42 166 164 13 67 162 161 131 77 97 169 31
split_gain=372.815 192.404 95.7688 89.8139 88.7626 89.7246 78.8554 74.6583 67.7298 65.2712 63.7382 56.568 51.7839 51.737
threshold=0.58728396892547619 57.878332138061531 36.500000000000007 11.500000000000002 77.952781677246108 330.05332946777349 502.50000000000006 69.579120635986342 107.59546661376955 44.999393463134773 32.500000000000007 462.71000671386724 128.50000000000003 1.0000000180025095e-35
decision_type=2 2 2 2 2 2 2 2 2 2 2 2 2 2
left_child=4 2 3 10 9 6 -6 11 -7 -1 -2 12 -3 -9
right_child=1 7 -4 -5 5 8 -8 13 -10 -11 -12 -13 -14 -15
leaf_value=0 -2.3249542016567354e-05 -0.7390883707833531 0.091833919110761927 -0.016606584337353177 0 0.014092900146747659 8.0675447979429637e-06 -0.15872204920713892 0.0031978992538858097 0.00038190474718426668 0.0039027423967638759 -1.2160209923984135 -0.17674951183961279 -0.02674646060800677
leaf_weight=21086 5931 958 2683 5320 36295 297 825 3575 347 376 3244 376 2955 3776
leaf_count=21086 5931 958 2683 5320 36295 297 825 3575 347 376 3244 376 2955 3776
internal_value=0.00102102 -0.00364292 -0.000279346 -0.00188621 0.00329051 0.00183087 0.00150842 -0.00860455 0.0202619 0.00585783 0.00111111 -0.0138449 -0.0120342 -0.0055397
internal_weight=88044 28818 17178 14495 59226 37764 37120 11640 644 21462 9175 4289 3913 7351
internal_count=88044 28818 17178 14495 59226 37764 37120 11640 644 21462 9175 4289 3913 7351
is_linear=0
shrinkage=0.05


Tree=18
num_leaves=15
num_cat=0
split_feature=107 0 164 121 86 82 160 149 15 124 88 77 8 162
split_gain=280.711 219.854 90.5659 86.6917 94.0448 71.8527 68.6729 68.6157 60.3875 57.8634 53.2691 49.089 45.2962 58.7398
threshold=1.8542456626892092 89.129997253417983 75.370883941650405 49.016666412353523 11.181666851043703 86.01666641235353 40.500000000000007 30.685441970825199 355.02166748046881 56.001667022705085 224.05999755859378 5.5000000000000009 40.001667022705085 47.363590240478523
decision_type=2 2 2 2 2 2 2 2 2 2 2 2 2 2
left_child=2 11 12 4 5 -4 -6 8 -3 -5 -11 -2 -1 -14
right_child=1 7 3 9 6 -7 -8 -9 -10 10 -12 -13 13 -15
leaf_value=0 -0.031618655581562335 -0.44785482521596692 0 0.0028570825853340004 4.7499999823048724e-07 0.013904941879309846 0 -0.063825923506151155 -1.3962302636103783 1.8787323902119056e-05 0 0.0031309377186498123 0 0.00085815135055641748
leaf_weight=19860 5625 3718 21483 357 1387 254 13914 2584 360 6086 1026 6649 4410 331
leaf_count=19860 5625 3718 21483 357 1387 254 13914 2584 360 6086 1026 6649 4410 331
internal_value=0.00113743 -0.00425532 0.00261528 0.00126932 0.000278055 0.00239168 -0.00272442 -0.0115644 -0.0156013 0.00618143 0.00518477 -0.000285039 0.00504958 0.00943953
internal_weight=88044 18936 69108 44507 37038 21737 15301 6662 4078 7469 7112 12274 24601 4741
internal_count=88044 18936 69108 44507 37038 21737 15301 6662 4078 7469 7112 12274 24601 4741
is_linear=0
shrinkage=0.05


Tree=19
num_leaves=15
num_cat=0
split_feature=80 107 106 2 115 171 31 0 162 159 26 89 149 7
split_gain=249.401 161.911 108.824 108.58 95.66 88.3969 82.2668 80.7111 72.503 64.2199 62.8739 55.6205 53.1514 94.6828
threshold=12.748333454132082 0.86754298210144054 3.0049999952316289 436.00500488281256 96.993331909179702 0.37940952181816107 1.0000000180025095e-35 168.28166198730472 72.20932769775392 0.21006944030523303 1.0000000180025095e-35 25.005000114440922 13.979300022125246 8.0033335685729998
decision_type=2 2 2 2 2 2 2 2 2 2 2 2 2 2
left_child=7 2 4 9 -2 6 10 12 -7 -4 -3 -10 13 -1
right_child=1 5 3 -5 -6 8 -8 -9 11 -11 -12 -13 -14 -15
leaf_value=0 0 -0.3672624742682003 0.0078042673611125844 0.0021694784114242075 -9.3936619510595285e-07 -0.10544307161441516 -0.058810426888297608 -0.17142108155234359 -0.025819977655602056 0 -0.062633272077319752 0.059581181463507174 0 0
leaf_weight=22038 1049 1780 383 716 965 2548 3119 714 2936 18430 2648 1435 15990 13293
leaf_count=22038 1049 1780 383 716 965 2548 3119 714 2936 18430 2648 1435 15990 13293
internal_value=0.000655317 -0.00254346 0.000204195 0.00134637 -0.010847 -0.00663396 -0.0103747 0.00286895 -0.0025491 0.000616431 -0.014753 0.00135969 0.00310174 0.00418412
internal_weight=88044 36009 21543 19529 2014 14466 7547 52035 6919 18813 4428 4371 51321 35331
internal_count=88044 36009 21543 19529 2014 14466 7547 52035 6919 18813 4428 4371 51321 35331
is_linear=0
shrinkage=0.05


Tree=20
num_leaves=15
num_cat=0
split_feature=105 110 162 97 102 16 66 94 17 105 10 80 49 116
split_gain=226.238 246.076 99.6133 98.6339 83.3615 117.88 86.9364 75.7301 73.1068 88.3486 66.652 66.6476 51.228 50.2387
threshold=42.62944412231446 0.0047048251144588002 25.908481597900394 75.224998474121108 64.367351531982436 416.06666564941412 91.500000000000014 72.001667022705092 0.76166665554046642 8.6172223091125506 51.979999542236335 18.001667022705082 16.500000000000004 169.54205322265628
decision_type=2 2 2 2 2 2 2 2 2 2 2 2 2 2
left_child=2 3 8 7 6 11 -3 -2 9 -1 -5 -6 -10 -4
right_child=1 4 13 10 5 -7 -8 -9 12 -11 -12 -13 -14 -15
leaf_value=0 2.1810876558394943e-05 -0.11314466544992781 0 -0.00023551465371358227 0.0045557788352931783 -0.70121787307043648 0.066193605306256897 -0.00016933633312037839 0 -0.021429278248851991 0.0050664624690510826 -0.029350768037769193 0.00038190474718426668 0
leaf_weight=9289 149 7823 40782 125 4049 407 629 119 10383 1446 1110 9687 1116 930
leaf_count=9289 149 7823 40782 125 4049 407 629 119 10383 1446 1110 9687 1116 930
internal_value=0.000917103 -0.00321122 0.00247299 0.0163462 -0.00451549 -0.00216638 -0.00844271 -0.010989 0.00517559 0.0022067 0.0222984 -0.00137545 0.00794506 0.00103195
internal_weight=88044 24098 63946 1503 22595 14143 8452 268 22234 10735 1235 13736 11499 41712
internal_count=88044 24098 63946 1503 22595 14143 8452 268 22234 10735 1235 13736 11499 41712
is_linear=0
shrinkage=0.05


Tree=21
num_leaves=15
num_cat=0
split_feature=80 107 13 160 112 10 166 150 110 171 79 163 1 91
split_gain=213.423 165.122 95.3238 87.7875 79.1256 73.1438 71.9617 66.5291 66.1038 57.491 53.5283 50.5887 50.3082 51.7821
threshold=12.941666603088381 0.94245806336402904 330.05332946777349 4448.0000000000009 391.71333312988287 147.01333618164065 10.500000000000002 450.33332824707037 0.49023723602294927 -0.91597560048103321 59.500000000000007 1478.0000000000002 147.01333618164065 144.0299987792969
decision_type=2 2 2 2 2 2 2 2 2 2 2 2 2 2
left_child=5 2 3 -2 6 12 10 -6 -5 -4 -3 -8 13 -1
right_child=1 4 9 8 7 -7 11 -9 -10 -11 -12 -13 -14 -15
leaf_value=0 0 -0.047459847249460008 0.012847897741320589 -8.923978853506552e-07 -0.81020578294428569 -2.1074443057583059 -0.17049698211480613 0.028427325400072524 4.9999999813735494e-07 0.0023524314120435355 0.017951222817760043 -0.036921650162386875 0.0091608788823857989 -1.5268634419699234
leaf_weight=50902 20422 4936 259 403 741 591 3195 299 281 517 2149 2629 515 205
leaf_count=50902 20422 4936 259 403 741 591 3195 299 281 517 2149 2629 515 205
internal_value=0.00103352 -0.001938 0.000772148 0.000137369 -0.00618819 0.0030727 -0.0051146 -0.0194258 -0.0174165 0.0179257 -0.00172779 -0.00922971 0.00327348 0.00311571
internal_weight=88044 35831 21882 21106 13949 52213 12909 1040 684 776 7085 5824 51622 51107
internal_count=88044 35831 21882 21106 13949 52213 12909 1040 684 776 7085 5824 51622 51107
is_linear=0
shrinkage=0.05


Tree=22
num_leaves=15
num_cat=0
split_feature=80 107 105 13 160 110 105 120 171 171 148 102 117 3
split_gain=205.701 151.81 100.442 82.8469 73.8284 76.9443 65.6062 64.9017 61.6101 59.6342 58.3192 53.9921 49.648 48.9715
threshold=12.941666603088381 1.7583160400390627 80.651111602783217 330.05332946777349 4448.0000000000009 0.49023723602294927 179.75666046142581 41.993333816528327 -0.91597560048103321 0.37940952181816107 1233.6594848632815 61.91188049316407 63.546262741088874 72.001667022705092
decision_type=2 2 2 2 2 2 2 2 2 2 2 2 2 2
left_child=6 3 11 4 7 -6 13 -2 -5 -4 -11 -3 -10 -1
right_child=1 2 9 8 5 -7 -8 -9 12 10 -12 -13 -14 -15
leaf_value=0 0 -0.07154900458605308 -0.47532609444944413 0.012205502854254559 -8.4777799108312247e-07 4.7499999823048724e-07 -4.0805722795387425 1.9113053538401758e-05 0.0057723092468272234 -0.35685701097266115 0.088484443830726719 0.0087781374582218252 -0.010482821102143514 0.0081120707673027845
leaf_weight=48824 15037 2536 2672 275 403 334 385 8142 163 1736 699 3396 438 3004
leaf_count=48824 15037 2536 2672 275 403 334 385 8142 163 1736 699 3396 438 3004
internal_value=0.00112437 -0.00179289 -0.00666878 0.000379078 -0.000175578 -0.0157008 0.00312632 0.000321342 0.015437 -0.0118056 -0.00612705 -0.00224019 0.00635314 0.00327976
internal_weight=88044 35831 11039 24792 23916 737 52213 23179 876 5107 2435 5932 601 51828
internal_count=88044 35831 11039 24792 23916 737 52213 23179 876 5107 2435 5932 601 51828
is_linear=0
shrinkage=0.05


Tree=23
num_leaves=15
num_cat=0
split_feature=80 27 107 13 105 27 110 95 10 1 107 102 149 29
split_gain=233.829 109.192 125.579 96.1745 91.39 86.1187 59.1294 58.1711 57.1219 58.4066 50.7204 49.7238 48.8271 91.763
threshold=12.941666603088381 370.08666992187506 1.7583160400390627 330.05332946777349 75.240001678466811 17.008333206176761 5.3309192657470712 0.85520318150520336 147.01333618164065 123.4650001525879 0.33941307663917547 64.367351531982436 13.979300022125246 95.043334960937514
decision_type=2 2 2 2 2 2 2 2 2 2 2 2 2 2
left_child=8 2 3 5 11 -2 -6 -5 9 12 -11 -4 -1 -14
right_child=1 -3 4 7 6 -7 -8 -9 -10 10 -12 -13 13 -15
leaf_value=0 -8.0538909152896633e-07 -9.5565267692008793e-07 -0.055586931801458864 0.011187014892213474 0.062180749597056155 9.6622758240206765e-08 -0.3824679141562925 0.013507789493340767 -1.936655206171755 0.0077064672289376456 0.024981683364569712 0.014115796250320046 0 4.7499999823048724e-07
leaf_weight=35005 13797 587 2548 392 599 9649 4970 435 591 417 407 2854 14577 1216
leaf_count=35005 13797 587 2548 392 599 9649 4970 435 591 417 407 2854 14577 1216
internal_value=0.000926757 -0.00218356 -0.00182558 0.000181234 -0.00626367 -0.000411496 -0.0107553 0.016887 0.0030612 0.00323862 0.0164053 -0.00162752 0.00302344 0.00071528
internal_weight=88044 35831 35244 24273 10971 23446 5569 827 52213 51622 824 5402 50798 15793
internal_count=88044 35831 35244 24273 10971 23446 5569 827 52213 51622 824 5402 50798 15793
is_linear=0
shrinkage=0.05


Tree=24
num_leaves=15
num_cat=0
split_feature=80 114 106 157 107 91 110 109 107 105 149 93 176 159
split_gain=184.776 303.039 147.866 189.056 120.298 123.911 75.8171 71.7254 55.2223 51.7476 53.5171 71.2047 62.1826 61.7974
threshold=12.941666603088381 2.2974131107330327 3.0049999952316289 33.500000000000007 0.94245806336402904 89.103332519531264 0.08609138056635858 225.72333526611331 0.020487788133323196 179.75666046142581 13.979300022125246 75.896247863769545 -0.25000000000000006 644.95138549804699
decision_type=2 2 2 2 2 2 2 2 2 2 2 2 2 2
left_child=9 6 3 -3 5 -4 -2 -6 -5 10 12 -12 13 -1
right_child=1 2 4 8 7 -7 -8 -9 -10 -11 11 -13 -14 -15
leaf_value=0 4.0269454576448319e-08 4.0269454576448319e-08 -3.6596368844215301e-07 -9.078700430740835e-07 -0.032125969573422182 0.00084209358984623168 4.0269454576448319e-08 -0.40525671375738503 -7.6511963695251805e-07 -3.7797109052532174 0 0.0073211438674907637 0 -4.2683102564789315e-07
leaf_weight=13027 362 204 11032 1024 11290 8819 178 2556 366 385 15193 1090 22134 384
leaf_count=13027 362 204 11032 1024 11290 8819 178 2556 366 385 15193 1090 22134 384
internal_value=0.000994333 -0.00177057 -0.00234163 -0.0171982 -0.0016364 0.000858683 0.0352294 -0.00521262 -0.0237993 0.00289172 0.00302799 0.000653856 0.00411533 0.00680158
internal_weight=88044 35831 35291 1594 33697 19851 540 13846 1390 52213 51828 16283 35545 13411
internal_count=88044 35831 35291 1594 33697 19851 540 13846 1390 52213 51828 16283 35545 13411
is_linear=0
shrinkage=0.05


Tree=25
num_leaves=15
num_cat=0
split_feature=91 20 11 118 107 102 162 113 176 149 130 113 164 107
split_gain=237.683 181.488 164.046 156.794 133.993 111.103 110.141 100.199 98.6277 91.3363 90.2292 78.7565 72.6216 63.0416
threshold=53.966667175292976 25.993332862854007 3.0016666650772099 146.78666687011722 0.08251445367932321 41.949888229370124 25.908481597900394 0.094007804989814772 -0.25000000000000006 31.993782043457035 172.02666473388675 5.1972043514251718 287.28334045410162 0.025215016677975658
decision_type=2 2 2 2 2 2 2 2 2 2 2 2 2 2
left_child=1 6 8 -3 5 11 10 -7 -2 12 -1 -4 -6 -10
right_child=2 3 4 -5 9 7 -8 -9 13 -11 -12 -13 -14 -15
leaf_value=0 0.0069550866741162247 3.8255981847625903e-08 -4.9608580334950407e-05 4.0562364241693843e-08 -0.11979058547018701 0.0069662571311985486 0 0.00087597080998002294 -8.6812200292309638e-07 0.001059893768668157 0.0010280315716893549 -8.9708503792153203e-07 -0.0036768108598815297 -1.856762890178415e-06
leaf_weight=21843 444 406 455 1419 8824 220 32438 7371 902 7712 281 853 4323 553
leaf_count=21843 444 406 455 1419 8824 220 32438 7371 902 7712 281 853 4323 553
internal_value=0.00133505 0.00328149 -0.00213189 0.0187705 -0.00122132 0.00391397 0.00276174 0.00623354 -0.0163603 -0.00341258 0.00548149 -0.00952018 -0.00594586 -0.022637
internal_weight=88044 56387 31657 1825 29758 8899 54562 7591 1899 20859 22124 1308 13147 1455
internal_count=88044 56387 31657 1825 29758 8899 54562 7591 1899 20859 22124 1308 13147 1455
is_linear=0
shrinkage=0.05


Tree=26
num_leaves=15
num_cat=0
split_feature=90 106 107 20 118 169 91 162 131 105 94 113 90 107
split_gain=213.843 168.976 127.455 122.775 182.066 115.468 108.351 97.9868 98.0145 93.1916 79.2644 111.561 103.585 60.8419
threshold=47.069444656372077 3.0049999952316289 1.7832301855087282 25.993332862854007 146.78666687011722 284.50000000000006 35.951665878295906 25.908481597900394 44.999393463134773 80.651111602783217 73.006668090820327 0.094007804989814772 72.998332977294936 0.025215016677975658
decision_type=2 2 2 2 2 2 2 2 2 2 2 2 2 2
left_child=3 5 10 7 -5 -2 -6 8 -1 -4 12 -12 -3 -7
right_child=1 2 9 4 6 13 -8 -9 -10 -11 11 -13 -14 -15
leaf_value=0 0.006607332340410413 -3.9729530360375692e-05 -0.0082666939946611073 3.6343182755244614e-08 -2.0281182120846923e-09 -8.2471590277694161e-07 5.6539520786471277e-08 0 0.0010098795350842015 -0.32445008136517722 0.0011773478042946038 0.00083217226948102165 -0.0001583305198086134 -7.2980760696223921e-07
leaf_weight=21713 356 4016 6490 407 202 910 794 31708 314 6143 203 14277 194 317
leaf_count=21713 356 4016 6490 407 202 910 794 31708 314 6143 203 14277 194 317
internal_value=0.00131177 -0.00187779 -0.00107093 0.00321528 0.0177912 -0.0177897 0.00619381 0.00283309 0.00539443 -0.00494936 0.00155122 0.00330687 -0.00448399 -0.0250406
internal_weight=88044 32906 31323 55138 1403 1583 996 53735 22027 12633 18690 14480 4210 1227
internal_count=88044 32906 31323 55138 1403 1583 996 53735 22027 12633 18690 14480 4210 1227
is_linear=0
shrinkage=0.05


Tree=27
num_leaves=15
num_cat=0
split_feature=91 11 20 118 162 110 67 0 91 176 130 97 113 111
split_gain=208.342 169.323 116.034 195.643 107.046 106.061 104.998 119.772 104.331 95.9939 90.2292 84.0589 104.095 70.8339
threshold=53.966667175292976 3.0016666650772099 25.993332862854007 146.78666687011722 25.908481597900394 8.0962705612182635 186.50000000000003 226.03333282470706 35.951665878295906 -0.25000000000000006 172.02666473388675 73.921665191650405 0.094007804989814772 43.790208816528327
decision_type=2 2 2 2 2 2 2 2 2 2 2 2 2 2
left_child=2 9 4 -4 10 11 7 -7 -5 -2 -1 13 -13 -3
right_child=1 5 3 8 -6 6 -8 -9 -10 -11 -12 12 -14 -15
leaf_value=0 0.0062769657233898921 -3.7205930572139908e-05 3.4526023617482378e-08 -1.9267123014804578e-09 0 -0.039513699690865378 0.053941048682188533 -0.570239179301823 5.3712544747147711e-08 -7.8534782490493355e-07 0.00092613601635067704 0.0011184804140798735 0.00071982722849583264 -0.041170585157247239
leaf_weight=21843 444 912 406 202 32438 10542 720 2362 1217 1455 281 192 14412 618
leaf_count=21843 444 912 406 202 32438 10542 720 2362 1217 1455 281 192 14412 618
internal_value=0.00139354 -0.00185238 0.00321588 0.0156011 0.00280023 -0.000927326 -0.00417492 -0.00521342 0.00677669 -0.0163078 0.00548149 0.00181548 0.00298446 -0.00931596
internal_weight=88044 31657 56387 1825 54562 29758 13624 12904 1419 1899 22124 16134 14604 1530
internal_count=88044 31657 56387 1825 54562 29758 13624 12904 1419 1899 22124 16134 14604 1530
is_linear=0
shrinkage=0.05


Tree=28
num_leaves=15
num_cat=0
split_feature=86 107 106 113 25 65 0 96 159 123 90 11 106 66
split_gain=195.964 115.64 110.119 115.18 96.7333 85.309 76.1107 73.835 77.3726 262.418 72.452 92.4621 74.9841 60.9732
threshold=43.004999160766609 5.8900744915008554 3.0049999952316289 0.28095169365406042 0.95833334326744091 34.500000000000007 87.083332061767592 251.40604400634768 21.890625000000004 25.30444431304932 81.002777099609389 70.001667022705092 68.006668090820327 464.50000000000006
decision_type=2 2 2 2 2 2 2 2 2 2 2 2 2 2
left_child=1 7 6 -4 5 -5 -2 8 9 -1 11 12 -3 -9
right_child=2 10 3 4 -6 -7 -8 13 -10 -11 -12 -13 -14 -15
leaf_value=0 0 0.0023487865956845766 0.00034404098639740206 -0.044843643167929152 -3.4857115692798307e-05 -0.7352363935092634 -7.4421271639284782e-07 0.017365939240638159 0 3.2799722436608261e-08 -0.41719148903456227 0.17322334959390628 -0.43668038446113888 -5.9581684826856535e-07
leaf_weight=33634 269 2962 198 2561 9655 494 1039 682 30801 499 3146 876 1122 106
leaf_count=33634 269 2962 198 2561 9655 494 1039 682 30801 499 3146 876 1122 106
internal_value=0.00157753 0.00261265 -0.0037972 -0.00239294 -0.0029886 -0.0107353 -0.0175933 0.00330762 0.00312216 0.00476156 -0.00302059 0.000745217 -0.00242113 0.0184741
internal_weight=88044 73828 14216 12908 12710 3055 1308 65722 64934 34133 8106 4960 4084 788
internal_count=88044 73828 14216 12908 12710 3055 1308 65722 64934 34133 8106 4960 4084 788
is_linear=0
shrinkage=0.05


Tree=29
num_leaves=15
num_cat=0
split_feature=85 106 107 110 96 119 26 105 11 106 107 8 159 146
split_gain=185.768 150.859 99.5009 87.5729 91.8378 84.5773 71.6075 64.5722 59.1457 65.4213 57.921 57.4879 57.331 284.206
threshold=42.004999160766609 3.0049999952316289 5.8900744915008554 19.065421104431156 233.81732940673831 79.324413299560561 54.973333358764656 80.651111602783217 69.006668090820327 68.006668090820327 0.020487788133323196 214.4616622924805 22.515625000000004 23.245990753173832
decision_type=2 2 2 2 2 2 2 2 2 2 2 2 2 2
left_child=2 10 12 5 -5 6 -3 8 9 -4 -2 -7 13 -1
right_child=1 3 7 4 -6 11 -8 -9 -10 -11 -12 -13 -14 -15
leaf_value=0 -7.0135661857048827e-07 -0.024677251691364092 0.0022843101661969836 -0.012129534540289623 -0.81030459415898626 0.0010453543440560099 0.00091665857355435927 -0.49693394995390855 0.11909950989201652 -0.43980090398433325 -5.2105710318297035e-07 -0.0001630657167095504 0 3.1159736314777842e-08
leaf_weight=33905 890 3529 3158 854 682 4180 1409 2675 997 1155 352 2525 30973 760
leaf_count=33905 890 3529 3158 854 682 4180 1409 2675 997 1155 352 2525 30973 760
internal_value=0.00164284 -0.00354568 0.00265931 -0.00197209 -0.0131733 -0.000489354 -0.00545215 -0.00260951 0.000583255 -0.00195692 -0.0201684 0.00316692 0.00330043 0.00469714
internal_weight=88044 14421 73623 13179 1536 11643 4938 7985 5310 4313 1242 6705 65638 34665
internal_count=88044 14421 73623 13179 1536 11643 4938 7985 5310 4313 1242 6705 65638 34665
is_linear=0
shrinkage=0.05


Tree=30
num_leaves=15
num_cat=0
split_feature=92 80 26 11 161 131 97 113 0 164 105 11 114 31
split_gain=195.86 117.98 112.012 107.034 95.0961 90.578 84.5801 134.706 270.772 85.4809 69.6265 78.4087 77.067 62.0891
threshold=1.0000000180025095e-35 13.623333454132082 1.0000000180025095e-35 3.0016666650772099 54.383300781250007 140.80397796630862 1.0066666603088381 0.017377180047333244 17.95666599273682 74.413391113281264 2.9916666746139531 3.0016666650772099 9.330902576446535 1.0000000180025095e-35
decision_type=2 2 2 2 2 2 2 2 2 2 2 2 2 2
left_child=5 10 13 4 -4 6 -1 8 -8 -9 11 -2 -12 -3
right_child=1 2 3 -5 -6 -7 7 9 -10 -11 12 -13 -14 -15
leaf_value=0 0 -0.11680259049399272 3.1241735620869368e-08 0.0001564103139601789 -1.537665718765599e-06 -6.662887876419638e-07 0 0 0.00019551035832281259 0 -0.018087117658283192 0.0015820952561789452 0.00068490779695527533 -0.045494195515484073
leaf_weight=13139 2598 4593 131 14783 1098 294 955 11059 820 16179 3230 403 13874 4888
leaf_count=13139 2598 4593 131 14783 1098 294 955 11059 820 16179 3230 403 13874 4888
internal_value=0.00190803 -0.0003673 -0.0026257 -7.49204e-05 -0.014222 0.00435208 0.0045461 0.00605314 0.019382 0.00518115 0.00249627 0.0095143 0.00126249 -0.00693127
internal_weight=88044 45598 25493 16012 1229 42446 42152 29013 1775 27238 20105 3001 17104 9481
internal_count=88044 45598 25493 16012 1229 42446 42152 29013 1775 27238 20105 3001 17104 9481
is_linear=0
shrinkage=0.05


Tree=31
num_leaves=15
num_cat=0
split_feature=92 163 166 82 113 105 131 102 131 118 86 7 47 30
split_gain=181.242 135.436 113.458 102.095 133.196 92.2407 89.5418 81.2729 64.8307 64.314 81.885 63.2997 61.2039 57.6722
threshold=1.0000000180025095e-35 1353.5000000000002 17.500000000000004 15.678333282470705 0.16197178512811664 57.878332138061531 55.443994522094734 54.986400604248054 140.80397796630862 146.78666687011722 16.218333244323734 63.004999160766609 40.500000000000007 1.5000000000000002
decision_type=2 2 2 2 2 2 2 2 2 2 2 2 2 2
left_child=1 3 5 6 -5 12 7 -1 9 10 -3 -4 -2 -13
right_child=2 8 11 4 -6 -7 -8 -9 -10 -11 -12 13 -14 -15
leaf_value=0 3.9561340045071172e-05 0 -7.2844983571172643e-06 0.0018983397461280389 0.00038390469074879553 -0.044370172164244326 0.00087005213963018682 0 -6.3297434825986561e-07 0 -9.7459161666415907e-06 -0.00045169166026658283 0.095043851399904442 0.0094714699559030457
leaf_weight=15852 23012 986 5282 356 4130 11912 286 5774 294 13597 1171 2793 1988 611
leaf_count=15852 23012 986 5282 356 4130 11912 286 5774 294 13597 1171 2793 1988 611
internal_value=0.00125896 0.00361004 -0.000929763 0.00581184 0.0126809 0.000280359 0.00440297 0.00403125 -1.24587e-05 0.000425154 -0.00758557 -0.0060695 0.0020056 -0.0113816
internal_weight=88044 42446 45598 26398 4486 36912 21912 21626 16048 15754 2157 8686 25000 3404
internal_count=88044 42446 45598 26398 4486 36912 21912 21626 16048 15754 2157 8686 25000 3404
is_linear=0
shrinkage=0.05


Tree=32
num_leaves=15
num_cat=0
split_feature=107 149 109 166 98 165 125 31 165 16 131 105 164 86
split_gain=161.045 118.444 131.899 109.464 84.9229 103.556 84.5425 75.2227 66.193 102.923 63.0697 54.5614 81.3443 54.1389
threshold=1.0000000180025095e-35 10.39131021499634 3.0066666603088383 21.500000000000004 1.0000000180025095e-35 4.5000000000000009 19.824971199035648 1.0000000180025095e-35 13.500000000000002 387.06832885742193 140.80397796630862 18.404444694519047 364.50460815429693 38.996665954589851
decision_type=2 2 2 2 2 2 2 2 2 2 2 2 2 2
left_child=1 2 -1 6 5 -4 10 8 11 -10 -3 -2 -13 -5
right_child=7 3 4 13 -6 -7 -8 -9 9 -11 -12 12 -14 -15
leaf_value=0 -1.9780670022535586e-06 0 0 0 0 0.00085979907462799222 0.0059631174372203975 0.0012698602443315628 0.00015620218058150917 -1.5483314183894237 -6.013256308468723e-07 -0.075702040344157354 0.00025794813224293511 0.00091516055405302984
leaf_weight=12727 4972 20745 143 1729 8279 517 379 16684 12212 154 553 6132 2263 555
leaf_count=12727 4972 20745 143 1729 8279 517 379 16684 12212 154 553 6132 2263 555
internal_value=0.000993197 0.00305487 0.00573347 0.000632146 0.0103869 0.027594 -0.000465824 -0.0012246 -0.00291981 -0.00028292 -0.000884852 -0.00535821 -0.00781548 0.011031
internal_weight=88044 45627 21666 23961 8939 660 21677 42417 25733 12366 21298 13367 8395 2284
internal_count=88044 45627 21666 23961 8939 660 21677 42417 25733 12366 21298 13367 8395 2284
is_linear=0
shrinkage=0.05


Tree=33
num_leaves=15
num_cat=0
split_feature=92 149 15 98 94 27 4 112 163 113 10 89 105 67
split_gain=130.747 95.811 114.318 115.523 80.28 156.45 113.526 157.484 74.4594 73.8744 81.1084 68.1621 63.4237 83.2122
threshold=1.0000000180025095e-35 11.898933887481691 16.001667022705082 0.15067886561155322 76.001667022705092 362.66667175292974 23.863333702087406 2.0066666603088383 40.500000000000007 0.045821817591786392 3.8699998855590825 17.265000343322757 64.074443817138686 19.500000000000004
decision_type=2 2 2 2 2 2 2 2 2 2 2 2 2 2
left_child=1 2 9 -4 6 -6 8 -8 -3 10 -1 -5 -2 -14
right_child=12 4 3 11 5 -7 7 -9 -10 -11 -12 -13 13 -15
leaf_value=0 3.6422491785586322e-07 -1.915853654240789e-05 0.0017604328050902372 0 0.00091590956380369461 -6.662887876419638e-07 -9.2586203583095119e-06 -5.8756137932666956e-07 0 0 -4.248995373326226e-05 0.00030955987077844549 -0.11055361680892223 0.014920722223888728
leaf_weight=8675 32765 111 373 2871 4202 182 298 4666 10761 8780 444 1083 10223 2610
leaf_count=8675 32765 111 373 2871 4202 182 298 4666 10761 8780 444 1083 10223 2610
internal_value=0.000775704 0.00277261 0.00503801 0.0123269 0.000281829 0.00626566 -0.00137618 -0.00763735 0.00148478 0.00327301 0.000120561 0.00978783 -0.00108326 -0.00406216
internal_weight=88044 42446 22226 4327 20220 4384 15836 4964 10872 17899 9119 3954 45598 12833
internal_count=88044 42446 22226 4327 20220 4384 15836 4964 10872 17899 9119 3954 45598 12833
is_linear=0
shrinkage=0.05


end of trees

feature_importances:
roll0003_stddev_pop_fixed_avg_active_gpus_F30=33
roll0003_mean_fixed_avg_active_gpus_F30=32
roll0012_stddev_pop_fixed_avg_active_gpus_F30=20
roll0003_max_fixed_avg_active_gpus_F30=18
melbourne_hour=18
lag_fixed_avg_active_gpus_F30_0001=14
lag_running_job_equivalents_0001=13
roll2016_mean_total_avg_active_gpus=11
roll2016_mean_queued_requested_gpus=11
hour_sin=11
roll0048_stddev_pop_fixed_avg_active_gpus_F30=10
roll0003_max_total_avg_active_gpus=9
roll0048_max_total_avg_active_gpus=9
lag_total_avg_active_gpus_0001=8
lag_fixed_avg_active_gpus_F30_0002=8
roll0012_stddev_pop_total_avg_active_gpus=8
lag_running_job_equivalents_0048=7
roll0003_mean_total_avg_active_gpus=7
roll2016_mean_fixed_avg_active_gpus_F30=7
roll2016_stddev_pop_arriving_flexible_gpu_hours_F30=7
roll2016_stddev_pop_queued_requested_gpus=7
lag_fixed_avg_active_gpus_F30_0024=6
roll0288_mean_fixed_avg_active_gpus_F30=6
roll0288_stddev_pop_flexible_avg_active_gpus_F30=6
roll0288_max_queued_requested_gpus=6
lag_fixed_avg_active_gpus_F30_0288=5
lag_queued_requested_gpus_0288=5
lag_running_job_equivalents_0024=5
roll0012_max_total_avg_active_gpus=5
roll0012_max_fixed_avg_active_gpus_F30=5
roll0288_mean_queued_requested_gpus=5
utc_hour=5
lag_fixed_avg_active_gpus_F30_0006=4
lag_fixed_avg_active_gpus_F30_0048=4
lag_flexible_avg_active_gpus_F30_0048=4
lag_arriving_job_count_0002=4
lag_queued_job_count_0288=4
roll0048_mean_total_avg_active_gpus=4
roll0048_stddev_pop_total_avg_active_gpus=4
roll0048_mean_fixed_avg_active_gpus_F30=4
roll2016_max_fixed_avg_active_gpus_F30=4
roll2016_max_queued_requested_gpus=4
month_cos=4
lag_fixed_avg_active_gpus_F30_0012=3
lag_flexible_avg_active_gpus_F30_0001=3
lag_flexible_avg_active_gpus_F30_0288=3
lag_arriving_requested_gpus_0003=3
lag_running_job_equivalents_0012=3
lag_running_job_equivalents_2016=3
roll0003_stddev_pop_total_avg_active_gpus=3
roll0288_max_total_avg_active_gpus=3
roll0288_max_fixed_avg_active_gpus_F30=3
roll0288_stddev_pop_fixed_avg_active_gpus_F30=3
roll2016_stddev_pop_fixed_avg_active_gpus_F30=3
melbourne_day_of_week=3
melbourne_day_of_year=3
lag_total_avg_active_gpus_0002=2
lag_total_avg_active_gpus_0288=2
lag_total_avg_active_gpus_0576=2
lag_arriving_job_count_0001=2
lag_arriving_requested_gpus_0002=2
lag_arriving_requested_gpus_0012=2
lag_arriving_requested_gpus_0024=2
lag_queued_job_count_0048=2
lag_running_job_equivalents_0003=2
lag_running_job_equivalents_0576=2
roll0012_mean_total_avg_active_gpus=2
roll0048_max_fixed_avg_active_gpus_F30=2
roll0048_mean_flexible_avg_active_gpus_F30=2
roll0288_max_flexible_avg_active_gpus_F30=2
roll2016_max_arriving_flexible_gpu_hours_F30=2
roll0048_max_queued_requested_gpus=2
roll0288_stddev_pop_queued_requested_gpus=2
lag_total_avg_active_gpus_0003=1
lag_total_avg_active_gpus_0006=1
lag_total_avg_active_gpus_0012=1
lag_total_avg_active_gpus_0048=1
lag_total_avg_active_gpus_2016=1
lag_flexible_avg_active_gpus_F30_0024=1
lag_flexible_avg_active_gpus_F30_2016=1
lag_arriving_job_count_0006=1
lag_arriving_requested_gpus_0048=1
lag_arriving_requested_gpus_0288=1
lag_arriving_requested_gpus_2016=1
lag_queued_job_count_0002=1
lag_queued_job_count_0012=1
lag_queued_job_count_0024=1
lag_queued_requested_gpus_0002=1
lag_queued_requested_gpus_2016=1
lag_running_job_equivalents_0006=1
lag_running_job_equivalents_0288=1
roll0288_stddev_pop_total_avg_active_gpus=1
roll0003_mean_flexible_avg_active_gpus_F30=1
roll0003_max_flexible_avg_active_gpus_F30=1
roll0012_mean_flexible_avg_active_gpus_F30=1
roll0012_max_flexible_avg_active_gpus_F30=1
roll0012_stddev_pop_flexible_avg_active_gpus_F30=1
roll2016_max_flexible_avg_active_gpus_F30=1
roll2016_stddev_pop_flexible_avg_active_gpus_F30=1
roll0048_mean_arriving_flexible_gpu_hours_F30=1
roll0288_stddev_pop_arriving_flexible_gpu_hours_F30=1
roll2016_mean_arriving_flexible_gpu_hours_F30=1
roll0003_mean_queued_requested_gpus=1
hour_cos=1
month_sin=1

parameters:
[boosting: gbdt]
[objective: regression_l1]
[metric: l1]
[tree_learner: serial]
[device_type: cpu]
[data_sample_strategy: bagging]
[data: ]
[valid: ]
[num_iterations: 34]
[learning_rate: 0.05]
[num_leaves: 15]
[num_threads: 4]
[seed: 20260721]
[deterministic: 1]
[force_col_wise: 1]
[force_row_wise: 0]
[histogram_pool_size: -1]
[max_depth: 5]
[min_data_in_leaf: 100]
[min_sum_hessian_in_leaf: 0.001]
[bagging_fraction: 1]
[pos_bagging_fraction: 1]
[neg_bagging_fraction: 1]
[bagging_freq: 0]
[bagging_seed: 11591]
[bagging_by_query: 0]
[feature_fraction: 1]
[feature_fraction_bynode: 1]
[feature_fraction_seed: 24120]
[extra_trees: 0]
[extra_seed: 12737]
[early_stopping_round: 0]
[early_stopping_min_delta: 0]
[first_metric_only: 0]
[max_delta_step: 0]
[lambda_l1: 0]
[lambda_l2: 5]
[linear_lambda: 0]
[min_gain_to_split: 0]
[drop_rate: 0.1]
[max_drop: 50]
[skip_drop: 0.5]
[xgboost_dart_mode: 0]
[uniform_drop: 0]
[drop_seed: 6762]
[top_rate: 0.2]
[other_rate: 0.1]
[min_data_per_group: 100]
[max_cat_threshold: 32]
[cat_l2: 10]
[cat_smooth: 10]
[max_cat_to_onehot: 4]
[top_k: 20]
[monotone_constraints: ]
[monotone_constraints_method: basic]
[monotone_penalty: 0]
[feature_contri: ]
[forcedsplits_filename: ]
[refit_decay_rate: 0.9]
[cegb_tradeoff: 1]
[cegb_penalty_split: 0]
[cegb_penalty_feature_lazy: ]
[cegb_penalty_feature_coupled: ]
[path_smooth: 0]
[interaction_constraints: ]
[verbosity: -1]
[saved_feature_importance_type: 0]
[use_quantized_grad: 0]
[num_grad_quant_bins: 4]
[quant_train_renew_leaf: 0]
[stochastic_rounding: 1]
[linear_tree: 0]
[max_bin: 255]
[max_bin_by_feature: ]
[min_data_in_bin: 3]
[bin_construct_sample_cnt: 200000]
[data_random_seed: 4436]
[is_enable_sparse: 1]
[enable_bundle: 1]
[use_missing: 1]
[zero_as_missing: 0]
[feature_pre_filter: 1]
[pre_partition: 0]
[two_round: 0]
[header: 0]
[label_column: ]
[weight_column: ]
[group_column: ]
[ignore_column: ]
[categorical_feature: ]
[forcedbins_filename: ]
[precise_float_parser: 0]
[parser_config_file: ]
[objective_seed: 18074]
[num_class: 1]
[is_unbalance: 0]
[scale_pos_weight: 1]
[sigmoid: 1]
[boost_from_average: 1]
[reg_sqrt: 0]
[alpha: 0.9]
[fair_c: 1]
[poisson_max_delta_step: 0.7]
[tweedie_variance_power: 1.5]
[lambdarank_truncation_level: 30]
[lambdarank_norm: 1]
[label_gain: ]
[lambdarank_position_bias_regularization: 0]
[eval_at: ]
[multi_error_top_k: 1]
[auc_mu_weights: ]
[num_machines: 1]
[local_listen_port: 12400]
[time_out: 120]
[machine_list_filename: ]
[machines: ]
[gpu_platform_id: -1]
[gpu_device_id: -1]
[gpu_device_id_list: ]
[gpu_use_dp: 0]
[num_gpu: 1]

end of parameters

pandas_categorical:[]
