tree
version=v4
num_class=1
num_tree_per_iteration=1
label_index=0
max_feature_idx=176
objective=binary sigmoid:1
feature_names=lag_total_avg_active_gpus_0001 lag_total_avg_active_gpus_0002 lag_total_avg_active_gpus_0003 lag_total_avg_active_gpus_0006 lag_total_avg_active_gpus_0012 lag_total_avg_active_gpus_0024 lag_total_avg_active_gpus_0048 lag_total_avg_active_gpus_0288 lag_total_avg_active_gpus_0576 lag_total_avg_active_gpus_2016 lag_fixed_avg_active_gpus_F30_0001 lag_fixed_avg_active_gpus_F30_0002 lag_fixed_avg_active_gpus_F30_0003 lag_fixed_avg_active_gpus_F30_0006 lag_fixed_avg_active_gpus_F30_0012 lag_fixed_avg_active_gpus_F30_0024 lag_fixed_avg_active_gpus_F30_0048 lag_fixed_avg_active_gpus_F30_0288 lag_fixed_avg_active_gpus_F30_0576 lag_fixed_avg_active_gpus_F30_2016 lag_flexible_avg_active_gpus_F30_0001 lag_flexible_avg_active_gpus_F30_0002 lag_flexible_avg_active_gpus_F30_0003 lag_flexible_avg_active_gpus_F30_0006 lag_flexible_avg_active_gpus_F30_0012 lag_flexible_avg_active_gpus_F30_0024 lag_flexible_avg_active_gpus_F30_0048 lag_flexible_avg_active_gpus_F30_0288 lag_flexible_avg_active_gpus_F30_0576 lag_flexible_avg_active_gpus_F30_2016 lag_arriving_job_count_0001 lag_arriving_job_count_0002 lag_arriving_job_count_0003 lag_arriving_job_count_0006 lag_arriving_job_count_0012 lag_arriving_job_count_0024 lag_arriving_job_count_0048 lag_arriving_job_count_0288 lag_arriving_job_count_0576 lag_arriving_job_count_2016 lag_arriving_requested_gpus_0001 lag_arriving_requested_gpus_0002 lag_arriving_requested_gpus_0003 lag_arriving_requested_gpus_0006 lag_arriving_requested_gpus_0012 lag_arriving_requested_gpus_0024 lag_arriving_requested_gpus_0048 lag_arriving_requested_gpus_0288 lag_arriving_requested_gpus_0576 lag_arriving_requested_gpus_2016 lag_arriving_flexible_gpu_hours_F30_0001 lag_arriving_flexible_gpu_hours_F30_0002 lag_arriving_flexible_gpu_hours_F30_0003 lag_arriving_flexible_gpu_hours_F30_0006 lag_arriving_flexible_gpu_hours_F30_0012 lag_arriving_flexible_gpu_hours_F30_0024 lag_arriving_flexible_gpu_hours_F30_0048 lag_arriving_flexible_gpu_hours_F30_0288 lag_arriving_flexible_gpu_hours_F30_0576 lag_arriving_flexible_gpu_hours_F30_2016 lag_queued_job_count_0001 lag_queued_job_count_0002 lag_queued_job_count_0003 lag_queued_job_count_0006 lag_queued_job_count_0012 lag_queued_job_count_0024 lag_queued_job_count_0048 lag_queued_job_count_0288 lag_queued_job_count_0576 lag_queued_job_count_2016 lag_queued_requested_gpus_0001 lag_queued_requested_gpus_0002 lag_queued_requested_gpus_0003 lag_queued_requested_gpus_0006 lag_queued_requested_gpus_0012 lag_queued_requested_gpus_0024 lag_queued_requested_gpus_0048 lag_queued_requested_gpus_0288 lag_queued_requested_gpus_0576 lag_queued_requested_gpus_2016 lag_running_job_equivalents_0001 lag_running_job_equivalents_0002 lag_running_job_equivalents_0003 lag_running_job_equivalents_0006 lag_running_job_equivalents_0012 lag_running_job_equivalents_0024 lag_running_job_equivalents_0048 lag_running_job_equivalents_0288 lag_running_job_equivalents_0576 lag_running_job_equivalents_2016 roll0003_mean_total_avg_active_gpus roll0003_max_total_avg_active_gpus roll0003_stddev_pop_total_avg_active_gpus roll0012_mean_total_avg_active_gpus roll0012_max_total_avg_active_gpus roll0012_stddev_pop_total_avg_active_gpus roll0048_mean_total_avg_active_gpus roll0048_max_total_avg_active_gpus roll0048_stddev_pop_total_avg_active_gpus roll0288_mean_total_avg_active_gpus roll0288_max_total_avg_active_gpus roll0288_stddev_pop_total_avg_active_gpus roll2016_mean_total_avg_active_gpus roll2016_max_total_avg_active_gpus roll2016_stddev_pop_total_avg_active_gpus roll0003_mean_fixed_avg_active_gpus_F30 roll0003_max_fixed_avg_active_gpus_F30 roll0003_stddev_pop_fixed_avg_active_gpus_F30 roll0012_mean_fixed_avg_active_gpus_F30 roll0012_max_fixed_avg_active_gpus_F30 roll0012_stddev_pop_fixed_avg_active_gpus_F30 roll0048_mean_fixed_avg_active_gpus_F30 roll0048_max_fixed_avg_active_gpus_F30 roll0048_stddev_pop_fixed_avg_active_gpus_F30 roll0288_mean_fixed_avg_active_gpus_F30 roll0288_max_fixed_avg_active_gpus_F30 roll0288_stddev_pop_fixed_avg_active_gpus_F30 roll2016_mean_fixed_avg_active_gpus_F30 roll2016_max_fixed_avg_active_gpus_F30 roll2016_stddev_pop_fixed_avg_active_gpus_F30 roll0003_mean_flexible_avg_active_gpus_F30 roll0003_max_flexible_avg_active_gpus_F30 roll0003_stddev_pop_flexible_avg_active_gpus_F30 roll0012_mean_flexible_avg_active_gpus_F30 roll0012_max_flexible_avg_active_gpus_F30 roll0012_stddev_pop_flexible_avg_active_gpus_F30 roll0048_mean_flexible_avg_active_gpus_F30 roll0048_max_flexible_avg_active_gpus_F30 roll0048_stddev_pop_flexible_avg_active_gpus_F30 roll0288_mean_flexible_avg_active_gpus_F30 roll0288_max_flexible_avg_active_gpus_F30 roll0288_stddev_pop_flexible_avg_active_gpus_F30 roll2016_mean_flexible_avg_active_gpus_F30 roll2016_max_flexible_avg_active_gpus_F30 roll2016_stddev_pop_flexible_avg_active_gpus_F30 roll0003_mean_arriving_flexible_gpu_hours_F30 roll0003_max_arriving_flexible_gpu_hours_F30 roll0003_stddev_pop_arriving_flexible_gpu_hours_F30 roll0012_mean_arriving_flexible_gpu_hours_F30 roll0012_max_arriving_flexible_gpu_hours_F30 roll0012_stddev_pop_arriving_flexible_gpu_hours_F30 roll0048_mean_arriving_flexible_gpu_hours_F30 roll0048_max_arriving_flexible_gpu_hours_F30 roll0048_stddev_pop_arriving_flexible_gpu_hours_F30 roll0288_mean_arriving_flexible_gpu_hours_F30 roll0288_max_arriving_flexible_gpu_hours_F30 roll0288_stddev_pop_arriving_flexible_gpu_hours_F30 roll2016_mean_arriving_flexible_gpu_hours_F30 roll2016_max_arriving_flexible_gpu_hours_F30 roll2016_stddev_pop_arriving_flexible_gpu_hours_F30 roll0003_mean_queued_requested_gpus roll0003_max_queued_requested_gpus roll0003_stddev_pop_queued_requested_gpus roll0012_mean_queued_requested_gpus roll0012_max_queued_requested_gpus roll0012_stddev_pop_queued_requested_gpus roll0048_mean_queued_requested_gpus roll0048_max_queued_requested_gpus roll0048_stddev_pop_queued_requested_gpus roll0288_mean_queued_requested_gpus roll0288_max_queued_requested_gpus roll0288_stddev_pop_queued_requested_gpus roll2016_mean_queued_requested_gpus roll2016_max_queued_requested_gpus roll2016_stddev_pop_queued_requested_gpus utc_hour melbourne_hour melbourne_day_of_week melbourne_month melbourne_day_of_year is_weekend hour_sin hour_cos weekday_sin weekday_cos month_sin month_cos
feature_infos=[0:515.73333740234375] [0:515.73333740234375] [0:515.73333740234375] [0:515.73333740234375] [0:515.73333740234375] [0:515.73333740234375] [0:515.73333740234375] [0:515.73333740234375] [0:515.73333740234375] [0:515.73333740234375] [0:515.73333740234375] [0:515.73333740234375] [0:515.73333740234375] [0:515.73333740234375] [0:515.73333740234375] [0:515.73333740234375] [0:515.73333740234375] [0:515.73333740234375] [0:515.73333740234375] [0:515.73333740234375] [0:512] [0:512] [0:512] [0:512] [0:512] [0:512] [0:512] [0:512] [0:512] [0:512] [0:1718] [0:1718] [0:1718] [0:1718] [0:1718] [0:1718] [0:1718] [0:1718] [0:1718] [0:1718] [0:5632] [0:5632] [0:5632] [0:5632] [0:5632] [0:5632] [0:5632] [0:5632] [0:5632] [0:5632] [0:12685.912109375] [0:12685.912109375] [0:12685.912109375] [0:12685.912109375] [0:12685.912109375] [0:12685.912109375] [0:12685.912109375] [0:12685.912109375] [0:12685.912109375] [0:12685.912109375] [0:9596] [0:9596] [0:9596] [0:9596] [0:9596] [0:9596] [0:9596] [0:9596] [0:9596] [0:1960] [0:9599] [0:9599] [0:9599] [0:9599] [0:9599] [0:9599] [0:9599] [0:9599] [0:9599] [0:6127] [0:463] [0:463] [0:463] [0:463] [0:463] [0:463] [0:463] [0:463] [0:463] [0:463] [0:512] [0:515.73333740234375] [0:240.55458068847656] [0:512] [0:515.73333740234375] [0:255.7161865234375] [0:504.01470947265625] [0:515.73333740234375] [0:250.40919494628906] [0:451.16268920898438] [0:515.73333740234375] [0:230.42581176757812] [6.1177248426247388e-05:262.34512329101562] [0.053333334624767303:515.73333740234375] [0.0014853802276775241:183.8941650390625] [0:512] [0:515.73333740234375] [0:240.55458068847656] [0:509.86666870117188] [0:515.73333740234375] [0:246.19882202148438] [0:504.01470947265625] [0:515.73333740234375] [0:250.40919494628906] [0:283.29208374023438] [0:515.73333740234375] [0:225.25091552734375] [6.1177248426247388e-05:169.79315185546875] [0.053333334624767303:515.73333740234375] [0.0014853802276775241:174.28001403808594] [0:512] [0:512] [0:235.18722534179688] [0:512] [0:512] [0:253.82646179199219] [0:483.61279296875] [0:512] [0:226.47317504882812] [0:411.73898315429688] [0:512] [0:233.52969360351562] [0:178.25611877441406] [0:512] [0:182.61265563964844] [0:4244.66064453125] [0:12685.912109375] [0:5980.1962890625] [0:1061.303955078125] [0:12685.912109375] [0:3506.200927734375] [0:273.25704956054688] [0:12685.912109375] [0:1811.8798828125] [0:45.542839050292969] [0:12685.912109375] [0:746.28338623046875] [0:15.986562728881836] [0:12685.912109375] [0:363.71148681640625] [0:9599] [0:9599] [0:2476.137451171875] [0:9599] [0:9599] [0:2455.648681640625] [0:9599] [0:9599] [0:3645.520751953125] [0:2920.1318359375] [0:9599] [0:3976.248291015625] [0:1056.5416259765625] [0:9599] [0:1794.708251953125] [0:23] [0:23] [0:6] [1:12] [1:366] [0:1] [-1:1] [-1:1] [-0.97492790222167969:0.97492790222167969] [-0.90096884965896606:1] [-1:1] [-1:1]
tree_sizes=1722 1758 1758 1743 1769 1760 1756 1788 1753 1760 1791 1770 1779 1761 1773 1766 1773 1758 1765 1765 1765 1761 1773 1776 1767 1773 1773 1757 1770 1773 1764 1768 1772 1772 1777 1765 1777 1766 1771 1773 1764 1768 1771 1776

Tree=0
num_leaves=15
num_cat=0
split_feature=135 142 165 169 127 78 27 77 139 166 154 145 169 110
split_gain=6318.95 1587.24 758.535 319.784 176.811 155.141 132.065 87.1427 79.4035 71.8321 67.7865 60.2468 45.0628 26.0159
threshold=1.0000000180025095e-35 0.75652778148651134 14.500000000000002 284.50000000000006 10.023333549499513 3.5000000000000004 0.95833334326744091 784.50000000000011 0.76444444060325634 18.500000000000004 7.5000000000000009 453.40110778808599 284.50000000000006 15.69251585006714
decision_type=2 2 2 2 2 2 2 2 2 2 2 2 2 2
left_child=1 4 8 6 13 -5 -4 -2 11 10 -6 -3 -10 -1
right_child=7 2 3 5 9 -7 -8 -9 12 -11 -12 -13 -14 -15
leaf_value=-3.7896161502167596 -3.1715848388091787 -3.7729780813773321 -3.7399338170095282 -3.693348278913811 -3.7726953892570427 -3.4600756304113207 -3.5877779750428824 -3.6367235166122018 -3.7347350485698274 -3.7813155943170105 -3.7121614667064176 -3.7069008369830048 -3.6213151010203446 -3.7672458019540738
leaf_weight=1183.6294455006719 42.006878763437271 71.776775140315294 29.183963518589735 10.952437274157999 60.666586712002754 57.466491870582104 23.6852090023458 3.7634918205440036 15.121574919670818 90.098444901406765 155.67785327136517 57.669314783066511 20.056932456791401 162.39354526251554
leaf_count=52522 1864 3185 1295 486 2692 2550 1051 167 671 3998 6908 2559 890 7206
internal_value=-3.74597 -3.76036 -3.65259 -3.56034 -3.77923 -3.49129 -3.66399 -3.19531 -3.72401 -3.74496 -3.72936 -3.74318 -3.6626 -3.78701
internal_weight=1984.15 1938.38 285.913 121.288 1652.47 68.4189 52.8692 45.7704 164.625 306.443 216.344 129.446 35.1785 1346.02
internal_count=88044 86013 12687 5382 73326 3036 2346 2031 7305 13598 9600 5744 1561 59728
is_linear=0
shrinkage=1


Tree=1
num_leaves=15
num_cat=0
split_feature=138 128 135 165 134 141 141 73 169 144 165 145 141 97
split_gain=4255.64 525.079 469.474 288.135 206.641 131.73 119.13 99.0138 94.3601 70.5089 64.3127 72.277 46.3298 38.8852
threshold=0.051400462165474899 0.055464150384068496 0.42324073612689977 14.500000000000002 26.849688529968265 0.89587095379829418 1.0000000180025095e-35 1024.5000000000002 206.50000000000003 0.88666859269142162 7.5000000000000009 547.88400268554699 0.84359085559844982 39.008333206176765
decision_type=2 2 2 2 2 2 2 2 2 2 2 2 2 2
left_child=1 -1 4 10 -2 -6 9 -7 -8 -5 11 -3 -4 -14
right_child=2 3 12 6 5 7 8 -9 -10 -11 -12 -13 13 -15
leaf_value=-0.039864048042814668 0.042694293705894032 -0.0084151712294275576 0.15400793482752451 -0.010875988809516377 0.060861836579206074 0.25968594856878319 -0.016344383017226429 -0.0043534364447803727 0.13403188984666542 0.072754446051758084 -0.02976540816194433 0.057663277908655108 0.086398688674866608 0.37308462838381762
leaf_weight=1299.5259612202644 34.424630975350738 124.9528095703572 14.704378340393303 49.743674620985985 17.773433085530996 44.035044992342591 10.945086542516945 3.6517106071114531 69.712418021634221 43.85493290796876 161.17651422694325 56.128976441919804 4.8241519369184962 53.593297135084867
leaf_count=59804 1388 5607 393 2229 671 1611 472 141 2591 1910 7261 2410 127 1429
internal_value=-0.000149169 -0.0229574 0.233188 0.0195532 0.15031 0.199859 0.0709167 0.240972 0.113863 0.0300108 -0.00724242 0.0130659 0.329533 0.358088
internal_weight=1989.05 1816.04 173.007 516.514 99.8848 65.4602 174.256 47.6868 80.6575 93.5986 342.258 181.082 73.1218 58.4174
internal_count=88044 82284 5760 22480 3811 2423 7202 1752 3063 4139 15278 8017 1949 1556
is_linear=0
shrinkage=0.05


Tree=2
num_leaves=15
num_cat=0
split_feature=138 128 165 137 134 167 154 60 63 165 155 110 169 76
split_gain=3219.85 494.921 241.598 219.343 131.099 107.045 148.751 87.6967 98.7003 59.6593 63.675 40.0396 29.7303 50.5612
threshold=0.051400462165474899 0.055464150384068496 14.500000000000002 0.65990087389945995 26.849688529968265 1.5000000000000002 6.5000000000000009 28.500000000000004 449.50000000000006 7.5000000000000009 1.073655426502228 5.6486923694610605 219.50000000000003 88.500000000000014
decision_type=2 2 2 2 2 2 2 2 2 2 2 2 2 2
left_child=1 12 9 4 -2 -4 -7 11 -9 10 -3 -6 -1 -14
right_child=3 2 5 -5 7 6 -8 8 -10 -11 -12 -13 13 -15
leaf_value=-0.044775341550485973 0.03929380701708389 -0.014416079809045926 0.0087963914448710833 0.23959131132095571 0.10807281465151936 -0.014264719483276019 0.11662689096449985 0.22748190975404753 0.0015956068984649312 -0.029134336224371577 0.043330087591354163 -0.0082945479013494163 -0.035126603850680803 0.012703279364480277
leaf_weight=851.0017480570823 35.88102331571281 99.872999561950564 62.458665184676647 95.927252562716603 23.842087795957923 26.262864334508777 97.356159651651978 41.565562035888433 5.4754968862980595 156.6585589312017 83.372626263648272 9.0318957697600109 336.66215801984072 63.249283479526639
leaf_count=40757 1389 4435 2505 1923 765 1124 3573 1208 174 7261 3582 301 16076 2971
internal_value=-0.000186552 -0.0223188 0.0182538 0.181789 0.125969 0.0632461 0.0893455 0.16028 0.203869 -0.00693665 0.0123102 0.0792274 -0.0393835 -0.0274985
internal_weight=1988.62 1776.9 525.982 211.723 115.796 186.078 123.619 79.915 47.0411 339.904 183.246 32.874 1250.91 399.911
internal_count=88044 82284 22480 5760 3837 7202 4697 2448 1382 15278 8017 1066 59804 19047
is_linear=0
shrinkage=0.05


Tree=3
num_leaves=15
num_cat=0
split_feature=138 128 165 169 166 167 20 159 158 63 100 81 145 97
split_gain=2541.18 466.153 203.587 164.617 111.508 82.9881 117.8 69.8423 69.214 64.2593 59.0401 61.0244 57.8347 48.3949
threshold=0.051400462165474899 0.055464150384068496 14.500000000000002 283.50000000000006 13.500000000000002 1.5000000000000002 4.0033333301544198 63.394098281860359 8.0886473655700701 502.50000000000006 282.15333557128912 8.7550001144409197 547.88400268554699 134.09832763671878
decision_type=2 2 2 2 2 2 2 2 2 2 2 2 2 2
left_child=1 -1 12 7 8 -4 -7 10 -5 -10 11 -2 -3 -14
right_child=3 2 5 4 -6 6 -8 -9 9 -11 -12 -13 13 -15
leaf_value=-0.038895713532834802 0.025514977219471675 -0.021319498308763701 0.0083229645463868442 0.066712221523919549 0.078661175851777121 0.0057938472562883182 0.10765325848271384 0.01663161194032706 0.21849671240247304 0.017983345922233402 0.013669522832669746 0.17849307152357163 0.079860593426819254 0.0040215462990505864
leaf_weight=1204.805795583874 10.574083253741263 223.28005747310817 62.981473388150334 15.208803011104463 33.951099049299955 40.642917450517416 93.888545608147979 30.011005137115717 113.67100122757256 5.1081716902554026 12.550234919413922 26.627188581973314 22.505050586536527 91.95745986327529
leaf_count=59804 302 10337 2505 345 818 1659 3038 856 2335 130 334 640 951 3990
internal_value=-0.00023723 -0.0216959 0.0170208 0.147953 0.176496 0.0566676 0.0781911 0.0809886 0.197565 0.210948 0.114746 0.143185 -0.00665318 0.021651
internal_weight=1987.76 1740.06 535.256 247.702 167.939 197.513 134.531 79.7625 133.988 118.779 49.7515 37.2013 337.743 114.463
internal_count=88044 82284 22480 5760 3628 7202 4697 2132 2810 2465 1276 942 15278 4941
is_linear=0
shrinkage=0.05


Tree=4
num_leaves=15
num_cat=0
split_feature=141 135 165 26 169 167 66 151 165 171 148 7 162 110
split_gain=2104.64 391.816 251.429 160.504 121.748 75.9582 70.1859 46.4543 40.1428 38.2638 45.3184 26.0275 24.1169 23.9655
threshold=1.0000000180025095e-35 1.0000000180025095e-35 14.500000000000002 3.995000004768372 206.50000000000003 1.5000000000000002 2.5000000000000004 17.500000000000004 5.5000000000000009 0.37940952181816107 814.06219482421886 5.0050001144409189 558.11831665039074 20.785394668579105
decision_type=2 2 2 2 2 2 2 2 2 2 2 2 2 2
left_child=3 2 7 13 -4 -6 -5 -2 -9 11 -11 -8 -3 -1
right_child=1 12 4 6 5 -7 9 8 -10 10 -12 -13 -14 -15
leaf_value=-0.043161736261433353 -0.02278662236516029 0.16122143996013583 -0.025790420470503811 -0.031397799124027605 0.029088893483815433 0.12235259230239018 0.054363697840854319 0.052630047499556964 -0.0028930871758598839 -0.0063643874209877924 0.062102541608467232 -0.010127025885887757 0.037800340212906014 -0.016173169851693963
leaf_weight=983.21898387372494 53.266541162505746 132.72946362569928 16.776131369173527 135.07291632518172 29.716215929016471 150.56002818048 12.585881339386104 77.637205151841044 52.89135673083365 37.467343602329493 58.966728877276182 137.71507881954312 7.7561167813837519 98.424523280933499
leaf_count=50740 2365 1905 660 6624 936 3867 572 2873 2140 1614 2359 6286 126 4977
internal_value=-0.000245454 0.0855401 0.0578867 -0.0309925 0.0964176 0.108179 -0.00306356 0.015117 0.0308549 0.0127633 0.0364988 -0.00315031 0.155941 -0.0407916
internal_weight=1984.78 521.333 380.847 1463.45 197.052 180.276 381.808 183.795 130.529 246.735 96.4341 150.301 140.486 1081.64
internal_count=88044 14872 12841 73172 5463 4803 17455 7378 5013 10831 3973 6858 2031 55717
is_linear=0
shrinkage=0.05


Tree=5
num_leaves=15
num_cat=0
split_feature=141 139 26 171 169 66 166 76 18 159 165 161 171 28
split_gain=1814.66 292.744 156.105 106.026 98.338 65.1126 64.1122 60.819 50.2942 44.2977 46.3255 34.7835 33.1629 38.7037
threshold=1.0000000180025095e-35 1.5063889026641848 3.995000004768372 1.0000000180025095e-35 283.50000000000006 2.5000000000000004 17.500000000000004 6.5000000000000009 72.996665954589858 75.758678436279311 18.500000000000004 25.96553993225098 0.37940952181816107 28.006667137146
decision_type=2 2 2 2 2 2 2 2 2 2 2 2 2 2
left_child=2 3 -1 -2 9 -4 11 -5 -9 10 -3 -6 -7 -14
right_child=1 4 5 7 6 12 -8 8 -10 -11 -12 -13 13 -15
leaf_value=-0.040346122566233121 -0.0060533056543921274 0.034972208897221621 -0.030786909522896519 -0.0063547190091783144 0.014476651262700597 -0.0029419822863454258 0.011776619005987685 0.088850349929622249 0.014826608296710668 0.0077253502825239909 0.12538089239106606 0.13894036707109955 0.058135767320860246 -0.0036504223305691857
leaf_weight=1040.1686941795051 95.850963447242975 33.754646750167012 131.06727836467326 28.384389087557793 7.0523144677281371 149.64496386982501 12.214067459106444 105.10656261816621 31.856002159416676 29.201655032113194 28.887159336358309 189.12095418944955 58.545693712309003 41.230692386627197
leaf_count=55717 4196 782 6624 1069 140 6858 271 3083 976 762 548 3045 2370 1603
internal_value=-0.000283541 0.0754263 -0.0303629 0.0357134 0.108825 -0.00290161 0.128163 0.0593924 0.0727618 0.0605963 0.0828502 0.134937 0.0120688 0.033648
internal_weight=1982.09 561.429 1420.66 261.198 300.231 380.489 208.387 165.347 136.963 91.8435 62.6418 196.173 249.421 99.7764
internal_count=88044 14872 73172 9324 5548 17455 3456 5128 4059 2092 1330 3185 10831 3973
is_linear=0
shrinkage=0.05


Tree=6
num_leaves=15
num_cat=0
split_feature=141 166 26 135 169 153 151 66 114 166 23 158 28 110
split_gain=1581.61 236.37 151.503 134.323 100.323 62.0045 61.0149 60.286 54.5765 42.9005 29.3489 28.9932 34.1106 24.9511
threshold=1.0000000180025095e-35 8.5000000000000018 3.995000004768372 3.1225463151931767 208.50000000000003 1019.9166564941407 30.500000000000004 2.5000000000000004 10.692193508148195 18.500000000000004 61.853332519531257 132.95159912109378 37.006666183471687 20.785394668579105
decision_type=2 2 2 2 2 2 2 2 2 2 2 2 2 2
left_child=2 4 13 6 -2 8 -3 -4 -6 -8 -5 12 -9 -1
right_child=1 3 7 10 5 -7 9 11 -10 -11 -12 -13 -14 -15
leaf_value=-0.042428480363353699 -0.00012916428104744408 -0.016003727615156917 -0.03017226414334508 0.12598596860493055 0.059685568093228149 -0.019920377100251102 0.04531597806695583 0.03264851370292144 0.12536456119011835 -0.02313275940684939 0.033871225427833405 -0.032856244280405802 -0.0067426193175782164 -0.014273384749376661
leaf_weight=907.32133682630956 23.047222601249814 78.166909657418728 127.25010073184967 38.987029131501913 54.427621241658926 7.6841519791632882 155.53824648447335 136.86241291835904 200.28024455346167 23.54114075936377 16.594360809773207 27.994070501998067 87.314122861251235 93.222795912995934
leaf_count=50740 741 3066 6624 463 1127 202 4576 5785 3510 989 198 1221 3825 4977
internal_value=-0.000299066 0.0672711 -0.0297304 0.0363622 0.0999367 0.108564 0.020148 -0.00277089 0.112749 0.035934 0.10355 0.0113741 0.0174938 -0.0398892
internal_weight=1978.23 598.267 1379.96 312.828 285.439 262.392 257.246 379.421 254.708 179.079 55.5814 252.171 224.177 1000.54
internal_count=88044 14872 73172 9292 5580 4839 8631 17455 4637 5565 661 10831 9610 55717
is_linear=0
shrinkage=0.05


Tree=7
num_leaves=15
num_cat=0
split_feature=141 135 26 171 169 78 66 171 148 165 169 110 144 104
split_gain=1387.52 189.763 146.693 131.065 86.7709 59.8584 55.6587 28.0806 39.3568 25.9393 28.0483 24.7888 24.1291 24.5948
threshold=1.0000000180025095e-35 1.0000000180025095e-35 3.995000004768372 1.0000000180025095e-35 206.50000000000003 20.500000000000004 2.5000000000000004 0.37940952181816107 814.06219482421886 7.5000000000000009 267.50000000000006 20.785394668579105 0.0052305171266198167 49.509948730468757
decision_type=2 2 2 2 2 2 2 2 2 2 2 2 2 2
left_child=2 3 11 9 -5 -6 -4 -8 -9 10 -2 12 -1 -14
right_child=1 -3 6 4 5 -7 7 8 -10 -11 -12 -13 13 -15
leaf_value=-0.045720111213624681 -0.026873476647393181 0.10217462095026549 -0.029554409339660706 -0.023908471573794641 0.037508789447691815 0.086486177386614113 -0.0032435747419444182 -0.0087393411112199285 0.052635084142597079 -0.028980963207443367 0.032191388034074071 -0.013779023257519058 0.0046779125002772998 -0.037650223927697693
leaf_weight=731.55943589471281 23.885027058422565 188.21753137558699 123.61262789741158 26.207498835399747 117.60744200646877 167.43928258679807 150.59070365130901 39.765793552622199 64.700508609414101 44.676675634458661 64.858409544453025 91.951451906934381 53.535454154014587 85.854015275835991
leaf_count=42803 973 2031 6624 1033 3139 3427 6858 1614 2359 1987 2282 4977 3018 4919
internal_value=-0.000326049 0.0604196 -0.029101 0.0418064 0.0593394 0.0672735 -0.0026801 0.0106623 0.0299404 0.000237828 0.0157088 -0.0394238 -0.0420372 -0.0217942
internal_weight=1974.46 632.892 1341.57 444.674 311.254 285.047 378.67 255.057 104.466 133.42 88.7434 962.9 870.949 139.389
internal_count=88044 14872 73172 12841 7599 6566 17455 10831 3973 5242 3255 55717 50740 7937
is_linear=0
shrinkage=0.05


Tree=8
num_leaves=15
num_cat=0
split_feature=141 138 26 165 66 109 167 141 146 162 134 86 151 98
split_gain=1223.32 156.059 142.086 90.2243 51.5194 49.502 60.7024 47.5655 46.5789 42.632 44.796 27.6682 25.3193 24.9894
threshold=1.0000000180025095e-35 1.3253241181373598 3.995000004768372 14.500000000000002 2.5000000000000004 52.004999160766609 1.5000000000000002 0.85949653387069713 49.322839736938484 558.11831665039074 28.941823959350589 13.001666545867922 92.500000000000014 3.658175110816956
decision_type=2 2 2 2 2 2 2 2 2 2 2 2 2 2
left_child=2 3 -1 8 -4 6 -5 -3 13 10 -9 -6 -7 -2
right_child=1 7 4 5 11 12 -8 9 -10 -11 -12 -13 -14 -15
leaf_value=-0.038951790380723078 0.03717713512029229 0.016696795848151608 -0.028933915308361081 -0.0059812919504241661 0.048209211618700391 -0.011853451393347623 0.08694132963554578 0.057333451176862719 0.03740029593214618 0.010882982188144312 0.10885469492680111 0.0030759131104637293 0.044934580668189644 -0.025028540179590782
leaf_weight=927.26152767799795 14.801447350531815 28.575509248301387 120.14649194851518 20.080065757036209 35.257876241579652 33.340391971170902 107.99970537796617 83.078116549178958 63.380979627370834 18.278594471514225 166.85593563690782 222.28967530280352 37.534354392439127 91.355073107406497
leaf_count=55717 588 525 6624 537 1451 811 2046 1417 2134 288 1989 9380 814 3723
internal_value=-0.000359493 0.0545805 -0.0284699 0.0321644 -0.00256355 0.0545765 0.0726957 0.0814183 0.00505337 0.0878821 0.0931894 0.010055 0.0192 -0.015073
internal_weight=1970.24 665.28 1304.96 368.492 377.694 198.955 128.08 296.788 169.538 268.213 249.934 257.548 70.8747 106.157
internal_count=88044 14872 73172 10653 17455 4208 2583 4219 6445 3694 3406 10831 1625 4311
is_linear=0
shrinkage=0.05


Tree=9
num_leaves=15
num_cat=0
split_feature=141 26 166 135 169 76 151 153 157 92 86 115 137 110
split_gain=1085.99 137.506 130.017 79.1247 55.7961 48.1204 45.1514 41.554 43.83 33.9126 40.9539 30.2215 27.9778 25.6475
threshold=1.0000000180025095e-35 3.995000004768372 8.5000000000000018 3.1225463151931767 208.50000000000003 30.500000000000004 17.500000000000004 1019.9166564941407 1183.0000000000002 0.0082398797385394591 13.001666545867922 266.03999328613287 52.309860229492195 20.785394668579105
decision_type=2 2 2 2 2 2 2 2 2 2 2 2 2 2
left_child=1 13 4 6 -2 -3 -4 8 -6 -7 -11 -8 -5 -1
right_child=2 5 3 12 7 9 11 -9 -10 10 -12 -13 -14 -15
leaf_value=-0.041255250981833705 -0.0020758965797772018 -0.023302131570997812 -0.020032287948919827 0.09574376381549736 0.072014633049914331 -0.016407636210507458 0.036540059687848035 -0.021976935270879815 0.14800665497505869 0.085379964713699255 0.013846041289437373 -0.0067997164309687736 0.023909376896037261 -0.011899824114419227
leaf_weight=805.59709669090807 23.995013577863574 155.91697898693383 66.557310597971082 44.271581217646599 295.12672335654497 66.889501268044114 158.90983264893293 8.4517057538032514 21.498859452083707 19.174213683232665 134.70897906273603 51.4449054710567 24.512048777192831 87.397544799372554
leaf_count=50740 741 8357 2667 420 4404 2846 4384 202 233 736 5516 1580 241 4977
internal_value=-0.000353886 -0.0278279 0.0496947 0.0273601 0.0711146 -0.00243872 0.014799 0.0764666 0.0793952 0.0124854 0.0251657 0.026029 0.0734995 -0.0384645
internal_weight=1964.45 1269.68 694.768 345.696 349.072 376.69 276.912 325.077 316.626 220.773 153.883 210.355 68.7836 892.995
internal_count=88044 73172 14872 9292 5580 17455 8631 4839 4637 9098 6252 5964 661 55717
is_linear=0
shrinkage=0.05


Tree=10
num_leaves=15
num_cat=0
split_feature=141 26 137 171 169 66 78 158 152 110 144 104 165 169
split_gain=967.917 133.043 111.283 78.4028 57.9626 45.1882 42.6067 25.7464 29.4593 25.3602 26.5435 25.4111 25.3085 26.0249
threshold=1.0000000180025095e-35 3.995000004768372 0.65990087389945995 1.0000000180025095e-35 206.50000000000003 2.5000000000000004 26.500000000000004 132.95159912109378 1.0000000180025095e-35 20.785394668579105 0.0052305171266198167 49.509948730468757 7.5000000000000009 267.50000000000006
decision_type=2 2 2 2 2 2 2 2 2 2 2 2 2 2
left_child=1 9 3 12 -5 -3 -6 8 -7 10 -1 -12 13 -2
right_child=2 5 -4 4 6 7 -8 -9 -10 -11 11 -13 -14 -15
leaf_value=-0.044952233132563447 -0.026852234571977947 -0.027830773956523138 0.075266892187433126 -0.023890949723476551 0.027080006482570269 0.0029105466135031311 0.064459856120300238 -0.032699905235546195 0.041048329408914522 -0.01146398147434833 0.0085592710263197157 -0.03605418339307221 -0.029013114161474774 0.029330948411553703
leaf_weight=647.66419438458979 23.837053868919611 114.40522189810872 216.71003956347704 26.179535550996661 140.40929914265871 164.81398305110633 199.1219461876899 27.720628183335066 68.644620256498456 86.400271801277995 49.772031877189875 76.612599411979318 44.683746440336108 71.395515447482467
leaf_count=42803 973 6624 1923 1033 3278 6873 3368 1221 2737 4977 3018 4919 1992 2305
internal_value=-0.000342903 -0.0271838 0.0454573 0.0320692 0.0441057 -0.00230136 0.0496192 0.0091941 0.0147499 -0.0379689 -0.0408349 -0.0188277 0.000172054 0.0146301
internal_weight=1958.37 1236.03 722.337 505.627 365.711 375.584 339.531 261.179 233.459 860.449 774.049 126.385 139.916 95.2326
internal_count=88044 73172 14872 12949 7679 17455 6646 10831 9610 55717 50740 7937 5270 3278
is_linear=0
shrinkage=0.05


Tree=11
num_leaves=15
num_cat=0
split_feature=141 26 138 165 166 155 146 148 167 109 141 97 139 28
split_gain=864.057 128.358 94.0166 56.8015 42.748 43.9501 38.4527 36.3913 34.5478 42.2335 33.1911 33.7487 33.2389 25.3511
threshold=1.0000000180025095e-35 3.995000004768372 1.3253241181373598 14.500000000000002 18.500000000000004 1.0000000180025095e-35 49.322839736938484 814.06219482421886 1.5000000000000002 52.004999160766609 0.85949653387069713 35.976665496826179 142.39028167724612 223.06999969482425
decision_type=2 2 2 2 2 2 2 2 2 2 2 2 2 2
left_child=1 13 3 6 5 -3 -2 -7 -5 -10 -4 -12 -13 -1
right_child=2 4 10 8 -6 7 -8 -9 9 -11 11 12 -14 -15
leaf_value=-0.038418407402890306 -0.015391703063129914 -0.015450438871794715 0.01010568756370693 -0.0039491012396226186 -0.031116387251331607 -0.00826103407709145 0.031218890125299922 0.040128137528970237 0.065319212979988953 0.014424605488140136 0.001364227483702009 0.08273512634086895 0.043881190430537301 0.034119853001234865
leaf_weight=821.05961036030203 106.85969930142164 118.52520490251482 31.706535026431084 35.433199962601066 90.901085706427693 56.782180299982429 68.267260549589992 108.66505243256688 127.69067127257586 63.807156758382916 19.46404717117548 188.62362956628203 106.74235458858311 8.590896391309796
leaf_count=55148 4311 5839 525 903 4903 2499 2134 4214 2046 1259 305 2022 1367 569
internal_value=-0.000368273 -0.0265509 0.0416575 0.0247279 -0.00221608 0.00741338 0.00314007 0.0237656 0.0409608 0.0491597 0.0606685 0.065523 0.0696579 -0.0374674
internal_weight=1953.12 1204.52 748.595 402.058 374.874 283.972 175.127 165.447 226.931 191.498 346.537 314.83 295.366 829.651
internal_count=88044 73172 14872 10653 17455 12552 6445 6713 4208 3305 4219 3694 3389 55717
is_linear=0
shrinkage=0.05


Tree=12
num_leaves=15
num_cat=0
split_feature=141 127 136 60 75 6 169 171 128 158 88 95 144 169
split_gain=774.403 123.763 82.3691 64.5104 45.6498 45.5315 37.4695 32.8605 30.2553 28.3815 31.1681 27.6499 24.6265 20.3994
threshold=1.0000000180025095e-35 3.9933333396911626 5.0670833587646493 25.500000000000004 7.5000000000000009 263.30833435058599 284.50000000000006 1.0000000180025095e-35 1.8463694453239443 132.95159912109378 25.996666908264164 20.804221153259281 0.0052305171266198167 239.50000000000003
decision_type=2 2 2 2 2 2 2 2 2 2 2 2 2 2
left_child=1 11 3 7 -3 6 -5 -2 -9 10 -6 12 -1 -13
right_child=2 4 -4 5 9 -7 -8 8 -10 -11 -12 13 -14 -15
leaf_value=-0.044401875942036317 -0.014957366988566071 -0.027162986452450872 0.064903412322823983 0.016228191419430837 0.032856096107286008 -0.0028580188525250028 0.064443999903210744 0.048918110233338578 0.0079564532225220187 -0.033600003018222274 -0.003151030826175562 -0.019076624096319626 -0.017460766305189269 0.044565943485847387
leaf_weight=597.14905140455812 82.769439639523625 123.53415000718087 210.44533733278513 56.953912977129221 116.20021570567042 41.82915679179132 178.06051291339099 63.526823822408915 139.14351213537157 29.496387773193419 117.63231618143618 70.667454158887267 109.18241291772574 10.237510580569504
leaf_count=42764 3374 7068 1683 1512 4843 922 2907 1355 3119 1382 4911 4298 7305 601
internal_value=-0.000364398 -0.0259091 0.0383657 0.027949 -0.00269151 0.0449494 0.0533408 0.0109705 0.0216645 0.0090809 0.0150555 -0.0372296 -0.0403894 -0.00889827
internal_weight=1946.83 1174.1 772.729 562.283 386.863 276.844 235.014 285.44 202.67 263.329 233.833 787.236 706.331 80.905
internal_count=88044 73172 14872 13189 18204 5341 4419 7848 4474 11136 9754 54968 50069 4899
is_linear=0
shrinkage=0.05


Tree=13
num_leaves=15
num_cat=0
split_feature=141 127 166 138 75 168 14 114 86 76 139 8 166 95
split_gain=695.751 119.149 73.7807 45.4909 42.1275 35.2879 35.1377 52.6597 37.4598 34.4456 30.7999 31.6365 27.3805 27.3076
threshold=1.0000000180025095e-35 3.9933333396911626 8.5000000000000018 4.0075464248657235 7.5000000000000009 5.5000000000000009 22.993332862854007 14.936522006988527 27.001667022705082 4.5000000000000009 68.334861755371108 35.891666412353523 18.500000000000004 20.804221153259281
decision_type=2 2 2 2 2 2 2 2 2 2 2 2 2 2
left_child=1 13 5 9 -3 -2 7 -7 -8 -4 -5 -12 -11 -1
right_child=2 4 3 10 -6 6 8 -9 -10 12 11 -13 -14 -15
leaf_value=-0.039952536646697574 -0.025473664227875 -0.026533738217887876 -0.029194535660453887 0.088868797105159436 0.0085331096645978009 0.033031622563500958 0.013800909828607537 0.087573587108786738 0.057764724427087258 0.022604884456420282 -0.014470381002860064 0.045394415397417148 -0.028673326030553566 -0.0084752135601262064
leaf_weight=679.26740445941687 12.21857165917754 120.34121348056942 48.422045534476638 25.178392119705677 265.7158020650968 81.231080181896687 102.04175766557455 124.02784139849246 95.02293405123055 183.22374062053859 28.514880741015077 69.565745681524277 25.833074178546667 80.063126752153039
leaf_count=50069 408 7068 1935 264 11136 1183 1482 1398 1109 4647 460 860 1126 4899
internal_value=-0.000368905 -0.025274 0.035434 0.0191655 -0.00259738 0.0499693 0.0525451 0.0672874 0.0359047 0.00689982 0.0435198 0.0281323 0.0157467 -0.0367107
internal_weight=1940.67 1145.39 795.28 380.738 386.057 414.542 402.324 205.259 197.065 257.479 123.259 98.0806 209.057 759.331
internal_count=88044 73172 14872 9292 18204 5580 5172 2581 2591 7708 1584 1320 5773 54968
is_linear=0
shrinkage=0.05


Tree=14
num_leaves=15
num_cat=0
split_feature=141 130 136 169 166 166 101 95 94 60 108 104 107 91
split_gain=626.731 115.481 62.8958 53.4248 52.8827 48.9352 51.2403 34.3385 31.5132 31.2462 27.3587 20.9921 19.8746 18.1664
threshold=1.0000000180025095e-35 34.96333312988282 5.0670833587646493 206.50000000000003 17.500000000000004 18.500000000000004 74.705574035644545 20.804221153259281 249.02666473388675 25.500000000000004 251.18180084228518 131.21907043457034 13.272072315216066 227.26166534423831
decision_type=2 2 2 2 2 2 2 2 2 2 2 2 2 2
left_child=1 7 3 -2 9 6 8 -1 -3 -5 -9 -12 -8 -7
right_child=2 5 -4 4 -6 13 12 10 -10 -11 11 -13 -14 -15
leaf_value=-0.039018410552392364 -0.026828016589888794 0.031854820717854442 0.055113605864567698 0.018848344871338213 -0.023100277692306253 -0.042367602707281432 -0.026444038637715762 -0.014136534924999425 -0.032978261652043928 0.044408005357575608 0.11182323900257954 -0.018756592915681655 0.046497732022444171 0.020451858007211041
leaf_weight=687.88450247421861 44.082419563084841 160.50262930523604 226.63324318826199 235.56248715892434 42.779331525787711 71.663091605529189 88.369512603618205 69.959904413670301 17.053759712725878 267.15532037429512 3.3217604905366889 2.9244091361761093 5.8124871710315338 10.459982831962405
leaf_count=50897 1798 7372 1683 5307 1803 4237 4629 4191 648 4281 185 183 296 534
internal_value=-0.000361324 -0.0246372 0.0328365 0.0238817 0.0281861 -0.000984767 0.00931729 -0.0355134 0.0248951 0.0327349 -0.00342021 0.0695287 -0.0198253 -0.0336518
internal_weight=1934.16 1117.95 816.213 589.58 545.497 353.861 271.738 764.091 177.556 502.718 76.2061 6.24617 94.182 82.1231
internal_count=88044 73172 14872 13189 11391 17716 12945 55456 8020 9588 4559 368 4925 4771
is_linear=0
shrinkage=0.05


Tree=15
num_leaves=15
num_cat=0
split_feature=141 127 166 166 138 158 145 98 161 110 140 153 157 86
split_gain=564.208 112.16 57.3556 38.6512 36.3939 33.9781 30.3963 39.9609 29.006 28.5146 29.969 28.0801 34.8974 31.4327
threshold=1.0000000180025095e-35 3.9933333396911626 8.5000000000000018 18.500000000000004 4.0075464248657235 0.1713262274861336 710.51220703125011 5.5881054401397714 73.285156250000014 0.15496702492237094 73.823432922363295 1019.9166564941407 1183.0000000000002 9.8483333587646502
decision_type=2 2 2 2 2 2 2 2 2 2 2 2 2 2
left_child=1 -1 11 5 6 -3 7 -4 -8 -6 -11 12 13 -2
right_child=2 3 4 -5 9 -7 8 -9 -10 10 -12 -13 -14 -15
leaf_value=-0.03568792479800794 0.015193039951717042 -0.031565109996040806 0.031157980853413841 -0.030580805049623034 -0.017679883201345507 0.013790189061700984 0.061171331607574514 -0.023520270202356322 0.0066925319343623807 0.064037999831059358 0.0090694905765752298 -0.02712090987749188 0.093358306758719728 0.048080572405239441
leaf_weight=709.46802684944123 103.86857958883047 44.36576250847429 41.429317908361554 86.234318198636174 17.698691291734576 251.44980530068278 32.587715266272426 115.75278984382749 73.990899764001369 74.151554375886917 38.818301431834698 10.870961861684917 31.996367244049907 295.16845265217125
leaf_count=54968 1733 2651 1243 5049 233 10504 764 3834 1867 817 534 227 289 3331
internal_value=-0.000362466 -0.0239938 0.0304386 -0.00209731 0.0162713 0.00657631 0.00533726 -0.00859216 0.0253448 0.0373322 0.0463349 0.0427604 0.0448136 0.039814
internal_weight=1927.85 1091.52 836.334 382.05 394.429 295.816 263.761 157.182 106.579 130.669 112.97 441.904 431.033 399.037
internal_count=88044 73172 14872 18204 9292 13155 7708 5077 2631 1584 1351 5580 5353 5064
is_linear=0
shrinkage=0.05


Tree=16
num_leaves=15
num_cat=0
split_feature=141 130 171 166 101 168 95 84 130 140 27 135 78 108
split_gain=510.215 108.065 50.9473 43.3335 44.1986 39.1351 34.8521 32.7106 32.8664 32.9119 31.1168 27.4615 26.6246 25.608
threshold=1.0000000180025095e-35 34.96333312988282 1.0000000180025095e-35 18.500000000000004 74.705574035644545 5.5000000000000009 20.804221153259281 32.004999160766609 9.0066666603088397 9.2623753547668475 2.0216666460037236 1.7384259700775149 26.500000000000004 251.18180084228518
decision_type=2 2 2 2 2 2 2 2 2 2 2 2 2 2
left_child=1 6 7 4 10 -4 -1 8 -2 -10 -3 12 -7 -8
right_child=2 3 5 -5 -6 11 13 -9 9 -11 -12 -13 -14 -15
leaf_value=-0.038149309568283357 -0.033007060882667909 0.068043635604842237 -0.026172150633566094 -0.032537848486418643 -0.018918547053557111 0.014557351596738238 -0.012584703162682016 -0.013491973416423365 0.0086243706730153632 0.070733279029803517 0.013111523827669636 0.053846932027724018 0.039977133783210522 0.068160596543156302
leaf_weight=642.27086270600557 15.749017290771006 26.904215309768915 21.815641889348626 77.07888603862375 91.442049958743155 179.13523302972317 66.983424483798444 101.66196638531983 47.071732474491 36.598090589046478 155.69290104415268 184.69298903271556 267.76189398393035 6.3730251686647525
leaf_count=50897 535 1280 713 4771 4925 3614 4191 2854 1853 472 6740 1225 3606 368
internal_value=-0.000351052 -0.0233647 0.0283481 -0.000610489 0.00879183 0.0350807 -0.0344473 0.00615055 0.0259205 0.0382481 0.0228032 0.0373854 0.0300616 -0.00166799
internal_weight=1921.23 1066.75 854.487 351.118 274.039 653.406 715.627 201.081 99.4188 83.6698 182.597 631.59 446.897 73.3564
internal_count=88044 73172 14872 17716 12945 9158 55456 5714 2860 2325 8020 8445 7220 4559
is_linear=0
shrinkage=0.05


Tree=17
num_leaves=15
num_cat=0
split_feature=144 155 166 169 91 118 66 77 167 66 119 109 145 138
split_gain=464.77 138.18 80.553 74.1177 40.2531 64.7612 36.3142 39.801 36.0485 26.7793 25.9188 29.7656 24.7928 21.5327
threshold=0.063667051494121565 1.0000000180025095e-35 18.500000000000004 206.50000000000003 117.41666793823244 450.20666503906256 16.500000000000004 11.500000000000002 1.5000000000000002 3.5000000000000004 33.329765319824226 7.7316665649414071 998.13571166992199 35.955509185791023
decision_type=2 2 2 2 2 2 2 2 2 2 2 2 2 2
left_child=4 9 3 -3 -1 6 7 -6 -5 -2 11 -11 -12 -4
right_child=1 2 13 8 5 -7 -8 -9 -10 10 12 -13 -14 -15
leaf_value=-0.038925743450152706 -0.032043363344367151 -0.019865135334325712 -0.029206116082491504 0.01241426801973107 0.011646810660186448 -0.03639572883484013 -0.03000740966487335 0.138698233029487 0.038921527064906335 -0.029151482735320297 -0.030794258762161478 0.049050602843151048 0.02006721759704326 0.054908207879692805
leaf_weight=577.23099648673087 115.52160649280995 66.045990591868758 73.778941897675395 164.7424907181412 12.650343204848474 44.004911768250167 7.1339612994343033 9.2417115559801442 689.33011435344815 13.335362173616884 69.693534089252353 36.664609307423234 31.167618989944458 3.8186126239597789
leaf_count=46989 7043 2748 3909 4053 817 3298 403 493 11609 692 3225 1513 1196 56
internal_value=-0.000340744 0.0173167 0.0258335 0.029964 -0.0345367 0.000425372 0.0533933 0.0810972 0.0339105 -0.0144707 -0.000418176 0.0274395 -0.0148718 -0.0219935
internal_weight=1914.36 1264.1 997.716 920.119 650.262 73.0309 29.026 21.8921 854.073 266.383 150.861 50 100.861 77.5976
internal_count=88044 36044 22375 18410 52000 5011 1713 1310 15662 13669 6626 2205 4421 3965
is_linear=0
shrinkage=0.05


Tree=18
num_leaves=15
num_cat=0
split_feature=144 155 166 169 91 118 66 77 167 66 8 14 19 163
split_gain=427.541 122.288 70.6387 64.8713 39.3505 59.2764 31.9576 31.9356 30.3929 25.3571 24.4089 33.1697 22.0594 21.5567
threshold=0.063667051494121565 1.0000000180025095e-35 18.500000000000004 206.50000000000003 117.41666793823244 450.20666503906256 16.500000000000004 11.500000000000002 1.5000000000000002 3.5000000000000004 66.985000610351577 8.0033335685729998 180.19666290283206 5952.0000000000009
decision_type=2 2 2 2 2 2 2 2 2 2 2 2 2 2
left_child=4 9 3 -3 13 6 7 -6 -5 -2 11 -11 -12 -1
right_child=1 2 -4 8 5 -7 -8 -9 -10 10 12 -13 -14 -15
leaf_value=-0.039572085242692928 -0.031440066511338634 -0.019272409557384327 -0.021311724188232295 0.011689457039886227 0.011137040952669505 -0.035909668869721183 -0.029632578082585754 0.1227418206154952 0.035869873704746612 -0.027377207514297716 -0.032470363440893504 0.035338715727924373 0.05254762196162055 0.03587248348187165
leaf_weight=549.80463139992207 112.03658467065543 64.857860735617578 75.75620730035007 166.47369202692062 12.793049257248645 42.477129630744457 6.931389555335044 10.5351863829419 710.43159139622003 26.42970690689981 58.199172549881041 62.030809987336397 4.1342815244570366 5.9679612750187507
leaf_count=46582 7043 2748 3965 4053 817 3298 403 493 11609 1401 2625 2462 138 407
internal_value=-0.00034419 0.016226 0.0240577 0.0278006 -0.0339613 0.000598599 0.0496721 0.0743067 0.0313717 -0.0139769 -0.000409452 0.0161386 -0.0233482 -0.0384493
internal_weight=1908.86 1280.35 1017.52 941.763 628.509 72.7368 30.2596 23.3282 876.905 262.831 150.794 88.4605 62.3335 555.773
internal_count=88044 36044 22375 18410 52000 5011 1713 1310 15662 13669 6626 3863 2763 46989
is_linear=0
shrinkage=0.05


Tree=19
num_leaves=15
num_cat=0
split_feature=144 155 166 169 90 118 64 80 104 166 106 144 134 104
split_gain=393.328 108.255 62.4896 56.9815 38.5421 57.1616 31.8635 29.5712 24.1782 31.5371 30.0671 28.5559 26.844 23.3796
threshold=0.063667051494121565 1.0000000180025095e-35 18.500000000000004 206.50000000000003 123.1172218322754 450.20666503906256 9.5000000000000018 22.471666336059574 49.865909576416023 16.500000000000004 4.9983332157135019 7.0758266448974618 75.852504730224624 45.727045059204109
decision_type=2 2 2 2 2 2 2 2 2 2 2 2 2 2
left_child=4 8 3 -3 -1 6 13 -5 9 10 -2 -10 -13 -6
right_child=1 2 -4 7 5 -7 -8 -9 11 -11 -12 12 -14 -15
leaf_value=-0.037576397240068199 -0.023014288528658038 -0.018688954517569994 -0.020705676077829499 0.040477348073473571 0.0052486990858140528 -0.03397597275930285 -0.019394189220063654 0.021480104557235202 -0.034647841577021304 -0.035315290072692955 0.040392408426206665 0.06522854063003207 -0.030225394337565936 0.12211214724175695
leaf_weight=545.93294547218829 23.371018194593489 63.723948674276471 74.259859410114586 351.08671378903091 6.5884765302762451 37.065662929788232 7.7929966039955607 547.31351454183459 130.4253908758983 30.299054078757763 54.597080179490149 11.205806390382351 9.4349825745448452 10.30910355132073
leaf_count=47688 1245 2748 3965 6273 338 3007 437 9389 7541 1839 2303 341 400 530
internal_value=-0.000346441 0.0152131 0.0224237 0.0258424 -0.0333761 0.00378871 0.0566558 0.029087 -0.0134818 0.00448263 0.0211446 -0.0260878 0.0242106 0.0881491
internal_weight=1903.41 1295.72 1036.38 962.124 607.689 61.7562 24.6906 898.4 259.333 108.267 77.9681 151.066 20.6408 16.8976
internal_count=88044 36044 22375 18410 52000 4312 1305 15662 13669 5387 3548 8282 741 868
is_linear=0
shrinkage=0.05


Tree=20
num_leaves=15
num_cat=0
split_feature=144 155 166 169 110 40 90 118 66 66 20 8 14 19
split_gain=362.042 96.1473 55.4285 50.2112 38.3684 25.629 24.5287 38.5678 29.8197 23.7567 22.2556 21.2633 28.2731 20.6721
threshold=0.063667051494121565 1.0000000180025095e-35 18.500000000000004 206.50000000000003 15.69251585006714 3.5000000000000004 123.1172218322754 463.24667358398443 9.5000000000000018 3.5000000000000004 9.9983334541320819 66.985000610351577 8.0033335685729998 180.19666290283206
decision_type=2 2 2 2 2 2 2 2 2 2 2 2 2 2
left_child=4 9 3 -3 10 -5 -6 8 -8 -2 -1 12 -11 -13
right_child=1 2 -4 5 6 -7 7 -9 -10 11 -12 13 -14 -15
leaf_value=-0.039906105004161377 -0.030457736145948114 -0.018115119743411085 -0.020107098202465937 0.02294067974897665 -0.020794368582416574 0.045396945655774568 0.10552901867413181 -0.026508388172507804 -0.019622975410345599 -0.026356319847361687 0.019507541305870436 -0.031472956062184608 0.03201493127841179 0.050216783381102165
leaf_weight=485.66262592747808 106.7010791990906 62.641781520098448 72.832710331305861 760.99739525932819 58.570652270689607 157.78941078390926 11.924339386634534 13.653214013203977 4.7095314161851993 25.207729030400515 13.470506190322338 55.248286210931838 64.577344857156277 4.3369236178696147
leaf_count=45074 7043 2748 3965 13925 4409 1737 584 953 257 1401 723 2625 2462 138
internal_value=-0.000350355 0.0142733 0.0209319 0.0240639 -0.0327847 0.0270221 -0.00235355 0.0312016 0.0737491 -0.0130161 -0.0381251 2.60928e-05 0.015101 -0.0220998
internal_weight=1898.32 1310.33 1054.26 981.429 587.991 918.787 88.8577 30.2871 16.6339 256.071 499.133 149.37 89.7851 59.5852
internal_count=88044 36044 22375 18410 52000 15662 6203 1794 841 13669 45797 6626 3863 2763
is_linear=0
shrinkage=0.05


Tree=21
num_leaves=15
num_cat=0
split_feature=144 138 166 169 110 95 104 77 118 62 156 157 18 20
split_gain=334.173 84.5254 60.8536 60.0147 38.7282 36.5522 30.4509 26.1015 34.3183 33.441 23.609 35.2261 29.7279 19.1751
threshold=0.0052305171266198167 0.051400462165474899 18.500000000000004 263.50000000000006 15.69251585006714 3.816463947296143 49.865909576416023 11.500000000000002 455.55999755859381 7.5000000000000009 1003.3854064941407 1166.0000000000002 70.001667022705092 9.9983334541320819
decision_type=2 2 2 2 2 2 2 2 2 2 2 2 2 2
left_child=4 2 3 6 13 -5 -2 -6 9 -9 11 12 -3 -1
right_child=1 10 -4 5 7 -7 -8 8 -10 -11 -12 -13 -14 -15
leaf_value=-0.041426450540706823 0.014986113113039511 0.017985677615825757 -0.031425611875149334 0.031315682898763145 -0.024197482301268627 0.0018059656397287488 -0.02268903621130584 0.11342525076386212 -0.024096886188714237 -0.0083410068831908778 -0.022279616541185803 0.070237220933414932 0.046791855697869741 0.01696303576458837
leaf_weight=434.56452592741698 72.05803039483726 398.6852085031569 111.44855625368655 246.25648754183203 47.898962828330696 181.29873072262853 176.64197191502899 9.9284121738746816 13.91635268833488 8.0306850234046561 19.838091295212507 44.064019443467259 116.27351682633162 11.976981421932576
leaf_count=42900 3014 4037 7707 8033 3562 5140 9099 606 1073 521 317 355 1015 665
internal_value=-0.000351035 0.0126911 0.00199163 0.0076891 -0.0340153 0.018968 -0.0116929 -0.00178447 0.0306097 0.0690171 0.027109 0.0290437 0.0248773 -0.0396899
internal_weight=1892.88 1366.56 787.704 676.255 526.316 427.555 248.7 79.7744 31.8754 17.9591 578.861 559.023 514.959 446.542
internal_count=88044 38717 32993 25286 49327 13173 12113 5762 2200 1127 5724 5407 5052 43565
is_linear=0
shrinkage=0.05


Tree=22
num_leaves=15
num_cat=0
split_feature=144 155 169 166 110 96 18 66 138 77 118 147 119 64
split_gain=308.904 79.1339 42.5905 53.6966 37.8858 26.8608 26.7335 25.7057 24.6439 24.0747 30.4203 29.868 23.1314 26.425
threshold=0.0052305171266198167 1.0000000180025095e-35 225.50000000000003 18.500000000000004 15.69251585006714 47.647848129272468 29.003333091735843 3.5000000000000004 13.120891094207765 11.500000000000002 455.55999755859381 0.015297412872314455 33.329765319824226 1.5000000000000002
decision_type=2 2 2 2 2 2 2 2 2 2 2 2 2 2
left_child=4 7 6 5 -1 -4 -3 -2 -8 -6 11 -11 13 -9
right_child=1 2 3 -5 9 -7 8 12 -10 10 -12 -13 -14 -15
leaf_value=-0.039243619587678365 -0.030235673137475529 -0.03313736535858243 0.036754733745719283 -0.024561400303926978 -0.023611473927224597 0.018245403770031147 -0.0044770295576283788 0.085936496153847644 0.049690249337957154 -0.021883221058375008 -0.023623144919189192 0.09488908640067685 -0.013757078125901549 0.0067916951761915288
leaf_weight=429.45912380609661 110.50596268568188 53.40222489926964 308.06674225907773 54.847705327905715 46.786081979051232 588.20115951821208 84.960055824369192 8.8259800784289819 22.597330823540688 5.5036093443632152 13.594178383238612 13.529829289764164 97.64707116689533 48.841418377123773
leaf_count=43565 7659 2666 5213 3162 3562 9439 3291 383 285 363 1073 764 4479 2140
internal_value=-0.000338736 0.0119622 0.0178083 0.0218174 -0.0334389 0.0247761 -0.0058251 -0.0123724 0.00860507 -0.00158236 0.0289461 0.0635958 0.000883931 0.0247949
internal_weight=1886.77 1377.9 1112.08 951.116 508.873 896.268 160.96 265.82 107.557 79.4137 32.6276 19.0334 155.314 57.6674
internal_count=88044 38717 24056 17814 49327 14652 6242 14661 3576 5762 2200 1127 7002 2523
is_linear=0
shrinkage=0.05


Tree=23
num_leaves=15
num_cat=0
split_feature=144 171 165 169 148 110 131 91 147 82 96 156 138 77
split_gain=285.692 70.3846 44.7901 53.2796 39.0216 36.8937 32.0118 36.1553 32.5386 28.7373 28.3205 27.6054 24.3019 22.0113
threshold=0.0052305171266198167 1.0000000180025095e-35 7.5000000000000009 267.50000000000006 814.06219482421886 15.69251585006714 12.26010847091675 29.899999618530277 12.658768177032472 24.003333091735843 70.994827270507827 3.2395833730697636 16.281285285949711 11.500000000000002
decision_type=2 2 2 2 2 2 2 2 2 2 2 2 2 2
left_child=5 2 3 -2 10 -1 7 -6 -8 -5 11 -3 -4 -7
right_child=1 4 12 9 6 13 8 -9 -10 -11 -12 -13 -14 -15
leaf_value=-0.038786671720389854 -0.026464414315152548 0.05755886465954884 -0.029530263543111702 0.048345056850178647 0.0032655454312753131 -0.023029175175415743 0.022735742773697637 0.05568926049335883 -0.01656584397518741 0.0070592931716535693 -0.025405054570191432 0.0042807796840057324 0.039945661492557363 0.027122059922116349
leaf_weight=413.26380131021142 75.093852804973722 23.2854067934677 164.08168501872569 62.856682405807078 43.964169540442526 45.724369362927973 459.74353139754385 133.69347637705505 55.774449772201478 116.84530146792531 63.75918535143137 180.57245628256351 9.3241116721183044 33.485843893140554
leaf_count=43565 3783 1121 10308 1927 1185 3562 7289 1929 1050 3029 2061 4891 144 2200
internal_value=-0.000333112 0.0112762 -0.00553969 0.00777934 0.0187605 -0.0328608 0.0249839 0.0431607 0.0183654 0.0224182 0.00247835 0.0115987 -0.0247797 -0.00147637
internal_weight=1881.47 1388.99 428.202 254.796 960.793 492.474 693.176 177.658 515.518 179.702 267.617 203.858 173.406 79.2102
internal_count=88044 38717 19191 8739 19526 49327 11453 3114 8339 4956 8073 6012 10452 5762
is_linear=0
shrinkage=0.05


Tree=24
num_leaves=15
num_cat=0
split_feature=144 155 148 110 96 91 5 85 66 157 8 19 127 77
split_gain=264.374 66.9368 37.1262 35.8507 31.912 40.0123 29.2415 25.8337 24.0415 23.288 22.2045 23.2467 23.0072 20.0715
threshold=0.0052305171266198167 1.0000000180025095e-35 814.06219482421886 15.69251585006714 47.647848129272468 29.003333091735843 71.005001068115249 44.004999160766609 3.5000000000000004 15.500000000000002 53.986667633056648 94.068332672119155 77.018333435058608 11.500000000000002
decision_type=2 2 2 2 2 2 2 2 2 2 2 2 2 2
left_child=3 8 7 -1 5 -4 -6 9 -2 -3 12 -12 -10 -5
right_child=1 2 4 13 6 -7 -8 -9 10 -11 11 -13 -14 -15
leaf_value=-0.038319043122162486 -0.02958790409258466 0.048240554684108879 0.011624755481358858 -0.022451105751966478 -0.0064980610788224688 0.055434657774144205 0.02050696545190699 -0.040765858573274791 0.0024750461877339732 0.00055003009606947547 -0.034466668796247178 0.02806868099867741 0.060474250248558792 0.025343461150382031
leaf_weight=397.84533938579261 107.10476946365088 23.684958685189486 92.231884025968611 44.711403403431177 122.21227801311761 125.46110928431153 505.1358462581411 28.724589531309903 67.805985933169723 239.00919894780964 54.015761365182698 15.681856852024792 18.07565279211849 34.37138544395566
leaf_count=43565 7659 654 1995 3562 2331 1727 9359 932 3138 7058 2559 678 627 2200
internal_value=-0.000324016 0.0106438 0.0158921 -0.0322764 0.021172 0.0375511 0.0152364 0.000483029 -0.0119351 0.00567062 0.000760476 -0.0194593 0.0173377 -0.00140658
internal_weight=1876.07 1399.14 1136.46 476.928 845.041 217.693 627.348 291.419 262.684 262.694 155.579 69.6976 85.8816 79.0828
internal_count=88044 38717 24056 49327 15412 3722 11690 8644 14661 7712 7002 3237 3765 5762
is_linear=0
shrinkage=0.05


Tree=25
num_leaves=15
num_cat=0
split_feature=144 171 165 169 94 118 169 167 62 77 12 104 82 15
split_gain=244.624 60.1889 40.6196 47.1145 35.6464 45.2553 32.6077 30.0308 26.9471 37.1848 26.5422 29.2762 24.8726 23.7347
threshold=0.0052305171266198167 1.0000000180025095e-35 7.5000000000000009 267.50000000000006 132.01999664306643 450.20666503906256 206.50000000000003 1.5000000000000002 9.5000000000000018 12.500000000000002 290.16667175292974 29.546933174133304 24.003333091735843 1.7533333301544192
decision_type=2 2 2 2 2 2 2 2 2 2 2 2 2 2
left_child=4 2 3 -2 -1 8 10 13 9 -6 11 -3 -5 -8
right_child=1 6 -4 12 5 -7 7 -9 -10 -11 -12 -13 -14 -15
leaf_value=-0.037496790487369529 -0.025870028547375429 0.049221747965499947 -0.024215765576810887 0.043788832449007394 0.007303092507535182 -0.034149716649755434 0.039257558034759027 0.023917985943960995 -0.020606189943311103 0.12642311269549836 0.058548589490273723 -0.034018445655559754 0.0060287813343214737 -0.0081234745372843458
leaf_weight=391.87819089833647 73.2831792505458 7.8787696203216901 169.56844264362007 65.756060712039471 13.974509243853392 37.768726320937276 27.286442676559091 732.69758565817028 9.9759335136041027 8.5336637031286937 6.6866575842723242 66.415082407183945 118.75142020359635 140.7543353298679
leaf_count=43852 3783 353 10452 1927 933 3559 744 11094 626 357 181 3638 3029 3516
internal_value=-0.000316029 0.0100478 -0.00556968 0.00692265 -0.0316854 0.00106845 0.0168401 0.0195726 0.0411093 0.067236 -0.0129248 -0.0226438 0.0202862 0.000482287
internal_weight=1871.21 1409.08 427.359 257.791 462.131 70.2528 981.719 900.738 32.4841 22.5082 80.9805 74.2939 184.507 168.041
internal_count=88044 38717 19191 8739 49327 5475 19526 15354 1916 1290 4172 3991 4956 4260
is_linear=0
shrinkage=0.05


Tree=26
num_leaves=15
num_cat=0
split_feature=144 155 94 118 148 125 79 149 85 62 77 66 79 8
split_gain=226.143 56.5661 34.7305 41.8034 31.7537 27.8937 31.9342 29.2945 24.1272 23.9006 30.7016 22.3586 21.5154 20.2082
threshold=0.0052305171266198167 1.0000000180025095e-35 132.01999664306643 450.20666503906256 814.06219482421886 3.3077270984649663 587.50000000000011 29.230619430541996 44.004999160766609 9.5000000000000018 12.500000000000002 3.5000000000000004 6.5000000000000009 53.986667633056648
decision_type=2 2 2 2 2 2 2 2 2 2 2 2 2 2
left_child=2 11 -1 9 8 7 -7 -6 12 10 -4 -2 -3 -13
right_child=1 4 3 -5 5 6 -8 -9 -10 -11 -12 13 -14 -15
leaf_value=-0.036999170355580653 -0.028870105416348893 0.019369629596124774 0.0069967883118711646 -0.033641866843462903 0.068564797823916543 -0.0047746869484605135 0.039698071714456828 0.021622162140805683 -0.04042746637841696 -0.020190605101137921 0.11318088677063526 0.016230204163031666 -0.008630187127068931 -0.018919396444997988
leaf_weight=377.71946157701313 103.56475321575999 127.30825274530798 14.073284247890117 36.529041154310107 31.706970037892461 193.47218137420714 45.745134587399662 594.33708344679326 27.920310661196709 9.7801325256004912 9.6109780576080066 87.254701795987785 138.15628012362868 68.449875675141811
leaf_count=43852 7659 3362 933 3559 495 3926 707 10284 932 626 357 3765 4350 3237
internal_value=-0.00029737 0.0094963 -0.0310764 0.00122145 0.0142131 0.0190088 0.00436841 0.0245241 -1.2026e-05 0.0387037 0.0623037 -0.0114527 0.00490747 0.000670083
internal_weight=1865.63 1417.92 447.713 69.9934 1158.65 865.261 239.217 626.044 293.385 33.4644 23.6843 259.269 265.465 155.705
internal_count=88044 38717 49327 5475 24056 15412 4633 10779 8644 1916 1290 14661 7712 7002
is_linear=0
shrinkage=0.05


Tree=27
num_leaves=15
num_cat=0
split_feature=169 158 166 110 166 89 90 83 164 17 65 3 3 164
split_gain=212.305 96.6312 65.4231 47.2536 29.096 32.6951 28.4937 22.6592 20.9039 18.3519 17.1161 15.8391 13.2665 9.81673
threshold=206.50000000000003 1.0000000180025095e-35 18.500000000000004 13.924746036529543 1.5000000000000002 199.18833160400393 112.0005569458008 29.708333015441898 45.006637573242195 12.001666545867922 289.50000000000006 148.65000152587893 1.0066666603088381 364.50460815429693
decision_type=2 2 2 2 2 2 2 2 2 2 2 2 2 2
left_child=3 -2 4 -1 5 -3 -5 -6 11 -10 12 -8 -4 -12
right_child=1 2 10 6 7 -7 8 -9 9 -11 13 -13 -14 -15
leaf_value=-0.041175790887648722 -0.033485914768805268 -0.024811312870791927 0.029243510059859285 -0.028059721240728853 0.024963813705683739 0.063839626800722651 0.10016058510923187 0.010734922644415137 0.037268246222580771 -0.021246141237749663 -0.021717664060760034 0.0062591458511545633 -0.038156331208124832 0.053233702341073122
leaf_weight=308.25082197692245 117.94713165611029 69.598320759832859 4.3769539240747681 58.648263880051672 580.61130234319717 7.224300858564674 6.4301593909040085 560.95413730107248 16.291020711883903 31.155410239472985 3.6828482262790185 8.5750544406473619 81.119163841940463 6.01255127415061
leaf_count=34216 12309 2819 380 4826 13659 176 209 10395 670 1772 209 331 5795 278
internal_value=-0.000287369 0.0089751 0.0129002 -0.0309178 0.0160408 -0.013083 -0.00420949 0.0180492 0.0186079 0.000482703 -0.0260911 0.061475 -0.0332807 0.0270607
internal_weight=1860.88 1431.53 1313.58 429.351 1218.39 76.8226 121.1 1141.57 62.4516 47.4464 95.1915 15.0052 85.4961 9.6954
internal_count=88044 46020 33711 42024 27049 2995 7808 24054 2982 2442 6662 540 6175 487
is_linear=0
shrinkage=0.05


Tree=28
num_leaves=15
num_cat=0
split_feature=169 158 166 110 90 166 89 166 164 17 65 7 3 131
split_gain=196.117 88.7325 59.0203 46.3212 26.7438 25.6594 30.2401 21.6875 18.9005 16.7267 16.2284 13.9769 12.769 9.21709
threshold=206.50000000000003 1.0000000180025095e-35 18.500000000000004 13.924746036529543 112.0005569458008 1.5000000000000002 199.18833160400393 8.5000000000000018 45.006637573242195 12.001666545867922 289.50000000000006 29.003333091735843 1.0066666603088381 0.6036697030067445
decision_type=2 2 2 2 2 2 2 2 2 2 2 2 2 2
left_child=3 -2 5 -1 13 6 -3 -7 11 -10 12 -6 -4 -5
right_child=1 2 10 4 8 7 -8 -9 9 -11 -12 -13 -14 -15
leaf_value=-0.040772179674304826 -0.032922609533591614 -0.024171827491161271 0.028184526761197745 -0.041753830953145242 -0.012272195686224724 0.023035603700122934 0.060185138411776695 0.0091466103440205077 0.034902382577842693 -0.020688704649563804 0.025817872374539405 0.078756900702752236 -0.037671977361883803 -0.0012074771826890143
leaf_weight=296.09554226277396 114.14957615500316 68.040026471950114 4.4990518195554605 35.047426781151444 4.0369506906718007 641.74726653750986 7.5741951661184421 515.66532509028912 16.849634359590709 30.545544165652245 9.9208463188260776 11.563250486738978 78.192840010393411 22.032615941949189
leaf_count=34216 12309 2819 380 3371 205 10858 176 13196 670 1772 487 335 5795 1455
internal_value=-0.000275295 0.00847736 0.0121526 -0.0302972 -0.00386962 0.0150658 -0.0125131 0.0169136 0.0179539 0.00051938 -0.0254177 0.0579396 -0.0326862 -0.0274609
internal_weight=1855.96 1439.79 1325.64 416.171 120.075 1233.03 75.6142 1157.41 62.9954 47.3952 92.6127 15.6002 82.6919 57.08
internal_count=88044 46020 33711 42024 7808 27049 2995 24054 2982 2442 6662 540 6175 4826
is_linear=0
shrinkage=0.05


Tree=29
num_leaves=15
num_cat=0
split_feature=158 169 166 137 95 113 158 90 118 95 158 65 8 105
split_gain=181.549 93.5915 53.3226 26.4415 26.1137 24.7846 25.4489 21.3133 20.1984 15.9978 17.9941 15.3472 15.1249 14.6223
threshold=1.0000000180025095e-35 206.50000000000003 18.500000000000004 8.6668267250061053 15.654137134552004 0.77851024270057689 3.3504444360733037 114.06000137329103 479.99333190917974 36.213779449462898 81.959548950195327 289.50000000000006 159.00166320800784 1.0000000180025095e-35
decision_type=2 2 2 2 2 2 2 2 2 2 2 2 2 2
left_child=4 3 5 9 -1 13 -7 -6 -9 12 -11 -4 -2 -3
right_child=1 2 11 -5 7 6 -8 8 -10 10 -12 -13 -14 -15
leaf_value=-0.041901858817100367 -0.037635411085245415 0.02890812841334502 -0.032086405018285545 0.036429168853119413 -0.024738088802993326 0.038922129459016172 0.013404832526948386 0.098806821077666362 -0.020325471675562437 0.023104075119784819 -0.037673096949496825 0.024552716366176137 0.0055930573532239711 -0.025915518593524412
leaf_weight=252.49194971239194 163.19856526702642 10.937012403272091 80.023411457892507 13.789205390959976 12.507443107664587 104.72248521680012 1077.4306302503683 4.6801074659451825 3.3567979950457811 28.590127949602902 14.109224171377717 10.161777676083146 21.641092335339636 53.395430975127965
leaf_count=31552 16532 295 6175 115 1153 4663 20598 253 291 1618 894 487 1925 1493
internal_value=-0.000271817 0.00627378 0.0114573 -0.0220867 -0.0375343 0.0141654 0.0158197 0.0138388 0.0603368 -0.0263399 0.00117748 -0.02475 -0.0325602 -0.0151825
internal_weight=1851.04 1578 1336.67 241.328 273.036 1246.49 1182.15 20.5443 8.03691 227.539 42.6994 90.1852 184.84 64.3324
internal_count=88044 54795 33711 21084 33249 27049 25261 1697 544 20969 2512 6662 18457 1788
is_linear=0
shrinkage=0.05


Tree=30
num_leaves=15
num_cat=0
split_feature=158 169 166 95 137 40 165 90 103 16 95 158 8 65
split_gain=169.322 85.1751 48.306 25.516 24.6448 22.7181 20.486 19.6492 18.1832 17.6403 15.2357 16.7752 14.5904 14.5198
threshold=1.0000000180025095e-35 206.50000000000003 18.500000000000004 15.654137134552004 8.6668267250061053 3.5000000000000004 14.500000000000002 114.06000137329103 479.99333190917974 0.99333333969116222 36.213779449462898 81.959548950195327 159.00166320800784 289.50000000000006
decision_type=2 2 2 2 2 2 2 2 2 2 2 2 2 2
left_child=3 4 5 -1 10 6 -3 -5 -9 -7 12 -12 -2 -4
right_child=1 2 13 7 -6 9 -8 8 -10 -11 11 -13 -14 -15
leaf_value=-0.041531663435585439 -0.037137150127125172 0.0011364370268199442 -0.031502437796198671 -0.024278793181398292 0.034431843069817732 -0.015241431788188179 0.015556828774624026 0.092055318341105086 -0.020079783904365073 0.033403419529849335 0.021703706954723581 -0.037285880484289505 0.0053417618719765097 0.023359707792679721
leaf_weight=242.30857617408037 157.33527088537812 387.39156139455736 77.586527293547988 12.20906919334084 14.140406042337416 17.857625233475119 675.2020044089295 5.1270717186853272 3.2908294722437859 179.64766364172101 29.219012110494077 13.607630729675291 21.758358490187675 10.395938985981045
leaf_count=31552 16532 12290 6175 1153 115 260 12149 253 291 2350 1618 894 1925 487
internal_value=-0.000267717 0.00593235 0.010794 -0.0370357 -0.0214793 0.0133169 0.0103295 0.0135778 0.057071 0.0287374 -0.0257221 0.00102197 -0.0319714 -0.0241124
internal_weight=1847.08 1584.14 1348.08 262.936 236.061 1260.1 1062.59 20.627 8.4179 197.505 221.92 42.8266 179.094 87.9825
internal_count=88044 54795 33711 33249 21084 27049 24439 1697 544 2610 20969 2512 18457 6662
is_linear=0
shrinkage=0.05


Tree=31
num_leaves=15
num_cat=0
split_feature=158 169 166 95 137 166 167 91 103 95 158 65 97 8
split_gain=157.912 77.571 43.8135 24.8774 22.9707 21.9101 19.3068 18.2353 16.8201 14.5332 16.0453 13.7316 12.738 11.9534
threshold=1.0000000180025095e-35 206.50000000000003 18.500000000000004 15.654137134552004 8.6668267250061053 1.0000000180025095e-35 1.5000000000000002 148.52667236328128 479.99333190917974 45.348907470703132 81.959548950195327 289.50000000000006 15.00833320617676 159.00166320800784
decision_type=2 2 2 2 2 2 2 2 2 2 2 2 2 2
left_child=3 4 5 -1 9 -3 -7 -5 -9 13 -11 12 -4 -2
right_child=1 2 11 7 -6 6 -8 8 -10 10 -12 -13 -14 -15
leaf_value=-0.041151216864366819 -0.035246696194722114 -0.026309973357241057 0.02992830282413907 -0.022196781403980067 0.032573636791489176 0.0012929090972477995 0.016756896037159182 0.09009138671436516 -0.019440167952168474 0.027520987020046857 -0.035292115311978331 0.022234006847504765 -0.036322366753998019 0.0026105902690277266
leaf_weight=232.61377722490579 159.91605943348259 30.878778408747166 4.2931048320606342 12.704339670948686 14.476087279617785 254.53097963891923 986.57257777266204 4.902403141371904 3.1218784032389522 22.275352309457958 11.268462674692271 10.623362925834952 70.970650851726532 23.111595252994448
leaf_count=31552 17028 1481 358 1197 115 7169 18399 218 282 1187 770 487 5817 1984
internal_value=-0.000266329 0.00561188 0.0101795 -0.0365284 -0.0208791 0.0125352 0.0136034 0.0132635 0.056374 -0.0251064 0.0045791 -0.023479 -0.0309144 -0.030524
internal_weight=1842.26 1588.92 1357.87 253.342 231.048 1271.98 1241.1 20.7286 8.02428 216.571 33.5438 85.8871 75.2638 183.028
internal_count=88044 54795 33711 33249 21084 27049 25568 1697 500 20969 1957 6662 6175 19012
is_linear=0
shrinkage=0.05


Tree=32
num_leaves=15
num_cat=0
split_feature=158 169 166 95 137 113 98 90 103 158 159 105 65 3
split_gain=147.217 70.6116 39.6152 24.2547 21.4055 21.1878 25.5562 16.9375 15.0418 14.3726 14.4398 13.4314 12.9659 12.4299
threshold=1.0000000180025095e-35 206.50000000000003 18.500000000000004 15.654137134552004 8.6668267250061053 0.77851024270057689 0.96264255046844494 114.06000137329103 479.99333190917974 0.80025440454483043 21.085069656372074 1.0000000180025095e-35 289.50000000000006 1.0066666603088381
decision_type=2 2 2 2 2 2 2 2 2 2 2 2 2 2
left_child=3 4 5 -1 9 11 -7 -5 -9 10 -2 -3 13 -4
right_child=1 2 12 7 -6 6 -8 8 -10 -11 -12 -13 -14 -15
leaf_value=-0.040760405736634531 -0.023852161281969281 0.02639185600665292 0.029497201695373194 -0.023469561934162012 0.030841822071718896 0.071212106787923987 0.012318117266709498 0.081096349389425393 -0.019602567628786424 -0.027285210989807032 0.068553997460973501 -0.025744774907035407 0.021171136927382206 -0.035830950867896727
leaf_weight=223.38430819939822 4.4875170183368009 11.350229362025855 4.3446996351703993 11.706290778703989 14.796797186136244 13.965974089689551 1205.4591444106773 5.9419220220297557 3.1654823226854205 203.13535833917558 3.8248869641683996 53.012249802704901 10.844102503731845 68.590337317902595
leaf_count=31552 596 295 380 1153 115 298 24963 253 291 20027 346 1493 487 5795
internal_value=-0.000265952 0.00530625 0.00959768 -0.0360109 -0.0202805 0.0117934 0.0132807 0.0129852 0.0515535 -0.0244878 0.0284459 -0.0153109 -0.0228177 -0.0302966
internal_weight=1838.01 1593.81 1367.57 244.198 226.245 1283.79 1219.43 20.8137 9.1074 211.448 8.3124 64.3625 83.7791 72.935
internal_count=88044 54795 33711 33249 21084 27049 25261 1697 544 20969 942 1788 6662 6175
is_linear=0
shrinkage=0.05


Tree=33
num_leaves=15
num_cat=0
split_feature=158 169 166 95 95 69 151 32 14 167 8 9 91 103
split_gain=137.426 64.1031 35.8751 23.5599 21.1335 22.6917 21.6754 20.9055 24.6681 17.0896 16.8308 38.5371 15.7204 13.9363
threshold=1.0000000180025095e-35 206.50000000000003 18.500000000000004 15.654137134552004 45.348907470703132 1.0000000180025095e-35 92.500000000000014 1.0000000180025095e-35 7.4233334064483651 1.5000000000000002 104.99666595458986 7.0016667842864999 148.52667236328128 479.99333190917974
decision_type=2 2 2 2 2 2 2 2 2 2 2 2 2 2
left_child=3 4 7 -1 10 6 -6 9 -9 -3 -2 -12 -5 -14
right_child=1 2 -4 12 5 -7 -8 8 -10 -11 11 -13 13 -15
leaf_value=-0.040359146039230041 -0.034372639375760947 -0.0048289513603187945 -0.022160988290250649 -0.021444661374131362 -0.013320452730443025 -0.025230848004049844 0.074229377860358089 0.04946215311021606 0.014906912245793134 0.010906288381378727 0.074150212597203211 -0.026483495640426038 0.079461468739011665 -0.018974898519926231
leaf_weight=214.59800189454108 143.77937418967485 223.0073511255905 81.776154185645282 12.254684041254224 9.4910039315000194 19.163322485983372 12.970523909665642 60.480437124613672 289.08321315562353 722.36988068325445 8.450255645439027 27.557299384847283 5.6813184916973096 3.0043992195278406
leaf_count=31552 16094 6771 6662 1197 554 1050 416 994 4475 14809 533 2437 218 282
internal_value=-0.000245839 0.00504259 0.00906951 -0.0354868 -0.0196438 0.0113942 0.0415459 0.0111194 0.0214988 0.00718859 -0.0269436 0.00329472 0.0126 0.0509196
internal_weight=1833.67 1598.13 1376.72 235.538 221.412 41.6249 22.4615 1294.94 349.564 945.377 179.787 36.0076 20.9404 8.68572
internal_count=88044 54795 33711 33249 21084 2020 970 27049 5469 21580 19064 2970 1697 500
is_linear=0
shrinkage=0.05


Tree=34
num_leaves=15
num_cat=0
split_feature=158 169 79 165 8 92 32 121 96 13 66 147 162 124
split_gain=128.194 59.5064 31.1943 24.9047 26.5929 22.9988 22.9212 27.5779 23.693 18.2608 18.249 21.3132 21.2392 18.0628
threshold=1.0000000180025095e-35 257.50000000000006 8.5000000000000018 19.500000000000004 111.95666503906251 10.667901992797853 1.0000000180025095e-35 2.9866666793823247 47.647848129272468 223.93833923339847 7.5000000000000009 12.303861141204836 27.831596374511722 15.019999980926515
decision_type=2 2 2 2 2 2 2 2 2 2 2 2 2 2
left_child=5 2 3 9 -5 -1 10 8 -8 -2 12 -12 -3 -9
right_child=1 6 -4 4 -6 -7 7 13 -10 -11 11 -13 -14 -15
leaf_value=-0.038319082469162359 -0.014685379169958707 0.021000010267139199 -0.026157520666457903 0.0059172744497997948 0.068632002528922501 0.030989814053668376 0.079131312064996545 -0.0081513462432121261 -0.0033102664323565695 0.02924120483993561 0.013943417812544096 -0.012981264221951472 -0.01707106618235385 0.023102392427060782
leaf_weight=218.23639239231125 184.48230010084808 44.939511715434492 179.22901681857184 69.426094721071422 17.835571576841176 9.0454628062434477 29.862167363520712 57.123906815424562 11.100109379738567 22.325548743829131 573.17430444899946 80.208947490900755 135.02660645125434 197.24265649821609
leaf_count=32480 12335 1310 13190 3394 547 769 647 1069 262 1120 11316 1649 5628 2328
internal_value=-0.000233684 0.00478558 -0.0100249 8.04602e-05 0.0217604 -0.034953 0.011013 0.0228792 0.0588612 -0.00936503 0.00669641 0.0105647 -0.00725362 0.0160618
internal_weight=1829.26 1601.98 473.299 294.07 87.2617 227.282 1128.68 295.329 40.9623 206.808 833.349 653.383 179.966 254.367
internal_count=88044 54795 30586 17396 3941 33249 24209 4306 909 13455 19903 12965 6938 3397
is_linear=0
shrinkage=0.05


Tree=35
num_leaves=15
num_cat=0
split_feature=158 169 166 95 95 69 151 49 89 158 8 9 111 165
split_gain=119.593 54.8176 31.6754 22.946 19.8195 19.9877 19.2465 19.0504 24.4604 19.2243 16.0694 34.9872 15.2871 15.1531
threshold=1.0000000180025095e-35 206.50000000000003 18.500000000000004 15.654137134552004 45.348907470703132 1.0000000180025095e-35 47.500000000000007 3.5000000000000004 14.795000076293947 319.23680114746099 104.99666595458986 7.0016667842864999 43.201597213745124 9.5000000000000018
decision_type=2 2 2 2 2 2 2 2 2 2 2 2 2 2
left_child=3 4 7 -1 10 6 -6 9 -9 -3 -2 -12 -5 -14
right_child=1 2 -4 12 5 -7 -8 8 -10 -11 11 -13 13 -15
leaf_value=-0.03955087793413993 -0.033564840611846454 0.0064918793226353662 -0.021503713469115997 -0.031028325447498856 -0.019086274018513094 -0.02424522536534484 0.06433954418090379 -0.0064069196100887855 0.041168106834875512 0.03508776893606997 0.068941204236994402 -0.025926395126472157 -0.007340906097485363 0.081409334684275858
leaf_weight=198.73467833502218 137.09590935055166 1125.8280260055326 79.877896182704717 7.8722635195590582 7.5796445142477777 18.391886591911316 15.685710712336002 35.770370680838823 91.926292105577886 57.432071634568274 9.0084337117150408 26.801693062763661 7.7032067901454848 5.167379870545119
leaf_count=31552 16094 23975 6662 751 481 1050 489 750 1562 762 533 2437 631 315
internal_value=-0.000214034 0.0045524 0.00819271 -0.0344035 -0.0186939 0.0112237 0.0385918 0.010077 0.0281021 0.00802165 -0.0260147 0.00346127 0.0130157 0.0410992
internal_weight=1824.88 1605.4 1390.83 219.478 214.563 41.6572 23.2654 1310.96 127.697 1183.26 172.906 35.8101 20.7429 12.8706
internal_count=88044 54795 33711 33249 21084 2020 970 27049 2312 24737 19064 2970 1697 946
is_linear=0
shrinkage=0.05


Tree=36
num_leaves=15
num_cat=0
split_feature=158 169 79 95 165 19 32 121 96 104 147 88 20 161
split_gain=111.457 49.907 28.9017 22.2841 22.2237 23.8372 19.9346 23.84 20.2779 17.9581 21.907 19.1888 17.2915 17.1768
threshold=1.0000000180025095e-35 257.50000000000006 8.5000000000000018 15.654137134552004 19.500000000000004 17.001667022705082 1.0000000180025095e-35 2.9866666793823247 47.647848129272468 36.85759353637696 12.303861141204836 25.996666908264164 43.993333816528327 1.485104560852051
decision_type=2 2 2 2 2 2 2 2 2 2 2 2 2 2
left_child=3 2 4 -1 13 -6 9 8 -8 11 -11 -3 -4 -2
right_child=1 6 12 -5 5 -7 7 -9 -10 10 -12 -13 -14 -15
leaf_value=-0.039118635447650221 0.048701368526301733 0.0020001611362995089 -0.032192539790885814 0.012691447404634657 -0.019364365833569416 0.035581738159278876 0.071618440717511916 0.014537796583927157 -0.0037138066051838961 0.013501845132517379 -0.013500618004778997 -0.032797128149132881 0.00864301417660851 -0.012136860863966023
leaf_weight=191.13270156830549 7.4259786708280435 150.39766466710716 144.16154212225229 20.850515912286937 23.857588288374245 64.615945332217962 31.615108704194427 258.58618179662153 11.186947477050124 560.4787071030587 82.517463472671807 48.540732958354056 29.14812075253576 196.51083685318008
leaf_count=31552 670 4784 12436 1697 1763 2178 647 3397 262 11341 1788 1990 754 12785
internal_value=-0.000203141 0.00432047 -0.00940909 -0.0338476 0.000261257 0.0205218 0.00992967 0.0208695 0.0536002 0.00591345 0.00995911 -0.00708627 -0.0252748 -0.00880911
internal_weight=1821.03 1609.04 465.72 211.983 292.41 88.4735 1143.32 301.388 42.8021 841.935 642.996 198.938 173.31 203.937
internal_count=88044 54795 30586 33249 17396 3941 24209 4306 909 19903 13129 6774 13190 13455
is_linear=0
shrinkage=0.05


Tree=37
num_leaves=15
num_cat=0
split_feature=158 169 166 95 95 166 6 113 69 8 9 111 165 9
split_gain=103.943 46.2858 28.1342 21.4478 18.5871 18.361 18.3092 15.9701 15.6555 15.6123 32.1332 14.1997 13.6309 13.3152
threshold=1.0000000180025095e-35 206.50000000000003 18.500000000000004 15.654137134552004 45.348907470703132 1.0000000180025095e-35 50.965000152587898 0.77851024270057689 1.0000000180025095e-35 104.99666595458986 7.0016667842864999 43.201597213745124 9.5000000000000018 18.006667137146
decision_type=2 2 2 2 2 2 2 2 2 2 2 2 2 2
left_child=3 4 5 -1 9 -3 -6 -7 -8 -2 -11 -5 -13 -4
right_child=1 2 13 11 6 7 8 -9 -10 10 -12 12 -14 -15
leaf_value=-0.038675875402706561 -0.032724582453735648 -0.026366489823484076 0.0043870591031447657 -0.030805266974968954 -0.023375468733472238 -0.013995180508574599 0.060960992292709397 0.011305380610977293 -0.013845205548633919 0.065240139124531971 -0.025179224875253915 -0.0074801846814857107 0.075499034640135687 -0.036341939539492052
leaf_weight=183.89613271923736 130.72351327165961 30.880588072352111 30.993603742215782 7.73324658116326 17.937647132202983 61.55121584283188 15.364053605124356 1233.8571144985035 8.2646098202094418 9.4308053851127607 25.880423225462437 7.7428907779976708 5.6271490543149412 47.239125563297421
leaf_count=31552 16094 1481 2423 751 1037 1639 502 23929 481 533 2437 631 315 4239
internal_value=-0.000197132 0.00410096 0.0073697 -0.0332903 -0.0176668 0.0091102 0.0112009 0.010054 0.0369476 -0.02501 0.00406643 0.0120586 0.0384877 -0.020912
internal_weight=1817.12 1612.12 1404.52 204.999 207.601 1326.29 41.5663 1295.41 23.6287 166.035 35.3112 21.1033 13.37 78.2327
internal_count=88044 54795 33711 33249 21084 27049 2020 25568 983 19064 2970 1697 946 6662
is_linear=0
shrinkage=0.05


Tree=38
num_leaves=15
num_cat=0
split_feature=158 169 79 68 6 92 135 136 95 88 155 26 112 68
split_gain=96.735 42.0356 26.5518 21.1403 21.6997 21.0678 18.4311 24.8026 18.0259 23.3927 22.183 16.2021 15.1858 14.4768
threshold=1.0000000180025095e-35 257.50000000000006 8.5000000000000018 18.500000000000004 31.868333816528324 10.667901992797853 13.758611202239992 138.56208801269534 4.0276377201080331 25.541666030883793 28.713139533996586 59.006666183471687 23.020000457763675 109.50000000000001
decision_type=2 2 2 2 2 2 2 2 2 2 2 2 2 2
left_child=5 2 3 4 -2 -1 8 12 9 -3 -10 13 -8 -4
right_child=1 6 11 -5 -6 -7 7 -9 10 -11 -12 -13 -14 -15
leaf_value=-0.036457091383643968 -0.0139259803853787 0.02045906029118659 -0.034034894935014597 -0.038783306197430013 0.015319802460075844 0.029537087041150156 0.0055889392940001413 -0.0029688908199161554 -0.008711465653171508 0.00048824634372391968 0.015925846168561544 0.017399413019718295 0.053330972173169934 0.018889524764139833
leaf_weight=188.95198110397905 94.624883791431785 346.97516528796405 139.15278152795509 25.986194190103561 170.57152520213276 9.2710185246542078 23.751566849648952 47.478681050240993 298.21538014663383 251.76689716847613 125.79385475069284 17.430847590789199 62.891169026494026 11.050294180866329
leaf_count=32480 7226 8323 12008 1760 8410 769 127 262 7017 5866 2308 619 306 563
internal_value=-0.000202303 0.00387578 -0.00886592 0.000339655 0.00482 -0.0327197 0.00894555 0.0260606 0.00658525 0.0121351 -0.00130171 -0.0244028 0.0412623 -0.0296582
internal_weight=1813.91 1615.69 458.817 291.183 265.196 198.223 1156.87 134.121 1022.75 598.742 424.009 167.634 86.6427 150.203
internal_count=88044 54795 30586 17396 15636 33249 24209 695 23514 14189 9325 13190 433 12571
is_linear=0
shrinkage=0.05


Tree=39
num_leaves=15
num_cat=0
split_feature=169 110 155 17 8 3 172 138 2 166 91 109 144 112
split_gain=90.0854 39.6804 34.2118 29.4671 24.6622 20.7613 30.84 26.4788 22.9557 22.9 19.9803 18.7913 18.5873 19.9239
threshold=206.50000000000003 13.17708730697632 1.0000000180025095e-35 19.005000114440922 53.986667633056648 6.8650000095367441 -0.6035533845424651 0.27050925791263586 15.730000019073488 18.500000000000004 110.94166564941408 15.894999980926515 1.8596917986869814 46.646665573120124
decision_type=2 2 2 2 2 2 2 2 2 2 2 2 2 2
left_child=1 -1 3 12 11 6 -4 -8 -7 -10 -3 -5 -2 -14
right_child=2 10 5 4 -6 8 7 -9 9 -11 -12 -13 13 -15
leaf_value=-0.036947494181379548 -0.033655335769356413 -0.025876995879269355 -0.034828561567607087 -0.014386431332156889 -0.016008055705405262 -0.022933567511482011 0.082042310361950033 0.013128417977703078 0.010102248856271747 -0.024404938509010796 0.015870183837912454 0.043119914696396394 0.035767103760892822 -0.030418710413651934
leaf_weight=205.67484385007992 121.74987798789516 41.33471150463447 9.6155960448086244 16.719982169568539 54.53442551009357 56.347545559518039 25.551137007307261 29.852146068587899 1049.8797187851742 45.711382835172117 70.138290469534695 46.949519860092551 20.033370188437402 15.968800660222767
leaf_count=33800 13267 4602 342 1214 3968 1651 1357 270 16050 3603 3622 2552 1085 661
internal_value=-0.000196714 -0.0241828 0.00496251 -0.0107979 0.0079101 0.00856587 0.035062 0.0490708 0.00692529 0.00855817 -5.61903e-05 0.0280705 -0.0246282 0.00628082
internal_weight=1810.06 317.148 1492.91 275.956 118.204 1216.96 65.0189 55.4033 1151.94 1095.59 111.473 63.6695 157.752 36.0022
internal_count=88044 42024 46020 22747 7734 23273 1969 1627 21304 19653 8224 3766 15013 1746
is_linear=0
shrinkage=0.05


Tree=40
num_leaves=15
num_cat=0
split_feature=158 169 91 166 95 15 13 8 102 66 64 111 111 163
split_gain=84.7314 36.0422 25.2735 20.7962 20.5526 18.5611 24.4657 16.0972 23.5788 15.2657 20.2322 13.419 13.2211 12.554
threshold=1.0000000180025095e-35 225.50000000000003 100.71499633789064 18.500000000000004 15.654137134552004 242.0100021362305 223.93833923339847 125.00333404541017 71.587863922119155 507.50000000000006 148.50000000000003 43.201597213745124 58.287395477294929 349.00000000000006
decision_type=2 2 2 2 2 2 2 2 2 2 2 2 2 2
left_child=4 2 7 9 -1 6 -4 -2 -9 10 -3 -6 -13 -5
right_child=1 3 5 13 11 -7 -8 8 -10 -11 -12 12 -14 -15
leaf_value=-0.037416467886573261 -0.03249491925817885 0.0062940541779001368 -0.00071960747959731004 0.025700280082677659 -0.030164712262077897 -0.03854068585737469 0.051629468684401131 0.067909992508748962 -0.017821045016264109 -0.024522949216692867 0.022565128477116218 0.089038467910514243 0.0019796920242237293 -0.027405509625615349
leaf_weight=165.855830589775 130.79269963735715 978.57799448492005 108.05666511459276 9.3541584168560785 7.3427200689911869 17.9929219763726 23.085889115463942 6.1589374351315227 23.87932533537969 29.180074874311686 234.74049104005098 2.4984642146155229 10.985330128110943 58.836412351578474
leaf_count=31552 15764 20313 5146 845 751 1369 827 460 1816 579 2712 138 808 4964
internal_value=-0.000204719 0.00350309 -0.0117057 0.00713064 -0.0316453 0.00313062 0.0100535 -0.0251426 0.00693937 0.00862708 0.0095217 0.0126608 0.037833 -0.0188626
internal_weight=1807.34 1620.66 309.966 1310.69 186.682 149.135 131.143 160.831 30.0383 1242.5 1213.32 20.8265 13.4838 68.1906
internal_count=88044 54795 25382 29413 33249 7342 5973 18040 2276 23604 23025 1697 946 5809
is_linear=0
shrinkage=0.05


Tree=41
num_leaves=15
num_cat=0
split_feature=158 169 166 95 166 89 17 95 6 64 60 8 164 166
split_gain=78.7054 33.044 22.0535 20.0371 16.8854 25.6772 18.1968 15.6485 15.941 15.3018 19.8623 14.8334 30.0864 13.2725
threshold=1.0000000180025095e-35 206.50000000000003 17.500000000000004 15.654137134552004 1.5000000000000002 199.18833160400393 38.004999160766609 45.348907470703132 50.965000152587898 278.50000000000006 303.50000000000006 104.99666595458986 74.413391113281264 22.500000000000004
decision_type=2 2 2 2 2 2 2 2 2 2 2 2 2 2
left_child=3 7 4 -1 5 -3 -6 11 -9 -4 -11 13 -13 -2
right_child=1 2 9 -5 6 -7 -8 8 -10 10 -12 12 -14 -15
leaf_value=-0.036935184943850931 -0.034506486637358308 -0.024928320733619433 -0.022411860324722394 0.012585317523155851 0.013753483716399728 0.050526230205360359 0.0011298251141952285 -0.022639020162047305 0.033646482183520239 0.069072991604372122 -0.021806914388555684 0.068284274606185719 -0.022021865135349598 0.032539636777719559
leaf_weight=159.83472921093926 115.1260496196337 69.509908021427691 96.068933214526623 20.841974398121238 791.96988107962534 8.5161227295175177 446.28935544937849 17.365078269038349 24.571091632824391 6.8813134897500268 8.5614759009331447 8.1512563158757967 26.060323871672153 4.0430240910500279
leaf_count=31552 15527 2819 7250 1697 15017 176 7881 1037 983 176 392 445 2525 567
internal_value=-0.000196199 0.00332169 0.00597175 -0.0310377 0.00779279 -0.014146 0.00922655 -0.0157162 0.0104107 -0.0149358 0.0256787 -0.0229627 0.00545802 -0.0310131
internal_weight=1803.79 1623.11 1427.8 180.677 1316.29 78.026 1238.26 195.317 41.9362 111.512 15.4428 153.381 34.2116 119.169
internal_count=88044 54795 33711 33249 25893 2995 22898 21084 2020 7818 568 19064 2970 16094
is_linear=0
shrinkage=0.05


Tree=42
num_leaves=15
num_cat=0
split_feature=158 148 79 98 104 76 65 169 99 26 94 114 4 166
split_gain=73.3167 31.485 26.0258 22.0023 19.7424 21.7349 28.372 21.228 36.7538 21.7994 19.3631 21.2278 18.1644 17.1806
threshold=1.0000000180025095e-35 814.06219482421886 13.500000000000002 0.96264255046844494 146.11090850830081 313.50000000000006 48.500000000000007 283.50000000000006 57.880485534667976 3.995000004768372 148.52667236328128 45.78612136840821 1.6683332920074465 5.5000000000000009
decision_type=2 2 2 2 2 2 2 2 2 2 2 2 2 2
left_child=10 2 3 13 7 6 -6 9 -9 -3 -1 -12 -5 -2
right_child=1 4 -4 12 5 -7 -8 8 -10 -11 11 -13 -14 -15
leaf_value=-0.035865161836265924 0.10209390111624642 -0.018772102382713287 -0.019477872720759331 -0.040043026129989348 -0.0069163166470906663 -0.030421657891833698 0.052264220026667002 0.039590461808917815 0.0097114261994039816 0.0089351417715041355 0.073926314933137047 -0.019561884726796982 0.00361113047068799 -0.0042982455048322264
leaf_weight=157.98125660000369 4.6148111158981902 97.110570771154016 226.26326117105782 21.139252117369324 92.477804536931217 60.179020035080612 20.632625975180417 128.34265342541039 476.05880040302873 227.94479594752192 4.53464515693486 12.678522861097006 264.65832796180621 5.6294181584380567
leaf_count=31534 204 5345 13413 2058 2091 1498 346 1589 7395 5746 215 1500 14704 406
internal_value=-0.000182673 0.00316342 -0.0069059 0.00286672 0.0079423 -0.00738895 0.0056344 0.0108249 0.0163289 0.000498597 -0.0304466 0.0161632 -0.00025077 0.0613954
internal_weight=1800.25 1625.05 522.305 296.042 1102.75 173.289 113.11 929.457 604.401 325.055 175.194 17.2132 285.798 10.2442
internal_count=88044 54795 30785 17372 24010 3935 2437 20075 8984 11091 33249 1715 16762 610
is_linear=0
shrinkage=0.05


Tree=43
num_leaves=15
num_cat=0
split_feature=169 110 155 17 100 91 164 17 26 108 158 134 165 148
split_gain=69.6417 36.7104 25.9304 28.9825 30.5357 25.8408 19.7363 28.9892 20.6738 19.4662 19.2387 30.0674 22.4158 18.8586
threshold=194.50000000000003 13.17708730697632 1.0000000180025095e-35 19.005000114440922 102.22333145141603 25.001667022705082 45.006637573242195 18.645000457763675 71.041667938232436 251.18180084228518 3.2220685482025151 75.042243957519545 18.500000000000004 814.06219482421886
decision_type=2 2 2 2 2 2 2 2 2 2 2 2 2 2
left_child=1 -1 3 -2 5 -5 7 -3 9 -8 11 12 -4 -12
right_child=2 6 10 4 -6 -7 8 -9 -10 -11 13 -13 -14 -15
leaf_value=-0.038124295217780595 -0.023985221778828086 -0.026358336677875512 0.018020519590487765 -0.0054396981843449904 -0.0053901794913088531 0.08654183159976131 -0.038439022627169223 0.061744941746482075 0.046900716235491274 0.026788484053396417 -0.0064821714202563099 -0.030809849906676678 0.076848241191926306 0.0086208712479100471
leaf_weight=161.85564602073282 153.87608194956556 11.342047633603217 45.556972564198077 11.650097353383901 98.660170568153262 14.450719414278863 47.966912868432701 19.88367604278028 7.0064718201756468 10.745969641488044 262.7762298360467 13.465778999961911 24.476978397928178 912.64017812162638
leaf_count=30966 15956 1252 1668 1362 6668 711 4690 953 172 535 7415 534 549 14613
internal_value=-0.000167016 -0.0239068 0.0038934 -0.00978961 0.00796836 0.0512118 0.000535763 0.0305223 -0.0148626 -0.0253353 0.00694862 0.0294621 0.0423317 0.00523128
internal_weight=1796.35 258.801 1537.55 278.637 124.761 26.1008 96.9451 31.2257 65.7194 58.7129 1258.92 83.4997 70.034 1175.42
internal_count=88044 38568 49476 24697 8741 2073 7602 2205 5397 5225 24779 2751 2217 22028
is_linear=0
shrinkage=0.05


end of trees

feature_importances:
melbourne_day_of_year=42
melbourne_hour=41
roll0048_stddev_pop_queued_requested_gpus=27
roll0012_stddev_pop_total_avg_active_gpus=23
utc_hour=21
roll0048_mean_arriving_flexible_gpu_hours_F30=18
lag_queued_job_count_0048=17
roll0012_stddev_pop_fixed_avg_active_gpus_F30=17
roll0288_mean_arriving_flexible_gpu_hours_F30=16
lag_total_avg_active_gpus_0576=15
roll0012_mean_arriving_flexible_gpu_hours_F30=12
roll0012_stddev_pop_queued_requested_gpus=12
lag_flexible_avg_active_gpus_F30_0048=11
roll0003_max_total_avg_active_gpus=10
melbourne_day_of_week=10
hour_sin=10
lag_queued_requested_gpus_0288=9
roll2016_stddev_pop_total_avg_active_gpus=9
roll2016_max_fixed_avg_active_gpus_F30=9
roll0003_mean_arriving_flexible_gpu_hours_F30=8
roll2016_max_arriving_flexible_gpu_hours_F30=8
lag_queued_job_count_0024=7
roll0003_mean_total_avg_active_gpus=7
roll0003_stddev_pop_arriving_flexible_gpu_hours_F30=7
lag_fixed_avg_active_gpus_F30_0288=6
lag_queued_requested_gpus_2016=6
roll0003_max_queued_requested_gpus=6
lag_total_avg_active_gpus_0006=5
lag_queued_requested_gpus_0048=5
roll0048_mean_total_avg_active_gpus=5
roll0048_max_flexible_avg_active_gpus_F30=5
roll2016_stddev_pop_flexible_avg_active_gpus_F30=5
roll0288_max_arriving_flexible_gpu_hours_F30=5
roll2016_stddev_pop_queued_requested_gpus=5
lag_total_avg_active_gpus_0048=4
lag_total_avg_active_gpus_2016=4
lag_fixed_avg_active_gpus_F30_0012=4
lag_fixed_avg_active_gpus_F30_2016=4
lag_flexible_avg_active_gpus_F30_0001=4
lag_queued_job_count_0001=4
lag_queued_job_count_0012=4
lag_queued_requested_gpus_0576=4
lag_running_job_equivalents_0048=4
lag_running_job_equivalents_2016=4
roll0012_max_total_avg_active_gpus=4
roll0048_max_total_avg_active_gpus=4
roll0048_stddev_pop_total_avg_active_gpus=4
roll2016_max_total_avg_active_gpus=4
roll0012_max_fixed_avg_active_gpus_F30=4
roll0048_mean_fixed_avg_active_gpus_F30=4
roll0048_stddev_pop_flexible_avg_active_gpus_F30=4
roll0012_max_arriving_flexible_gpu_hours_F30=4
roll2016_mean_arriving_flexible_gpu_hours_F30=4
roll0048_max_queued_requested_gpus=4
lag_fixed_avg_active_gpus_F30_0576=3
lag_flexible_avg_active_gpus_F30_0576=3
lag_arriving_job_count_0003=3
lag_queued_job_count_0003=3
lag_queued_job_count_2016=3
lag_running_job_equivalents_0576=3
roll0003_stddev_pop_total_avg_active_gpus=3
roll0012_mean_fixed_avg_active_gpus_F30=3
roll0048_stddev_pop_fixed_avg_active_gpus_F30=3
roll0288_mean_fixed_avg_active_gpus_F30=3
roll0288_max_flexible_avg_active_gpus_F30=3
roll0003_max_arriving_flexible_gpu_hours_F30=3
roll0012_mean_queued_requested_gpus=3
roll0288_mean_queued_requested_gpus=3
roll0288_stddev_pop_queued_requested_gpus=3
roll2016_mean_queued_requested_gpus=3
lag_total_avg_active_gpus_0288=2
lag_fixed_avg_active_gpus_F30_0006=2
lag_fixed_avg_active_gpus_F30_0024=2
lag_flexible_avg_active_gpus_F30_0288=2
lag_arriving_requested_gpus_0001=2
lag_queued_job_count_0006=2
lag_queued_job_count_0576=2
lag_queued_requested_gpus_0024=2
lag_running_job_equivalents_0003=2
lag_running_job_equivalents_0024=2
roll0288_max_total_avg_active_gpus=2
roll0288_stddev_pop_total_avg_active_gpus=2
roll0003_mean_fixed_avg_active_gpus_F30=2
roll0048_max_fixed_avg_active_gpus_F30=2
roll2016_stddev_pop_fixed_avg_active_gpus_F30=2
roll0003_max_flexible_avg_active_gpus_F30=2
roll0288_stddev_pop_flexible_avg_active_gpus_F30=2
roll0012_stddev_pop_arriving_flexible_gpu_hours_F30=2
roll0288_stddev_pop_arriving_flexible_gpu_hours_F30=2
roll0012_max_queued_requested_gpus=2
roll0048_mean_queued_requested_gpus=2
roll2016_max_queued_requested_gpus=2
melbourne_month=2
lag_total_avg_active_gpus_0003=1
lag_total_avg_active_gpus_0012=1
lag_total_avg_active_gpus_0024=1
lag_fixed_avg_active_gpus_F30_0003=1
lag_fixed_avg_active_gpus_F30_0048=1
lag_flexible_avg_active_gpus_F30_0006=1
lag_arriving_requested_gpus_2016=1
lag_queued_requested_gpus_0006=1
lag_running_job_equivalents_0001=1
lag_running_job_equivalents_0002=1
lag_running_job_equivalents_0006=1
lag_running_job_equivalents_0012=1
roll0288_mean_total_avg_active_gpus=1
roll2016_mean_total_avg_active_gpus=1
roll0003_max_fixed_avg_active_gpus_F30=1
roll0003_stddev_pop_fixed_avg_active_gpus_F30=1
roll0288_max_fixed_avg_active_gpus_F30=1
roll0012_max_flexible_avg_active_gpus_F30=1
roll0012_stddev_pop_flexible_avg_active_gpus_F30=1
roll0048_max_arriving_flexible_gpu_hours_F30=1
roll2016_stddev_pop_arriving_flexible_gpu_hours_F30=1
roll0003_stddev_pop_queued_requested_gpus=1
hour_cos=1

parameters:
[boosting: gbdt]
[objective: binary]
[metric: binary_logloss]
[tree_learner: serial]
[device_type: cpu]
[data_sample_strategy: bagging]
[data: ]
[valid: ]
[num_iterations: 44]
[learning_rate: 0.05]
[num_leaves: 15]
[num_threads: 4]
[seed: 20260721]
[deterministic: 1]
[force_col_wise: 1]
[force_row_wise: 0]
[histogram_pool_size: -1]
[max_depth: 5]
[min_data_in_leaf: 100]
[min_sum_hessian_in_leaf: 0.001]
[bagging_fraction: 1]
[pos_bagging_fraction: 1]
[neg_bagging_fraction: 1]
[bagging_freq: 0]
[bagging_seed: 11591]
[bagging_by_query: 0]
[feature_fraction: 1]
[feature_fraction_bynode: 1]
[feature_fraction_seed: 24120]
[extra_trees: 0]
[extra_seed: 12737]
[early_stopping_round: 0]
[early_stopping_min_delta: 0]
[first_metric_only: 0]
[max_delta_step: 0]
[lambda_l1: 0]
[lambda_l2: 5]
[linear_lambda: 0]
[min_gain_to_split: 0]
[drop_rate: 0.1]
[max_drop: 50]
[skip_drop: 0.5]
[xgboost_dart_mode: 0]
[uniform_drop: 0]
[drop_seed: 6762]
[top_rate: 0.2]
[other_rate: 0.1]
[min_data_per_group: 100]
[max_cat_threshold: 32]
[cat_l2: 10]
[cat_smooth: 10]
[max_cat_to_onehot: 4]
[top_k: 20]
[monotone_constraints: ]
[monotone_constraints_method: basic]
[monotone_penalty: 0]
[feature_contri: ]
[forcedsplits_filename: ]
[refit_decay_rate: 0.9]
[cegb_tradeoff: 1]
[cegb_penalty_split: 0]
[cegb_penalty_feature_lazy: ]
[cegb_penalty_feature_coupled: ]
[path_smooth: 0]
[interaction_constraints: ]
[verbosity: -1]
[saved_feature_importance_type: 0]
[use_quantized_grad: 0]
[num_grad_quant_bins: 4]
[quant_train_renew_leaf: 0]
[stochastic_rounding: 1]
[linear_tree: 0]
[max_bin: 255]
[max_bin_by_feature: ]
[min_data_in_bin: 3]
[bin_construct_sample_cnt: 200000]
[data_random_seed: 4436]
[is_enable_sparse: 1]
[enable_bundle: 1]
[use_missing: 1]
[zero_as_missing: 0]
[feature_pre_filter: 1]
[pre_partition: 0]
[two_round: 0]
[header: 0]
[label_column: ]
[weight_column: ]
[group_column: ]
[ignore_column: ]
[categorical_feature: ]
[forcedbins_filename: ]
[precise_float_parser: 0]
[parser_config_file: ]
[objective_seed: 18074]
[num_class: 1]
[is_unbalance: 0]
[scale_pos_weight: 1]
[sigmoid: 1]
[boost_from_average: 1]
[reg_sqrt: 0]
[alpha: 0.9]
[fair_c: 1]
[poisson_max_delta_step: 0.7]
[tweedie_variance_power: 1.5]
[lambdarank_truncation_level: 30]
[lambdarank_norm: 1]
[label_gain: ]
[lambdarank_position_bias_regularization: 0]
[eval_at: ]
[multi_error_top_k: 1]
[auc_mu_weights: ]
[num_machines: 1]
[local_listen_port: 12400]
[time_out: 120]
[machine_list_filename: ]
[machines: ]
[gpu_platform_id: -1]
[gpu_device_id: -1]
[gpu_device_id_list: ]
[gpu_use_dp: 0]
[num_gpu: 1]

end of parameters

pandas_categorical:[]
