tree
version=v4
num_class=1
num_tree_per_iteration=1
label_index=0
max_feature_idx=176
objective=binary sigmoid:1
feature_names=lag_total_avg_active_gpus_0001 lag_total_avg_active_gpus_0002 lag_total_avg_active_gpus_0003 lag_total_avg_active_gpus_0006 lag_total_avg_active_gpus_0012 lag_total_avg_active_gpus_0024 lag_total_avg_active_gpus_0048 lag_total_avg_active_gpus_0288 lag_total_avg_active_gpus_0576 lag_total_avg_active_gpus_2016 lag_fixed_avg_active_gpus_F30_0001 lag_fixed_avg_active_gpus_F30_0002 lag_fixed_avg_active_gpus_F30_0003 lag_fixed_avg_active_gpus_F30_0006 lag_fixed_avg_active_gpus_F30_0012 lag_fixed_avg_active_gpus_F30_0024 lag_fixed_avg_active_gpus_F30_0048 lag_fixed_avg_active_gpus_F30_0288 lag_fixed_avg_active_gpus_F30_0576 lag_fixed_avg_active_gpus_F30_2016 lag_flexible_avg_active_gpus_F30_0001 lag_flexible_avg_active_gpus_F30_0002 lag_flexible_avg_active_gpus_F30_0003 lag_flexible_avg_active_gpus_F30_0006 lag_flexible_avg_active_gpus_F30_0012 lag_flexible_avg_active_gpus_F30_0024 lag_flexible_avg_active_gpus_F30_0048 lag_flexible_avg_active_gpus_F30_0288 lag_flexible_avg_active_gpus_F30_0576 lag_flexible_avg_active_gpus_F30_2016 lag_arriving_job_count_0001 lag_arriving_job_count_0002 lag_arriving_job_count_0003 lag_arriving_job_count_0006 lag_arriving_job_count_0012 lag_arriving_job_count_0024 lag_arriving_job_count_0048 lag_arriving_job_count_0288 lag_arriving_job_count_0576 lag_arriving_job_count_2016 lag_arriving_requested_gpus_0001 lag_arriving_requested_gpus_0002 lag_arriving_requested_gpus_0003 lag_arriving_requested_gpus_0006 lag_arriving_requested_gpus_0012 lag_arriving_requested_gpus_0024 lag_arriving_requested_gpus_0048 lag_arriving_requested_gpus_0288 lag_arriving_requested_gpus_0576 lag_arriving_requested_gpus_2016 lag_arriving_flexible_gpu_hours_F30_0001 lag_arriving_flexible_gpu_hours_F30_0002 lag_arriving_flexible_gpu_hours_F30_0003 lag_arriving_flexible_gpu_hours_F30_0006 lag_arriving_flexible_gpu_hours_F30_0012 lag_arriving_flexible_gpu_hours_F30_0024 lag_arriving_flexible_gpu_hours_F30_0048 lag_arriving_flexible_gpu_hours_F30_0288 lag_arriving_flexible_gpu_hours_F30_0576 lag_arriving_flexible_gpu_hours_F30_2016 lag_queued_job_count_0001 lag_queued_job_count_0002 lag_queued_job_count_0003 lag_queued_job_count_0006 lag_queued_job_count_0012 lag_queued_job_count_0024 lag_queued_job_count_0048 lag_queued_job_count_0288 lag_queued_job_count_0576 lag_queued_job_count_2016 lag_queued_requested_gpus_0001 lag_queued_requested_gpus_0002 lag_queued_requested_gpus_0003 lag_queued_requested_gpus_0006 lag_queued_requested_gpus_0012 lag_queued_requested_gpus_0024 lag_queued_requested_gpus_0048 lag_queued_requested_gpus_0288 lag_queued_requested_gpus_0576 lag_queued_requested_gpus_2016 lag_running_job_equivalents_0001 lag_running_job_equivalents_0002 lag_running_job_equivalents_0003 lag_running_job_equivalents_0006 lag_running_job_equivalents_0012 lag_running_job_equivalents_0024 lag_running_job_equivalents_0048 lag_running_job_equivalents_0288 lag_running_job_equivalents_0576 lag_running_job_equivalents_2016 roll0003_mean_total_avg_active_gpus roll0003_max_total_avg_active_gpus roll0003_stddev_pop_total_avg_active_gpus roll0012_mean_total_avg_active_gpus roll0012_max_total_avg_active_gpus roll0012_stddev_pop_total_avg_active_gpus roll0048_mean_total_avg_active_gpus roll0048_max_total_avg_active_gpus roll0048_stddev_pop_total_avg_active_gpus roll0288_mean_total_avg_active_gpus roll0288_max_total_avg_active_gpus roll0288_stddev_pop_total_avg_active_gpus roll2016_mean_total_avg_active_gpus roll2016_max_total_avg_active_gpus roll2016_stddev_pop_total_avg_active_gpus roll0003_mean_fixed_avg_active_gpus_F30 roll0003_max_fixed_avg_active_gpus_F30 roll0003_stddev_pop_fixed_avg_active_gpus_F30 roll0012_mean_fixed_avg_active_gpus_F30 roll0012_max_fixed_avg_active_gpus_F30 roll0012_stddev_pop_fixed_avg_active_gpus_F30 roll0048_mean_fixed_avg_active_gpus_F30 roll0048_max_fixed_avg_active_gpus_F30 roll0048_stddev_pop_fixed_avg_active_gpus_F30 roll0288_mean_fixed_avg_active_gpus_F30 roll0288_max_fixed_avg_active_gpus_F30 roll0288_stddev_pop_fixed_avg_active_gpus_F30 roll2016_mean_fixed_avg_active_gpus_F30 roll2016_max_fixed_avg_active_gpus_F30 roll2016_stddev_pop_fixed_avg_active_gpus_F30 roll0003_mean_flexible_avg_active_gpus_F30 roll0003_max_flexible_avg_active_gpus_F30 roll0003_stddev_pop_flexible_avg_active_gpus_F30 roll0012_mean_flexible_avg_active_gpus_F30 roll0012_max_flexible_avg_active_gpus_F30 roll0012_stddev_pop_flexible_avg_active_gpus_F30 roll0048_mean_flexible_avg_active_gpus_F30 roll0048_max_flexible_avg_active_gpus_F30 roll0048_stddev_pop_flexible_avg_active_gpus_F30 roll0288_mean_flexible_avg_active_gpus_F30 roll0288_max_flexible_avg_active_gpus_F30 roll0288_stddev_pop_flexible_avg_active_gpus_F30 roll2016_mean_flexible_avg_active_gpus_F30 roll2016_max_flexible_avg_active_gpus_F30 roll2016_stddev_pop_flexible_avg_active_gpus_F30 roll0003_mean_arriving_flexible_gpu_hours_F30 roll0003_max_arriving_flexible_gpu_hours_F30 roll0003_stddev_pop_arriving_flexible_gpu_hours_F30 roll0012_mean_arriving_flexible_gpu_hours_F30 roll0012_max_arriving_flexible_gpu_hours_F30 roll0012_stddev_pop_arriving_flexible_gpu_hours_F30 roll0048_mean_arriving_flexible_gpu_hours_F30 roll0048_max_arriving_flexible_gpu_hours_F30 roll0048_stddev_pop_arriving_flexible_gpu_hours_F30 roll0288_mean_arriving_flexible_gpu_hours_F30 roll0288_max_arriving_flexible_gpu_hours_F30 roll0288_stddev_pop_arriving_flexible_gpu_hours_F30 roll2016_mean_arriving_flexible_gpu_hours_F30 roll2016_max_arriving_flexible_gpu_hours_F30 roll2016_stddev_pop_arriving_flexible_gpu_hours_F30 roll0003_mean_queued_requested_gpus roll0003_max_queued_requested_gpus roll0003_stddev_pop_queued_requested_gpus roll0012_mean_queued_requested_gpus roll0012_max_queued_requested_gpus roll0012_stddev_pop_queued_requested_gpus roll0048_mean_queued_requested_gpus roll0048_max_queued_requested_gpus roll0048_stddev_pop_queued_requested_gpus roll0288_mean_queued_requested_gpus roll0288_max_queued_requested_gpus roll0288_stddev_pop_queued_requested_gpus roll2016_mean_queued_requested_gpus roll2016_max_queued_requested_gpus roll2016_stddev_pop_queued_requested_gpus utc_hour melbourne_hour melbourne_day_of_week melbourne_month melbourne_day_of_year is_weekend hour_sin hour_cos weekday_sin weekday_cos month_sin month_cos
feature_infos=[0:515.73333740234375] [0:515.73333740234375] [0:515.73333740234375] [0:515.73333740234375] [0:515.73333740234375] [0:515.73333740234375] [0:515.73333740234375] [0:515.73333740234375] [0:515.73333740234375] [0:515.73333740234375] [0:515.73333740234375] [0:515.73333740234375] [0:515.73333740234375] [0:515.73333740234375] [0:515.73333740234375] [0:515.73333740234375] [0:515.73333740234375] [0:515.73333740234375] [0:515.73333740234375] [0:515.73333740234375] [0:512] [0:512] [0:512] [0:512] [0:512] [0:512] [0:512] [0:512] [0:512] [0:512] [0:1718] [0:1718] [0:1718] [0:1718] [0:1718] [0:1718] [0:1718] [0:1718] [0:1718] [0:1718] [0:5632] [0:5632] [0:5632] [0:5632] [0:5632] [0:5632] [0:5632] [0:5632] [0:5632] [0:5632] [0:12685.912109375] [0:12685.912109375] [0:12685.912109375] [0:12685.912109375] [0:12685.912109375] [0:12685.912109375] [0:12685.912109375] [0:12685.912109375] [0:12685.912109375] [0:12685.912109375] [0:9596] [0:9596] [0:9596] [0:9596] [0:9596] [0:9596] [0:9596] [0:9596] [0:9596] [0:1960] [0:9599] [0:9599] [0:9599] [0:9599] [0:9599] [0:9599] [0:9599] [0:9599] [0:9599] [0:6127] [0:463] [0:463] [0:463] [0:463] [0:463] [0:463] [0:463] [0:463] [0:463] [0:463] [0:512] [0:515.73333740234375] [0:240.55458068847656] [0:512] [0:515.73333740234375] [0:255.7161865234375] [0:504.01470947265625] [0:515.73333740234375] [0:250.40919494628906] [0:451.16268920898438] [0:515.73333740234375] [0:230.42581176757812] [6.1177248426247388e-05:262.34512329101562] [0.053333334624767303:515.73333740234375] [0.0014853802276775241:183.8941650390625] [0:512] [0:515.73333740234375] [0:240.55458068847656] [0:509.86666870117188] [0:515.73333740234375] [0:246.19882202148438] [0:504.01470947265625] [0:515.73333740234375] [0:250.40919494628906] [0:283.29208374023438] [0:515.73333740234375] [0:225.25091552734375] [6.1177248426247388e-05:169.79315185546875] [0.053333334624767303:515.73333740234375] [0.0014853802276775241:174.28001403808594] [0:512] [0:512] [0:235.18722534179688] [0:512] [0:512] [0:253.82646179199219] [0:483.61279296875] [0:512] [0:226.47317504882812] [0:411.73898315429688] [0:512] [0:233.52969360351562] [0:178.25611877441406] [0:512] [0:182.61265563964844] [0:4244.66064453125] [0:12685.912109375] [0:5980.1962890625] [0:1061.303955078125] [0:12685.912109375] [0:3506.200927734375] [0:273.25704956054688] [0:12685.912109375] [0:1811.8798828125] [0:45.542839050292969] [0:12685.912109375] [0:746.28338623046875] [0:15.986562728881836] [0:12685.912109375] [0:363.71148681640625] [0:9599] [0:9599] [0:2476.137451171875] [0:9599] [0:9599] [0:2455.648681640625] [0:9599] [0:9599] [0:3645.520751953125] [0:2920.1318359375] [0:9599] [0:3976.248291015625] [0:1056.5416259765625] [0:9599] [0:1794.708251953125] [0:23] [0:23] [0:6] [1:12] [1:366] [0:1] [-1:1] [-1:1] [-0.97492790222167969:0.97492790222167969] [-0.90096884965896606:1] [-1:1] [-1:1]
tree_sizes=1723 1749 1767 1755 1759 1768 1765 1763 1783 1757 1768 1767 1768 1766 1761 1765 1766 1765 1756 1772 1773 1760 1771 1769 1769 1766 1768 1770 1766 1772 1774 1766 1767 1771 1780 1767 1772 1787 1770 1778 1768 1758 1772 1766 1780 1761

Tree=0
num_leaves=15
num_cat=0
split_feature=138 135 128 165 169 171 141 169 77 141 144 145 165 60
split_gain=7837.11 1149.09 1147.42 653.805 500.332 358.711 333.856 251.09 192.747 180.798 180.641 144.136 142.575 108.21
threshold=0.051400462165474899 0.3218055665493012 0.086647856980562224 14.500000000000002 284.50000000000006 0.12940952181816109 1.0000000180025095e-35 206.50000000000003 815.50000000000011 0.89587095379829418 0.88666859269142162 547.88400268554699 7.5000000000000009 37.500000000000007
decision_type=2 2 2 2 2 2 2 2 2 2 2 2 2 2
left_child=2 4 -1 11 -2 13 10 -8 -3 -7 -5 -4 -13 -6
right_child=1 8 3 6 5 9 7 -9 -10 -11 -12 12 -14 -15
leaf_value=-3.2367547043773408 -3.1303398631172907 -2.7296338509675948 -3.2163114293651116 -3.2059721987965215 -3.2061965871327889 -3.0816510428388928 -3.2119950476062407 -3.0123803139486669 -3.1155509918196311 -2.8151780855531712 -3.1001528070678974 -3.1202974981413805 -3.2062512314492198 -3.0268401236282019
leaf_weight=2258.9287347458303 55.814196020364761 68.372390124946833 387.38069021701813 83.231034200638533 13.614138353616001 13.80269982665777 17.800203055143356 97.637130741029978 5.8831179589033118 44.500507637858391 71.955058112740517 90.88663000613451 95.298968475311995 15.235767021775244
leaf_count=59899 1480 1813 10272 2207 361 366 472 2589 156 1180 1908 2410 2527 404
internal_value=-3.19768 -2.91083 -3.21819 -3.16858 -3.00501 -2.93275 -3.10529 -3.04248 -2.7531 -2.86412 -3.15539 -3.19898 -3.16337 -3.10023
internal_weight=3320.34 217.223 3103.12 844.19 142.967 87.1531 270.623 115.437 74.2555 58.3032 155.186 573.566 186.186 28.8499
internal_count=88044 5760 82284 22385 3791 2311 7176 3061 1969 1546 4115 15209 4937 765
is_linear=0
shrinkage=1


Tree=1
num_leaves=15
num_cat=0
split_feature=138 127 171 169 166 167 147 63 104 166 162 165 144 99
split_gain=5593.2 1068.41 545.401 514.925 295.391 251.713 249.814 195.347 193.674 170.185 117.461 141.491 111.549 117.304
threshold=0.051400462165474899 9.0066666603088397 0.37940952181816107 283.50000000000006 13.500000000000002 1.5000000000000002 0.63398444652557384 487.50000000000006 37.798658370971687 18.500000000000004 78.558036804199233 18.500000000000004 0.063667051494121565 49.380960464477546
decision_type=2 2 2 2 2 2 2 2 2 2 2 2 2 2
left_child=1 12 9 10 7 -4 -7 8 -5 -3 11 -2 -1 -14
right_child=3 2 5 4 -6 6 -8 -9 -10 -11 -12 -13 13 -15
leaf_value=-0.042920048008955013 0.069388438666092997 0.021079158457536478 0.021357879945183476 0.14229059486558671 0.11302369240084094 0.0048425481396633333 0.15628895295963985 0.036830341159277316 0.33796073955113037 -0.036164085747026585 0.028248058945673761 0.23015297857016909 0.015927075251019308 -0.038631463127641819
leaf_weight=1842.1292648725212 36.51083667576313 367.0414431579411 93.059374708682299 26.077847316861153 37.042500518262386 34.62682207301259 128.34206069260836 8.5363630056381208 112.18209554255009 194.4529805034399 33.568064920604229 25.629224233329296 181.32751517370343 205.36301378160715
leaf_count=50599 810 9683 2342 524 818 858 3095 168 2118 5240 775 547 4879 5588
internal_value=-0.000116429 -0.0198871 0.0288812 0.211897 0.260939 0.0885963 0.125212 0.293311 0.307309 0.00111084 0.109418 0.147896 -0.0377998 -0.0131711
internal_weight=3325.89 3046.34 817.523 279.547 183.839 256.028 162.969 146.796 138.26 561.494 95.7081 62.1401 2228.82 386.691
internal_count=88044 82284 21218 5760 3628 6295 3953 2810 2642 14923 2132 1357 61066 10467
is_linear=0
shrinkage=0.05


Tree=2
num_leaves=15
num_cat=0
split_feature=138 128 165 137 141 134 167 144 145 97 171 73 169 76
split_gain=4294.23 1003.16 453.437 330.539 193.814 163.015 150.116 132.21 127.059 117.12 116.619 92.2072 75.0325 119.776
threshold=0.051400462165474899 0.086647856980562224 14.500000000000002 0.65990087389945995 1.0000000180025095e-35 26.849688529968265 1.5000000000000002 0.88666859269142162 547.88400268554699 128.08000183105472 1.0000000180025095e-35 1056.5000000000002 219.50000000000003 88.500000000000014
decision_type=2 2 2 2 2 2 2 2 2 2 2 2 2 2
left_child=1 12 8 5 7 -2 -6 -4 -3 -10 -7 -12 -1 -14
right_child=3 2 4 -5 6 10 -8 -9 9 -11 11 -13 13 -15
leaf_value=-0.044548987332130627 0.05196791231108943 -0.017939752781552173 -0.0089709190358392803 0.23175147055791495 0.019106587944232443 0.054342725919093865 0.14238148458106567 0.078051144446872014 0.10778494922751095 0.011580844771460064 0.18799076277105992 -0.0036502213665314124 -0.033124411192126696 0.02346324007209211
leaf_weight=1427.4410083517432 64.444619365036488 379.88101662695408 84.534269504249096 130.30533725395799 33.614987224340439 30.195303328335285 110.1514845341444 83.242658413946629 35.078905209898949 157.63785421848297 103.05140008032322 6.4636578373610964 572.93300144001842 107.84178853780031
leaf_count=40761 1389 10272 2207 1923 767 660 2294 1908 884 4053 1657 131 16147 2991
internal_value=-0.000193327 -0.0192815 0.0253235 0.168354 0.0733469 0.123317 0.115169 0.0352144 -0.00121414 0.0313751 0.153295 0.177014 -0.0380036 -0.0240546
internal_weight=3326.82 2992.36 884.141 334.46 311.543 204.155 143.766 167.777 572.598 192.717 139.71 109.515 2108.22 680.775
internal_count=88044 82284 22385 5760 7176 3837 3061 4115 15209 4937 2448 1788 59899 19138
is_linear=0
shrinkage=0.05


Tree=3
num_leaves=15
num_cat=0
split_feature=141 165 26 169 138 167 66 68 145 166 110 129 141 148
split_gain=3631.84 731.419 367.048 343.043 256.724 192.525 156.853 150.819 105.506 82.6142 79.2012 69.1221 68.4267 67.7595
threshold=1.0000000180025095e-35 14.500000000000002 3.0066666603088383 206.50000000000003 4.0075464248657235 1.5000000000000002 2.5000000000000004 7.5000000000000009 453.40110778808599 18.500000000000004 0.032753543928265579 1.8492187261581423 3.1010416746139531 814.06219482421886
decision_type=2 2 2 2 2 2 2 2 2 2 2 2 2 2
left_child=2 4 -1 -3 8 12 -4 -7 -2 13 -6 -12 -5 -8
right_child=1 3 6 5 10 7 9 -9 -10 -11 11 -13 -14 -15
leaf_value=-0.04029786782639716 -0.011133170016583415 -0.010801243716819838 -0.029005778496549964 0.10670338547177283 -0.00056215766463389662 0.11754138760911613 0.0018208471880880432 0.1971509756821852 0.049102856439288051 -0.021332538469708836 0.0085306867777744325 0.16249110512224219 0.0020956668917215321 0.048743240980895941
leaf_weight=1887.4916262701154 147.2365203127265 34.622649800032377 239.42655230686069 31.66822699829936 11.344650857150553 132.31591108068824 118.52629519253969 193.66222158074379 135.77048075199127 86.799537274986506 9.0122904889285547 52.185876607894897 27.606518596410751 216.41446951031685
leaf_count=55689 3759 738 6634 604 193 2184 3107 2774 3101 2418 168 868 483 5324
internal_value=-0.00024465 0.0941533 -0.0290932 0.138534 0.0405489 0.151921 0.00295614 0.167101 0.0181154 0.0212285 0.121256 0.142175 0.0619366 0.0324097
internal_weight=3324.08 775.425 2548.66 419.876 355.55 385.253 661.167 325.978 283.007 421.74 72.5428 61.1982 59.2747 334.941
internal_count=88044 14872 73172 6783 8089 6045 17483 4958 6860 10849 1229 1036 1087 8431
is_linear=0
shrinkage=0.05


Tree=4
num_leaves=15
num_cat=0
split_feature=141 166 26 169 138 66 145 161 153 169 110 140 166 166
split_gain=3107.14 533.747 352.663 259.451 231.768 142.435 125.057 111.671 111.462 80.0034 79.7657 93.9634 76.9676 72.6856
threshold=1.0000000180025095e-35 8.5000000000000018 3.0066666603088383 208.50000000000003 3.3839352130889897 2.5000000000000004 710.51220703125011 20.608999252319339 1019.9166564941407 309.50000000000006 0.032753543928265579 76.272033691406264 12.500000000000002 18.500000000000004
decision_type=2 2 2 2 2 2 2 2 2 2 2 2 2 2
left_child=2 3 -1 -2 6 -4 9 -5 -9 -3 -6 -12 -8 -7
right_child=1 4 5 7 10 13 12 8 -10 -11 11 -13 -14 -15
leaf_value=-0.03978674096864887 -0.004359611802190899 -0.027236349545010863 -0.028339534105554138 0.036719514729366756 -0.0039116961917135123 0.029908450258472791 0.10397079047365161 0.15261884498015832 -0.0058182408591555528 0.032847766684886079 0.15414791147791126 0.044716038122608971 0.025010911487783845 -0.020717092299879263
leaf_weight=1817.987093295902 34.530336737632751 116.62833093106747 233.08306809142232 28.887781858444214 14.373422104865311 344.97593489289284 55.416304498910904 308.83464943617582 11.134432874619959 96.750546485185623 65.737858228385448 34.598896466195583 71.899096187204123 85.101570311933756
leaf_count=55689 741 2830 6634 479 234 8431 980 4158 202 2179 918 523 1628 2418
internal_value=-0.000291326 0.0826136 -0.0284284 0.125841 0.0452503 0.00277393 0.0238199 0.138608 0.147101 0.000135391 0.105246 0.120326 0.0620098 0.019768
internal_weight=3319.94 838.792 2481.15 383.387 455.404 663.161 340.694 348.857 319.969 213.379 114.71 100.337 127.315 430.078
internal_count=88044 14872 73172 5580 9292 17483 7617 4839 4360 5009 1675 1441 2608 10849
is_linear=0
shrinkage=0.05


Tree=5
num_leaves=15
num_cat=0
split_feature=141 135 26 171 169 78 66 165 60 88 132 28 155 164
split_gain=2686.33 448.638 338.579 304.758 194.421 132.563 129.459 74.3078 75.2198 70.9147 86.8242 51.0979 49.5922 48.111
threshold=1.0000000180025095e-35 1.0000000180025095e-35 3.0066666603088383 1.0000000180025095e-35 206.50000000000003 20.500000000000004 2.5000000000000004 7.5000000000000009 25.500000000000004 20.001667022705082 8.0221934318542498 223.06999969482425 1.073655426502228 1793.684753417969
decision_type=2 2 2 2 2 2 2 2 2 2 2 2 2 2
left_child=2 3 11 7 -5 -6 -4 8 -2 10 -8 13 -13 -1
right_child=1 -3 6 4 5 -7 9 -9 -10 -11 -12 12 -14 -15
leaf_value=-0.040948931890811287 -0.0030421075751632734 0.13871434034840818 -0.027673425147609006 -0.022363300547793532 0.051338105295865355 0.10966388442420183 -0.012990886974789381 -0.032941039834623542 0.069900009046297826 0.0013974478877057652 0.062818950070861954 -0.013699525452336804 0.13448913813877481 0.042387298546232959
leaf_weight=1719.6937105990946 87.543906286358833 200.2161837220192 227.03462544828653 43.70159175246954 182.30962428078055 250.98112656921148 50.264568343758583 78.569472339004278 53.83014053106308 257.15886876359582 130.57218403741717 14.952725615352394 3.3693130053579798 13.677313648164271
leaf_count=54709 2107 2031 6634 1033 3139 3427 1326 1987 1148 6386 3137 466 103 411
internal_value=-0.000329503 0.0733171 -0.027764 0.0536754 0.0759325 0.0859886 0.00260246 0.00479157 0.0261706 0.0184312 0.0419646 -0.0392672 0.0365422 -0.0401713
internal_weight=3313.88 897.152 2416.72 696.936 476.992 433.291 665.03 219.944 141.374 437.996 180.837 1751.69 18.322 1733.37
internal_count=88044 14872 73172 12841 7599 6566 17483 5242 3255 10849 4463 55689 569 55120
is_linear=0
shrinkage=0.05


Tree=6
num_leaves=15
num_cat=0
split_feature=141 137 26 165 169 66 167 165 169 166 158 28 113 164
split_gain=2340.56 332.769 324.795 247.988 133.45 117.848 102.905 84.6872 96.7275 63.4631 61.6477 49.6269 47.4082 45.6437
threshold=1.0000000180025095e-35 0.32101339101791387 3.0066666603088383 14.500000000000002 206.50000000000003 2.5000000000000004 1.5000000000000002 7.5000000000000009 272.50000000000006 18.500000000000004 132.95159912109378 223.06999969482425 0.4956368505954743 1793.684753417969
decision_type=2 2 2 2 2 2 2 2 2 2 2 2 2 2
left_child=2 3 11 7 -5 -4 -6 8 -2 10 -7 13 -11 -1
right_child=1 -3 5 4 6 9 -8 -9 -10 12 -12 -13 -14 -15
leaf_value=-0.040463570947138622 -0.0081370389710768484 0.11930879320024915 -0.027008038959877568 -0.026343895506244178 0.019609249292340789 0.033263876918279159 0.093620072515845407 -0.027121580623056109 0.055298445989793457 0.084376614001488437 -0.032513996862826806 0.035551546776677288 -0.031819007481238559 0.039637822297242997
leaf_weight=1655.0114874579012 96.943397603929043 219.33276622742414 221.26807095110416 28.107401553541422 58.529170386493206 324.34971391037107 318.65635646879673 81.002449210733175 148.32270827516913 4.9753052480518809 35.93758288398385 18.579379495233297 80.12989341840148 14.226958110928534
leaf_count=54709 2303 1995 6634 660 942 7577 3890 2065 3017 140 854 569 2278 411
internal_value=-0.000352728 0.0656512 -0.0270921 0.0488632 0.074762 0.00245106 0.0825423 0.0160488 0.0305634 0.0172235 0.0263475 -0.038734 -0.020721 -0.0396645
internal_weight=3305.37 950.894 2354.48 731.561 405.293 666.661 377.186 326.269 245.266 445.392 360.287 1687.82 85.1052 1669.24
internal_count=88044 14872 73172 12877 5492 17483 4832 7385 5320 10849 8431 55689 2418 55120
is_linear=0
shrinkage=0.05


Tree=7
num_leaves=15
num_cat=0
split_feature=141 26 166 138 169 75 76 166 171 148 134 164 18 140
split_gain=2053 311.384 269.257 136.138 126.769 109.935 99.6515 77.7644 77.463 91.0111 73.3568 103.866 57.9404 60.7803
threshold=1.0000000180025095e-35 3.0066666603088383 8.5000000000000018 3.3839352130889897 208.50000000000003 6.5000000000000009 7.5000000000000009 18.500000000000004 0.37940952181816107 814.06219482421886 27.462148666381839 223.84790802001956 70.001667022705092 43.517072677612312
decision_type=2 2 2 2 2 2 2 2 2 2 2 2 2 2
left_child=1 -1 4 6 -2 -3 -4 -8 -7 -10 -6 -12 13 -5
right_child=2 5 3 12 10 8 7 -9 9 -11 11 -13 -14 -15
leaf_value=-0.038195568999205093 -0.0052221981208905276 -0.025769559002612227 -0.030119561396408853 0.083207453608018109 0.061076298867693495 -0.00022787467402765371 0.041444202047137446 -0.029560545693940996 -0.0048033359131599198 0.069070256295633875 0.14433765684749331 0.079289511047403685 0.1239054858583085 0.0063832979160401539
leaf_weight=1627.2908359300345 35.023482166230679 225.4266174249351 82.535530773922801 55.401655178517103 153.05648571252823 268.77769908867776 246.98820421844721 41.825671212747693 64.684234211221337 109.23332859016955 121.78557970374823 177.70969977229834 39.692416343837976 46.432088918983936
leaf_count=55689 741 6658 1990 634 1987 6998 4515 1112 1558 2269 1059 1793 424 617
internal_value=-0.000377271 -0.0264262 0.0592231 0.0334338 0.0857359 0.00231017 0.0170659 0.0308333 0.0167369 0.0422284 0.0927554 0.107676 0.0743336 0.0501169
internal_weight=3295.86 2295.41 1000.45 512.876 487.575 668.122 371.349 288.814 442.695 173.918 452.552 299.495 141.526 101.834
internal_count=88044 73172 14872 9292 5580 17483 7617 5627 10825 3827 4839 2852 1675 1251
is_linear=0
shrinkage=0.05


Tree=8
num_leaves=15
num_cat=0
split_feature=141 26 137 171 169 75 78 171 88 7 165 169 95 144
split_gain=1814.94 298.346 225.687 177.633 114.187 100.129 80.1495 66.5079 81.0143 57.1799 55.8944 58.6367 49.5326 53.6637
threshold=1.0000000180025095e-35 3.0066666603088383 0.32101339101791387 1.0000000180025095e-35 206.50000000000003 6.5000000000000009 26.500000000000004 0.37940952181816107 27.001667022705082 5.0050001144409189 7.5000000000000009 267.50000000000006 37.891994476318366 0.0052305171266198167
decision_type=2 2 2 2 2 2 2 2 2 2 2 2 2 2
left_child=1 12 3 10 -5 -3 -6 9 -9 -7 11 -2 13 -1
right_child=2 5 -4 4 6 7 -8 8 -10 -11 -12 -13 -14 -15
leaf_value=-0.043822355724698968 -0.029119020576416452 -0.025105401115037687 0.094846633257069365 -0.021516703840593534 0.037330388021774019 0.067406214921636259 0.078364749046734808 0.072708823843378428 0.0062501699890452084 -0.0077976551935465561 -0.031641322561845889 0.038071189705672907 0.0028006909256694098 -0.017906368475662762
leaf_weight=1249.0593489017338 40.647651143372059 220.09043505787849 252.40004753321409 42.447303239256144 220.67334371432662 23.110905684530735 302.48990059271455 85.140030555427074 95.44550359994173 245.61056051403284 73.728127188980579 112.76963647454977 71.570067495107651 249.2266479935497
leaf_count=44653 973 6658 1995 1033 3266 598 3333 1756 2071 6400 1987 2285 2542 8494
internal_value=-0.000378603 -0.0257646 0.0538747 0.0403172 0.0552039 0.0021819 0.0615735 0.0156776 0.0386979 -0.000216735 0.00285749 0.0199121 -0.0376502 -0.0395854
internal_weight=3284.41 2239.25 1045.16 792.756 565.611 669.397 523.163 449.307 180.586 268.721 227.145 153.417 1569.86 1498.29
internal_count=88044 73172 14872 12877 7632 17483 6599 10825 3827 6998 5245 3258 55689 53147
is_linear=0
shrinkage=0.05


Tree=9
num_leaves=15
num_cat=0
split_feature=141 127 166 75 138 60 154 86 76 166 158 28 89 123
split_gain=1608.01 286.143 185.845 104.11 102.803 91.1153 81.6855 102.9 80.5835 61.7265 61.6231 67.4316 57.1231 79.2137
threshold=1.0000000180025095e-35 3.9933333396911626 8.5000000000000018 6.5000000000000009 4.0075464248657235 23.500000000000004 43.500000000000007 9.3849997520446795 4.5000000000000009 18.500000000000004 132.95159912109378 36.001667022705085 246.7216720581055 1.8865277767181399
decision_type=2 2 2 2 2 2 2 2 2 2 2 2 2 2
left_child=1 -1 5 -3 8 6 7 -2 -4 -10 11 -5 13 -7
right_child=2 3 4 10 -6 12 -8 -9 9 -11 -12 -13 -14 -15
leaf_value=-0.037386809772839473 0.024618364409200719 -0.025998558936722666 -0.029638100924206892 0.037330608081785517 0.062967696740216947 -0.0061020934302747753 0.017208432387939253 0.11817862516650368 0.034096984620858979 -0.029119375870205168 -0.033280334425398427 -0.0039784227090840021 0.15631470490865718 0.087134328234817607
leaf_weight=1493.3455028384924 59.158921126276255 226.41140699572861 78.571196954697371 253.5267831236124 147.8019919320941 24.396337106823921 128.81266308948398 60.716741524636745 275.72076227143407 40.863661482930183 53.816041834652424 158.45123850367963 28.841461688280106 242.44423549249768
leaf_count=54968 830 7042 1935 5978 1584 288 1504 627 4647 1126 1398 3786 204 2127
internal_value=-0.000393734 -0.0251039 0.0491618 0.00147288 0.0280695 0.0697525 0.0459166 0.0748409 0.0143927 0.0256113 0.0149604 0.0215855 0.0887031 0.0786546
internal_weight=3272.88 2185.55 1087.33 692.205 542.958 544.37 248.688 119.876 395.156 316.584 465.794 411.978 295.682 266.841
internal_count=88044 73172 14872 18204 9292 5580 2961 1457 7708 5773 11162 9764 2619 2415
is_linear=0
shrinkage=0.05


Tree=10
num_leaves=15
num_cat=0
split_feature=141 127 137 166 169 166 157 85 26 76 28 164 155 66
split_gain=1433.28 273.691 162.768 129.279 124.24 95.0963 69.836 78.4884 68.8983 61.1324 52.9179 47.4504 43.9592 40.3774
threshold=1.0000000180025095e-35 3.9933333396911626 0.65990087389945995 17.500000000000004 263.50000000000006 16.500000000000004 48.500000000000007 37.923332214355476 15.969999790191652 284.50000000000006 223.06999969482425 1793.684753417969 0.49650332331657415 83.500000000000014
decision_type=2 2 2 2 2 2 2 2 2 2 2 2 2 2
left_child=1 10 3 4 8 6 -3 -8 -2 -6 11 -1 -12 -7
right_child=2 5 -4 -5 9 13 7 -9 -10 -11 12 -13 -14 -15
leaf_value=-0.038844599671833346 -0.017879436215062473 -0.013442457580534221 0.078705828640611888 -0.024782788122212306 0.064361504986912677 -0.034789240365979822 0.048556463831120653 -0.0010120226870296699 0.038306629215000776 0.02833740570324482 -0.010369610024602497 0.044783531890192775 0.13163096250606598 0.02111884113017894
leaf_weight=1411.3970865607262 117.14525578729808 153.83655610121787 271.78556411713362 81.090389538556337 372.18606315180659 184.04448756948113 179.55011078156531 140.42853189073503 93.891085173934698 189.48499020934105 13.392110146582128 13.217397656291721 3.4991248808801165 35.436851747334003
leaf_count=54007 2387 4500 1923 2163 4577 5688 4053 3020 1444 2378 453 403 105 943
internal_value=-0.000390961 -0.0244506 0.0451473 0.0340688 0.0403645 0.0013691 0.0139485 0.0271215 0.00742605 0.0525657 -0.0368305 -0.0379148 0.0423927 -0.0254931
internal_weight=3260.39 2134.8 1125.58 853.798 772.707 693.297 473.815 319.979 211.036 561.671 1441.51 1424.61 16.8912 219.481
internal_count=88044 73172 14872 12949 10786 18204 11573 7073 3831 6955 54968 54410 558 6631
is_linear=0
shrinkage=0.05


Tree=11
num_leaves=15
num_cat=0
split_feature=141 26 171 169 166 158 78 130 138 141 169 91 115 104
split_gain=1278.25 261.841 139.629 98.776 85.2572 78.3999 61.5194 59.8905 57.5121 63.342 54.0968 91.3855 108.837 54.0133
threshold=1.0000000180025095e-35 3.0066666603088383 1.0000000180025095e-35 206.50000000000003 18.500000000000004 0.1713262274861336 3.5000000000000004 34.96333312988282 5.6649651527404794 40.745891571044929 194.50000000000003 24.006667137146 63.979999542236335 36.85759353637696
decision_type=2 2 2 2 2 2 2 2 2 2 2 2 2 2
left_child=1 10 8 -4 5 -3 13 -7 9 -2 -1 -12 -13 -5
right_child=2 4 3 6 -6 7 -8 -9 -10 -11 11 12 -14 -15
leaf_value=-0.043595438721770616 -0.007174060038117186 -0.030794889207918914 -0.013458859790799317 -0.019515684036903642 -0.030213279812031885 -0.012913201224071597 0.062414334846955889 0.030482553157041483 0.049262897585769537 0.11342865547680916 -0.036073164646237714 0.17212243276331213 -0.001162282112303508 0.044303369518456745
leaf_weight=882.65280347131193 216.53568708337843 85.942297231405973 53.00213135778904 43.621185895055532 153.68715617246926 100.98150491155684 664.691261138767 331.37565441429615 70.201176382601261 6.4505420699715605 377.79866072535515 4.6462559178471556 148.42098244279623 107.50175430253148
leaf_count=35262 4792 2665 1131 602 4909 2642 6005 7267 810 112 14606 158 5663 1420
internal_value=-0.000389602 -0.0237906 0.0415313 0.0515589 0.00190552 0.0116271 0.0558393 0.0203153 0.0114496 -0.00127416 -0.0359702 -0.0230034 0.00937587 0.0258471
internal_weight=3247.51 2085.51 1162 868.816 671.987 518.299 815.814 432.357 293.187 222.986 1413.52 530.866 153.067 151.123
internal_count=88044 73172 14872 9158 17483 12574 8027 9909 5714 4904 55689 20427 5821 2022
is_linear=0
shrinkage=0.05


Tree=12
num_leaves=15
num_cat=0
split_feature=141 26 137 166 169 66 60 169 91 115 88 132 117 93
split_gain=1143.98 249.551 126.754 102.068 98.5847 78.3526 62.7533 54.1511 87.4702 94.8177 51.627 61.0504 38.6647 33.4165
threshold=1.0000000180025095e-35 3.0066666603088383 0.65990087389945995 17.500000000000004 206.50000000000003 2.5000000000000004 23.500000000000004 194.50000000000003 24.006667137146 63.979999542236335 20.001667022705082 8.0221934318542498 60.972557067871101 4.9991667270660409
decision_type=2 2 2 2 2 2 2 2 2 2 2 2 2 2
left_child=1 7 3 4 -2 13 -6 -1 -9 -10 11 -7 -12 -3
right_child=2 5 -4 -5 6 10 -8 8 9 -11 12 -13 -14 -15
leaf_value=-0.043214880354885681 -0.027757611565834409 0.049939755918203252 0.066739813982498786 -0.024192268855540409 0.023207824253160779 -0.014224496846133576 0.052351237340690693 -0.035500400392154616 0.15464471299395638 -0.0011072702455637926 -0.013672773074427684 0.047254060413966265 0.026739583212539955 -0.029206553317444536
leaf_weight=846.85701382532716 56.638218952342868 9.8445666395127756 294.06740105897188 79.38068906404078 364.49595678411424 51.861852381378412 401.15815256908536 365.10426669754088 5.4559221956878892 148.25793232396245 191.48419787362218 150.9506883919239 79.715902308002114 189.42332563921809
leaf_count=35262 1412 320 1923 2163 5102 1326 4272 14606 158 5663 4557 3137 1829 6314
internal_value=-0.000387952 -0.0231425 0.0383476 0.0287709 0.033999 0.00177236 0.0387179 -0.0353873 -0.02232 0.00911864 0.0128165 0.0315692 -0.00152504 -0.0241697
internal_weight=3234.7 2038.96 1195.74 901.673 822.292 673.281 765.654 1365.68 518.818 153.714 474.013 202.813 271.2 199.268
internal_count=88044 73172 14872 12949 10786 17483 9374 55689 20427 5821 10849 4463 6386 6634
is_linear=0
shrinkage=0.05


Tree=13
num_leaves=15
num_cat=0
split_feature=141 130 166 166 104 20 27 95 151 161 161 93 155 63
split_gain=1024.93 238.377 113.228 101.1 94.689 81.0563 79.8615 73.3721 72.4207 70.5165 71.2579 59.5014 57.9165 56.6128
threshold=1.0000000180025095e-35 34.96333312988282 8.5000000000000018 18.500000000000004 61.273443222045906 29.013333320617679 1.0183333158493044 28.096526145935062 16.500000000000004 97.371520996093764 25.96553993225098 237.28055572509768 2.0026007890701298 23.500000000000004
decision_type=2 2 2 2 2 2 2 2 2 2 2 2 2 2
left_child=1 7 13 4 6 -6 -3 -1 -4 10 -10 -9 -11 -2
right_child=2 3 8 -5 5 -7 -8 11 9 12 -12 -13 -14 -15
leaf_value=-0.037345809251895914 0.033045329622483272 0.094368018518047728 -0.012210552490021795 -0.034046233420020812 -0.029666164659592022 0.023065214021322208 0.021015821510918478 -0.0067117789919289433 -0.028862473344852854 -0.030931077613075987 0.058691668717976875 0.10607303955520725 0.023982238825215205 0.064158369847067617
leaf_weight=1269.2668149266392 290.00914087891579 44.175388595089316 135.23638438247144 140.64455977827311 154.93541179969907 129.07653249427676 170.50949601642787 76.857198363170028 23.222300387918949 60.116230865940452 197.82546355761588 8.6935850344598276 180.1702249199152 340.50288669764996
leaf_count=52082 2997 1204 2723 4771 4958 2736 4047 3038 434 1042 2625 336 2468 2583
internal_value=-0.000386727 -0.022493 0.0354842 0.00266667 0.0132558 -0.0057166 0.0379137 -0.0343321 0.0196218 0.0289841 0.0490587 0.00997355 0.00989325 0.0502203
internal_weight=3221.24 1994.16 1227.08 639.341 498.697 284.012 214.685 1354.82 596.571 461.334 221.048 85.5508 240.286 630.512
internal_count=88044 73172 14872 17716 12945 7694 5251 55456 9292 6569 3059 3374 3510 5580
is_linear=0
shrinkage=0.05


Tree=14
num_leaves=15
num_cat=0
split_feature=144 138 166 169 164 94 118 17 78 104 156 157 98 27
split_gain=926.048 275.663 168.167 149.83 80.8904 79.2996 122.003 79.3554 91.4909 69.2627 67.9556 72.2129 53.7414 49.4071
threshold=0.040125384926795966 0.051400462165474899 18.500000000000004 263.50000000000006 270.04606628417974 121.99833297729494 450.20666503906256 38.73500061035157 537.50000000000011 49.865909576416023 1103.8021240234377 1166.0000000000002 53.044500350952156 59.006666183471687
decision_type=2 2 2 2 2 2 2 2 2 2 2 2 2 2
left_child=5 2 3 9 -5 -1 7 12 -9 -2 11 13 -7 -3
right_child=1 10 -4 4 -6 6 -8 8 -10 -11 -12 -13 -14 -15
leaf_value=-0.039892683505346013 0.02398104191197039 0.034628697165174062 -0.033896392569607504 0.046685966203745446 0.012178123155320034 -0.0329218776674619 -0.038804982511154815 0.18290735385706347 -0.027647327383254285 -0.020962975678626646 -0.032441314588678292 0.10418313888591944 0.065426490148309091 0.068322179495279065
leaf_weight=1048.9483525566757 113.36249283887446 467.47979944571853 207.73159927688539 329.48200194723904 354.77425416558981 27.464267218485475 87.905938660725951 12.304605638608338 5.6786632221192113 308.33078427612782 23.507630698382854 51.634016782045364 19.428631726652384 150.50937521830201
leaf_count=45242 2587 3886 7227 6035 6740 982 3769 472 169 8482 269 391 737 1056
internal_value=-0.000383624 0.0203885 0.00686767 0.0146425 0.0290124 -0.0350125 -0.00130443 0.0486489 0.124869 -0.00874138 0.0457817 0.0487478 0.0102036 0.0433171
internal_weight=3208.54 2006.81 1313.68 1105.95 684.256 1201.73 152.782 64.8762 17.9833 421.693 693.131 669.623 46.8929 617.989
internal_count=88044 36673 31071 23844 12775 51371 6129 2360 641 11069 5602 5333 1719 4942
is_linear=0
shrinkage=0.05


Tree=15
num_leaves=15
num_cat=0
split_feature=144 155 166 169 94 118 167 77 65 66 8 14 19 106
split_gain=850.704 254.27 166.364 158.991 77.4598 111.436 73.8972 69.8095 158.952 44.0395 55.825 75.2794 39.5015 38.679
threshold=0.040125384926795966 1.0000000180025095e-35 18.500000000000004 206.50000000000003 121.99833297729494 450.20666503906256 1.5000000000000002 12.500000000000002 10.500000000000002 3.5000000000000004 66.985000610351577 8.0033335685729998 180.19666290283206 447.31832885742193
decision_type=2 2 2 2 2 2 2 2 2 2 2 2 2 2
left_child=4 9 3 13 -1 7 -5 -6 -9 -2 11 -11 -12 -3
right_child=1 2 -4 6 5 -7 -8 8 -10 10 12 -13 -14 -15
leaf_value=-0.039404835866213371 -0.028880870468185982 -0.029109553567373776 -0.024403348632764124 0.014980949536224834 -0.0019800946905377983 -0.038317789760271101 0.045021581120173571 0.18257406856726621 -0.027371804223802851 -0.02988705677049612 -0.033208862519355925 0.042004808833655718 0.063359542010630168 0.073193926126688388
leaf_weight=1009.8942760769278 214.51435462199152 109.76563842594624 129.72722388058901 263.00946330279112 37.552063992246985 84.71721638739109 1035.5505516901612 16.142967207357291 13.724054742604492 48.714444248005748 107.86002397537231 111.72379277646542 7.075135610997676 5.3004317805171004
leaf_count=45242 7202 2968 4058 4070 1419 3769 11632 520 421 1401 2635 2488 138 81
internal_value=-0.000376075 0.0191158 0.0290551 0.0340297 -0.0344174 -0.00110971 0.039018 0.0450626 0.0960118 -0.0121746 0.00112249 0.0199325 -0.0248708 -0.0215452
internal_weight=3195.27 2033.24 1543.35 1413.63 1162.03 152.136 1298.56 67.4191 29.867 489.888 275.373 160.438 114.935 115.066
internal_count=88044 36673 22809 18751 51371 6129 15702 2360 941 13864 6662 3889 2773 3049
is_linear=0
shrinkage=0.05


Tree=16
num_leaves=15
num_cat=0
split_feature=144 155 166 169 94 118 83 61 77 104 17 100 144 134
split_gain=781.553 223.877 146.466 137.851 75.4075 101.667 64.378 59.3351 117.042 43.3084 66.7179 92.2927 54.2972 69.9488
threshold=0.040125384926795966 1.0000000180025095e-35 18.500000000000004 206.50000000000003 121.99833297729494 450.20666503906256 29.708333015441898 9.5000000000000018 12.500000000000002 49.509948730468757 20.996666908264164 108.72500228881837 7.0758266448974618 75.852504730224624
decision_type=2 2 2 2 2 2 2 2 2 2 2 2 2 2
left_child=4 9 3 -3 -1 7 -5 8 -6 10 -2 -12 -11 -14
right_child=1 2 -4 6 5 -7 -8 -9 -10 12 11 -13 13 -15
leaf_value=-0.038907487240670731 -0.017233185951041289 -0.02083594894382693 -0.023746530053547349 0.047453042474490885 0.0052065111317484694 -0.037823231908186886 0.025126540039583607 -0.025764353984694829 0.1541346289065311 -0.032326062473782079 0.11590551847568605 0.0037687825140612602 0.087018595510963026 -0.038357041379109058
leaf_weight=972.67532845959067 120.16989230550826 112.54354536905885 126.86181507073343 644.46349077858031 31.263111215084791 81.676523339003325 690.54438471235335 20.389028972014785 18.294746099039912 249.23623167909682 22.320898193866014 56.955076703801751 18.875003235414624 16.778488399460912
leaf_count=45242 3445 3049 4058 7759 1173 3769 7943 690 497 7777 560 1341 341 400
internal_value=-0.000379546 0.0179198 0.027045 0.0315627 -0.0338193 -0.000978058 0.0360413 0.0416989 0.069272 -0.0117163 0.00608015 0.0403453 -0.0240652 0.0305561
internal_weight=3183.05 2058.75 1574.41 1447.55 1124.3 151.623 1335.01 69.9469 49.5579 484.336 199.446 79.276 284.89 35.6535
internal_count=88044 36673 22809 18751 51371 6129 15702 2360 1670 13864 5346 1901 8518 741
is_linear=0
shrinkage=0.05


Tree=17
num_leaves=15
num_cat=0
split_feature=144 166 169 165 152 94 118 104 104 65 5 76 6 164
split_gain=718.561 201.059 175.278 80.0963 77.6089 73.2836 92.918 67.0047 54.7537 72.4309 51.003 49.3943 42.895 40.561
threshold=0.040125384926795966 18.500000000000004 263.50000000000006 19.500000000000004 1.0000000180025095e-35 121.99833297729494 450.20666503906256 49.865909576416023 45.727045059204109 10.500000000000002 55.736667633056648 776.50000000000011 5.0050001144409189 270.04606628417974
decision_type=2 2 2 2 2 2 2 2 2 2 2 2 2 2
left_child=5 2 3 7 13 -1 8 -2 12 -10 -5 -6 -7 -4
right_child=1 -3 4 10 11 6 -8 -9 9 -11 -12 -13 -14 -15
leaf_value=-0.038400597346520612 0.016701015509956219 -0.028594698824605913 0.030961660244636421 0.056477931926296521 0.049684577370753671 0.061556325876833864 -0.037321405762819192 -0.026616391248668388 0.11335721261668677 -0.026027720320089948 -0.00010642353177455909 0.00859105271582041 -0.042784951136588506 0.0060289572614519891
leaf_weight=937.20859700068831 126.32664059475064 214.2063330039382 359.79382100701332 76.209945414215326 563.13539160043001 10.026823591440914 78.777126863598824 278.20554335229099 27.728329561650753 10.781891042366622 78.107458550482988 86.61890416406095 23.807365603744984 300.40596676617861
leaf_count=45242 2444 7525 5312 1343 5207 340 3769 7401 870 312 1256 1083 838 5102
internal_value=-0.00037805 0.0168177 0.0220854 -0.00136011 0.0320548 -0.0332163 -0.000864584 -0.0130506 0.0386802 0.0758264 0.0287334 0.0443138 -0.00791894 0.0197473
internal_weight=3171.34 2083.01 1868.8 558.85 1309.95 1088.33 151.122 404.532 72.3444 38.5102 154.317 649.754 33.8342 660.2
internal_count=88044 36673 29148 12444 16704 51371 6129 9845 2360 1182 2599 6290 1178 10414
is_linear=0
shrinkage=0.05


Tree=18
num_leaves=15
num_cat=0
split_feature=144 138 166 169 94 118 8 104 17 78 156 157 153 18
split_gain=661.907 185.657 120.648 110.199 75.789 89.0285 65.864 57.9388 55.7617 64.0791 55.6369 59.6875 47.5433 43.4998
threshold=0.0052305171266198167 0.051400462165474899 18.500000000000004 263.50000000000006 121.99833297729494 450.20666503906256 29.003333091735843 49.865909576416023 38.73500061035157 537.50000000000011 1103.8021240234377 1166.0000000000002 888.37500000000011 70.001667022705092
decision_type=2 2 2 2 2 2 2 2 2 2 2 2 2 2
left_child=4 2 3 7 -1 8 -5 -2 -6 -10 11 13 -13 -3
right_child=1 10 -4 6 5 -7 -8 -9 9 -11 -12 12 -14 -15
leaf_value=-0.039539345187111566 0.017917970684474923 0.025722132642619557 -0.031387078670219053 0.043491752231582061 0.0052804128599090953 -0.036688196579316969 0.011699895848285215 -0.021140816960752075 0.13728792444256568 -0.02832657327396787 -0.033698319258471977 0.11501851189380397 0.016856743533866268 0.05664118253047036
leaf_weight=855.5307592805475 131.38665031641722 532.36728652194142 197.80948002636433 236.12038369849324 46.058996714651585 75.311424298211932 520.25877010636032 310.63211302272975 16.426748324185613 5.9821287002414456 24.827100764960051 37.680503580719233 20.093887113034725 148.42871815338731
leaf_count=43365 3014 4037 7707 4088 1613 3734 9085 9099 446 169 281 216 175 1015
internal_value=-0.000377357 0.0151886 0.00430891 0.0103069 -0.0339249 -0.00031134 0.0218449 -0.00946034 0.0394752 0.0959743 0.0349292 0.0374472 0.0849399 0.032827
internal_weight=3158.91 2159.6 1396.21 1198.4 999.31 143.779 756.379 442.019 68.4679 22.4089 763.397 738.57 57.7744 680.796
internal_count=88044 38717 32993 25286 49327 5962 13173 12113 2228 615 5724 5443 391 5052
is_linear=0
shrinkage=0.05


Tree=19
num_leaves=15
num_cat=0
split_feature=144 155 169 166 94 118 167 77 65 66 8 0 19 169
split_gain=610.627 169.925 97.8518 125.247 73.6878 81.3759 54.4871 51.6569 102.253 42.3408 49.966 54.0525 33.0034 32.4741
threshold=0.0052305171266198167 1.0000000180025095e-35 206.50000000000003 18.500000000000004 121.99833297729494 450.20666503906256 1.5000000000000002 12.500000000000002 10.500000000000002 3.5000000000000004 66.985000610351577 40.851665496826179 154.73332977294925 215.50000000000003
decision_type=2 2 2 2 2 2 2 2 2 2 2 2 2 2
left_child=4 9 -3 6 13 7 -4 -6 -9 -2 11 -11 -12 -1
right_child=1 2 3 -5 5 -7 -8 8 -10 10 12 -13 -14 -15
leaf_value=-0.046100080313494392 -0.027830580156967905 -0.016251765227299212 0.0096090158882781111 -0.026776316345065096 -0.0033387597422089989 -0.036170167005084818 0.034320485866988458 0.13989857278518583 -0.026100054496964523 -0.010633637386032332 -0.033229045242457289 0.044352205217791429 0.045660187350431765 -0.024192058109402798
leaf_weight=551.7287560403347 213.73148052021861 149.85418162867427 282.61105025559664 102.43340461142361 38.67148119956255 72.708516828715801 1147.275381937623 19.2146320566535 12.837584333494304 82.701600935310125 100.69812890328467 88.391839006915689 10.741352958604692 271.94655512087047
leaf_count=29948 7659 4475 4114 3564 1383 3734 11903 433 412 2456 2586 1736 224 13417
internal_value=-0.000366299 0.0143103 0.021881 0.0256509 -0.0333293 -0.000232484 0.0294869 0.0366625 0.0788625 -0.0113141 0.00144697 0.0182264 -0.023991 -0.0390565
internal_weight=3145.55 2178.44 1682.17 1532.32 967.108 143.432 1429.89 70.7237 32.0522 496.264 282.533 171.093 111.439 823.675
internal_count=88044 38717 24056 19581 49327 5962 16017 2228 845 14661 7002 4192 2810 43365
is_linear=0
shrinkage=0.05


Tree=20
num_leaves=15
num_cat=0
split_feature=144 155 169 166 94 118 80 90 66 8 14 159 158 169
split_gain=563.089 150.845 86.5743 111.276 71.5287 74.4795 51.6876 48.2832 39.7133 45.3746 50.7104 38.8301 33.9161 32.7235
threshold=0.0052305171266198167 1.0000000180025095e-35 206.50000000000003 18.500000000000004 121.99833297729494 450.20666503906256 23.875000000000004 177.99555206298831 3.5000000000000004 66.985000610351577 8.0033335685729998 82.550346374511733 1.1322077512741091 215.50000000000003
decision_type=2 2 2 2 2 2 2 2 2 2 2 2 2 2
left_child=4 8 -3 6 13 7 -4 12 -2 10 -10 -9 -6 -1
right_child=1 2 3 -5 5 -7 -8 11 9 -11 -12 -13 -14 -15
leaf_value=-0.045838784139162342 -0.027166655075769153 -0.015691163830138945 0.038808481011359981 -0.026125689376307937 0.06752311913660386 -0.035645457196728174 0.019451364876314593 0.1343900063653661 -0.023447923613191091 -0.023298155601215037 0.034033360810794992 -0.0024119755517372551 -0.01538215012935604 -0.023547147425857482
leaf_weight=527.76538407802582 208.26974688097835 147.68263352289796 594.96646107546985 99.924214564263821 11.799496671184896 70.226773083209991 863.76254573091865 11.911257019266488 50.661874771118164 108.90044558420777 123.0700146984309 7.2315316330641499 41.905589107424021 265.72232625260949
leaf_count=29948 7659 4475 6761 3564 361 3734 9256 307 1552 2810 2640 192 1368 13417
internal_value=-0.00037278 0.0134642 0.0204784 0.0239447 -0.0327344 -0.000171841 0.0274521 0.0341184 -0.0108771 0.00139006 0.0170842 0.0929139 0.00703254 -0.038568
internal_weight=3133.8 2197.24 1706.34 1558.65 936.562 143.075 1458.73 72.8479 490.902 282.632 173.732 19.1428 53.7051 793.488
internal_count=88044 38717 24056 19581 49327 5962 16017 2228 14661 7002 4192 499 1729 43365
is_linear=0
shrinkage=0.05


Tree=21
num_leaves=15
num_cat=0
split_feature=144 138 166 169 94 118 95 104 156 157 104 164 27 153
split_gain=518.841 137.794 96.2797 84.045 69.7638 68.9767 58.3902 50.326 47.5988 51.5453 44.3455 69.1149 40.1771 39.1855
threshold=0.0052305171266198167 0.051400462165474899 18.500000000000004 263.50000000000006 121.99833297729494 450.20666503906256 4.4369399547576913 49.865909576416023 1103.8021240234377 1166.0000000000002 45.727045059204109 308.33738708496099 59.006666183471687 888.37500000000011
decision_type=2 2 2 2 2 2 2 2 2 2 2 2 2 2
left_child=4 2 3 7 -1 10 -5 -2 9 12 -6 -12 -3 -11
right_child=1 8 -4 6 5 -7 -8 -9 -10 13 11 -13 -14 -15
leaf_value=-0.038069920708865453 0.01583966070200166 0.020226192930058024 -0.029917022991116649 0.028598586682957446 -0.012582031497890698 -0.035114311143753837 0.00072030089935528718 -0.020385669272559453 -0.03390475198728185 0.10033633252729322 0.024639048131602101 0.16844657537888083 0.04810100677450236 0.013799010788542905
leaf_weight=764.72718868218362 134.88819444552064 541.07181110233068 184.71215275488794 489.80895769409835 31.051536221057177 67.860595026984811 303.1627704128623 302.95321563072503 24.984544364735484 40.521230023354292 36.642134703695774 6.815887499600648 172.60391173139215 20.87413265556097
leaf_count=43365 3014 3996 7707 8480 1108 3734 4693 9099 281 216 964 156 1056 175
internal_value=-0.000373526 0.0126682 0.00326297 0.0083433 -0.0321228 2.92948e-05 0.0180117 -0.0091727 0.0291852 0.0314232 0.0322322 0.062247 0.0272555 0.0741689
internal_weight=3122.68 2215.58 1415.53 1230.81 907.097 142.37 792.972 437.841 800.056 775.071 74.5096 43.458 713.676 61.3954
internal_count=88044 38717 32993 25286 49327 5962 13173 12113 5724 5443 2228 1120 5052 391
is_linear=0
shrinkage=0.05


Tree=22
num_leaves=15
num_cat=0
split_feature=144 152 165 94 118 169 166 167 78 169 165 77 65 76
split_gain=478.496 126.792 93.4436 67.9663 63.9761 61.5524 58.3466 50.5512 48.7739 47.0051 43.9665 41.8846 74.4264 39.3464
threshold=0.0052305171266198167 1.0000000180025095e-35 14.500000000000002 121.99833297729494 450.20666503906256 206.50000000000003 18.500000000000004 1.5000000000000002 3.5000000000000004 263.50000000000006 7.5000000000000009 12.500000000000002 10.500000000000002 504.50000000000006
decision_type=2 2 2 2 2 2 2 2 2 2 2 2 2 2
left_child=3 2 9 -1 11 -3 13 -4 -9 -2 -11 -5 -13 -7
right_child=1 5 7 4 -6 6 -8 8 -10 10 -12 12 -14 -15
leaf_value=-0.037557481650222747 -0.030324857656407148 -0.011474717191720234 -0.0085752841285953816 -0.0050876062303457231 -0.034577014651429643 0.037500445310365997 -0.024171960856969491 -0.0100584235187576 0.031636562032799041 0.010274161800283607 -0.024590938715232366 0.11189377992768899 -0.025768939453273538 0.010677412646827963
leaf_weight=737.17370859719813 227.58308969438076 101.13538924604654 163.64310840703547 40.220657039433718 65.604618584737182 684.19173289835453 45.170701570808887 84.343663347885013 358.94563550874591 254.93738224357367 133.69100467674434 23.229668082669377 12.620211727917193 176.76735470816493
leaf_count=43365 7855 3117 2957 1383 3734 6039 1591 1695 4424 4847 4262 433 412 1930
internal_value=-0.000356247 0.0119582 0.00112057 -0.0314996 0.000227089 0.025048 0.029165 0.014984 0.0236796 -0.0125448 -0.0018797 0.0305241 0.06621 0.0320867
internal_weight=3109.26 2230.41 1223.14 878.849 141.675 1007.27 906.13 606.932 443.289 616.211 388.628 76.0705 35.8499 860.959
internal_count=88044 38717 26040 49327 5962 12677 9560 9076 6119 16964 9109 2228 845 7969
is_linear=0
shrinkage=0.05


Tree=23
num_leaves=15
num_cat=0
split_feature=144 155 148 94 96 91 138 103 173 102 172 158 111 7
split_gain=441.349 114.743 72.01 65.6427 64.6898 65.7588 61.8594 59.9029 51.7341 56.0664 54.9623 51.4376 45.0795 39.0778
threshold=0.0052305171266198167 1.0000000180025095e-35 814.06219482421886 121.99833297729494 48.167570114135749 25.001667022705082 3.4379861354827885 480.16667175292974 0.87837970256805431 26.271150588989261 -0.7865660786628722 0.20197523385286334 141.47451782226565 28.983332633972172
decision_type=2 2 2 2 2 2 2 2 2 2 2 2 2 2
left_child=3 -2 8 -1 5 -4 -6 11 9 -3 -10 13 -13 -5
right_child=1 2 4 7 6 -7 -8 -9 10 -11 -12 12 -14 -15
leaf_value=-0.037035292200411338 -0.010243402026352176 0.020439538127929313 0.010689797472261738 -0.010087279738506198 0.0085951013570746589 0.058453587567936997 0.036743538830142163 -0.040960482348174981 -0.037135536189982658 -0.019311125098824711 0.058194083727335068 -0.013947478611324504 0.070244275100722009 0.14736239100426868
leaf_weight=710.92903951462358 482.75162453018129 125.26343994028866 111.41068432480097 4.8193645346909744 691.79971491359174 213.58519541844726 269.49027843028307 50.760623695328832 15.948402393609284 274.46099010854959 59.821604667231441 62.131185298785567 15.880287129431961 7.8070044200867414
leaf_count=43365 14661 1762 1638 201 9959 2114 1701 2981 272 5750 860 2019 563 198
internal_value=-0.00036101 0.0112735 0.0171818 -0.0308867 0.0233072 0.0424899 0.0166356 0.000236669 0.000541363 -0.00675566 0.037072 0.0242439 0.0063896 0.101451
internal_weight=3096.86 2244.53 1761.78 852.328 1286.29 324.996 961.29 141.398 475.494 399.724 75.77 90.6378 78.0115 12.6264
internal_count=88044 38717 24056 49327 15412 3752 11660 5962 8644 7512 1132 2981 2582 399
is_linear=0
shrinkage=0.05


Tree=24
num_leaves=15
num_cat=0
split_feature=169 158 166 92 152 165 65 76 106 14 118 158 26 96
split_gain=411.861 208.515 124.264 81.8163 57.9431 48.5955 31.8988 30.8866 28.9105 26.1323 30.3663 24.2122 23.7644 22.7763
threshold=206.50000000000003 1.0000000180025095e-35 18.500000000000004 12.406716823577883 1.0000000180025095e-35 14.500000000000002 289.50000000000006 504.50000000000006 447.31832885742193 13.996666431427004 450.20666503906256 81.959548950195327 184.08833312988284 3.0936111211776738
decision_type=2 2 2 2 2 2 2 2 2 2 2 2 2 2
left_child=3 -2 4 8 5 -3 13 -6 12 -5 11 -11 -1 -4
right_child=1 2 6 9 7 -7 -8 -9 -10 10 -12 -13 -14 -15
leaf_value=-0.039393811649574194 -0.03374372610703838 -0.0026568968191090698 0.03453263501848234 -0.031878695005456197 0.032582160485466541 0.019700245088312807 0.034886363531227503 0.0091557794366816363 0.04417152529171442 0.074643940056899907 -0.016543512840869599 -0.015849240269473909 0.018261653182790633 -0.038270972914286022
leaf_weight=682.66992188896984 236.59599700197577 410.55301700532436 7.807324392721056 15.786189040169118 731.51869477238506 586.97217737883329 15.190779579803346 179.94076238758862 6.9070400260388842 30.281397982500494 18.063407158479095 7.3972826180979601 15.627998599782584 138.92464730888605
leaf_count=38633 12309 9240 381 736 7043 8827 487 1939 214 919 919 225 378 5794
internal_value=-0.000343025 0.0102637 0.0153606 -0.0317172 0.0189388 0.0105313 -0.0261287 0.0280325 -0.0368729 0.0182007 0.0338399 0.0571024 -0.0379828 -0.0333869
internal_weight=3084.24 2307.5 2070.91 776.733 1908.98 997.525 161.923 911.459 705.205 71.5283 55.7421 37.6787 698.298 146.732
internal_count=88044 46020 33711 42024 27049 18067 6662 8982 39225 2799 2063 1144 39011 6175
is_linear=0
shrinkage=0.05


Tree=25
num_leaves=15
num_cat=0
split_feature=169 158 166 110 152 165 90 118 158 65 76 112 5 96
split_gain=380.481 190.713 111.762 78.5447 50.594 42.9957 31.4968 34.1425 46.7398 29.8804 27.1511 24.59 23.9214 21.7013
threshold=206.50000000000003 1.0000000180025095e-35 18.500000000000004 20.785394668579105 1.0000000180025095e-35 14.500000000000002 105.00111007690431 456.81999206542974 91.895347595214858 289.50000000000006 718.50000000000011 461.11332702636724 197.00666809082034 3.0936111211776738
decision_type=2 2 2 2 2 2 2 2 2 2 2 2 2 2
left_child=3 -2 4 11 5 -3 -5 8 -8 13 -6 -1 -13 -4
right_child=1 2 9 6 10 -7 7 -9 -10 -11 -12 12 -14 -15
leaf_value=-0.040099255076242651 -0.03314843479989877 -0.0025315582186403963 0.032818162863578533 -0.025547338055981767 0.029371736321567088 0.018450706491421925 0.063883686479319524 -0.025712606472551636 -0.028414988419714217 0.032757093452853041 0.0031870758713023681 0.08483485408034297 -0.028362194259591297 -0.037748355892647273
leaf_weight=602.99748563766479 229.0845582652837 409.60800197534263 8.0590501669794303 55.098277001641691 812.9592523612082 595.49891706556082 45.712999857030809 24.016074728220701 15.493614230304955 15.681308828294275 114.11303495615721 3.7725479034706932 6.141754848882556 134.00036618299782
leaf_count=36343 12309 9240 381 2588 7672 8827 1115 1159 395 487 1310 152 272 5794
internal_value=-0.000338636 0.00969619 0.0144605 -0.0310934 0.0177756 0.00992967 0.00258722 0.0211846 0.0401381 -0.0254454 0.0261831 -0.0387629 0.0287116 -0.0327654
internal_weight=3072.24 2319 2089.92 753.233 1932.18 1005.11 140.321 85.2227 61.2066 157.741 927.072 612.912 9.9143 142.059
internal_count=88044 46020 33711 42024 27049 18067 5257 2669 1510 6662 8982 36767 424 6175
is_linear=0
shrinkage=0.05


Tree=26
num_leaves=15
num_cat=0
split_feature=158 169 166 113 110 79 135 158 92 8 162 173 65 166
split_gain=354.159 190.802 100.63 45.5551 44.0573 45.4123 40.0489 36.119 34.3862 30.567 69.0082 28.8615 27.9937 25.6355
threshold=1.0000000180025095e-35 206.50000000000003 18.500000000000004 0.71569967269897472 21.349539756774906 4.5000000000000009 8.3343520164489764 91.895347595214858 7.9123992919921884 159.00166320800784 21.062500000000004 -0.87837970256805409 289.50000000000006 22.500000000000004
decision_type=2 2 2 2 2 2 2 2 2 2 2 2 2 2
left_child=8 4 3 11 9 7 -5 -6 -1 13 -11 -3 -4 -2
right_child=1 2 12 6 5 -7 -8 -9 -10 10 -12 -13 -14 -15
leaf_value=-0.039771440331492977 -0.041975230332389063 0.029465749234722075 -0.032139601859425042 0.01580969723078943 0.047685387922355139 -0.032571202514922737 0.039321200716430887 -0.027076978202203394 0.022544220832745043 0.13792839654186892 -0.020817489296085248 -0.029999102940897249 0.030791418153595197 0.031424324722800143
leaf_weight=511.66737992223352 255.81421188823879 22.77266363427043 137.6099768159911 1652.1119357347488 52.064225086010993 49.130627532489598 202.23515810072422 18.778909348882735 20.065717443823814 3.3740603420883408 32.936306591145694 76.832798711955547 16.154912639409304 8.9902622792869789
leaf_count=32251 14556 282 6175 24354 1665 1939 993 616 998 69 1700 1420 487 539
internal_value=-0.000337168 0.00747883 0.0136216 0.016698 -0.0230672 0.00251388 0.0184727 0.027389 -0.0372318 -0.033134 0.00884238 -0.0156452 -0.0247664 -0.0389471
internal_weight=3060.54 2528.81 2107.72 1953.95 421.089 119.974 1854.35 70.8431 531.733 301.115 36.3104 99.6055 153.765 264.804
internal_count=88044 54795 33711 27049 21084 4220 25347 2281 33249 16864 1769 1702 6662 15095
is_linear=0
shrinkage=0.05


Tree=27
num_leaves=15
num_cat=0
split_feature=158 169 166 167 165 8 110 79 92 158 8 9 65 166
split_gain=329.967 172.939 90.8342 43.9881 68.4115 51.358 41.7136 41.3831 32.9251 31.8584 30.006 66.0314 26.2404 24.6019
threshold=1.0000000180025095e-35 206.50000000000003 18.500000000000004 1.5000000000000002 14.500000000000002 1.0000000180025095e-35 21.349539756774906 4.5000000000000009 7.9123992919921884 91.895347595214858 159.00166320800784 2.0066666603088383 289.50000000000006 22.500000000000004
decision_type=2 2 2 2 2 2 2 2 2 2 2 2 2 2
left_child=8 6 3 5 -5 -3 10 9 -1 -8 13 -12 -4 -2
right_child=1 2 12 4 -6 -7 7 -9 -10 -11 11 -13 -14 -15
leaf_value=-0.039305319098743102 -0.041558690330111565 0.061391678592966362 -0.031522092431158708 0.005290075009135517 0.027380925855938883 -0.0032601691749424956 0.043756274579470067 -0.03197282000067464 0.021267490285067484 -0.026522802906349664 0.12102942141351172 -0.023701853985970328 0.028973382031173202 0.029816735826430921
leaf_weight=492.39822204876691 245.76479218248278 28.207401682622731 133.49380361102521 542.91097913123667 998.49582248553634 405.21389468479902 54.291065098717809 47.678351713344455 20.495593925006688 18.328720239922404 5.1264979150146237 30.899026192724705 16.61183170042932 9.2636394333094341
leaf_count=32251 14556 406 6175 9519 9905 7219 1665 1939 998 616 216 1553 487 539
internal_value=-0.00032784 0.00708574 0.0128347 0.0156965 0.0196424 0.00159958 -0.0224091 0.00232516 -0.0367028 0.0254524 -0.0324989 0.00913409 -0.024109 -0.0384426
internal_weight=3049.18 2536.29 2124.93 1974.83 1541.41 433.421 411.352 120.298 512.894 72.6198 291.054 36.0255 150.106 255.028
internal_count=88044 54795 33711 27049 19424 7625 21084 4220 33249 2281 16864 1769 6662 15095
is_linear=0
shrinkage=0.05


Tree=28
num_leaves=15
num_cat=0
split_feature=158 169 166 166 83 110 79 91 114 25 8 162 158 65
split_gain=307.414 156.958 82.1078 42.3235 40.0402 39.4486 37.7623 33.0806 63.71 29.4088 29.3177 60.8741 28.2254 24.5974
threshold=1.0000000180025095e-35 206.50000000000003 18.500000000000004 1.0000000180025095e-35 29.708333015441898 21.349539756774906 4.5000000000000009 147.01333618164065 47.173374176025398 139.01166534423831 159.00166320800784 21.062500000000004 91.895347595214858 289.50000000000006
decision_type=2 2 2 2 2 2 2 2 2 2 2 2 2 2
left_child=7 5 3 9 -5 10 12 -1 -9 -3 -2 -12 -7 -4
right_child=1 2 13 4 -6 6 -8 8 -10 -11 11 -13 -14 -15
leaf_value=-0.03936496673193008 -0.037929158788196457 -0.039660531187213383 -0.030900824988880461 0.023075768650503509 0.0086037666864583317 0.040276680295473259 -0.03137311032478507 0.1193638858848543 -0.02642582694388795 0.035842908350826583 0.12578059855388618 -0.020027559236018122 -0.025973709674302372 0.027288915115151899
leaf_weight=466.17080681398511 245.71741051133722 52.455624840222299 129.5699035525322 997.33495328854769 931.46269519999623 56.407132362946868 46.291331280954182 5.2327692965045598 23.549131387844682 12.401444390416144 3.901678222231566 32.021309124305844 17.897144430316985 17.052359787747264
leaf_count=31766 15095 1277 6175 14730 10838 1665 1939 160 1323 204 69 1700 616 487
internal_value=-0.00031794 0.00671765 0.0121081 0.0147758 0.0161272 -0.0217611 0.00214484 -0.0361647 0.0138236 -0.0236913 -0.0318563 0.00924204 0.0236879 -0.0234566
internal_weight=3037.47 2542.51 2140.28 1993.65 1928.8 402.236 120.596 494.953 28.7819 64.8571 281.64 35.923 74.3043 146.622
internal_count=88044 54795 33711 27049 25568 21084 4220 33249 1483 1481 16864 1769 2281 6662
is_linear=0
shrinkage=0.05


Tree=29
num_leaves=15
num_cat=0
split_feature=158 169 166 152 110 101 79 91 114 8 9 158 5 166
split_gain=285.957 142.405 74.193 40.9651 37.2849 35.4717 34.5001 32.3497 57.1959 28.6723 57.3208 26.3816 25.9728 24.2021
threshold=1.0000000180025095e-35 206.50000000000003 18.500000000000004 1.0000000180025095e-35 21.349539756774906 44.536602020263679 4.5000000000000009 147.01333618164065 47.173374176025398 159.00166320800784 2.0066666603088383 348.83103942871099 249.97000122070315 22.500000000000004
decision_type=2 2 2 2 2 2 2 2 2 2 2 2 2 2
left_child=7 4 3 5 9 -3 12 -1 -9 13 -11 -5 -6 -2
right_child=1 2 -4 11 6 -7 -8 8 -10 10 -12 -13 -14 -15
leaf_value=-0.038892896094021412 -0.040732852280950499 -3.3836580762215729e-05 -0.022809575142673705 0.019021500191114094 0.034867996603485808 0.019022583813804877 -0.030772468548301558 0.10993323458003618 -0.025882341226402508 0.10889710127734542 -0.022893081962719782 0.053545527929941494 -0.034801664022787254 0.030230316282137716
leaf_weight=448.74201712664217 227.75824038591236 663.59682782180607 143.30630047526211 912.62719001434743 63.543778367340565 381.36308852210641 44.96664734557271 5.811048902571204 22.961494224146008 5.8511184034869066 29.82915732357651 56.031354598701 12.357457827776669 9.1923161279410106
leaf_count=31766 14556 12318 6662 8574 1879 5749 1939 160 1323 216 1553 408 402 539
internal_value=-0.000308281 0.00635807 0.0114096 0.0138954 -0.0211274 0.00697836 0.00197285 -0.0356104 0.0137622 -0.0312197 0.00944705 0.0212832 0.0220753 -0.0374121
internal_weight=3027.94 2550.42 2156.92 2013.62 393.499 1044.96 120.868 477.515 28.7725 272.631 35.6803 968.659 75.9012 236.951
internal_count=88044 54795 33711 27049 21084 18067 4220 33249 1483 16864 1769 8982 2281 15095
is_linear=0
shrinkage=0.05


Tree=30
num_leaves=15
num_cat=0
split_feature=158 169 166 113 148 110 91 114 79 8 162 173 78 169
split_gain=266.056 129.377 67.235 38.2046 37.5635 35.138 31.5502 51.3669 31.4994 27.8994 53.579 25.4556 25.4026 24.0587
threshold=1.0000000180025095e-35 206.50000000000003 18.500000000000004 0.71569967269897472 814.06219482421886 21.349539756774906 147.01333618164065 47.173374176025398 4.5000000000000009 159.00166320800784 21.062500000000004 -0.87837970256805409 7.5000000000000009 362.50000000000006
decision_type=2 2 2 2 2 2 2 2 2 2 2 2 2 2
left_child=6 5 3 11 -5 9 13 -8 12 -2 -11 -3 -7 -1
right_child=1 2 -4 4 -6 8 7 -9 -10 10 -12 -13 -14 -15
leaf_value=-0.039599824149997374 -0.036880010428052085 0.025075883525070414 -0.022175449047402616 0.003738654329668461 0.019125301935378512 -0.011408677537861654 0.10138691245807825 -0.025341999613781183 -0.030171306891124697 0.11471039186370596 -0.019276688866515169 -0.030022629224490078 0.043695952459714554 0.055975149830390925
leaf_weight=429.6316992957145 228.48825505096465 23.961037669330835 140.25574449077249 561.73126774188131 1368.5067963898182 33.615136032924056 6.3917851075530079 22.399539793841541 43.701500379480422 4.4345570653676978 31.185846005566418 76.713104462251067 43.863887150771916 2.5105375405400983
leaf_count=31645 15095 282 6662 10442 14905 1135 160 1323 1939 69 1700 1420 1146 121
internal_value=-0.000295142 0.00602715 0.010771 0.0130951 0.0146688 -0.0205005 -0.0350486 0.0136313 0.00178489 -0.0305689 0.00947057 -0.0163429 0.0205459 -0.0384107
internal_weight=3017.39 2556.46 2171.17 2030.91 1930.24 385.289 460.934 28.7913 121.181 264.109 35.6204 100.674 77.479 432.142
internal_count=88044 54795 33711 27049 25347 21084 33249 1483 4220 16864 1769 1702 2281 31766
is_linear=0
shrinkage=0.05


Tree=31
num_leaves=15
num_cat=0
split_feature=158 169 166 166 83 110 92 79 18 8 9 9 89 161
split_gain=247.215 117.382 60.922 36.9718 36.0009 33.2202 31.3253 28.9317 28.815 27.1823 49.7368 24.4186 37.0098 23.9196
threshold=1.0000000180025095e-35 206.50000000000003 18.500000000000004 1.0000000180025095e-35 29.708333015441898 21.349539756774906 7.9123992919921884 4.5000000000000009 79.303333282470717 159.00166320800784 2.0066666603088383 18.006667137146 11.958333492279055 147.73417663574222
decision_type=2 2 2 2 2 2 2 2 2 2 2 2 2 2
left_child=6 5 3 8 -5 9 -1 13 -3 -2 -11 12 -4 -7
right_child=1 2 11 4 -6 7 -8 -9 -10 10 -12 -13 -14 -15
leaf_value=-0.037379501899608238 -0.036345174995336203 -0.035459256947432558 -0.011722289214991877 0.020037788485733524 0.0065206607806296106 0.031304404698995925 0.022199886116488404 -0.02957005372836434 0.052549390643745114 0.098166486921539398 -0.022108858674701439 -0.037643001652941155 0.095098165849986552 -0.034665936005183272
leaf_weight=424.80990135669708 220.53453087527305 58.300884544849396 48.988564657047391 1028.682135517709 954.52253187075257 66.169387708418071 20.10238641500473 42.493207770399749 6.3679470270872107 6.5733831301331511 28.83654804341495 83.806104436516762 4.554141864180564 12.651020558550952
leaf_count=32251 15095 1349 2222 14730 10838 1822 998 1939 132 216 1553 4239 201 459
internal_value=-0.000282578 0.00570893 0.0101611 0.012335 0.0135647 -0.0198751 -0.0344707 0.00167559 -0.0236436 -0.0299261 0.00960236 -0.0215472 0.00470958 0.0192796
internal_weight=3007.39 2562.48 2185.22 2047.87 1983.2 377.258 444.912 121.314 64.6688 255.944 35.4099 137.349 53.5427 78.8204
internal_count=88044 54795 33711 27049 25568 21084 33249 4220 1481 16864 1769 6662 2423 2281
is_linear=0
shrinkage=0.05


Tree=32
num_leaves=15
num_cat=0
split_feature=158 169 26 66 6 84 106 18 130 162 128 67 121 17
split_gain=230.051 109.411 50.4651 45.0338 44.1706 62.3391 43.4613 41.5841 62.0397 52.172 36.5512 35.9297 33.3373 31.5363
threshold=1.0000000180025095e-35 257.50000000000006 3.0066666603088383 6.5000000000000009 263.30833435058599 225.80000305175784 189.22666931152347 76.033332824707045 95.316665649414077 27.831596374511722 3.0478075742721562 459.00000000000006 44.008333206176765 15.993333339691164
decision_type=2 2 2 2 2 2 2 2 2 2 2 2 2 2
left_child=13 2 -2 7 5 -5 10 9 -9 -3 -4 -6 -8 -1
right_child=1 3 6 4 11 -7 12 8 -10 -11 -12 -13 -14 -15
leaf_value=-0.043001922063528292 -0.020595989995479236 0.0240781664030883 0.018397865958717903 0.016448203971972008 -0.022104710771073951 0.060529100229181176 0.089862093957340294 0.10624018565338025 -0.024127285362266548 -0.021000980274764675 -0.015945092400117683 0.024341478144036022 -0.010024209439034383 -0.013279915759624684
leaf_weight=294.63859016634524 460.55032701790333 82.665208405815065 130.09224832244217 1161.0995035422966 120.6399515029043 82.264565924182534 19.458141000010077 14.983462223783137 14.00474454089999 237.49002305138856 176.69605818763375 57.515356097370386 11.289376221597193 135.55727163981646
leaf_count=23778 23940 1479 2745 13549 1621 587 286 264 313 5777 3356 619 259 9471
internal_value=-0.000275538 0.00540998 -0.0099188 0.0123276 0.0162681 0.0195955 0.00473767 -0.00371939 0.0489733 -0.00917011 -0.00132061 -0.00685494 0.056915 -0.0338965
internal_weight=2998.94 2568.75 798.086 1770.66 1421.52 1243.36 337.536 349.143 28.9882 320.155 306.788 178.155 30.7475 430.196
internal_count=88044 54795 30586 24209 16376 14136 6646 7833 577 7256 6101 2240 545 33249
is_linear=0
shrinkage=0.05


Tree=33
num_leaves=15
num_cat=0
split_feature=158 169 166 167 165 8 95 110 91 8 162 79 103 166
split_gain=214.354 98.7648 53.123 35.4978 53.1022 43.5901 31.3734 31.3633 31.2016 26.8192 47.1032 26.5512 25.2577 24.549
threshold=1.0000000180025095e-35 206.50000000000003 18.500000000000004 1.5000000000000002 14.500000000000002 1.0000000180025095e-35 14.401084899902346 21.349539756774906 147.01333618164065 159.00166320800784 21.062500000000004 4.5000000000000009 479.99333190917974 22.500000000000004
decision_type=2 2 2 2 2 2 2 2 2 2 2 2 2 2
left_child=6 7 3 5 -5 -3 -1 9 -8 13 -11 -9 -10 -2
right_child=1 2 -4 4 -6 -7 8 11 12 10 -12 -13 -14 -15
leaf_value=-0.03738824321555409 -0.03926302132061335 0.051689477631788827 -0.020849780271211912 0.0021956197581545016 0.021173538136702197 -0.0056899947333299465 -0.025601850287059538 0.018636574838533367 0.094132477015489699 0.10570966390117911 -0.01806271370992233 -0.028661296445699359 -0.023489030430024798 0.033293107716992315
leaf_weight=382.30439591966569 200.87029504776001 30.883536620996892 134.125259318389 567.29079385660589 1054.1257418710738 421.93215443938971 20.792440274730325 79.451685551553965 8.9982571369037014 4.9101409669965497 29.903283129446208 40.765553598292172 4.3016061075031748 8.6839430965483171
leaf_count=31347 14556 406 6662 9519 9905 7219 1362 2281 245 69 1700 1939 295 539
internal_value=-0.000261536 0.00514311 0.00912948 0.0111135 0.0145608 -0.00125474 -0.033322 -0.0187999 0.0112265 -0.0289146 0.0104776 0.00209388 0.0600663 -0.0355505
internal_weight=2989.34 2572.94 2208.36 2074.23 1621.42 452.816 416.397 364.585 34.0923 244.368 34.8134 120.217 13.2999 209.554
internal_count=88044 54795 33711 27049 19424 7625 33249 21084 1902 16864 1769 4220 540 15095
is_linear=0
shrinkage=0.05


Tree=34
num_leaves=15
num_cat=0
split_feature=158 169 26 171 69 104 96 7 155 134 144 17 95 86
split_gain=199.395 92.3543 45.0597 38.7334 53.4789 38.7324 76.1474 54.5643 50.5036 38.9853 40.9068 31.9399 31.194 25.0007
threshold=1.0000000180025095e-35 257.50000000000006 3.0066666603088383 1.0000000180025095e-35 1.5000000000000002 36.85759353637696 44.914930343627937 18.006667137146 1.0000000180025095e-35 24.338073730468754 0.11219425126910211 15.993333339691164 14.401084899902346 11.771667003631594
decision_type=2 2 2 2 2 2 2 2 2 2 2 2 2 2
left_child=11 2 -2 13 -5 9 8 -8 -7 10 -3 -1 -13 -4
right_child=1 5 3 4 -6 6 7 -9 -10 -11 -12 12 -14 -15
leaf_value=-0.042351558950451756 -0.019693802716885572 0.047631686851190964 0.017714459140438805 0.039731460696887266 -0.0082857351511176312 -0.012763845096167277 0.035189438168175491 0.0036411755376172016 0.04404566728428836 -0.034373219919220412 -0.0015618399862620987 -0.022448513714167676 0.039153532665792093 -0.032507137018624392
leaf_weight=272.82958409376442 447.36275712586939 43.659944261424243 30.73423464037478 113.42150736134499 110.82059580739588 43.116503088735044 157.80139560624957 876.67363206297159 278.67845001723617 71.195610566996038 319.13299994822592 109.77627231180668 20.292879405431449 83.480425897985697
leaf_count=23778 23940 1558 804 1534 1690 1119 1644 10640 2824 1937 4487 8473 998 2618
internal_value=-0.000250352 0.0048839 -0.0093657 0.00437367 0.0163382 0.0111473 0.0152944 0.00859974 0.0363551 -0.00183963 0.00492536 -0.0327355 -0.011744 -0.0188168
internal_weight=2978.98 2576.08 785.82 338.457 224.242 1790.26 1356.27 1034.48 321.795 433.989 362.793 402.899 130.069 114.215
internal_count=88044 54795 30586 6646 3224 24209 16227 12284 3943 7982 6045 33249 9471 3422
is_linear=0
shrinkage=0.05


Tree=35
num_leaves=15
num_cat=0
split_feature=158 169 26 66 158 106 69 18 130 162 27 13 17 119
split_gain=185.476 83.265 41.6163 38.7035 44.993 37.6126 37.1896 37.1659 52.979 45.7291 32.4111 32.1051 31.5086 30.7358
threshold=1.0000000180025095e-35 257.50000000000006 3.0066666603088383 6.5000000000000009 1.9938597679138186 189.22666931152347 482.50000000000006 76.033332824707045 95.316665649414077 27.831596374511722 118.84500122070314 29.003333091735843 15.993333339691164 63.831878662109382
decision_type=2 2 2 2 2 2 2 2 2 2 2 2 2 2
left_child=12 2 -2 7 10 11 -6 9 -9 -3 -5 -4 -1 -14
right_child=1 3 5 4 6 -7 -8 8 -10 -11 -12 -13 13 -15
leaf_value=-0.041982718709516448 -0.019063329037026813 0.02093328130291541 0.013286556546026732 0.087217929516112069 0.014346214423286562 0.051621509685596201 -0.024909187308438361 0.094851873288855457 -0.023928922022162569 -0.020805538879650906 -0.026944561039515383 -0.018626057075306453 0.010524312549277893 -0.037018498714282304
leaf_weight=261.78944027237594 439.42132915370166 85.730292806401849 164.40273493621498 27.782032472081482 1358.1374419918284 32.209216075949371 58.693873619660735 16.299753796309236 13.867580953985451 235.51160602178425 5.2103104982525101 142.41743714921176 71.149995087645948 57.29974236804992
leaf_count=23778 23940 1479 2966 571 14989 545 675 264 313 5777 141 3135 4792 4679
internal_value=-0.000246805 0.00463157 -0.00899403 0.0105288 0.0141277 0.00414432 0.0126381 -0.00430923 0.0446107 -0.00951653 0.0680155 -0.00158754 -0.032146 -0.0112763
internal_weight=2969.92 2579.68 778.451 1801.23 1449.82 339.029 1416.83 351.409 30.1673 321.242 32.9923 306.82 390.239 128.45
internal_count=88044 54795 30586 24209 16376 6646 15664 7833 577 7256 712 6101 33249 9471
is_linear=0
shrinkage=0.05


Tree=36
num_leaves=15
num_cat=0
split_feature=130 135 28 165 167 14 120 3 169 84 81 67 63 79
split_gain=172.793 62.9303 55.1142 40.5826 61.4887 49.2795 44.5658 37.942 34.6828 51.1869 55.7713 35.8377 33.0359 32.9496
threshold=1.0199999809265139 3.0596295595169072 223.06999969482425 14.500000000000002 1.5000000000000002 22.993332862854007 25.997777938842777 86.001667022705092 194.50000000000003 18.998332977294925 43.004999160766609 51.500000000000007 7.5000000000000009 913.00000000000011
decision_type=2 2 2 2 2 2 2 2 2 2 2 2 2 2
left_child=2 3 8 6 12 -6 13 -8 -1 11 -11 -10 -5 -2
right_child=1 -3 -4 4 5 -7 7 -9 9 10 -12 -13 -14 -15
leaf_value=-0.038275077571864262 -0.019108696923328235 0.02718467607179087 0.039652905195547282 0.015050993125517062 0.027538983252657457 0.0040787737014915835 0.026511990381801055 -0.0035829209724842189 -0.031708594258245168 0.075323571557296312 -0.037786825138646424 0.035297909735375103 -0.023806707687771822 0.053770524683112914
leaf_weight=334.10269813612103 426.88798218220472 293.06364314258099 27.269171305932105 73.321428501047194 415.91936607658863 482.49639992974699 141.82209683395922 362.03273911774158 154.74273532535881 25.454437943175435 13.1556338686496 18.603306176140904 182.12353043816984 11.363876312039791
leaf_count=30442 17468 1414 493 2080 4926 5881 2959 7009 10497 764 541 428 2733 409
internal_value=-0.000240064 0.00568557 -0.0247676 0.00262197 0.00889158 0.0150319 -0.00506324 0.00506529 -0.0283152 -0.0120954 0.0368698 -0.0237295 -0.0125784 -0.0166337
internal_weight=2962.36 2389.03 573.328 2095.97 1153.86 898.416 942.107 503.855 546.059 211.956 38.6101 173.346 255.445 438.252
internal_count=88044 44879 43165 43465 15620 10807 27845 9968 42672 12230 1305 10925 4813 17877
is_linear=0
shrinkage=0.05


Tree=37
num_leaves=15
num_cat=0
split_feature=158 169 79 106 132 104 96 138 113 134 144 68 26 95
split_gain=163.152 70.2453 36.6827 43.6604 38.8687 33.0773 64.6373 47.5689 44.4326 35.5084 36.0035 32.2655 35.5138 31.7974
threshold=1.0000000180025095e-35 257.50000000000006 8.5000000000000018 106.71666717529298 36.351518630981452 36.85759353637696 44.914930343627937 3.4379861354827885 1.4039359092712405 24.338073730468754 0.11219425126910211 219.50000000000003 59.006666183471687 4.0276377201080331
decision_type=2 2 2 2 2 2 2 2 2 2 2 2 2 2
left_child=13 2 3 4 -2 9 8 -8 -7 10 -3 12 -4 -1
right_child=1 5 11 -5 -6 6 7 -9 -10 -11 -12 -13 -14 -15
leaf_value=-0.03798882082066838 -0.017515773716283167 0.043061844282257726 -0.031602992465716136 0.023000756646660628 0.025607782267093801 -0.017883459540867747 0.00099285137526802813 0.025370719291376416 0.038852819157255837 -0.033893852704869422 -0.0022002773893605655 0.05696874876496532 0.023431863981192201 -0.00030260082278307587
leaf_weight=300.64992510527372 277.92193203326315 45.81321024056524 250.81555081158876 141.03262977302074 59.461505728773773 36.077205478213727 784.3817101214081 263.85147903114557 294.53036677930504 69.410295774228871 321.65639574732631 7.7656419686973086 29.459585558623075 68.617678055539727
leaf_count=28475 12563 1558 12258 3826 1007 638 10904 1380 3305 1937 4487 315 617 4774
internal_value=-0.000228113 0.00423595 -0.00842025 0.000111665 -0.00965257 0.00958687 0.0133741 0.00722033 0.0324873 -0.00238227 0.00394496 -0.0223513 -0.025509 -0.0310835
internal_weight=2951.45 2582.18 766.457 478.416 337.383 1815.72 1378.84 1048.23 330.608 436.88 367.47 288.041 280.275 369.268
internal_count=88044 54795 30586 17396 13570 24209 16227 12284 3943 7982 6045 13190 12875 33249
is_linear=0
shrinkage=0.05


Tree=38
num_leaves=15
num_cat=0
split_feature=158 169 166 17 113 160 166 96 110 8 9 166 119 77
split_gain=151.703 65.9875 43.2755 31.9621 31.628 38.9852 30.9462 31.5802 28.9175 26.8359 44.2702 24.5894 23.5481 37.3319
threshold=1.0000000180025095e-35 206.50000000000003 18.500000000000004 8.4883332252502459 0.71569967269897472 16.500000000000004 2.5000000000000004 32.563646316528327 21.349539756774906 159.00166320800784 2.0066666603088383 22.500000000000004 63.831878662109382 82.500000000000014
decision_type=2 2 2 2 2 2 2 2 2 2 2 2 2 2
left_child=3 8 4 -1 -3 -6 7 -5 9 11 -11 -2 13 -8
right_child=1 2 -4 6 5 -7 12 -9 -10 10 -12 -13 -14 -15
leaf_value=-0.043012707840840179 -0.037962335530800244 -0.017678335330410896 -0.020227024997364909 -0.0099709397212271785 0.062877599438799642 0.0093222208111623777 -0.0180421653877617 0.12112571787058607 0.0037374951769734892 0.094314616204496729 -0.019668437389684167 0.035433116815165956 -0.042052587861791439 0.060816987554704917
leaf_weight=207.75794256664813 181.04149952530861 102.14783040620387 131.23475819826126 8.5812141411006433 29.76192928198725 1981.7416302673519 65.160779242403805 3.436645070090889 116.31084254570305 6.8320932034403077 26.190806929022074 8.3447610735893232 59.263647633604705 14.0934178577736
leaf_count=21237 14556 1702 6662 733 792 24555 4991 232 4220 216 1553 539 5294 762
internal_value=-0.000220234 0.00402646 0.0071367 -0.0304765 0.00887942 0.0102686 -0.0123484 0.052091 -0.0163908 -0.0267679 0.0132148 -0.0339001 -0.0195592 -0.00124205
internal_weight=2941.9 2583.61 2244.89 358.294 2113.65 2011.5 150.536 12.0179 338.72 222.409 33.0229 189.386 138.518 79.2542
internal_count=88044 54795 33711 33249 27049 25347 12012 965 21084 16864 1769 15095 11047 5753
is_linear=0
shrinkage=0.05


Tree=39
num_leaves=15
num_cat=0
split_feature=158 148 79 98 174 4 104 169 99 76 65 26 17 119
split_gain=140.654 60.1945 54.4048 51.9743 43.0449 39.3472 38.2783 46.4141 49.6479 46.2056 57.6145 36.0752 31.7081 28.5601
threshold=1.0000000180025095e-35 814.06219482421886 13.500000000000002 1.9545350074768069 -0.56174489110708226 5.8066668510437021 146.11090850830081 284.50000000000006 60.236059188842781 320.50000000000006 48.500000000000007 3.0066666603088383 15.993333339691164 63.831878662109382
decision_type=2 2 2 2 2 2 2 2 2 2 2 2 2 2
left_child=12 2 3 4 -2 -5 7 11 -9 10 -8 -3 -1 -14
right_child=1 6 -4 5 -6 -7 9 8 -10 -11 -12 -13 13 -15
leaf_value=-0.040638128360025214 -0.031567833048145519 -0.01707854218074872 -0.020629580721569146 -0.034915906107476954 0.084996367065496958 0.0054984507257001287 -0.0063495854966241789 0.04282364094810967 0.013489917598830248 -0.034987355937508444 0.063583477510222267 0.010030101445686687 0.012166590834277327 -0.035330084692979762
leaf_weight=227.52158908825368 7.5753736710175863 177.081971433945 387.72888563945889 65.701087668538094 27.357398204505444 401.51926574856043 148.34093205351382 180.34235420078039 694.05929271038622 94.681328737176955 31.534050079062581 371.56165707390755 69.116991591639817 50.713738673366606
leaf_count=23778 401 5538 13413 2930 868 13173 2115 1615 7167 1459 361 5755 4792 4679
internal_value=-0.000204606 0.00382427 -0.00668458 0.00418003 0.0589311 -0.00049419 0.00933646 0.0126288 0.019749 -0.00764882 0.0072985 0.00120521 -0.0298447 -0.00854453
internal_weight=2934.84 2587.48 889.882 502.153 34.9328 467.22 1697.6 1423.05 874.402 274.556 179.875 548.644 347.352 119.831
internal_count=88044 54795 30785 17372 1269 16103 24010 20075 8782 3935 2476 11293 33249 9471
is_linear=0
shrinkage=0.05


Tree=40
num_leaves=15
num_cat=0
split_feature=130 135 28 129 126 154 157 139 169 84 81 67 91 103
split_gain=131.741 48.8989 47.3565 37.5967 39.755 38.4813 35.1658 36.3825 33.6844 44.7428 49.5556 32.9689 28.1184 33.1153
threshold=1.0199999809265139 8.3343520164489764 223.06999969482425 0.33675925433635717 3.9998611211776738 6.5000000000000009 8.5000000000000018 61.354444503784187 194.50000000000003 18.998332977294925 43.004999160766609 51.500000000000007 120.00666809082033 480.16667175292974
decision_type=2 2 2 2 2 2 2 2 2 2 2 2 2 2
left_child=2 3 8 6 -5 -6 -2 -8 12 11 -11 -10 -1 -14
right_child=1 -3 -4 4 5 -7 7 -9 9 10 -12 -13 13 -15
leaf_value=-0.04376075384054319 -0.032270699729575934 0.026581798229085025 0.036354905430253354 -0.013873507871016913 -0.016331981923880953 0.0069965045247739367 0.073757432957691604 -0.030509217441854555 -0.030083040178119531 0.069439891300592235 -0.0373569086521112 0.034196877099264882 0.030869908365824379 -0.042082763285137118
leaf_weight=246.92170110810548 10.398964192718266 227.4212345033884 27.807847315445542 354.1914519360289 194.44686340261251 1563.6785845467821 41.847177769057453 7.2810248658061019 142.59111916366965 26.759560057893395 12.63818465080112 18.814001497812569 28.5450837938115 24.038046577945352
leaf_count=27145 570 1077 493 14255 6685 21219 992 81 10497 764 541 428 1173 2124
internal_value=-0.000204829 0.00478173 -0.0226915 0.00244315 0.00129157 0.0043774 0.0400406 0.0569138 -0.0263006 -0.0101026 0.0348322 -0.0217879 -0.0368163 -0.00323823
internal_weight=2927.38 2399.27 528.116 2171.84 2112.32 1758.13 59.5272 49.1282 500.308 200.803 39.3977 161.405 299.505 52.5831
internal_count=88044 44879 43165 43802 42159 27904 1643 1073 42672 12230 1305 10925 30442 3297
is_linear=0
shrinkage=0.05


Tree=41
num_leaves=15
num_cat=0
split_feature=169 106 66 29 89 165 164 162 6 84 16 159 3 29
split_gain=121.76 60.9755 49.2489 57.6747 45.4691 38.2516 34.7972 45.1635 31.3562 64.4473 35.1661 30.7957 29.8869 29.0016
threshold=194.50000000000003 106.71666717529298 7.5000000000000009 3.0499999523162846 9.0016665458679217 19.500000000000004 45.006637573242195 277.84623718261724 263.30833435058599 243.1116638183594 144.01999664306643 2.612847208976746 94.851665496826186 55.023332595825202
decision_type=2 2 2 2 2 2 2 2 2 2 2 2 2 2
left_child=1 -1 3 4 11 -6 12 -8 9 10 -4 -2 -3 -11
right_child=2 6 8 -5 5 -7 7 -9 -10 13 -12 -13 -14 -15
leaf_value=-0.034870945918121753 0.030927700238950043 0.10679544030606553 0.0075443506471960884 -0.022473886184894987 0.0052495028139966952 0.051451772833430692 -0.036629875661862536 0.032058732219595654 -0.0093821867368916109 0.087323898793948862 0.049447345230709303 -0.01567663663490345 0.010681981866098443 0.017736907214508792
leaf_weight=331.20747351739556 37.439691608771682 8.45573892444372 1396.9127062270418 317.372717872262 112.58339718636125 70.861132974736392 56.027480051852763 34.646185517311096 203.30198077950627 34.160615671426058 47.175741435959935 216.02864661160856 23.545537305064499 29.355522107332945
leaf_count=32814 1165 231 18802 12748 3898 1219 3897 871 2832 232 651 7729 755 200
internal_value=-0.000202507 -0.0238544 0.00419166 -0.00642307 0.00535857 0.0239882 0.00608978 -0.0100803 0.00887645 0.0113615 0.00907914 -0.00832761 0.0470777 0.0588039
internal_weight=2919.07 453.882 2465.19 754.286 436.913 183.445 122.675 90.6737 1710.91 1507.6 1444.09 253.468 32.0013 63.5161
internal_count=88044 38568 49476 26759 14011 5117 5754 4768 22717 19885 19453 8894 986 432
is_linear=0
shrinkage=0.05


Tree=42
num_leaves=15
num_cat=0
split_feature=158 169 17 165 8 157 86 166 9 88 117 155 171 142
split_gain=115.549 51.6209 32.3077 31.9622 42.3189 39.9644 34.695 30.2206 28.6701 28.5796 70.9698 55.454 37.4228 48.4368
threshold=1.0000000180025095e-35 257.50000000000006 8.4883332252502459 19.500000000000004 106.00666809082033 3.5000000000000004 10.911666393280031 2.5000000000000004 5.8766667842864999 27.998332977294925 37.301641464233406 17.136300086975101 0.60355338454246532 5.2761111259460458
decision_type=2 2 2 2 2 2 2 2 2 2 2 2 2 2
left_child=2 3 -1 -2 5 -5 -6 8 -4 12 -11 -12 -3 -14
right_child=1 9 7 4 6 -7 -8 -9 -10 10 11 -13 13 -15
leaf_value=-0.041886813168688981 -0.01394342273697919 0.0035319604840973566 -0.025255561457821263 0.096911733489237095 -0.010151817476880862 -0.009034443380547201 0.078561786805111056 -0.017293236751413095 0.09903080113711446 -0.02524991004883502 -0.00016624631900273937 0.034463292766904283 0.050170298357563071 0.014121294934152118
leaf_weight=181.35875226464123 546.14878738299012 525.51495901774615 4.9627200374379736 4.4317249571904531 14.899840543977914 154.6358268680051 28.386508776806295 128.75884401286021 6.6765610934235156 194.39483875967562 421.85468235984445 154.22116908431053 116.77624484803528 428.40638098865747
leaf_count=21237 24349 9781 439 195 462 5019 561 11047 526 3867 4838 1275 1989 2459
internal_value=-0.000178772 0.00335033 -0.0281995 -0.00768702 0.00912791 -0.00321926 0.050136 -0.0096865 0.0543728 0.00784608 0.000492115 0.0093212 0.0131111 0.0222286
internal_weight=2911.43 2589.67 321.757 748.503 202.354 159.068 43.2863 140.398 11.6393 1841.17 770.471 576.076 1070.7 545.183
internal_count=88044 54795 33249 30586 6237 5214 1023 12012 965 24209 9980 6113 14229 4448
is_linear=0
shrinkage=0.05


Tree=43
num_leaves=15
num_cat=0
split_feature=130 110 135 169 157 157 18 69 28 67 171 29 168 164
split_gain=108.195 44.15 40.9218 36.2495 35.9216 65.9089 64.4526 37.0692 26.8523 25.5293 23.5784 23.7343 19.3538 22.3396
threshold=1.0199999809265139 2.1114969253540044 8.3343520164489764 233.50000000000003 1396.5000000000002 1166.0000000000002 38.998332977294929 510.50000000000006 223.06999969482425 372.50000000000006 0.12940952181816109 33.010000228881843 7.5000000000000009 85.541713714599624
decision_type=2 2 2 2 2 2 2 2 2 2 2 2 2 2
left_child=1 12 4 8 5 7 -7 -2 -3 -6 -5 -12 -1 -14
right_child=2 3 -4 10 9 6 -8 -9 -10 -11 11 -13 13 -15
leaf_value=-0.047998287373181986 0.0026294038634936808 -0.020817676149578013 0.02406532365226954 -0.022885152497179821 -0.033324933232043434 0.06793233712614552 -0.026777953268194307 -0.043585950224581775 0.064731791872487621 0.052943174075570788 0.056176452431045111 -0.030645826209779244 0.012669957305197025 -0.033625341095363075
leaf_weight=140.63257254846394 1949.4371437272057 182.07995123369619 230.12941783666611 15.144653741270302 93.604192530736327 66.073211166076362 20.985788175836205 39.380494551733136 4.8575713923200956 4.9416473256424061 39.960541495122015 6.206523190252482 35.437851568683982 74.933755956124514
leaf_count=18116 39845 15016 1077 643 1987 904 373 645 134 48 763 100 2223 6170
internal_value=-0.000159849 -0.021221 0.00424801 -0.00606199 0.00210025 0.0035259 0.0448878 0.00160729 -0.0169663 -0.0266513 0.0259574 0.0426503 -0.0358024 -0.0188561
internal_weight=2903.81 499.253 2404.55 248.249 2174.42 2075.88 87.059 1988.82 186.938 98.5458 61.3117 46.1671 251.004 110.372
internal_count=88044 43165 44879 16656 43802 41767 1277 40490 15150 2035 1506 863 26509 8393
is_linear=0
shrinkage=0.05


Tree=44
num_leaves=15
num_cat=0
split_feature=158 169 95 79 68 106 68 26 78 96 119 90 109 127
split_gain=101.01 43.7583 31.912 31.0457 38.1479 34.4953 30.0147 31.9073 25.5951 35.9517 58.4641 48.3884 33.9438 40.1287
threshold=1.0000000180025095e-35 257.50000000000006 4.0276377201080331 8.5000000000000018 18.500000000000004 106.71666717529298 219.50000000000003 59.006666183471687 2.5000000000000004 45.554653167724616 24.398210525512699 70.987777709960952 18.994999885559086 7.0066666603088388
decision_type=2 2 2 2 2 2 2 2 2 2 2 2 2 2
left_child=2 3 -1 4 5 -2 7 -5 12 10 -10 -11 13 -3
right_child=1 8 -4 6 -6 -7 -8 -9 9 11 -12 -13 -14 -15
leaf_value=-0.035057156991426267 -0.0043650110869164612 -0.044598057471224965 0.004692557486248956 -0.030038530494040084 -0.04131877316881731 0.02581179467555313 0.055261159420809142 0.022077174935541285 -0.017846820607293364 -0.012942640141243295 0.027986833329132984 0.010619841312142522 -0.026198499493362233 0.024089254775299229
leaf_weight=244.35115137230605 290.95855807838961 21.824267603456974 61.943460791371763 232.31945709045976 43.703857181593776 134.60036002472043 7.9319327175617209 29.857020584866405 79.68989687692374 291.47314087394625 418.31500196829438 819.5365122044459 120.29931379109621 100.27159789483994
leaf_count=28475 12243 540 4774 12258 1760 3393 315 617 1906 3992 5267 8744 2264 1496
internal_value=-0.000158788 0.00306905 -0.0270721 -0.00718118 0.000630642 0.00536854 -0.0205175 -0.0238014 0.00717086 0.00945165 0.0205481 0.00440794 -0.00785403 0.0105401
internal_weight=2897.08 2590.78 306.295 739.371 469.263 425.559 270.108 262.176 1851.41 1609.01 498.005 1111.01 242.395 122.096
internal_count=88044 54795 33249 30586 17396 15636 13190 12875 24209 19909 7173 12736 4300 2036
is_linear=0
shrinkage=0.05


Tree=45
num_leaves=15
num_cat=0
split_feature=169 98 114 166 163 8 26 106 66 98 60 164 87 100
split_gain=93.8786 56.3889 39.4152 35.4974 45.5527 36.339 30.9677 33.6504 30.0082 29.4407 29.1461 28.9237 22.0965 20.8117
threshold=194.50000000000003 18.182345390319828 0.68274307250976574 17.500000000000004 4976.0000000000009 37.001667022705085 175.00666809082034 288.02166748046881 502.50000000000006 79.074138641357436 140.50000000000003 45.006637573242195 30.001667022705082 35.093334197998054
decision_type=2 2 2 2 2 2 2 2 2 2 2 2 2 2
left_child=1 -1 -2 8 13 -6 7 11 10 -8 -4 -3 -9 -5
right_child=2 6 3 4 5 -7 9 12 -10 -11 -12 -13 -14 -15
leaf_value=-0.038763727709350493 -0.040889148382107873 0.013973375720871191 0.0045284089881316809 0.043406101323453114 0.067963115213944533 -0.023500023220668041 0.11212092034443447 0.054814845644149214 -0.030713976110677051 -0.020494834663420131 0.019497126856619862 -0.031374196274031284 -0.029724533601611799 -0.02729744677429638
leaf_weight=223.38938611513004 43.915000579785556 47.670666017569602 1750.9137004637159 6.6284009460359803 22.654438795056194 14.57951116748154 5.870768307708202 25.453946837224066 48.268067355267704 4.6585759148001671 395.92054958641529 107.55928662698716 6.7956814728677264 186.32056305836886
leaf_count=27109 4432 2767 29893 452 812 618 94 703 684 131 3291 7229 535 9294
internal_value=-0.000164189 -0.0218319 0.00357031 0.00445782 -0.0140251 0.0336072 -0.00224558 -0.00767231 0.00642344 0.0657394 0.00732784 -0.0174466 0.0354019 -0.0238335
internal_weight=2890.6 421.398 2469.2 2425.29 230.183 37.2339 198.009 187.48 2195.1 10.5293 2146.83 155.23 32.2496 192.949
internal_count=88044 38568 49476 45044 11176 1430 11459 11234 33868 225 33184 9996 1238 9746
is_linear=0
shrinkage=0.05


end of trees

feature_importances:
melbourne_day_of_year=53
melbourne_hour=46
roll0048_stddev_pop_queued_requested_gpus=29
utc_hour=19
lag_flexible_avg_active_gpus_F30_0048=17
roll0288_mean_arriving_flexible_gpu_hours_F30=17
lag_total_avg_active_gpus_0576=16
roll0048_mean_arriving_flexible_gpu_hours_F30=16
lag_queued_job_count_0048=13
roll2016_stddev_pop_total_avg_active_gpus=13
roll0012_mean_arriving_flexible_gpu_hours_F30=13
roll0012_stddev_pop_fixed_avg_active_gpus_F30=12
lag_queued_requested_gpus_2016=11
roll2016_max_fixed_avg_active_gpus_F30=11
hour_sin=11
lag_queued_job_count_0024=10
roll0012_max_total_avg_active_gpus=10
roll0012_stddev_pop_queued_requested_gpus=10
roll2016_stddev_pop_queued_requested_gpus=10
melbourne_day_of_week=10
lag_fixed_avg_active_gpus_F30_0288=9
lag_queued_requested_gpus_0048=9
lag_queued_requested_gpus_0576=8
roll0003_max_total_avg_active_gpus=8
roll0003_max_fixed_avg_active_gpus_F30=8
roll0048_max_queued_requested_gpus=8
roll2016_mean_queued_requested_gpus=8
lag_flexible_avg_active_gpus_F30_0576=7
roll0012_stddev_pop_total_avg_active_gpus=7
roll0048_mean_total_avg_active_gpus=7
roll0288_max_flexible_avg_active_gpus_F30=7
lag_total_avg_active_gpus_2016=6
lag_fixed_avg_active_gpus_F30_0576=6
lag_queued_requested_gpus_0288=6
roll0003_mean_arriving_flexible_gpu_hours_F30=6
lag_queued_job_count_0001=5
roll0048_stddev_pop_fixed_avg_active_gpus_F30=5
roll2016_stddev_pop_flexible_avg_active_gpus_F30=5
roll0003_stddev_pop_arriving_flexible_gpu_hours_F30=5
roll2016_max_arriving_flexible_gpu_hours_F30=5
roll0003_stddev_pop_queued_requested_gpus=5
lag_fixed_avg_active_gpus_F30_0012=4
lag_flexible_avg_active_gpus_F30_0288=4
lag_queued_job_count_0288=4
lag_queued_job_count_0576=4
lag_running_job_equivalents_0012=4
lag_running_job_equivalents_0576=4
roll0003_stddev_pop_total_avg_active_gpus=4
roll0048_stddev_pop_total_avg_active_gpus=4
roll0288_mean_fixed_avg_active_gpus_F30=4
roll2016_stddev_pop_fixed_avg_active_gpus_F30=4
roll0048_max_flexible_avg_active_gpus_F30=4
roll0288_max_arriving_flexible_gpu_hours_F30=4
roll0288_stddev_pop_queued_requested_gpus=4
lag_total_avg_active_gpus_0024=3
lag_total_avg_active_gpus_0048=3
lag_total_avg_active_gpus_0288=3
lag_flexible_avg_active_gpus_F30_2016=3
lag_queued_job_count_0006=3
lag_queued_job_count_2016=3
lag_queued_requested_gpus_0024=3
lag_running_job_equivalents_0006=3
lag_running_job_equivalents_0048=3
lag_running_job_equivalents_2016=3
roll0003_mean_total_avg_active_gpus=3
roll2016_max_total_avg_active_gpus=3
roll0048_stddev_pop_flexible_avg_active_gpus_F30=3
roll2016_mean_flexible_avg_active_gpus_F30=3
roll0012_mean_queued_requested_gpus=3
roll0048_mean_queued_requested_gpus=3
weekday_sin=3
lag_total_avg_active_gpus_0006=2
lag_fixed_avg_active_gpus_F30_2016=2
lag_running_job_equivalents_0002=2
roll0012_mean_total_avg_active_gpus=2
roll0288_mean_total_avg_active_gpus=2
roll0288_max_total_avg_active_gpus=2
roll0288_max_fixed_avg_active_gpus_F30=2
roll2016_mean_fixed_avg_active_gpus_F30=2
roll0288_mean_flexible_avg_active_gpus_F30=2
roll0012_stddev_pop_arriving_flexible_gpu_hours_F30=2
roll0012_max_queued_requested_gpus=2
roll0288_mean_queued_requested_gpus=2
lag_total_avg_active_gpus_0001=1
lag_total_avg_active_gpus_0012=1
lag_fixed_avg_active_gpus_F30_0006=1
lag_fixed_avg_active_gpus_F30_0048=1
lag_flexible_avg_active_gpus_F30_0001=1
lag_flexible_avg_active_gpus_F30_0024=1
lag_queued_job_count_0002=1
lag_queued_requested_gpus_0006=1
lag_running_job_equivalents_0001=1
lag_running_job_equivalents_0024=1
lag_running_job_equivalents_0288=1
roll0048_max_total_avg_active_gpus=1
roll0288_stddev_pop_total_avg_active_gpus=1
roll2016_mean_total_avg_active_gpus=1
roll0012_max_fixed_avg_active_gpus_F30=1
roll0048_mean_fixed_avg_active_gpus_F30=1
roll0048_max_fixed_avg_active_gpus_F30=1
roll0003_mean_flexible_avg_active_gpus_F30=1
roll0003_max_flexible_avg_active_gpus_F30=1
roll0012_mean_flexible_avg_active_gpus_F30=1
roll0048_mean_flexible_avg_active_gpus_F30=1
roll0012_max_arriving_flexible_gpu_hours_F30=1
roll0048_max_arriving_flexible_gpu_hours_F30=1
roll2016_mean_arriving_flexible_gpu_hours_F30=1
roll0003_max_queued_requested_gpus=1
roll0288_max_queued_requested_gpus=1
roll2016_max_queued_requested_gpus=1
melbourne_month=1
hour_cos=1
weekday_cos=1

parameters:
[boosting: gbdt]
[objective: binary]
[metric: binary_logloss]
[tree_learner: serial]
[device_type: cpu]
[data_sample_strategy: bagging]
[data: ]
[valid: ]
[num_iterations: 46]
[learning_rate: 0.05]
[num_leaves: 15]
[num_threads: 4]
[seed: 20260721]
[deterministic: 1]
[force_col_wise: 1]
[force_row_wise: 0]
[histogram_pool_size: -1]
[max_depth: 5]
[min_data_in_leaf: 100]
[min_sum_hessian_in_leaf: 0.001]
[bagging_fraction: 1]
[pos_bagging_fraction: 1]
[neg_bagging_fraction: 1]
[bagging_freq: 0]
[bagging_seed: 11591]
[bagging_by_query: 0]
[feature_fraction: 1]
[feature_fraction_bynode: 1]
[feature_fraction_seed: 24120]
[extra_trees: 0]
[extra_seed: 12737]
[early_stopping_round: 0]
[early_stopping_min_delta: 0]
[first_metric_only: 0]
[max_delta_step: 0]
[lambda_l1: 0]
[lambda_l2: 5]
[linear_lambda: 0]
[min_gain_to_split: 0]
[drop_rate: 0.1]
[max_drop: 50]
[skip_drop: 0.5]
[xgboost_dart_mode: 0]
[uniform_drop: 0]
[drop_seed: 6762]
[top_rate: 0.2]
[other_rate: 0.1]
[min_data_per_group: 100]
[max_cat_threshold: 32]
[cat_l2: 10]
[cat_smooth: 10]
[max_cat_to_onehot: 4]
[top_k: 20]
[monotone_constraints: ]
[monotone_constraints_method: basic]
[monotone_penalty: 0]
[feature_contri: ]
[forcedsplits_filename: ]
[refit_decay_rate: 0.9]
[cegb_tradeoff: 1]
[cegb_penalty_split: 0]
[cegb_penalty_feature_lazy: ]
[cegb_penalty_feature_coupled: ]
[path_smooth: 0]
[interaction_constraints: ]
[verbosity: -1]
[saved_feature_importance_type: 0]
[use_quantized_grad: 0]
[num_grad_quant_bins: 4]
[quant_train_renew_leaf: 0]
[stochastic_rounding: 1]
[linear_tree: 0]
[max_bin: 255]
[max_bin_by_feature: ]
[min_data_in_bin: 3]
[bin_construct_sample_cnt: 200000]
[data_random_seed: 4436]
[is_enable_sparse: 1]
[enable_bundle: 1]
[use_missing: 1]
[zero_as_missing: 0]
[feature_pre_filter: 1]
[pre_partition: 0]
[two_round: 0]
[header: 0]
[label_column: ]
[weight_column: ]
[group_column: ]
[ignore_column: ]
[categorical_feature: ]
[forcedbins_filename: ]
[precise_float_parser: 0]
[parser_config_file: ]
[objective_seed: 18074]
[num_class: 1]
[is_unbalance: 0]
[scale_pos_weight: 1]
[sigmoid: 1]
[boost_from_average: 1]
[reg_sqrt: 0]
[alpha: 0.9]
[fair_c: 1]
[poisson_max_delta_step: 0.7]
[tweedie_variance_power: 1.5]
[lambdarank_truncation_level: 30]
[lambdarank_norm: 1]
[label_gain: ]
[lambdarank_position_bias_regularization: 0]
[eval_at: ]
[multi_error_top_k: 1]
[auc_mu_weights: ]
[num_machines: 1]
[local_listen_port: 12400]
[time_out: 120]
[machine_list_filename: ]
[machines: ]
[gpu_platform_id: -1]
[gpu_device_id: -1]
[gpu_device_id_list: ]
[gpu_use_dp: 0]
[num_gpu: 1]

end of parameters

pandas_categorical:[]
