tree
version=v4
num_class=1
num_tree_per_iteration=1
label_index=0
max_feature_idx=176
objective=regression_l1
feature_names=lag_total_avg_active_gpus_0001 lag_total_avg_active_gpus_0002 lag_total_avg_active_gpus_0003 lag_total_avg_active_gpus_0006 lag_total_avg_active_gpus_0012 lag_total_avg_active_gpus_0024 lag_total_avg_active_gpus_0048 lag_total_avg_active_gpus_0288 lag_total_avg_active_gpus_0576 lag_total_avg_active_gpus_2016 lag_fixed_avg_active_gpus_F30_0001 lag_fixed_avg_active_gpus_F30_0002 lag_fixed_avg_active_gpus_F30_0003 lag_fixed_avg_active_gpus_F30_0006 lag_fixed_avg_active_gpus_F30_0012 lag_fixed_avg_active_gpus_F30_0024 lag_fixed_avg_active_gpus_F30_0048 lag_fixed_avg_active_gpus_F30_0288 lag_fixed_avg_active_gpus_F30_0576 lag_fixed_avg_active_gpus_F30_2016 lag_flexible_avg_active_gpus_F30_0001 lag_flexible_avg_active_gpus_F30_0002 lag_flexible_avg_active_gpus_F30_0003 lag_flexible_avg_active_gpus_F30_0006 lag_flexible_avg_active_gpus_F30_0012 lag_flexible_avg_active_gpus_F30_0024 lag_flexible_avg_active_gpus_F30_0048 lag_flexible_avg_active_gpus_F30_0288 lag_flexible_avg_active_gpus_F30_0576 lag_flexible_avg_active_gpus_F30_2016 lag_arriving_job_count_0001 lag_arriving_job_count_0002 lag_arriving_job_count_0003 lag_arriving_job_count_0006 lag_arriving_job_count_0012 lag_arriving_job_count_0024 lag_arriving_job_count_0048 lag_arriving_job_count_0288 lag_arriving_job_count_0576 lag_arriving_job_count_2016 lag_arriving_requested_gpus_0001 lag_arriving_requested_gpus_0002 lag_arriving_requested_gpus_0003 lag_arriving_requested_gpus_0006 lag_arriving_requested_gpus_0012 lag_arriving_requested_gpus_0024 lag_arriving_requested_gpus_0048 lag_arriving_requested_gpus_0288 lag_arriving_requested_gpus_0576 lag_arriving_requested_gpus_2016 lag_arriving_flexible_gpu_hours_F30_0001 lag_arriving_flexible_gpu_hours_F30_0002 lag_arriving_flexible_gpu_hours_F30_0003 lag_arriving_flexible_gpu_hours_F30_0006 lag_arriving_flexible_gpu_hours_F30_0012 lag_arriving_flexible_gpu_hours_F30_0024 lag_arriving_flexible_gpu_hours_F30_0048 lag_arriving_flexible_gpu_hours_F30_0288 lag_arriving_flexible_gpu_hours_F30_0576 lag_arriving_flexible_gpu_hours_F30_2016 lag_queued_job_count_0001 lag_queued_job_count_0002 lag_queued_job_count_0003 lag_queued_job_count_0006 lag_queued_job_count_0012 lag_queued_job_count_0024 lag_queued_job_count_0048 lag_queued_job_count_0288 lag_queued_job_count_0576 lag_queued_job_count_2016 lag_queued_requested_gpus_0001 lag_queued_requested_gpus_0002 lag_queued_requested_gpus_0003 lag_queued_requested_gpus_0006 lag_queued_requested_gpus_0012 lag_queued_requested_gpus_0024 lag_queued_requested_gpus_0048 lag_queued_requested_gpus_0288 lag_queued_requested_gpus_0576 lag_queued_requested_gpus_2016 lag_running_job_equivalents_0001 lag_running_job_equivalents_0002 lag_running_job_equivalents_0003 lag_running_job_equivalents_0006 lag_running_job_equivalents_0012 lag_running_job_equivalents_0024 lag_running_job_equivalents_0048 lag_running_job_equivalents_0288 lag_running_job_equivalents_0576 lag_running_job_equivalents_2016 roll0003_mean_total_avg_active_gpus roll0003_max_total_avg_active_gpus roll0003_stddev_pop_total_avg_active_gpus roll0012_mean_total_avg_active_gpus roll0012_max_total_avg_active_gpus roll0012_stddev_pop_total_avg_active_gpus roll0048_mean_total_avg_active_gpus roll0048_max_total_avg_active_gpus roll0048_stddev_pop_total_avg_active_gpus roll0288_mean_total_avg_active_gpus roll0288_max_total_avg_active_gpus roll0288_stddev_pop_total_avg_active_gpus roll2016_mean_total_avg_active_gpus roll2016_max_total_avg_active_gpus roll2016_stddev_pop_total_avg_active_gpus roll0003_mean_fixed_avg_active_gpus_F30 roll0003_max_fixed_avg_active_gpus_F30 roll0003_stddev_pop_fixed_avg_active_gpus_F30 roll0012_mean_fixed_avg_active_gpus_F30 roll0012_max_fixed_avg_active_gpus_F30 roll0012_stddev_pop_fixed_avg_active_gpus_F30 roll0048_mean_fixed_avg_active_gpus_F30 roll0048_max_fixed_avg_active_gpus_F30 roll0048_stddev_pop_fixed_avg_active_gpus_F30 roll0288_mean_fixed_avg_active_gpus_F30 roll0288_max_fixed_avg_active_gpus_F30 roll0288_stddev_pop_fixed_avg_active_gpus_F30 roll2016_mean_fixed_avg_active_gpus_F30 roll2016_max_fixed_avg_active_gpus_F30 roll2016_stddev_pop_fixed_avg_active_gpus_F30 roll0003_mean_flexible_avg_active_gpus_F30 roll0003_max_flexible_avg_active_gpus_F30 roll0003_stddev_pop_flexible_avg_active_gpus_F30 roll0012_mean_flexible_avg_active_gpus_F30 roll0012_max_flexible_avg_active_gpus_F30 roll0012_stddev_pop_flexible_avg_active_gpus_F30 roll0048_mean_flexible_avg_active_gpus_F30 roll0048_max_flexible_avg_active_gpus_F30 roll0048_stddev_pop_flexible_avg_active_gpus_F30 roll0288_mean_flexible_avg_active_gpus_F30 roll0288_max_flexible_avg_active_gpus_F30 roll0288_stddev_pop_flexible_avg_active_gpus_F30 roll2016_mean_flexible_avg_active_gpus_F30 roll2016_max_flexible_avg_active_gpus_F30 roll2016_stddev_pop_flexible_avg_active_gpus_F30 roll0003_mean_arriving_flexible_gpu_hours_F30 roll0003_max_arriving_flexible_gpu_hours_F30 roll0003_stddev_pop_arriving_flexible_gpu_hours_F30 roll0012_mean_arriving_flexible_gpu_hours_F30 roll0012_max_arriving_flexible_gpu_hours_F30 roll0012_stddev_pop_arriving_flexible_gpu_hours_F30 roll0048_mean_arriving_flexible_gpu_hours_F30 roll0048_max_arriving_flexible_gpu_hours_F30 roll0048_stddev_pop_arriving_flexible_gpu_hours_F30 roll0288_mean_arriving_flexible_gpu_hours_F30 roll0288_max_arriving_flexible_gpu_hours_F30 roll0288_stddev_pop_arriving_flexible_gpu_hours_F30 roll2016_mean_arriving_flexible_gpu_hours_F30 roll2016_max_arriving_flexible_gpu_hours_F30 roll2016_stddev_pop_arriving_flexible_gpu_hours_F30 roll0003_mean_queued_requested_gpus roll0003_max_queued_requested_gpus roll0003_stddev_pop_queued_requested_gpus roll0012_mean_queued_requested_gpus roll0012_max_queued_requested_gpus roll0012_stddev_pop_queued_requested_gpus roll0048_mean_queued_requested_gpus roll0048_max_queued_requested_gpus roll0048_stddev_pop_queued_requested_gpus roll0288_mean_queued_requested_gpus roll0288_max_queued_requested_gpus roll0288_stddev_pop_queued_requested_gpus roll2016_mean_queued_requested_gpus roll2016_max_queued_requested_gpus roll2016_stddev_pop_queued_requested_gpus utc_hour melbourne_hour melbourne_day_of_week melbourne_month melbourne_day_of_year is_weekend hour_sin hour_cos weekday_sin weekday_cos month_sin month_cos
feature_infos=[0:515.73333740234375] [0:515.73333740234375] [0:515.73333740234375] [0:515.73333740234375] [0:515.73333740234375] [0:515.73333740234375] [0:515.73333740234375] [0:515.73333740234375] [0:515.73333740234375] [0:515.73333740234375] [0:515.73333740234375] [0:515.73333740234375] [0:515.73333740234375] [0:515.73333740234375] [0:515.73333740234375] [0:515.73333740234375] [0:515.73333740234375] [0:515.73333740234375] [0:515.73333740234375] [0:515.73333740234375] [0:512] [0:512] [0:512] [0:512] [0:512] [0:512] [0:512] [0:512] [0:512] [0:512] [0:1718] [0:1718] [0:1718] [0:1718] [0:1718] [0:1718] [0:1718] [0:1718] [0:1718] [0:1718] [0:5632] [0:5632] [0:5632] [0:5632] [0:5632] [0:5632] [0:5632] [0:5632] [0:5632] [0:5632] [0:12685.912109375] [0:12685.912109375] [0:12685.912109375] [0:12685.912109375] [0:12685.912109375] [0:12685.912109375] [0:12685.912109375] [0:12685.912109375] [0:12685.912109375] [0:12685.912109375] [0:9596] [0:9596] [0:9596] [0:9596] [0:9596] [0:9596] [0:9596] [0:9596] [0:9596] [0:1960] [0:9599] [0:9599] [0:9599] [0:9599] [0:9599] [0:9599] [0:9599] [0:9599] [0:9599] [0:6127] [0:463] [0:463] [0:463] [0:463] [0:463] [0:463] [0:463] [0:463] [0:463] [0:463] [0:512] [0:515.73333740234375] [0:240.55458068847656] [0:512] [0:515.73333740234375] [0:255.7161865234375] [0:504.01470947265625] [0:515.73333740234375] [0:250.40919494628906] [0:451.16268920898438] [0:515.73333740234375] [0:230.42581176757812] [6.1177248426247388e-05:262.34512329101562] [0.053333334624767303:515.73333740234375] [0.0014853802276775241:183.8941650390625] [0:512] [0:515.73333740234375] [0:240.55458068847656] [0:509.86666870117188] [0:515.73333740234375] [0:246.19882202148438] [0:504.01470947265625] [0:515.73333740234375] [0:250.40919494628906] [0:283.29208374023438] [0:515.73333740234375] [0:225.25091552734375] [6.1177248426247388e-05:169.79315185546875] [0.053333334624767303:515.73333740234375] [0.0014853802276775241:174.28001403808594] [0:512] [0:512] [0:235.18722534179688] [0:512] [0:512] [0:253.82646179199219] [0:483.61279296875] [0:512] [0:226.47317504882812] [0:411.73898315429688] [0:512] [0:233.52969360351562] [0:178.25611877441406] [0:512] [0:182.61265563964844] [0:4244.66064453125] [0:12685.912109375] [0:5980.1962890625] [0:1061.303955078125] [0:12685.912109375] [0:3506.200927734375] [0:273.25704956054688] [0:12685.912109375] [0:1811.8798828125] [0:45.542839050292969] [0:12685.912109375] [0:746.28338623046875] [0:15.986562728881836] [0:12685.912109375] [0:363.71148681640625] [0:9599] [0:9599] [0:2476.137451171875] [0:9599] [0:9599] [0:2455.648681640625] [0:9599] [0:9599] [0:3645.520751953125] [0:2920.1318359375] [0:9599] [0:3976.248291015625] [0:1056.5416259765625] [0:9599] [0:1794.708251953125] [0:23] [0:23] [0:6] [1:12] [1:366] [0:1] [-1:1] [-1:1] [-0.97492790222167969:0.97492790222167969] [-0.90096884965896606:1] [-1:1] [-1:1]
tree_sizes=1389 1441 1444 1446 1459 1490 1494 1495 1503 1509 1486 1470 1511 1493 1461 1449 1462 1494 1486 1511 1488 1495 1480 1474 1483 1434 1486 1495 1451 1496 1505 1325 1488 1306 1235 1135 1223 1227 1228 1227 1226 1220 1133 1233 1541 1526 1517

Tree=0
num_leaves=15
num_cat=0
split_feature=105 166 105 10 118 42 106 167 157 162 94 111 17 91
split_gain=2308.57 568.129 634.99 408.449 207.011 135.865 122.528 95.8646 93.5085 88.2061 95.4626 83.0876 82.5426 81.4639
threshold=44.571666717529304 6.5000000000000009 3.0011111497879033 140.01166534423831 392.21665954589849 16.500000000000004 20.005000114440922 1.5000000000000002 11.500000000000002 500.39161682128912 207.043327331543 29.207257270812992 12.97499990463257 85.001667022705092
decision_type=2 2 2 2 2 2 2 2 2 2 2 2 2 2
left_child=1 7 -3 4 12 6 -4 -1 -6 -5 -11 -7 -2 -10
right_child=3 2 5 9 8 11 -8 -9 13 10 -12 -13 -14 -15
leaf_value=0 -0.40000000000000002 0 0 -0.65766665935516366 -0.14116666316986085 0 -0.032583332061767577 0 0 0.13199999928474426 -0.20000000000000001 0.3269999980926514 -0.15000000000000002 -0.25
leaf_weight=5815 1706 19546 14871 6288 1567 776 9676 13443 3360 190 791 799 6164 3052
leaf_count=5815 1706 19546 14871 6288 1567 776 9676 13443 3360 190 791 799 6164 3052
internal_value=-0.00445888 0.000372703 -0.00266459 -0.0180253 -0.0135171 -0.007764 -0.0086775 0.00757411 -0.00783442 -0.0278389 -0.0137931 0.0064557 -0.0192698 -0.00515038
internal_weight=88044 64926 45668 23118 15849 26122 24547 19258 7979 7269 981 1575 7870 6412
internal_count=88044 64926 45668 23118 15849 26122 24547 19258 7979 7269 981 1575 7870 6412
is_linear=0
shrinkage=0.05


Tree=1
num_leaves=15
num_cat=0
split_feature=105 110 166 10 105 17 80 103 163 100 167 31 6 17
split_gain=1585.67 391.721 364.426 337.553 311.975 141.292 151.254 137.264 134.381 111.989 95.8646 86.4776 79.8666 87.1402
threshold=44.571666717529304 0.041461531072855003 6.5000000000000009 144.01999664306643 3.0011111497879033 15.993333339691164 19.691666603088382 495.58666992187506 34.000000000000007 461.26666259765631 1.5000000000000002 3.5000000000000004 357.48666381835943 444.21333312988287
decision_type=2 2 2 2 2 2 2 2 2 2 2 2 2 2
left_child=2 7 10 5 -4 9 -7 -2 -6 -3 -1 -10 13 -5
right_child=1 3 4 12 8 6 -8 -9 11 -11 -12 -13 -14 -15
leaf_value=0 -0.029999999999999999 -0.37105416119098666 0 -0.63203332543373114 -0.12266666889190675 -0.041333334445953371 -0.1925 0.0070583331584930424 0 0.062166666984558111 0 0.020000000298023225 -0.86711666703224177 0.032883332967758187
leaf_weight=5815 732 3298 19546 5564 721 5883 5547 721 23780 353 13443 1621 900 120
leaf_count=5815 732 3298 19546 5564 721 5883 5547 721 23780 353 13443 1621 900 120
internal_value=-0.00219764 -0.0134412 0.00180653 -0.0151269 -0.000626191 -0.010997 -0.00825536 0.0116598 -0.00420064 -0.0195569 0.00757411 -0.00359364 -0.0245713 -0.0223414
internal_weight=88044 23118 64926 21665 45668 15081 11430 1453 26122 3651 19258 25401 6584 5684
internal_count=88044 23118 64926 21665 45668 15081 11430 1453 26122 3651 19258 25401 6584 5684
is_linear=0
shrinkage=0.05


Tree=2
num_leaves=15
num_cat=0
split_feature=105 110 166 105 80 163 158 91 107 93 113 167 110 45
split_gain=1273.42 365.98 355.817 299.38 190.436 144.385 121.859 121.497 109.077 163.29 128.051 95.8646 92.0055 107.992
threshold=44.571666717529304 0.27983322739601141 6.5000000000000009 3.0011111497879033 17.82499980926514 1262.0000000000002 1.0000000180025095e-35 130.06500244140628 0.58728396892547619 198.57888793945315 109.74401473999025 1.5000000000000002 0.041461531072855003 27.500000000000004
decision_type=2 2 2 2 2 2 2 2 2 2 2 2 2 2
left_child=2 6 11 -4 5 -3 -2 -7 10 -10 -6 -1 -5 -14
right_child=1 4 3 12 8 7 -8 -9 9 -11 -12 -13 13 -15
leaf_value=0 0.0067054165005683902 -0.35593333995342258 0 0 -0.12732781128585341 0.01423333337157965 -0.017458437934517856 -0.99697418227791779 -0.33111166402697567 -1.0496949736773968 0.031239166319370279 0 0 0.062133333683013915
leaf_weight=5815 822 4196 19546 5796 4488 2502 1102 844 6000 2860 304 13443 18943 1383
leaf_count=5815 822 4196 19546 5796 4488 2502 1102 844 6000 2860 304 13443 18943 1383
internal_value=-0.00171325 -0.0117891 0.00187507 -0.000528759 -0.0136846 -0.00730091 0.00907206 0.000447628 -0.0172073 -0.0204963 -0.0111111 0.00757411 -0.00403031 -0.00561458
internal_weight=88044 23118 64926 45668 21194 7542 1924 3346 13652 8860 4792 19258 26122 20326
internal_count=88044 23118 64926 45668 21194 7542 1924 3346 13652 8860 4792 19258 26122 20326
is_linear=0
shrinkage=0.05


Tree=3
num_leaves=15
num_cat=0
split_feature=105 166 110 105 80 163 156 110 96 141 110 33 113 167
split_gain=1128.63 366.18 343.001 314.554 182.07 139.655 121.01 111.625 149.73 111.365 98.9111 104.233 96.0852 95.8646
threshold=44.571666717529304 6.5000000000000009 0.27983322739601141 3.0011111497879033 17.82499980926514 1262.0000000000002 1.0000000180025095e-35 1.9354667663574221 323.70385742187506 1.0000000180025095e-35 0.041461531072855003 10.500000000000002 55.014017105102546 1.5000000000000002
decision_type=2 2 2 2 2 2 2 2 2 2 2 2 2 2
left_child=1 13 6 -3 5 -4 -2 12 -9 -7 -5 -12 -6 -1
right_child=2 3 4 10 7 9 -8 8 -10 -11 11 -13 -14 -15
leaf_value=0 0.006370145675539971 0 -0.33813667295575145 0 -0.052111110053211451 0.01901102139670402 -0.014743745135515924 -0.33735984435640276 -1.5906093522086739 -0.7911449999462814 0 0.074876665219664573 0.045930965232476605 0
leaf_weight=5815 731 19546 4196 5796 2139 2888 1193 10316 895 458 19193 1133 302 13443
leaf_count=5815 731 19546 4196 5796 2139 2888 1193 10316 895 458 19193 1133 302 13443
internal_value=-0.00158548 0.00179267 -0.0110712 -0.000645896 -0.0129063 -0.0066649 0.0091239 -0.0163506 -0.0184602 0.000954939 -0.00423508 -0.00587772 -0.0066435 0.00757411
internal_weight=88044 64926 23118 45668 21194 7542 1924 13652 11211 3346 26122 20326 2441 19258
internal_count=88044 64926 23118 45668 21194 7542 1924 13652 11211 3346 26122 20326 2441 19258
is_linear=0
shrinkage=0.05


Tree=4
num_leaves=15
num_cat=0
split_feature=105 110 166 105 44 110 86 112 17 167 89 104 106 15
split_gain=1024.95 400.281 392.589 373.57 119.796 154.912 117.033 104.268 100.728 98.4707 92.0719 87.4117 86.9104 97.146
threshold=64.074443817138686 0.0047048251144588002 6.5000000000000009 3.0011111497879033 32.500000000000007 0.041461531072855003 37.006666183471687 391.71333312988287 79.268333435058608 1.5000000000000002 4.7816667556762704 89.399486541748061 18.994999885559086 11.998333454132082
decision_type=2 2 2 2 2 2 2 2 2 2 2 2 2 2
left_child=2 10 9 -4 5 -5 11 8 -8 -1 -2 -3 -11 -14
right_child=1 6 3 4 -6 -7 7 -9 -10 12 -12 -13 13 -15
leaf_value=0 0.0060516383917629726 -0.45961806963087998 0 0 0.030270167606174948 -0.0043708332628011699 -0.45478475282790143 -1.6034997844662517 -0.080424696574024845 0 0.0079045550496876244 -0.059640617217887194 -0.092500001192092896 0.052166664600372316
leaf_weight=6288 540 7125 19546 6021 2651 22279 3047 773 1888 8803 577 2354 1374 4778
leaf_count=6288 540 7125 19546 6021 2651 22279 3047 773 1888 8803 577 2354 1374 4778
internal_value=-0.00143329 -0.0127476 0.00113876 -0.00126035 -0.00467761 -0.00562975 -0.014873 -0.0205321 -0.0178239 0.00684064 0.0160873 -0.0114561 0.00904746 0.0044827
internal_weight=88044 16304 71740 50497 30951 28300 15187 5708 4935 21243 1117 9479 14955 6152
internal_count=88044 16304 71740 50497 30951 28300 15187 5708 4935 21243 1117 9479 14955 6152
is_linear=0
shrinkage=0.05


Tree=5
num_leaves=15
num_cat=0
split_feature=106 113 106 118 107 166 107 110 105 113 102 79 119 172
split_gain=1238.44 309.294 225.515 175.095 171.356 183.863 155.164 129.783 141.815 121.789 99.9015 82.2623 76.4285 76.1217
threshold=44.758333206176765 1.9906024336814883 140.01166534423831 391.07499694824224 0.22629325836896899 7.5000000000000009 1.1548336744308474 0.019435313530266288 18.856111526489261 62.530185699462898 49.269430160522468 464.50000000000006 113.14390563964845 0.78656607866287243
decision_type=2 2 2 2 2 2 2 2 2 2 2 2 2 2
left_child=4 11 3 -3 7 10 9 -1 13 -4 -6 -2 -5 -9
right_child=1 2 6 12 5 -7 -8 8 -10 -11 -12 -13 -14 -15
leaf_value=0 0.0057490564721748242 -0.14923288291769102 -0.16525930471773215 -0.0014262006058888511 0 -0.010697341705963016 -1.2733247952429392 0 0.00021854166314005851 0.031481410448543731 0.06200000047683716 0.0057490564721748242 -0.23095295781061054 0.00021854166314005851
leaf_weight=25784 404 8051 2022 7200 3874 10137 4493 10342 5506 1093 4480 490 1051 3117
leaf_count=25784 404 8051 2022 7200 3874 10137 4493 10342 5506 1093 4480 490 1051 3117
internal_value=0.000132313 -0.00933532 -0.0104161 -0.00709511 0.00384615 -0.000202747 -0.0175227 0.00551906 0.00865841 -0.00892628 0.00528771 0.0194661 -0.00197432 0.0114231
internal_weight=88044 24804 23910 16302 63240 18491 7608 44749 18965 3115 8354 894 8251 13459
internal_count=88044 24804 23910 16302 63240 18491 7608 44749 18965 3115 8354 894 8251 13459
is_linear=0
shrinkage=0.05


Tree=6
num_leaves=15
num_cat=0
split_feature=105 110 106 117 10 113 87 118 131 85 78 162 95 97
split_gain=981.792 335.409 178.54 176.344 149.995 121.235 120.995 111.988 95.8812 87.8949 168.325 75.756 74.6145 74.2237
threshold=46.151666641235359 0.72249224781990062 13.494999885559084 16.690891265869144 130.66999816894534 1.4868127107620241 115.98500061035158 392.21665954589849 32.055261611938484 17.82499980926514 71.500000000000014 550.54736328125011 0.081810850650072112 78.569999694824233
decision_type=2 2 2 2 2 2 2 2 2 2 2 2 2 2
left_child=2 5 12 -4 7 -2 11 -3 -8 -5 -11 -6 -1 -7
right_child=1 4 3 9 6 13 8 -9 -10 10 -12 -13 -14 -15
leaf_value=0 0.0054616036485660826 -0.17197085963698897 -0.053097360670675713 0.00021854166314005851 -0.83367969927755725 -0.18266758613904846 0.061711254422709083 -0.095278862782355075 -0.17380811828345896 -0.027996552011184395 0.001629166603088379 0.017728212005794042 0 0.0058203665024692671
leaf_weight=22159 519 6172 4382 10969 5372 254 426 6744 562 5046 3699 390 19318 2032
leaf_count=22159 519 6172 4382 10969 5372 254 426 6744 562 5046 3699 390 19318 2032
internal_value=-0.000118116 -0.00913641 0.0029728 -0.000450189 -0.0114432 0.00702847 -0.0174833 -0.00828109 -0.00130916 0.00156702 -0.00217143 -0.0202532 0.00496119 0.00205151
internal_weight=88044 22471 65573 24096 19666 2805 6750 12916 988 19714 8745 5762 41477 2286
internal_count=88044 22471 65573 24096 19666 2805 6750 12916 988 19714 8745 5762 41477 2286
is_linear=0
shrinkage=0.05


Tree=7
num_leaves=15
num_cat=0
split_feature=106 110 105 75 16 103 89 110 161 67 161 101 116 96
split_gain=862.403 351.048 229.879 217.643 126.107 153.01 106.745 106.077 84.5653 90.5889 80.8781 79.9592 73.2636 69.002
threshold=61.841667175292976 0.0047048251144588002 13.001111030578615 3.5000000000000004 416.06666564941412 440.96333312988287 3.9916666746139531 2.1114969253540044 20.608999252319339 5.5000000000000009 0.70621952414512645 108.13097000122072 95.716491699218764 1.1943055391311648
decision_type=2 2 2 2 2 2 2 2 2 2 2 2 2 2
left_child=2 6 13 10 5 12 -2 -7 -5 -10 -4 -12 -3 -1
right_child=1 4 3 8 -6 7 -8 -9 9 -11 11 -13 -14 -15
leaf_value=0 0.0051885234661377781 -0.33815200934844519 -0.10075838591105168 0.05237164826836959 -1.9802203805488052 0.027189282140360538 0.007289619002374223 -0.2197019669531878 -0.012849623500252283 0.0013998276005592197 -0.0059845822634335619 -1.0927083157002926e-05 -0.59683288176404836 0
leaf_weight=15934 584 7675 1211 2888 439 1410 587 7699 5041 9497 7072 855 551 26601
leaf_count=15934 584 7675 1211 2888 439 1410 587 7699 5041 9497 7072 855 551 26601
internal_value=3.23683e-05 -0.00941689 0.00262358 -0.00102563 -0.0111649 -0.0104873 0.0170493 -0.00601821 0.00225174 0.00069793 -0.00727332 -0.00542738 -0.0154295 0.00490244
internal_weight=88044 18945 69099 26564 17774 17335 1171 9109 17426 14538 9138 7927 8226 42535
internal_count=88044 18945 69099 26564 17774 17335 1171 9109 17426 14538 9138 7927 8226 42535
is_linear=0
shrinkage=0.05


Tree=8
num_leaves=15
num_cat=0
split_feature=105 110 10 106 77 103 97 85 96 87 150 115 66 17
split_gain=838.009 329.018 184.536 184.19 158.821 158.712 106.045 103.752 97.7442 100.114 95.5915 129.042 106.572 95.4503
threshold=46.811109542846687 1.9876023530960085 130.66999816894534 18.003333091735843 5.5000000000000009 475.92999267578131 88.011665344238295 39.014999389648445 323.70385742187506 115.98500061035158 49.166666030883796 63.979999542236335 10.500000000000002 13.001666545867922
decision_type=2 2 2 2 2 2 2 2 2 2 2 2 2 2
left_child=3 5 13 -1 -5 6 -2 -7 9 -4 11 -6 -12 -3
right_child=1 2 8 4 10 7 -8 -9 -10 -11 12 -13 -14 -15
leaf_value=0 -0.1821099839975418 -0.39957185937449274 -0.79678138856776393 -0.040788850085849995 -0.040292450301710254 0.0052699220040389148 0.0069251380522555115 0.0055725039236270632 -1.920649784007046 0.037580783252726402 -0.045073484188365223 0.019022792677451494 0.0014777168929059989 -0.099453238974015895
leaf_weight=46902 696 2429 4561 8044 1256 810 2242 1048 815 581 1610 4292 3678 9080
leaf_count=46902 696 2429 4561 8044 1256 810 2242 1048 815 581 1610 4292 3678 9080
internal_value=0.000453157 -0.00793102 -0.0111156 0.00329092 -0.000879005 0.0036659 -0.00356779 0.0150832 -0.0182573 -0.015679 0.00307167 0.00765352 -0.00173814 -0.00741271
internal_weight=88044 22262 17466 65782 18880 4796 2938 1858 5957 5142 10836 5548 5288 11509
internal_count=88044 22262 17466 65782 18880 4796 2938 1858 5957 5142 10836 5548 5288 11509
is_linear=0
shrinkage=0.05


Tree=9
num_leaves=15
num_cat=0
split_feature=105 113 107 90 106 117 113 45 169 119 17 165 98 96
split_gain=780.117 283.761 136.507 218.544 120.643 156.82 116.272 100.009 95.9356 109.319 91.1591 81.5446 74.5337 80.9387
threshold=44.571666717529304 1.9906024336814883 0.57202261686325084 86.70444488525392 21.673333168029789 29.307229995727543 60.514133453369148 40.500000000000007 144.50000000000003 20.783606529235843 16.001667022705082 14.500000000000002 4.331554889678956 43.055833816528327
decision_type=2 2 2 2 2 2 2 2 2 2 2 2 2 2
left_child=4 -2 6 7 -1 12 10 -4 -7 -10 -3 -5 13 -6
right_child=1 2 3 11 5 8 -8 -9 9 -11 -12 -13 -14 -15
leaf_value=0 0.0046656011926289433 -0.18226629281517834 -0.16660507994776402 -0.75151082825119053 0.012114805184905458 0.27522719861509481 0.028973215454693016 0.054011699572490524 0.008393890977154506 -0.00044928430145974702 -0.010268984342661019 -0.39265190424165819 -0.050333113263660405 -0.12659141825099748
leaf_weight=49727 886 1589 3403 4365 1047 1340 1283 2979 893 6814 4776 3837 4821 284
leaf_count=49727 886 1589 3403 4365 1047 1340 1283 2979 893 6814 4776 3837 4821 284
internal_value=0.000863156 -0.00702331 -0.00813059 -0.0109672 0.00367159 -0.000226914 -0.00271789 -0.0040238 0.00396045 0.00180887 -0.00548666 -0.0163641 -0.00638298 0.00407934
internal_weight=88044 23118 22232 14584 64926 15199 7648 6382 9047 7707 6365 8202 6152 1331
internal_count=88044 23118 22232 14584 64926 15199 7648 6382 9047 7707 6365 8202 6152 1331
is_linear=0
shrinkage=0.05


Tree=10
num_leaves=15
num_cat=0
split_feature=106 113 105 107 42 102 94 79 107 105 103 171 11 163
split_gain=723.236 236.42 140.09 172.08 158.939 131.819 115.398 108.121 101.205 134.835 97.7652 88.148 86.1368 72.7357
threshold=40.649999618530281 2.1470930576324467 64.98944473266603 0.9217662811279298 50.500000000000007 41.949888229370124 236.78166961669925 464.50000000000006 0.54067742824554454 3.0011111497879033 457.15333557128912 0.12940952181816109 1.3700000047683718 40.500000000000007
decision_type=2 2 2 2 2 2 2 2 2 2 2 2 2 2
left_child=8 7 4 10 5 -3 -5 -2 -1 12 -4 -11 -10 -13
right_child=1 2 3 6 -6 -7 -8 -9 9 11 -12 13 -14 -15
leaf_value=0 0.0037929494500449704 -0.194406088113805 -0.10613039869526637 -0.28189127236811645 0.14543825753259076 -0.010298609205857845 -1.4105313995659505 0.0044323211329974962 0 -0.043856461215377035 0.008656684599262077 -0.16466666460037233 0.00053486708529815088 0.0047820730727712313
leaf_weight=49475 588 1602 3512 6311 2445 6087 3136 563 786 4352 2401 393 758 5635
leaf_count=49475 588 1602 3512 6311 2445 6087 3136 563 786 4352 2401 393 758 5635
internal_value=0.000977865 -0.00590056 -0.00690223 -0.00991214 -0.00233751 -0.00586821 -0.0140975 0.0162197 0.0039631 -0.00017185 -0.00321899 -0.00222436 0.0135894 0.0016907
internal_weight=88044 26645 25494 15360 10134 7689 9447 1151 61399 11924 5913 10380 1544 6028
internal_count=88044 26645 25494 15360 10134 7689 9447 1151 61399 11924 5913 10380 1544 6028
is_linear=0
shrinkage=0.05


Tree=11
num_leaves=15
num_cat=0
split_feature=106 113 16 115 17 79 107 105 166 32 154 97 88 67
split_gain=660.038 227.372 131.974 168.873 145.127 108.121 103.869 95.7175 77.5539 64.4474 64.0437 63.7316 54.0899 61.7562
threshold=40.649999618530281 2.1470930576324467 416.06666564941412 484.50000000000006 21.006667137146 464.50000000000006 0.54067742824554454 12.285555362701418 6.5000000000000009 4.5000000000000009 434.50000000000006 1.0066666603088381 113.00333404541017 519.50000000000011
decision_type=2 2 2 2 2 2 2 2 2 2 2 2 2 2
left_child=6 5 3 4 -3 -2 11 -8 -9 -10 -5 -1 -13 -14
right_child=1 2 -4 10 -6 -7 7 8 9 -11 -12 12 13 -15
leaf_value=0 0.0036033019775427223 -0.23335044304450211 -1.5834901181616845 0.057826790840227904 -0.050193556948430466 0.0042107050763476213 0.00051430509479964779 0.010247010804765876 -0.082098801560405957 0.070094736120339743 -0.022143300535370548 0 0 0.0015483778836713172
leaf_weight=13276 588 7919 456 347 16573 563 5351 2627 3395 551 199 33199 2715 285
leaf_count=13276 588 7919 456 347 16573 563 5351 2627 3395 551 199 33199 2715 285
internal_value=0.00109825 -0.0054728 -0.00645516 -0.00596574 -0.0065804 0.0162197 0.00395007 -0.000238914 -0.00427942 -0.00870666 0.0214156 0.00495958 0.00604629 -0.000382696
internal_weight=88044 26645 25494 25038 24492 1151 61399 11924 6573 3946 546 49475 36199 3000
internal_count=88044 26645 25494 25038 24492 1151 61399 11924 6573 3946 546 49475 36199 3000
is_linear=0
shrinkage=0.05


Tree=12
num_leaves=15
num_cat=0
split_feature=107 105 47 105 166 162 169 165 111 159 105 103 97 15
split_gain=650.156 383.741 104.724 126.869 96.1404 80.6445 63.9382 61.0919 57.6475 74.2597 55.9709 167.54 95.9323 92.8635
threshold=0.55554220080375682 75.240001678466811 20.500000000000004 15.365555763244631 9.5000000000000018 73.941219329833999 172.50000000000003 11.500000000000002 159.98406219482425 97.446178436279311 40.452222824096687 475.92999267578131 88.011665344238295 137.00666809082034
decision_type=2 2 2 2 2 2 2 2 2 2 2 2 2 2
left_child=10 2 3 -2 -5 -3 -4 -8 -7 -10 -1 12 -12 -13
right_child=1 5 6 4 -6 8 7 -9 9 -11 11 13 -14 -15
leaf_value=0 0.00048240847629326089 -0.87443836512264994 0.18253402987919198 -0.015679692715165235 -0.094629199533589656 -0.19722613262380173 -0.45812313241348535 0.022731894967373753 -1.0768905480085793 -0.19723330794367719 -0.13064115525464964 0.0075967187384284388 -0.00097782364436977743 0.0075815896424490312
leaf_weight=49613 5905 3294 3478 5887 4841 3381 164 240 886 1072 1780 1626 4392 1485
leaf_count=49613 5905 3294 3478 5887 4841 3381 164 240 886 1072 1780 1626 4392 1485
internal_value=0.00124647 -0.00486056 -0.00113791 -0.00286393 -0.00610267 -0.0137011 0.00625161 -0.0124694 -0.0098896 -0.0167091 0.00426903 0.000705211 -0.00406346 0.0101573
internal_weight=88044 29148 20515 16633 10728 8633 3882 404 5339 1958 58896 9283 6172 3111
internal_count=88044 29148 20515 16633 10728 8633 3882 404 5339 1958 58896 9283 6172 3111
is_linear=0
shrinkage=0.05


Tree=13
num_leaves=15
num_cat=0
split_feature=107 105 31 105 166 110 4 119 159 102 105 162 163 115
split_gain=615.618 326.52 89.5639 115.13 117.289 88.9502 86.4978 70.9936 62.376 56.3873 53.4042 53.1501 51.8359 66.597
threshold=0.55554220080375682 83.113334655761733 1.0000000180025095e-35 15.706111431121828 11.500000000000002 5.3309192657470712 236.52333831787112 72.445896148681655 97.446178436279311 49.052616119384773 12.002222061157228 550.54736328125011 1567.5000000000002 304.48167419433599
decision_type=2 2 2 2 2 2 2 2 2 2 2 2 2 2
left_child=12 2 3 -2 -5 7 11 -3 -8 10 -4 -7 13 -1
right_child=1 5 9 4 -6 6 8 -9 -10 -11 -12 -13 -14 -15
leaf_value=0 0.00045828805247859791 -0.54620541425911573 0.0028963961306524158 -0.030419883708797738 -0.17321700361000075 -0.65202375115537459 -2.2236936246926136 0.059644931031924697 -0.66053117140447437 0.045229569068569078 -0.084306967732459631 0.39566608462107866 0 0.00021854166314005851
leaf_weight=38084 4502 388 1119 4186 2856 4453 913 974 693 6518 2385 161 15822 4990
leaf_count=38084 4502 388 1119 4186 2856 4453 913 974 693 6518 2385 161 15822 4990
internal_value=0.00138048 -0.00456214 -0.00142321 -0.00442463 -0.00841493 -0.0134836 -0.0160161 -0.00190198 -0.0260087 0.00203451 -0.0030778 -0.0125135 0.00432166 0.00522064
internal_weight=88044 29148 21566 11544 7042 7582 6220 1362 1606 10022 3504 4614 58896 43074
internal_count=88044 29148 21566 11544 7042 7582 6220 1362 1606 10022 3504 4614 58896 43074
is_linear=0
shrinkage=0.05


Tree=14
num_leaves=15
num_cat=0
split_feature=107 105 42 105 77 115 116 104 97 159 119 166 107 11
split_gain=479.147 284.794 99.5055 93.0534 101.902 79.5768 99.5494 117.976 73.1181 103.495 78.4302 68.25 108.312 97.6979
threshold=0.79547640681266796 75.240001678466811 50.500000000000007 12.67277765274048 5.5000000000000009 420.40666198730474 104.774715423584 90.608562469482436 376.99833679199224 121.83854293823244 79.324413299560561 5.5000000000000009 0.0036500468850135808 6.5616667270660409
decision_type=2 2 2 2 2 2 2 2 2 2 2 2 2 2
left_child=5 2 3 -2 -5 11 7 -7 10 -10 -3 -1 -13 -14
right_child=1 8 -4 4 -6 6 -8 -9 9 -11 -12 12 13 -15
leaf_value=0 0.00043537364985466804 -0.51130347638417517 0.088501037043654668 -0.13916760887055032 -0.0075175468874772999 0 0 -1.0927083157002926e-05 -1.9816533607366396 -0.38670885348752848 -0.041929584872361939 0 0.00053486708529815088 -0.011629030984447737
leaf_weight=13199 4516 4455 3716 4477 5740 782 2726 725 1076 680 2008 33695 1925 8324
leaf_count=13199 4516 4455 3716 4477 5740 782 2726 725 1076 680 2008 33695 1925 8324
internal_value=0.00091256 -0.00468264 -0.0012328 -0.00307708 -0.00571806 0.00334387 -0.00326805 -0.0135582 -0.012421 -0.0214651 -0.00994898 0.0038339 0.0028863 -0.001614
internal_weight=88044 26668 18449 14733 10217 61376 4233 1507 8219 1756 6463 57143 43944 10249
internal_count=88044 26668 18449 14733 10217 61376 4233 1507 8219 1756 6463 57143 43944 10249
is_linear=0
shrinkage=0.05


Tree=15
num_leaves=15
num_cat=0
split_feature=107 106 115 116 159 104 118 105 110 0 77 115 117 166
split_gain=443.544 262.747 82.7572 96.4732 118.392 109.637 80.9312 92.1159 77.2635 87.9503 74.5505 67.5332 91.4111 65.6393
threshold=0.55554220080375682 89.35666656494142 420.40666198730474 104.774715423584 60.269096374511726 84.642147064208999 391.07499694824224 22.006667137146 5.3309192657470712 257.00833129882818 5.5000000000000009 407.06666564941412 68.46060943603517 5.5000000000000009
decision_type=2 2 2 2 2 2 2 2 2 2 2 2 2 2
left_child=2 6 11 4 -4 -6 7 -2 -3 -10 -9 13 -13 -1
right_child=1 8 3 -5 5 -7 -8 10 9 -11 -12 12 -14 -15
leaf_value=0 0.00031844291771815131 -0.011827753661345876 5.4635415785014633e-07 0 0 -1.038072899915278e-05 0.018287911786709032 -0.15709918746645418 -0.49229138006233414 -1.8779498261354026 -0.02728861619773747 0.0020181346921363439 -1.0927083157002926e-05 0
leaf_weight=12340 6368 1320 232 2637 504 718 8165 2691 5209 1689 3706 253 204 42008
leaf_count=12340 6368 1320 232 2637 504 718 8165 2691 5209 1689 3706 253 204 42008
internal_value=0.00100342 -0.00404075 0.00349994 -0.00335693 -0.0136737 -0.0198859 -0.0010652 -0.00355129 -0.0116138 -0.0137332 -0.00778663 0.00401204 0.0230519 0.00384983
internal_weight=88044 29148 58896 4091 1454 1222 20930 12765 8218 6898 6397 54805 457 54348
internal_count=88044 29148 58896 4091 1454 1222 20930 12765 8218 6898 6397 54805 457 54348
is_linear=0
shrinkage=0.05


Tree=16
num_leaves=15
num_cat=0
split_feature=107 105 115 116 104 107 45 105 166 94 115 117 166 107
split_gain=421.61 221.536 106.464 132.795 103.444 85.0157 80.2919 80.1644 104.806 69.0993 67.5332 91.4111 65.6393 84.6655
threshold=0.55554220080375682 83.113334655761733 420.40666198730474 104.774715423584 84.642147064208999 2.5729061365127568 39.500000000000007 15.706111431121828 9.5000000000000018 240.23333740234378 407.06666564941412 68.46060943603517 5.5000000000000009 0.0036500468850135808
decision_type=2 2 2 2 2 2 2 2 2 2 2 2 2 2
left_child=2 6 10 4 -4 -3 7 -2 -9 -7 12 -12 -1 -14
right_child=1 5 3 -5 -6 9 -8 8 -10 -11 11 -13 13 -15
leaf_value=0 0.00039768282147602707 -0.085850692991653696 0 0 -9.8616925491951419e-06 -0.40413530166888684 0.090089109452263449 -0.011266686022368581 -0.111590998982932 -1.684521372331641 0.0019172279575295267 -1.038072899915278e-05 0 -0.00053319536202174362
leaf_weight=12340 6181 2387 592 2637 862 2908 4295 6316 4774 2287 253 204 33372 8636
leaf_count=12340 6181 2387 592 2637 862 2908 4295 6316 4774 2287 253 204 33372 8636
internal_value=0.000997172 -0.00392069 0.00343118 -0.0043457 -0.0164496 -0.0112693 -0.00133513 -0.00285656 -0.00539883 -0.0148558 0.00401204 0.0230519 0.00384983 0.00290743
internal_weight=88044 29148 58896 4091 1454 7582 21566 17271 11090 5195 54805 457 54348 42008
internal_count=88044 29148 58896 4091 1454 7582 21566 17271 11090 5195 54805 457 54348 42008
is_linear=0
shrinkage=0.05


Tree=17
num_leaves=15
num_cat=0
split_feature=107 105 169 17 31 166 105 115 159 116 104 95 115 117
split_gain=409.956 195.441 76.8007 109.759 75.2423 87.2143 85.9025 69.8632 124.285 113.01 101.805 69.3122 67.5332 91.4111
threshold=0.55554220080375682 83.113334655761733 207.50000000000003 92.123332977294936 2.5000000000000004 11.500000000000002 16.383334159851078 420.40666198730474 55.112846374511726 104.774715423584 84.642147064208999 0.023281512781977657 407.06666564941412 68.46060943603517
decision_type=2 2 2 2 2 2 2 2 2 2 2 2 2 2
left_child=7 4 -3 -4 5 -2 -7 12 -9 10 -10 -11 -1 -14
right_child=1 2 3 -5 -6 6 -8 8 9 11 -12 -13 13 -15
leaf_value=0 -0.00015088704112952074 -0.7831432429244034 -0.31717208426611698 0.13655278031094112 0.029446015681538231 -0.00052067476304731841 -0.13978979926611906 0.00032568819849034599 0 -1.038072899915278e-05 -9.3686079217353845e-06 0.00020761457998305557 0.0018213665596530503 -9.8616925491951419e-06
leaf_weight=54348 9761 4934 1913 735 6206 2238 3361 966 509 625 734 1257 253 204
leaf_count=54348 9761 4934 1913 735 6206 2238 3361 966 509 625 734 1257 253 204
internal_value=0.00114141 -0.00370802 -0.0106103 -0.00373162 -0.0012795 -0.00315652 -0.00812812 0.00354154 -0.00275879 -0.00760383 -0.0192708 0.000132485 0.00401204 0.0230519
internal_weight=88044 29148 7582 2648 21566 15360 5599 58896 4091 3125 1243 1882 54805 457
internal_count=88044 29148 7582 2648 21566 15360 5599 58896 4091 3125 1243 1882 54805 457
is_linear=0
shrinkage=0.05


Tree=18
num_leaves=15
num_cat=0
split_feature=107 90 115 116 104 166 107 109 7 16 112 90 117 105
split_gain=375.772 202.224 122.541 108.556 127.114 73.936 130.803 75.4944 70.22 67.2718 79.402 67.2302 63.4961 61.9498
threshold=1.3435336351394656 88.010555267333999 420.40666198730474 104.774715423584 84.642147064208999 5.5000000000000009 0.0036500468850135808 6.0066666603088388 11.001666545867922 387.06832885742193 179.06166839599612 148.00333404541018 26.793779373168949 0.97944444417953502
decision_type=2 2 2 2 2 2 2 2 2 2 2 2 2 2
left_child=2 12 5 4 -4 8 7 -7 -1 10 -5 -10 -2 -8
right_child=1 -3 3 9 -6 6 13 -9 11 -11 -12 -13 -14 -15
leaf_value=0 -0.034275141992286554 -0.34790618386430983 0 -9.8616925491951419e-06 -8.9001775256486151e-06 0 0.00053478349913433059 0.00020761457998305557 0.0060111624565849344 -0.033832867170901261 0.0238050170179369 -1.0927083157002926e-05 0.0071325733313744814 -0.0047536381940618821
leaf_weight=6364 5363 7809 665 1555 928 17862 684 15833 7175 330 1031 878 9383 12184
leaf_count=6364 5363 7809 665 1555 928 17862 684 15833 7175 330 1031 878 9383 12184
internal_value=0.00108178 -0.0044836 0.00299875 -0.00495126 -0.0154255 0.00358695 0.00261768 0.00425519 0.00671543 0.000787402 0.00351216 0.00981633 -0.00103722 -0.00167016
internal_weight=88044 22555 65489 4509 1593 60980 46563 33695 14417 2916 2586 8053 14746 12868
internal_count=88044 22555 65489 4509 1593 60980 46563 33695 14417 2916 2586 8053 14746 12868
is_linear=0
shrinkage=0.05


Tree=19
num_leaves=15
num_cat=0
split_feature=110 105 11 109 110 115 101 105 147 117 10 110 69 166
split_gain=220.053 180.173 168.5 133.847 165.743 155.858 138.047 131.852 126.732 125.452 113.165 408.691 94.1287 80.1722
threshold=2.764220237731934 64.074443817138686 1.0000000180025095e-35 14.994999885559084 0.0047048251144588002 331.07333374023443 179.80749511718753 8.6172223091125506 0.22768601030111316 26.084872245788578 7.9049999713897714 0.041461531072855003 6.5000000000000009 7.5000000000000009
decision_type=2 2 2 2 2 2 2 2 2 2 2 2 2 2
left_child=3 2 13 5 8 10 12 -4 -5 -9 -1 -12 -7 -2
right_child=1 -3 7 4 -6 6 -8 9 -10 -11 11 -13 -14 -15
leaf_value=0 0 -0.27340327651873436 0.0015868383867101413 0.0035990260734526632 0.00096692938497269657 -9.3686079217353845e-06 0.00019772693561136254 -0.072606902486369709 0.0012654148020049922 0.0015868383867101413 -1.0380728999152779e-05 0.00020816093414090573 0 -1.0380728999152779e-05
leaf_weight=27527 771 12387 3070 1133 14401 1966 698 5089 2637 11212 1882 3100 998 1173
leaf_count=27527 771 12387 3070 1133 14401 1966 698 5089 2637 11212 1882 3100 998 1173
internal_value=-0.000145941 -0.00331979 -0.000532364 0.00182255 0.00532295 6.35781e-05 -0.00970821 0.000877374 0.014649 -0.000913774 0.00116565 -0.00576499 -0.0144156 -0.0145459
internal_weight=88044 33702 21315 54342 18171 36171 3662 19371 3770 16301 32509 4982 2964 1944
internal_count=88044 33702 21315 54342 18171 36171 3662 19371 3770 16301 32509 4982 2964 1944
is_linear=0
shrinkage=0.05


Tree=20
num_leaves=15
num_cat=0
split_feature=110 10 109 104 98 169 11 105 87 117 131 17 110 104
split_gain=190.134 174.7 150.098 205.671 161.517 157.828 145.41 154.048 99.1654 96.5234 92.9031 83.7382 83.2309 95.6657
threshold=2.3990842103958134 130.66999816894534 14.994999885559084 88.628990173339858 0.046022923663258559 154.50000000000003 1.0000000180025095e-35 8.0005555152893084 115.98500061035158 26.084872245788578 34.352426528930671 114.20000076293947 0.041461531072855003 165.73268890380862
decision_type=2 2 2 2 2 2 2 2 2 2 2 2 2 2
left_child=2 6 3 11 -4 -5 -2 -8 -3 -9 -10 -1 13 -6
right_child=1 8 4 5 12 -7 7 9 10 -11 -12 -13 -14 -15
leaf_value=0 -9.8616925491951402e-06 -0.68447450441026148 0.003128897375949936 -9.4465316834987609e-06 0.0019686573064724316 0 0.00098499297083111978 -0.078687898323200112 0.18307840809832801 0.00011789193164839572 -0.32005025567725753 0 0.0011544207574625779 -0.19507756191532127
leaf_weight=27491 2071 5096 449 1189 3413 6012 3158 6477 373 17880 334 1043 12940 118
leaf_count=27491 2071 5096 449 1189 3413 6012 3158 6477 373 17880 334 1043 12940 118
internal_value=-7.6094e-05 -0.0029101 0.00182871 -8.39396e-06 0.00570753 -0.0075562 -0.00135345 -0.000390625 -0.0108385 -0.00173836 0.00667135 0.0018974 0.004895 0.011694
internal_weight=88044 35389 52655 35735 16920 7201 29586 27515 5803 24357 707 28534 16471 3531
internal_count=88044 35389 52655 35735 16920 7201 29586 27515 5803 24357 707 28534 16471 3531
is_linear=0
shrinkage=0.05


Tree=21
num_leaves=15
num_cat=0
split_feature=110 105 11 119 108 166 105 115 16 103 1 119 147 119
split_gain=166.964 157.188 136.879 127.085 137.546 119.987 116.781 114.799 107.874 101.386 97.1346 80.1727 105.059 124.803
threshold=2.3990842103958134 64.074443817138686 1.0000000180025095e-35 71.02985000610353 89.818195343017592 7.5000000000000009 8.0005555152893084 389.25332641601568 416.06666564941412 475.92999267578131 137.46500396728518 38.95155334472657 0.37272521853446966 46.387237548828132
decision_type=2 2 2 2 2 2 2 2 2 2 2 2 2 2
left_child=3 2 5 11 7 -2 -4 -5 -9 -8 -6 -1 13 -13
right_child=1 -3 6 4 10 -7 9 8 -10 -11 -12 12 -14 -15
leaf_value=0 4.9308462745975701e-07 -0.23882492702394775 0.00093574332228956369 0 0.019962597565806563 -9.3686079217353828e-06 -0.014635581597664217 -8.8742257031507306e-06 0.0016758273790166327 0.047861593997214631 0.0091077999079205857 0.0032626299009825333 0 0.0001162176955916512
leaf_weight=30786 810 12636 3158 11293 291 1228 14255 2622 102 3302 1784 477 3920 1380
leaf_count=30786 810 12636 3158 11293 291 1228 14255 2622 102 3302 1784 477 3920 1380
internal_value=3.8047e-05 -0.00261768 -0.000134019 0.00182302 -0.00187923 -0.0124816 0.00108349 -0.00365854 -0.0128619 -0.000509623 0.0101202 0.00345247 0.00885507 0.0186359
internal_weight=88044 35389 22753 52655 16092 2038 20715 14017 2724 17557 2075 36563 5777 1857
internal_count=88044 35389 22753 52655 16092 2038 20715 14017 2724 17557 2075 36563 5777 1857
is_linear=0
shrinkage=0.05


Tree=22
num_leaves=15
num_cat=0
split_feature=107 105 115 113 104 134 164 166 94 7 112 110 105 162
split_gain=154.733 135.498 109.495 107.785 106.384 112.878 102.707 88.9206 129.086 122.085 104.073 99.9537 152.236 69.9458
threshold=5.7925848960876474 95.066112518310561 420.40666198730474 79.43426895141603 80.968803405761733 127.44509887695314 244.25109863281253 4.5000000000000009 9.7633333206176776 9.7283334732055682 160.01333618164065 1.95857310295105 1.0000000180025095e-35 355.87475585937506
decision_type=2 2 2 2 2 2 2 2 2 2 2 2 2 2
left_child=2 -2 7 4 -4 -6 -5 8 9 -1 -10 -9 -13 -8
right_child=1 -3 3 6 5 -7 13 11 10 -11 -12 12 -14 -15
leaf_value=0 -0.031901214995876392 -1.1523391956752271 0 0.042264086933448186 -8.9755026904487166e-06 0.1904633694481872 -0.0011991744499422979 0 0.034460055654037834 -0.00030055812282924675 -0.01247377294554205 -8.9001775256486134e-06 -0.0016802807515062122 0.0022403935482958872
leaf_weight=3787 6642 2958 792 763 3248 157 532 37894 8490 1433 1227 1089 18768 264
leaf_count=3787 6642 2958 792 763 3248 157 532 37894 8490 1433 1227 1089 18768 264
internal_value=-6.92796e-05 -0.00605934 0.000664126 -0.00597119 -0.010138 -0.0139736 0.00524297 0.00118994 0.00462789 -0.00171292 0.00803333 0.000300402 -0.00257275 -0.00730337
internal_weight=88044 9600 78444 5756 4197 3405 1559 72688 14937 5220 9717 57751 19857 796
internal_count=88044 9600 78444 5756 4197 3405 1559 72688 14937 5220 9717 57751 19857 796
is_linear=0
shrinkage=0.05


Tree=23
num_leaves=15
num_cat=0
split_feature=110 105 115 113 104 101 117 104 117 115 87 161 79 113
split_gain=129.539 147.12 86.2667 120.644 100.505 97.4751 76.1962 70.1236 69.7564 68.0732 74.9543 65.3315 82.3782 64.8284
threshold=15.137499809265138 129.81999969482425 420.40666198730474 64.51263809204103 80.968803405761733 163.37613677978518 27.29544830322266 164.30657958984378 150.8842468261719 407.06666564941412 35.924999237060554 253.57086181640628 595.50000000000011 23.943744659423832
decision_type=2 2 2 2 2 2 2 2 2 2 2 2 2 2
left_child=2 8 9 4 -4 -6 -5 -8 13 11 -11 12 -1 -2
right_child=1 -3 3 6 5 -7 7 -9 -10 10 -12 -13 -14 -15
leaf_value=0 -0.0017334614354628079 -1.247077866954502 0 -0.00011201967741479437 -8.4761215020554124e-06 -7.9817392834707602e-06 0.019884468219547743 -0.16805888166263816 -0.40962747038082248 0.0012784018386258634 -8.8828575267604844e-05 5.0739227696845781e-07 0 0.0064671757675023953
leaf_weight=59487 3416 3188 797 101 1700 1328 965 189 210 433 107 5876 5783 4464
leaf_count=59487 3416 3188 797 101 1700 1328 965 189 210 433 107 5876 5783 4464
internal_value=-0.000253268 -0.00525569 0.000481953 -0.00581121 -0.0102219 -0.0143752 0.00761905 0.0113028 -0.0016677 0.000928289 0.0185321 0.000793383 0.000338568 -0.000900444
internal_weight=88044 11278 76766 5080 3825 3028 1255 1154 8090 71686 540 71146 65270 7880
internal_count=88044 11278 76766 5080 3825 3028 1255 1154 8090 71686 540 71146 65270 7880
is_linear=0
shrinkage=0.05


Tree=24
num_leaves=15
num_cat=0
split_feature=115 47 107 3 27 90 86 94 29 172 171 116 79 79
split_gain=123.2 115.171 114.328 100.741 91.3203 80.1423 78.8682 118.073 96.4171 82.2001 77.4907 63.6332 56.0816 114.804
threshold=420.40666198730474 510.00000000000006 6.6785364151000985 4.0016667842864999 76.008335113525405 210.01110839843753 87.976665496826186 6.0066666603088388 7.9749999046325692 -0.6035533845424651 -0.7865660786628722 164.42434692382815 712.50000000000011 464.50000000000006
decision_type=2 2 2 2 2 2 2 2 2 2 2 2 2 2
left_child=1 2 12 -3 6 -4 7 10 9 -8 -2 -9 13 -1
right_child=4 3 5 -5 -6 -7 8 11 -10 -11 -12 -13 -14 -15
leaf_value=0 -7.2167999163468178e-06 -2.5369613848422893e-08 -0.092163454243819734 0.033461729080364058 -0.0010007972946227692 -1.2551292979630906 0.0052349265094837364 -8.0523154269526408e-06 0.0016995922583775379 -0.47803512355287298 -6.1981191743217339e-06 0.0046471682515009686 0 0.0015887939287577324
leaf_weight=64846 319 274 6278 120 362 825 209 3584 231 743 1051 589 5403 3210
leaf_count=64846 319 274 6278 120 362 825 209 3584 231 743 1051 589 5403 3210
internal_value=-0.000448614 0.000104989 0.00023769 -0.0266917 -0.00676724 -0.00581739 -0.00543753 -0.00292898 -0.0171296 -0.0241379 -0.0156364 0.00125658 0.000823533 0.00121288
internal_weight=88044 80956 80562 394 7088 7103 6726 5543 1183 952 1370 4173 73459 68056
internal_count=88044 80956 80562 394 7088 7103 6726 5543 1183 952 1370 4173 73459 68056
is_linear=0
shrinkage=0.05


Tree=25
num_leaves=15
num_cat=0
split_feature=27 130 107 90 97 164 17 79 11 159 161 8 114 158
split_gain=129.264 136.704 105.065 100.421 98.5925 88.4481 160.867 85.2244 61.3094 48.5119 18.9974 16.5606 17.251 5.11457
threshold=401.17500305175787 488.77833557128912 6.6785364151000985 210.01110839843753 474.30332946777349 597.65029907226574 67.523330688476577 595.50000000000011 9.4499998092651385 93.001735687255874 327.79545593261724 148.72000122070315 161.19728851318362 4.1235003471374521
decision_type=2 2 2 2 2 2 2 2 2 2 2 2 2 2
left_child=1 2 5 8 10 7 -7 -1 -4 -5 -3 12 -2 -13
right_child=11 4 3 9 -6 6 -8 -9 -10 -11 -12 13 -14 -15
leaf_value=0 0 0.061998498257856666 -0.79221937468298853 -2.7572068955893694 -5.6378828812916181e-05 0 -5.8108847795825601e-06 0 -0.02781484886721039 -0.66325825516023296 3.0990595871608674e-07 -7.9439696437886632e-05 -0.01371208071315041 -7.9439696437886632e-05
leaf_weight=66719 111 118 778 600 154 5725 1045 5279 6187 727 232 165 104 100
leaf_count=66719 111 118 778 600 154 5725 1045 5279 6187 727 232 165 104 100
internal_value=-0.000340719 -0.000198129 -0.000349164 -0.00570086 0.0256385 0.000214541 -0.00524723 0.000728442 -0.00329268 -0.0182808 0.0401408 -0.0260825 -0.0152273 -0.0344444
internal_weight=88044 87564 87060 8292 504 78768 6770 71998 6965 1327 350 480 215 265
internal_count=88044 87564 87060 8292 504 78768 6770 71998 6965 1327 350 480 215 265
is_linear=0
shrinkage=0.05


Tree=26
num_leaves=15
num_cat=0
split_feature=134 107 105 99 79 169 162 113 41 94 159 7 153 105
split_gain=111.732 110.131 162.257 98.3514 86.3416 105.983 76.8945 74.3686 72.0837 62.7145 72.2387 61.6638 49.9259 49.2611
threshold=176.27068328857425 1.9993396401405337 83.113334655761733 280.62017822265631 595.50000000000011 154.50000000000003 1040.5634765625002 55.014017105102546 40.500000000000007 249.02666473388675 97.446178436279311 177.94166564941409 356.16667175292974 10.357777595520021
decision_type=2 2 2 2 2 2 2 2 2 2 2 2 2 2
left_child=1 3 8 4 6 -6 -1 -5 13 11 -11 -4 -9 -3
right_child=-2 2 9 7 5 -7 -8 12 -10 10 -12 -13 -14 -15
leaf_value=0 -7.5467711615992289e-05 0.0023939471337434542 -0.35407338582637177 0.023893653256162828 -9.3893659650202012e-06 0 2.9441066078028237e-07 -0.199850907967939 0.06705934963622262 -1.9831945263658122 -0.37475573647061372 0.27029287780218197 0.050772465408837425 -0.063720092536418194
leaf_weight=62298 402 1564 2975 940 1232 4374 305 107 4239 1334 1000 339 107 6828
leaf_count=62298 402 1564 2975 940 1232 4374 305 107 4239 1334 1000 339 107 6828
internal_value=-3.00969e-05 9.12752e-05 -0.00336086 0.00100118 0.00075571 -0.00518624 0.00128817 0.0154443 -0.000209718 -0.0104016 -0.0166738 -0.00596565 -0.0109589 -0.00289389
internal_weight=88044 87642 18279 69363 68209 5606 62603 1154 12631 5648 2334 3314 214 8392
internal_count=88044 87642 18279 69363 68209 5606 62603 1154 12631 5648 2334 3314 214 8392
is_linear=0
shrinkage=0.05


Tree=27
num_leaves=15
num_cat=0
split_feature=27 130 115 107 171 62 65 69 105 132 97 156 67 10
split_gain=133.533 105.22 104.935 87.7335 87.5698 83.8055 112.425 70.4841 67.3817 62.8391 57.2542 16.9956 8.5995 4.90838
threshold=401.17500305175787 488.77833557128912 420.40666198730474 6.6785364151000985 1.0000000180025095e-35 121.50000000000001 17.500000000000004 29.500000000000004 70.905002593994155 144.46658325195315 462.71000671386724 45.770833969116218 95.500000000000014 41.001667022705085
decision_type=2 2 2 2 2 2 2 2 2 2 2 2 2 2
left_child=1 2 3 9 7 6 -4 -3 -5 -1 -7 12 -2 -6
right_child=11 4 5 8 13 10 -8 -9 -10 -11 -12 -13 -14 -15
leaf_value=0 -7.1694326035192667e-05 -0.00010325363264063051 -7.2727463605811344e-06 -0.0082542116967205519 2.7969012774126825e-07 0.023475222383912839 -0.66909038988707192 2.7969012774126825e-07 -0.5546188496979767 0.041982637822327057 -0.00074749357209124797 -0.0005195619990224663 -7.169432603521488e-05 0.16119420663206499
leaf_weight=72496 176 130 4992 4076 164 546 675 110 3033 866 376 199 105 100
leaf_count=72496 176 130 4992 4076 164 546 675 110 3033 866 376 199 105 100
internal_value=-2.21468e-05 0.00012276 -9.76282e-06 0.000487102 0.0227898 -0.0060737 -0.00834803 0.000816327 -0.00481445 0.00100113 0.00787487 -0.0261856 -0.0340909 0.0423792
internal_weight=88044 87564 87060 80471 504 6589 5667 240 7109 73362 922 480 281 264
internal_count=88044 87564 87060 80471 504 6589 5667 240 7109 73362 922 480 281 264
is_linear=0
shrinkage=0.05


Tree=28
num_leaves=15
num_cat=0
split_feature=134 67 159 112 100 88 27 25 85 117 162 102 112 126
split_gain=123.921 100.969 157.654 125.641 134.188 113.926 100.735 96.7285 84.7287 80.8476 76.779 70.1646 61.2862 43.0449
threshold=176.27068328857425 5.5000000000000009 24.281250000000004 391.71333312988287 489.94334411621099 224.05999755859378 27.020000457763675 76.008335113525405 43.004999160766609 150.8842468261719 352.94221496582037 63.119541168212898 7.0699999332427987 18.804825782775882
decision_type=2 2 2 2 2 2 2 2 2 2 2 2 2 2
left_child=1 2 6 4 5 -3 11 8 -4 -5 -9 -1 -6 -8
right_child=-2 3 7 9 12 -7 13 10 -10 -11 -12 -13 -14 -15
leaf_value=0 -6.8109609733433036e-05 0 -2.5369613848422893e-08 -0.00047138316493766912 7.3413601744097413e-07 -0.0020340195582920547 -0.09667772023340529 0 -0.11689209700598967 -2.2587887334922647 0.041056104729574681 0.0012144817466945704 0.023791882663145737 0
leaf_weight=29257 402 27899 15197 687 312 1466 552 991 2733 250 557 7217 369 155
leaf_count=29257 402 27899 15197 687 312 1466 552 991 2733 250 557 7217 369 155
internal_value=7.38225e-06 0.000135201 -0.00111976 0.00242997 0.00299324 0.00248212 0.000789276 -0.00476313 -0.00579872 -0.015552 0.00721185 0.00115272 0.0248542 -0.0178371
internal_weight=88044 87642 56659 30983 30046 29365 37181 19478 17930 937 1548 36474 681 707
internal_count=88044 87642 56659 30983 30046 29365 37181 19478 17930 937 1548 36474 681 707
is_linear=0
shrinkage=0.05


Tree=29
num_leaves=15
num_cat=0
split_feature=110 7 105 100 94 86 29 105 130 110 171 69 79 169
split_gain=138.093 160.861 130.241 117.9 95.3095 104.384 91.7994 85.1919 84.097 80.5588 78.8323 80.7885 76.6703 108.873
threshold=2.3990842103958134 397.50498962402349 64.074443817138686 489.94334411621099 73.006668090820327 44.004999160766609 282.07000732421881 46.811109542846687 448.31832885742193 0.23458220809698108 1.0000000180025095e-35 41.500000000000007 595.50000000000011 154.50000000000003
decision_type=2 2 2 2 2 2 2 2 2 2 2 2 2 2
left_child=1 8 4 9 5 7 -6 -2 12 -3 11 -10 -1 -14
right_child=2 3 -4 -5 6 -7 -8 -9 10 -11 -12 -13 13 -15
leaf_value=0 7.8217903123774224e-05 -7.9261238700198915e-05 -0.18327238281183122 0.021525172767358148 0.0081603991013754762 -0.13555683056778059 -0.12764590951577023 -0.17689773015714572 -0.0021508961874873332 -0.00031516976317445805 2.6697410204662595e-07 2.2899882048215612e-07 -8.9186291860767711e-06 0
leaf_weight=46214 12305 504 12636 188 7885 725 191 1647 159 498 264 106 1095 3627
leaf_count=46214 12305 504 12636 188 7885 725 191 1647 159 498 264 106 1095 3627
internal_value=0.000780815 0.0024041 -0.00163446 -0.0157322 0.000626153 -0.00177428 0.00498701 -0.00080963 0.00282495 -0.0225422 0.0225655 0.00314815 0.00261773 -0.00344828
internal_weight=88044 52655 35389 1190 22753 14677 8076 13952 51465 1002 529 265 50936 4722
internal_count=88044 52655 35389 1190 22753 14677 8076 13952 51465 1002 529 265 50936 4722
is_linear=0
shrinkage=0.05


Tree=30
num_leaves=15
num_cat=0
split_feature=110 7 14 130 100 134 105 17 11 110 79 169 28 8
split_gain=143.514 161.603 125.055 124.644 117.9 86.0049 82.5329 115.958 101.455 80.5588 76.1284 109.468 73.7896 65.3142
threshold=2.3990842103958134 397.50498962402349 342.11332702636724 455.47000122070318 489.94334411621099 110.3408889770508 22.006667137146 27.698333740234379 1.0000000180025095e-35 0.23458220809698108 595.50000000000011 154.50000000000003 235.47833251953128 44.001667022705085
decision_type=2 2 2 2 2 2 2 2 2 2 2 2 2 2
left_child=1 3 5 10 9 6 8 -8 -2 -3 13 -12 -7 -1
right_child=2 4 -4 -5 -6 12 7 -9 -10 -11 11 -13 -14 -15
leaf_value=0 -1.2366063805554893e-05 -7.5298176765188976e-05 -1.1223464733806787 2.5362539694429462e-07 0.020448914128990241 0.095285273610500015 -0.15140386985322768 -0.0068796178143138986 0.0012536016182738141 -0.00029941127501573514 -8.4726977267729318e-06 0 -0.042558059990207259 1.2684806924211447e-09
leaf_weight=31791 1881 504 829 475 188 1239 9351 13508 8220 498 1095 3648 361 14456
leaf_count=31791 1881 504 829 475 188 1239 9351 13508 8220 498 1095 3648 361 14456
internal_value=0.000791037 0.00244588 -0.00167119 0.00286769 -0.0157322 -0.00120932 -0.00175944 -0.00342241 0.00200376 -0.0225422 0.00262869 -0.00340143 0.0100935 0.00324743
internal_weight=88044 52655 35389 51465 1190 34560 32960 22859 10101 1002 50990 4743 1600 46247
internal_count=88044 52655 35389 51465 1190 34560 32960 22859 10101 1002 50990 4743 1600 46247
is_linear=0
shrinkage=0.05


Tree=31
num_leaves=13
num_cat=0
split_feature=130 27 146 112 120 78 116 6 161 5 156 67
split_gain=130.056 133.331 93.4598 146.556 127.827 114.182 217.335 116.546 55.5723 48.6391 19.8712 6.75465
threshold=500.50000000000006 401.17500305175787 67.381210327148452 6.6916666030883798 152.01110839843753 495.50000000000006 5.1622116565704355 368.52000427246099 469.39035034179693 342.11166381835943 45.770833969116218 95.500000000000014
decision_type=2 2 2 2 2 2 2 2 2 2 2 2
left_child=1 2 5 9 -5 7 -7 -1 -2 -4 11 -3
right_child=8 10 3 4 -6 6 -8 -9 -10 -11 -12 -13
leaf_value=0 2.0296884553261005e-07 -0.00024764990727192335 0.01962614265394122 0.0058347431577502884 -0.00034354843887248512 -6.3424034621057235e-11 -1.3515476381214034e-08 -0.068593553834086482 2.0486760961083356e-07 0.00011877379215578847 -0.00048585592829807354 -5.6976158473490886e-05
leaf_weight=71083 109 165 464 4331 2461 1525 6180 1120 190 112 199 105
leaf_count=71083 109 165 464 4331 2461 1525 6180 1120 190 112 199 105
internal_value=8.29084e-05 -3.01994e-05 0.000113427 0.0054998 0.00343534 -0.000383542 -0.00616732 0.000234046 0.0327303 0.0296041 -0.0264768 -0.0352727
internal_weight=88044 87745 87276 7368 6792 79908 7705 72203 299 576 469 270
internal_count=88044 87745 87276 7368 6792 79908 7705 72203 299 576 469 270
is_linear=0
shrinkage=0.05


Tree=32
num_leaves=15
num_cat=0
split_feature=162 134 27 26 148 95 91 67 88 171 7 108 171 156
split_gain=174.778 163.587 128.325 132.781 114.436 190.284 131.131 91.12 83.9199 56.6907 41.7087 57.2478 40.9212 24.6781
threshold=883.21826171875011 53.885904312133796 401.17500305175787 36.001667022705085 1111.8233032226565 0.023281512781977657 148.52667236328128 336.50000000000006 224.05999755859378 -0.7865660786628722 41.841667175292976 9.3993053436279315 1.0000000180025095e-35 45.770833969116218
decision_type=2 2 2 2 2 2 2 2 2 2 2 2 2 2
left_child=2 10 3 4 6 -6 -1 8 -5 -3 -2 -12 -9 -4
right_child=1 9 13 7 5 -7 -8 12 -10 -11 11 -13 -14 -15
leaf_value=0 -0.0029864606467630635 0 -0.00023526741190832719 0.0014939746868365791 -6.3424034621057235e-11 -1.6449714800068027e-05 -0.3167026392518284 0.0021534216106823705 -0.034194427609600148 3.1712017310528621e-12 0.0027387562347123287 -0.049897905897207044 0.034458476543748763 -0.00046156313188316987
leaf_weight=53828 103 127 269 9934 3840 12915 3755 643 969 459 140 111 752 199
leaf_count=53828 103 127 269 9934 3840 12915 3755 643 969 459 140 111 752 199
internal_value=0.000411703 0.0217989 0.00017966 0.000321441 -0.000474826 -0.00411098 0.000583455 0.00513289 0.00358911 0.0379019 -0.00501393 0.00605469 0.0171429 -0.0257928
internal_weight=88044 940 87104 86636 74338 16755 57583 12298 10903 586 354 251 1395 468
internal_count=88044 940 87104 86636 74338 16755 57583 12298 10903 586 354 251 1395 468
is_linear=0
shrinkage=0.05


Tree=33
num_leaves=13
num_cat=0
split_feature=162 27 83 106 87 147 158 8 69 156 166 67
split_gain=234.076 100.297 111.013 110.246 127.681 113.423 91.1553 53.6061 47.3828 43.7267 30.6152 6.24301
threshold=987.45486450195324 401.17500305175787 375.30000305175787 143.6549987792969 115.98500061035158 13.437592506408693 17.128997802734379 32.004999160766609 1.5000000000000002 45.770833969116218 17.500000000000004 95.500000000000014
decision_type=2 2 2 2 2 2 2 2 2 2 2 2
left_child=1 2 3 5 -5 -1 8 -4 -2 11 -9 -3
right_child=6 9 7 4 -6 -7 -8 10 -10 -11 -12 -13
leaf_value=0 6.9922592234713213e-07 -0.00022350404131291085 -0.0033958738828439848 -0.31630283552751837 0.087079291447863222 -5.7081631158951514e-11 -0.00013693719938583199 0.011125018963106711 1.9272530649198183e-07 -0.00043848497528901139 0.0077381653663321295 -4.2363979954399983e-05
leaf_weight=78179 114 164 119 6322 951 794 132 442 380 199 143 105
leaf_count=78179 114 164 119 6322 951 794 132 442 380 199 143 105
internal_value=0.000559348 0.000340299 0.000465183 0.000303185 -0.00558533 0.000845805 0.0309033 0.0201693 0.0406814 -0.0226216 0.0263559 -0.0355839
internal_weight=88044 87418 86950 86246 7273 78973 626 704 494 468 585 269
internal_count=88044 87418 86950 86246 7273 78973 626 704 494 468 585 269
is_linear=0
shrinkage=0.05


Tree=34
num_leaves=12
num_cat=0
split_feature=162 162 107 90 147 125 48 87 159 103 89
split_gain=161.867 94.1429 89.2946 151.283 109.537 147.499 85.1866 80.679 79.4425 54.9742 43.5501
threshold=1040.5634765625002 987.45486450195324 2.5729061365127568 201.27000427246097 13.423593521118166 0.044682307168841369 488.50000000000006 0.24500000476837161 93.001735687255874 305.44000244140631 23.378333091735843
decision_type=2 2 2 2 2 2 2 2 2 2 2
left_child=1 2 4 9 6 -6 -1 -3 -5 -4 -2
right_child=10 7 3 8 5 -7 -8 -9 -10 -11 -12
leaf_value=0 3.0703587394885603e-06 -9.6332526829545907e-09 -0.07121536728095218 -1.5914458359583896 -5.4227549601003936e-11 0.0019013955830846304 -6.0252832890004378e-11 0.00014442280746598669 -0.21289359143766007 0.016610342226525781 1.8498780524560625e-07
leaf_weight=69421 103 211 4499 1164 665 552 447 102 1264 9406 210
leaf_count=69421 103 211 4499 1164 665 552 447 102 1264 9406 210
internal_value=0.000398074 0.000268989 0.000367752 -0.00296548 0.00113377 -0.013707 0.00139324 -0.0268868 -0.0144677 -0.000952552 0.0360063
internal_weight=88044 87731 87418 16333 71085 1217 69868 313 2428 13905 313
internal_count=88044 87731 87418 16333 71085 1217 69868 313 2428 13905 313
is_linear=0
shrinkage=0.05


Tree=35
num_leaves=11
num_cat=0
split_feature=162 162 27 103 147 87 114 89 156 95
split_gain=161.289 94.5858 86.808 106.468 123.449 80.679 80.0621 43.5501 35.8238 12.5321
threshold=1040.5634765625002 987.45486450195324 401.17500305175787 513.86666870117199 13.423593521118166 0.24500000476837161 42.536626815795906 23.378333091735843 45.770833969116218 1.9073961377143862
decision_type=2 2 2 2 2 2 2 2 2 2
left_child=1 2 3 4 -1 -3 -5 -2 9 -4
right_child=7 5 8 6 -6 -7 -8 -9 -10 -11
leaf_value=0 2.9168408025141322e-06 -9.1515900488068621e-09 -4.0245780956679985e-05 -0.0013912096797389086 -5.1516172120953736e-11 0.00013720166709268734 0.044716728304324035 1.7573841498332595e-07 -0.00041656072652456079 -0.049998654009312596
leaf_weight=84340 103 211 168 322 1062 102 1226 210 199 101
leaf_count=84340 103 211 168 322 1062 102 1226 210 199 101
internal_value=0.000461675 0.000332817 0.000431809 0.000547985 0.000312035 -0.0268868 0.0135222 0.0360063 -0.0209302 -0.0326642
internal_weight=88044 87731 87418 86950 85402 313 1548 313 468 269
internal_count=88044 87731 87418 86950 85402 313 1548 313 468 269
is_linear=0
shrinkage=0.05


Tree=36
num_leaves=12
num_cat=0
split_feature=162 162 107 105 147 125 87 48 41 6 89
split_gain=156.047 94.2772 81.9011 102.14 98.2664 153.109 80.679 77.5521 56.0089 53.7074 48.0015
threshold=1040.5634765625002 987.45486450195324 5.7925848960876474 95.066112518310561 13.423593521118166 0.044682307168841369 0.24500000476837161 488.50000000000006 178.50000000000003 368.52000427246099 23.378333091735843
decision_type=2 2 2 2 2 2 2 2 2 2 2
left_child=1 2 4 8 7 -6 -3 -1 -4 -5 -2
right_child=10 6 3 9 5 -7 -8 -9 -10 -11 -12
leaf_value=0 2.7709987623884258e-06 -8.694010546366519e-09 -0.040492723284048536 -0.7078479685883442 -4.8940363514906048e-11 0.0019239677770031089 0.00013034158373805295 -5.7240191245504163e-11 0.093810030945900444 -2.9340005326682341 1.6695149423415965e-07
leaf_weight=76064 103 211 5840 2706 686 597 102 485 794 246 210
leaf_count=76064 103 211 5840 2706 686 597 102 485 794 246 210
internal_value=0.00041511 0.000288365 0.000387198 -0.00397247 0.000924368 -0.0127717 -0.0268868 0.00115474 -0.000527188 -0.011701 0.0353774
internal_weight=88044 87731 87418 9586 77832 1283 313 76549 6634 2952 313
internal_count=88044 87731 87418 9586 77832 1283 313 76549 6634 2952 313
is_linear=0
shrinkage=0.05


Tree=37
num_leaves=12
num_cat=0
split_feature=162 162 87 147 95 107 105 48 87 89 79
split_gain=155.865 94.4196 80.679 79.2659 132.052 85.4723 91.6063 77.5521 72.5528 48.0015 39.7904
threshold=1040.5634765625002 987.45486450195324 0.24500000476837161 13.423593521118166 0.54492393136024486 5.7925848960876474 95.066112518310561 488.50000000000006 0.99500000476837169 23.378333091735843 30.500000000000004
decision_type=2 2 2 2 2 2 2 2 2 2 2
left_child=1 3 -3 5 10 7 -7 -1 -6 -2 -5
right_child=9 2 -4 4 8 6 -8 -9 -10 -11 -12
leaf_value=0 2.6324488242690046e-06 -8.259310019048192e-09 0.00012382450455115032 -4.6493345339160748e-11 0.27331458467760811 -0.011037002333189105 -0.88056536232065241 -5.4378181683228956e-11 -0.00052041137872914226 1.5860391952245167e-07 -0.00047556644632524311
leaf_weight=76064 103 211 102 400 193 6548 2917 485 700 210 111
leaf_count=76064 103 211 102 400 193 6548 2917 485 700 210 111
internal_value=0.000435553 0.000308881 -0.0268868 0.000407787 -0.0113556 0.000600449 -0.00388068 0.00115474 0.000278396 0.0353774 -0.0314922
internal_weight=88044 87731 313 87418 1404 86014 9465 76549 893 313 511
internal_count=88044 87731 313 87418 1404 86014 9465 76549 893 313 511
is_linear=0
shrinkage=0.05


Tree=38
num_leaves=12
num_cat=0
split_feature=162 162 147 95 87 107 105 48 87 89 79
split_gain=155.632 94.6017 81.5496 130.197 80.679 78.6815 133.463 92.4131 68.3371 48.0015 39.7904
threshold=1040.5634765625002 987.45486450195324 13.423593521118166 0.54492393136024486 0.24500000476837161 1.7124399542808535 83.113334655761733 488.50000000000006 0.99500000476837169 23.378333091735843 30.500000000000004
decision_type=2 2 2 2 2 2 2 2 2 2 2
left_child=1 2 5 10 -3 7 -7 -1 -5 -2 -4
right_child=9 4 3 8 -6 6 -8 -9 -10 -11 -12
leaf_value=0 2.5008263830555543e-06 -7.8463445180957821e-09 -4.4168678072202709e-11 0.25964885544372768 0.0001176332793235928 0.0018464057044176058 -0.42349408413446921 -5.1659272599067508e-11 -0.00049439080979268477 1.506737235463291e-07 -0.00045178812400898099
leaf_weight=65911 103 211 400 193 102 13760 5909 434 700 210 111
leaf_count=65911 103 211 400 193 102 13760 5909 434 700 210 111
internal_value=0.000461675 0.000335096 0.000434096 -0.0114975 -0.0268868 0.000629512 -0.0021475 0.0014529 5.56793e-05 0.0353774 -0.0314922
internal_weight=88044 87731 87418 1404 313 86014 19669 66345 893 313 511
internal_count=88044 87731 87418 1404 313 86014 19669 66345 893 313 511
is_linear=0
shrinkage=0.05


Tree=39
num_leaves=12
num_cat=0
split_feature=162 162 147 95 87 48 99 107 87 89 79
split_gain=155.419 94.7681 85.8128 126.526 80.679 77.7214 143.748 77.1527 60.2837 48.0015 39.7904
threshold=1040.5634765625002 987.45486450195324 13.423593521118166 0.54492393136024486 0.24500000476837161 510.00000000000006 6.3909084796905526 1.7124399542808535 0.99500000476837169 23.378333091735843 30.500000000000004
decision_type=2 2 2 2 2 2 2 2 2 2 2
left_child=1 2 5 10 -3 7 -7 -1 -5 -2 -4
right_child=9 4 3 8 -6 6 -8 -9 -10 -11 -12
leaf_value=0 2.3757850639027769e-06 -7.4540272921909937e-09 -4.1960244168592574e-11 0.24666641267154132 0.00011175161535741316 -4.9076308969114131e-11 2.6639085831242612e-07 -0.025347512208569831 -0.00046967126930304911 1.4314003736901263e-07 -0.0004291987178085319
leaf_weight=65944 103 211 400 193 102 226 297 19547 700 210 111
leaf_count=65944 103 211 400 193 102 226 297 19547 700 210 111
internal_value=0.000485525 0.000359032 0.000458117 -0.0117814 -0.0268868 0.000658575 -0.0184659 0.000776645 -0.000389755 0.0353774 -0.0314922
internal_weight=88044 87731 87418 1404 313 86014 523 85491 893 313 511
internal_count=88044 87731 87418 1404 313 86014 523 85491 893 313 511
is_linear=0
shrinkage=0.05


Tree=40
num_leaves=12
num_cat=0
split_feature=162 162 147 95 48 99 87 105 87 89 79
split_gain=155.086 95.0298 88.3509 124.709 82.749 138.294 80.679 72.2454 51.7152 48.0015 39.7904
threshold=1040.5634765625002 987.45486450195324 13.423593521118166 0.54492393136024486 510.00000000000006 6.3909084796905526 0.24500000476837161 45.001111984252937 0.99500000476837169 23.378333091735843 30.500000000000004
decision_type=2 2 2 2 2 2 2 2 2 2 2
left_child=1 2 4 10 7 -6 -3 -1 -5 -2 -4
right_child=9 6 3 8 5 -7 -8 -9 -10 -11 -12
leaf_value=0 2.2569958107076376e-06 -7.0813259275814429e-09 -3.9862231960162944e-11 0.23433309203796424 -4.6622493520658427e-11 2.5307131539680479e-07 0.0001061640345895425 -0.025444888813688938 -0.00044618770583789574 1.3598303550056198e-07 -0.00040773878191810529
leaf_weight=63046 103 211 400 193 226 297 102 22445 700 210 111
leaf_count=63046 103 211 400 193 226 297 102 22445 700 210 111
internal_value=0.000523004 0.000396644 0.000495865 -0.0119233 0.000699264 -0.0190341 -0.0268868 0.000821091 -0.000612472 0.0353774 -0.0314922
internal_weight=88044 87731 87418 1404 86014 523 313 85491 893 313 511
internal_count=88044 87731 87418 1404 86014 523 313 85491 893 313 511
is_linear=0
shrinkage=0.05


Tree=41
num_leaves=12
num_cat=0
split_feature=162 162 147 95 48 99 87 107 18 89 79
split_gain=154.894 95.1807 91.721 122.009 82.9635 138.294 80.679 71.6937 49.6026 48.0015 39.7904
threshold=1040.5634765625002 987.45486450195324 13.423593521118166 0.54492393136024486 510.00000000000006 6.3909084796905526 0.24500000476837161 2.2146997451782231 1.9983333349227907 23.378333091735843 30.500000000000004
decision_type=2 2 2 2 2 2 2 2 2 2 2
left_child=1 2 4 10 7 -6 -3 -1 -5 -2 -4
right_child=9 6 3 8 5 -7 -8 -9 -10 -11 -12
leaf_value=0 2.144146020172256e-06 -6.7272596312023715e-09 -3.7869120362154797e-11 -0.1520070614902872 -4.4291368844625507e-11 2.4041774962696459e-07 0.00010085583286006537 -0.033968587258965059 0.0017063071373538839 1.2918388372553388e-07 -0.00038735184282220002
leaf_weight=68344 103 211 400 111 226 297 102 17147 782 210 111
leaf_count=68344 103 211 400 111 226 297 102 17147 782 210 111
internal_value=0.000544583 0.0004183 0.000517598 -0.0121363 0.00072484 -0.0190341 -0.0268868 0.000846823 -0.000946548 0.0353774 -0.0314922
internal_weight=88044 87731 87418 1404 86014 523 313 85491 893 313 511
internal_count=88044 87731 87418 1404 86014 523 313 85491 893 313 511
is_linear=0
shrinkage=0.05


Tree=42
num_leaves=11
num_cat=0
split_feature=162 162 48 99 87 147 95 107 144 89
split_gain=154.5 95.4908 83.5341 136.04 80.679 77.8723 136.178 70.8729 50.9977 48.0015
threshold=1040.5634765625002 987.45486450195324 510.00000000000006 6.3909084796905526 0.24500000476837161 13.423593521118166 0.54492393136024486 6.6785364151000985 0.0024435764644294982 23.378333091735843
decision_type=2 2 2 2 2 2 2 2 2 2
left_child=1 2 5 -4 -3 7 -7 -1 -5 -2
right_child=9 4 3 8 -6 6 -8 -9 -10 -11
leaf_value=0 2.0369387191636433e-06 -6.3908966496422528e-09 -4.2076800402394229e-11 2.2907263596467704e-07 9.5813041217062111e-05 -3.5975664344047054e-11 0.00098633274231469401 -0.10763808770320581 -0.041165021081573855 1.2272468953925719e-07
leaf_weight=77359 103 211 226 102 102 510 891 8132 198 210
leaf_count=77359 103 211 226 102 102 510 891 8132 198 210
internal_value=0.000588877 0.000462752 0.000562209 -0.019209 -0.0268868 0.000682993 -0.0109886 0.000874895 0.00295082 0.0353774
internal_weight=88044 87731 87418 526 313 86892 1401 85491 300 313
internal_count=88044 87731 87418 526 313 86892 1401 85491 300 313
is_linear=0
shrinkage=0.05


Tree=43
num_leaves=12
num_cat=0
split_feature=162 162 147 95 87 7 48 113 89 126 79
split_gain=154.218 95.7137 81.798 129.522 80.679 71.7027 174.202 106.513 48.0015 46.4241 39.2107
threshold=1040.5634765625002 987.45486450195324 13.423593521118166 0.54492393136024486 0.24500000476837161 18.006667137146 470.00000000000006 1.0000000180025095e-35 23.378333091735843 186.2439880371094 30.500000000000004
decision_type=2 2 2 2 2 2 2 2 2 2 2
left_child=1 2 5 10 -3 6 -1 -7 -2 -5 -4
right_child=8 4 3 9 -6 7 -8 -9 -10 -11 -12
leaf_value=0 1.9350917832054608e-06 -6.0713518171601396e-09 -3.4176881126844704e-11 0.0024790098969421611 9.1022389156209004e-05 1.2082278595311404e-09 -3.9972960382274516e-11 4.1236512063577707e-05 1.1658845506229432e-07 -0.018672221005107275 -0.00036798424888230682
leaf_weight=38278 103 211 400 646 102 1893 352 45491 210 247 111
leaf_count=38278 103 211 400 646 102 1893 352 45491 210 247 111
internal_value=0.000620677 0.000494666 0.000594237 -0.0113556 -0.0268868 0.000789942 -0.000808852 0.00209331 0.0353774 0.000167038 -0.0312984
internal_weight=88044 87731 87418 1404 313 86014 38630 47384 313 893 511
internal_count=88044 87731 87418 1404 313 86014 38630 47384 313 893 511
is_linear=0
shrinkage=0.05


Tree=44
num_leaves=15
num_cat=0
split_feature=162 95 147 108 115 97 118 106 103 26 147 166 167 69
split_gain=161.952 156.329 478.005 292.67 217.015 152.15 142.486 138.406 119.375 140.915 108.625 89.8173 90.9751 84.9315
threshold=1040.5634765625002 0.023281512781977657 1.6744995117187502 15.999861240386965 304.48167419433599 284.19166564941412 162.25333404541018 61.841667175292976 440.96333312988287 1.9416667222976687 0.3273200541734696 4.5000000000000009 1.5000000000000002 28.500000000000004
decision_type=2 2 2 2 2 2 2 2 2 2 2 2 2 2
left_child=1 2 3 4 -1 6 -4 11 -9 -10 -5 12 -3 -13
right_child=-2 7 5 10 -6 -7 -8 8 9 -11 -12 13 -14 -15
leaf_value=0 1.1075903230917962e-07 -1.0927083157002926e-05 -6.0252832890004378e-11 0.0036298863671384049 -6.9336926662936575e-06 0.0085654895352260951 -7.5844540750422622e-06 -0.16519770579843321 -0.10767231764764729 0.058506453532226291 0.00011415707504513012 7.2863485554684361e-05 0.047610896023421619 -0.0001562003198069291
leaf_weight=16964 313 2574 1036 1322 1392 310 2674 8262 6436 3196 1067 28310 8089 6099
leaf_count=16964 313 2574 1036 1322 1392 310 2674 8262 6436 3196 1067 28310 8089 6099
internal_value=-0.000240207 -0.00036929 -0.00373436 -0.000674699 -0.00281847 -0.0195031 -0.0223149 0.000954408 -0.00276552 0.00101691 0.0157686 0.0024314 0.00643982 0.00118847
internal_weight=88044 87731 24765 20745 18356 4020 3710 62966 17894 9632 2389 45072 10663 34409
internal_count=88044 87731 24765 20745 18356 4020 3710 62966 17894 9632 2389 45072 10663 34409
is_linear=0
shrinkage=0.05


Tree=45
num_leaves=15
num_cat=0
split_feature=162 67 13 113 48 151 105 173 169 79 158 15 8 69
split_gain=225.65 113.543 141.436 162.925 140.113 145.32 113.942 102.518 97.0745 100.324 85.0047 80.7648 56.7122 42.1526
threshold=987.45486450195324 15.500000000000002 12.981666564941408 1.0000000180025095e-35 448.50000000000006 338.50000000000006 40.452222824096687 1.0000000180025095e-35 360.50000000000006 595.50000000000011 17.128997802734379 387.06832885742193 95.76666641235353 1.5000000000000002
decision_type=2 2 2 2 2 2 2 2 2 2 2 2 2 2
left_child=1 2 4 7 5 -1 -5 -4 9 11 13 -3 -11 -2
right_child=10 8 3 6 -6 -7 -8 -9 -10 12 -12 -13 -14 -15
leaf_value=0 5.8449790167788977e-07 3.7919023571504261e-07 0.0024091138612773108 0.00077854949720881244 -3.7974312363160788e-11 -7.6698369654804413e-06 -0.032493806929971517 -0.00079837071617369258 -0.013237879710240119 0.031842494006698918 -0.00013134261944663825 -0.53193212015003144 -0.0014285287504041675 3.73454919525811e-07
leaf_weight=30930 114 16957 328 15168 290 2218 18704 126 503 445 132 364 1385 380
leaf_count=30930 114 16957 328 15168 290 2218 18704 126 503 445 132 364 1385 380
internal_value=-0.000157299 -0.000372328 -0.0013428 0.000911712 -0.00365697 -0.00335113 0.000510671 0.0305011 0.00297319 0.00354458 0.0296355 0.00472123 -0.00757493 0.0390782
internal_weight=88044 87418 67764 34326 33438 33148 33872 454 19654 19151 626 17321 1830 494
internal_count=88044 87418 67764 34326 33438 33148 33872 454 19654 19151 626 17321 1830 494
is_linear=0
shrinkage=0.05


Tree=46
num_leaves=15
num_cat=0
split_feature=169 67 95 162 67 112 66 13 113 74 169 90 158 86
split_gain=316.532 388.822 332.061 220.475 151.193 145.808 217.713 142.371 168.817 160.214 106.342 86.3428 85.0047 78.6801
threshold=344.50000000000006 29.500000000000004 1.0000000180025095e-35 987.45486450195324 16.500000000000004 5.0066666603088388 2.5000000000000004 12.001666545867922 0.017377180047333244 415.50000000000006 354.50000000000006 23.99888896942139 17.128997802734379 6.9483332633972177
decision_type=2 2 2 2 2 2 2 2 2 2 2 2 2 2
left_child=3 10 -3 4 7 6 -6 9 -9 -1 -2 -7 -5 -12
right_child=1 2 -4 12 5 11 -8 8 -10 -11 13 -13 -14 -15
leaf_value=0 0 -1.8959511785752131e-08 -1.8096475583817127e-05 3.5478217354952046e-07 -1.9019764618642135e-08 0.0009992306245089845 3.6023072392929051e-07 0.0022886581682134452 0.00015518223829568561 -7.2863451172064186e-06 1.2684806924211447e-09 0.00032826224089505885 -0.00012477548847430634 -0.00028704568813311309
leaf_weight=28292 2599 1210 636 494 363 3184 1047 478 33113 2022 1024 12583 132 867
leaf_count=28292 2599 1210 636 494 363 3184 1047 478 33113 2022 1024 12583 132 867
internal_value=-0.000640552 -0.011402 -0.0306861 0.000194583 -3.45308e-05 0.00412932 0.0195053 -0.00115397 0.00108793 -0.00363798 -0.00344828 0.00274854 0.0296355 0.00556435
internal_weight=88044 6336 1846 81708 81082 17177 1410 63905 33591 30314 4490 15767 626 1891
internal_count=88044 6336 1846 81708 81082 17177 1410 63905 33591 30314 4490 15767 626 1891
is_linear=0
shrinkage=0.05


end of trees

feature_importances:
roll0003_mean_fixed_avg_active_gpus_F30=51
roll2016_mean_queued_requested_gpus=32
roll0003_stddev_pop_fixed_avg_active_gpus_F30=30
roll0012_stddev_pop_fixed_avg_active_gpus_F30=27
melbourne_hour=20
lag_running_job_equivalents_0288=19
roll0288_max_fixed_avg_active_gpus_F30=19
lag_queued_requested_gpus_2016=17
roll0048_stddev_pop_fixed_avg_active_gpus_F30=16
roll2016_mean_arriving_flexible_gpu_hours_F30=15
roll0012_stddev_pop_total_avg_active_gpus=13
roll0003_max_fixed_avg_active_gpus_F30=13
lag_running_job_equivalents_2016=12
lag_fixed_avg_active_gpus_F30_0288=11
roll2016_stddev_pop_total_avg_active_gpus=11
roll2016_mean_fixed_avg_active_gpus_F30=11
lag_arriving_requested_gpus_0576=10
lag_queued_job_count_0288=10
melbourne_day_of_year=10
roll2016_max_total_avg_active_gpus=9
roll0288_mean_queued_requested_gpus=9
lag_flexible_avg_active_gpus_F30_0288=8
roll0048_max_total_avg_active_gpus=8
roll0288_stddev_pop_fixed_avg_active_gpus_F30=8
lag_total_avg_active_gpus_0288=7
lag_fixed_avg_active_gpus_F30_0001=7
lag_fixed_avg_active_gpus_F30_0002=7
roll0003_mean_total_avg_active_gpus=7
roll0012_max_total_avg_active_gpus=7
roll0048_max_fixed_avg_active_gpus_F30=7
roll2016_stddev_pop_fixed_avg_active_gpus_F30=7
lag_queued_job_count_2016=6
roll0048_mean_queued_requested_gpus=6
melbourne_day_of_week=6
hour_sin=6
roll0288_mean_total_avg_active_gpus=5
roll2016_max_fixed_avg_active_gpus_F30=5
roll0288_max_flexible_avg_active_gpus_F30=5
roll2016_stddev_pop_flexible_avg_active_gpus_F30=5
roll0048_stddev_pop_queued_requested_gpus=5
roll0288_stddev_pop_queued_requested_gpus=5
roll2016_max_queued_requested_gpus=5
lag_total_avg_active_gpus_0576=4
lag_fixed_avg_active_gpus_F30_0048=4
lag_running_job_equivalents_0048=4
roll0048_mean_total_avg_active_gpus=4
roll0288_max_total_avg_active_gpus=4
roll2016_mean_total_avg_active_gpus=4
lag_total_avg_active_gpus_0048=3
lag_fixed_avg_active_gpus_F30_0024=3
lag_arriving_job_count_0002=3
lag_arriving_requested_gpus_0003=3
lag_arriving_requested_gpus_0024=3
lag_queued_requested_gpus_0288=3
lag_running_job_equivalents_0001=3
lag_running_job_equivalents_0024=3
lag_running_job_equivalents_0576=3
roll0003_max_total_avg_active_gpus=3
roll0288_stddev_pop_total_avg_active_gpus=3
roll0012_mean_fixed_avg_active_gpus_F30=3
roll0012_max_fixed_avg_active_gpus_F30=3
lag_fixed_avg_active_gpus_F30_0006=2
lag_flexible_avg_active_gpus_F30_0048=2
lag_flexible_avg_active_gpus_F30_2016=2
lag_arriving_requested_gpus_0002=2
lag_arriving_requested_gpus_0288=2
lag_queued_job_count_0048=2
lag_queued_requested_gpus_0576=2
roll0048_stddev_pop_total_avg_active_gpus=2
roll0048_mean_fixed_avg_active_gpus_F30=2
roll0288_mean_fixed_avg_active_gpus_F30=2
roll0012_stddev_pop_flexible_avg_active_gpus_F30=2
roll0048_mean_flexible_avg_active_gpus_F30=2
roll0288_stddev_pop_flexible_avg_active_gpus_F30=2
roll2016_stddev_pop_queued_requested_gpus=2
utc_hour=2
hour_cos=2
lag_total_avg_active_gpus_0001=1
lag_total_avg_active_gpus_0002=1
lag_total_avg_active_gpus_0006=1
lag_total_avg_active_gpus_0012=1
lag_total_avg_active_gpus_0024=1
lag_fixed_avg_active_gpus_F30_0012=1
lag_fixed_avg_active_gpus_F30_0576=1
lag_flexible_avg_active_gpus_F30_0024=1
lag_flexible_avg_active_gpus_F30_0576=1
lag_arriving_job_count_0003=1
lag_arriving_job_count_0006=1
lag_arriving_requested_gpus_0012=1
lag_queued_job_count_0003=1
lag_queued_job_count_0024=1
lag_queued_requested_gpus_0012=1
lag_queued_requested_gpus_0024=1
lag_running_job_equivalents_0006=1
roll0012_mean_total_avg_active_gpus=1
roll0003_mean_flexible_avg_active_gpus_F30=1
roll2016_mean_flexible_avg_active_gpus_F30=1
roll0048_mean_arriving_flexible_gpu_hours_F30=1
roll0288_mean_arriving_flexible_gpu_hours_F30=1
roll0288_stddev_pop_arriving_flexible_gpu_hours_F30=1
roll2016_max_arriving_flexible_gpu_hours_F30=1
roll0003_mean_queued_requested_gpus=1
roll0003_max_queued_requested_gpus=1
roll0012_mean_queued_requested_gpus=1
roll0012_max_queued_requested_gpus=1
roll0048_max_queued_requested_gpus=1
weekday_sin=1

parameters:
[boosting: gbdt]
[objective: regression_l1]
[metric: l1]
[tree_learner: serial]
[device_type: cpu]
[data_sample_strategy: bagging]
[data: ]
[valid: ]
[num_iterations: 47]
[learning_rate: 0.05]
[num_leaves: 15]
[num_threads: 4]
[seed: 20260721]
[deterministic: 1]
[force_col_wise: 1]
[force_row_wise: 0]
[histogram_pool_size: -1]
[max_depth: 5]
[min_data_in_leaf: 100]
[min_sum_hessian_in_leaf: 0.001]
[bagging_fraction: 1]
[pos_bagging_fraction: 1]
[neg_bagging_fraction: 1]
[bagging_freq: 0]
[bagging_seed: 11591]
[bagging_by_query: 0]
[feature_fraction: 1]
[feature_fraction_bynode: 1]
[feature_fraction_seed: 24120]
[extra_trees: 0]
[extra_seed: 12737]
[early_stopping_round: 0]
[early_stopping_min_delta: 0]
[first_metric_only: 0]
[max_delta_step: 0]
[lambda_l1: 0]
[lambda_l2: 5]
[linear_lambda: 0]
[min_gain_to_split: 0]
[drop_rate: 0.1]
[max_drop: 50]
[skip_drop: 0.5]
[xgboost_dart_mode: 0]
[uniform_drop: 0]
[drop_seed: 6762]
[top_rate: 0.2]
[other_rate: 0.1]
[min_data_per_group: 100]
[max_cat_threshold: 32]
[cat_l2: 10]
[cat_smooth: 10]
[max_cat_to_onehot: 4]
[top_k: 20]
[monotone_constraints: ]
[monotone_constraints_method: basic]
[monotone_penalty: 0]
[feature_contri: ]
[forcedsplits_filename: ]
[refit_decay_rate: 0.9]
[cegb_tradeoff: 1]
[cegb_penalty_split: 0]
[cegb_penalty_feature_lazy: ]
[cegb_penalty_feature_coupled: ]
[path_smooth: 0]
[interaction_constraints: ]
[verbosity: -1]
[saved_feature_importance_type: 0]
[use_quantized_grad: 0]
[num_grad_quant_bins: 4]
[quant_train_renew_leaf: 0]
[stochastic_rounding: 1]
[linear_tree: 0]
[max_bin: 255]
[max_bin_by_feature: ]
[min_data_in_bin: 3]
[bin_construct_sample_cnt: 200000]
[data_random_seed: 4436]
[is_enable_sparse: 1]
[enable_bundle: 1]
[use_missing: 1]
[zero_as_missing: 0]
[feature_pre_filter: 1]
[pre_partition: 0]
[two_round: 0]
[header: 0]
[label_column: ]
[weight_column: ]
[group_column: ]
[ignore_column: ]
[categorical_feature: ]
[forcedbins_filename: ]
[precise_float_parser: 0]
[parser_config_file: ]
[objective_seed: 18074]
[num_class: 1]
[is_unbalance: 0]
[scale_pos_weight: 1]
[sigmoid: 1]
[boost_from_average: 1]
[reg_sqrt: 0]
[alpha: 0.9]
[fair_c: 1]
[poisson_max_delta_step: 0.7]
[tweedie_variance_power: 1.5]
[lambdarank_truncation_level: 30]
[lambdarank_norm: 1]
[label_gain: ]
[lambdarank_position_bias_regularization: 0]
[eval_at: ]
[multi_error_top_k: 1]
[auc_mu_weights: ]
[num_machines: 1]
[local_listen_port: 12400]
[time_out: 120]
[machine_list_filename: ]
[machines: ]
[gpu_platform_id: -1]
[gpu_device_id: -1]
[gpu_device_id_list: ]
[gpu_use_dp: 0]
[num_gpu: 1]

end of parameters

pandas_categorical:[]
