tree
version=v4
num_class=1
num_tree_per_iteration=1
label_index=0
max_feature_idx=176
objective=binary sigmoid:1
feature_names=lag_total_avg_active_gpus_0001 lag_total_avg_active_gpus_0002 lag_total_avg_active_gpus_0003 lag_total_avg_active_gpus_0006 lag_total_avg_active_gpus_0012 lag_total_avg_active_gpus_0024 lag_total_avg_active_gpus_0048 lag_total_avg_active_gpus_0288 lag_total_avg_active_gpus_0576 lag_total_avg_active_gpus_2016 lag_fixed_avg_active_gpus_F30_0001 lag_fixed_avg_active_gpus_F30_0002 lag_fixed_avg_active_gpus_F30_0003 lag_fixed_avg_active_gpus_F30_0006 lag_fixed_avg_active_gpus_F30_0012 lag_fixed_avg_active_gpus_F30_0024 lag_fixed_avg_active_gpus_F30_0048 lag_fixed_avg_active_gpus_F30_0288 lag_fixed_avg_active_gpus_F30_0576 lag_fixed_avg_active_gpus_F30_2016 lag_flexible_avg_active_gpus_F30_0001 lag_flexible_avg_active_gpus_F30_0002 lag_flexible_avg_active_gpus_F30_0003 lag_flexible_avg_active_gpus_F30_0006 lag_flexible_avg_active_gpus_F30_0012 lag_flexible_avg_active_gpus_F30_0024 lag_flexible_avg_active_gpus_F30_0048 lag_flexible_avg_active_gpus_F30_0288 lag_flexible_avg_active_gpus_F30_0576 lag_flexible_avg_active_gpus_F30_2016 lag_arriving_job_count_0001 lag_arriving_job_count_0002 lag_arriving_job_count_0003 lag_arriving_job_count_0006 lag_arriving_job_count_0012 lag_arriving_job_count_0024 lag_arriving_job_count_0048 lag_arriving_job_count_0288 lag_arriving_job_count_0576 lag_arriving_job_count_2016 lag_arriving_requested_gpus_0001 lag_arriving_requested_gpus_0002 lag_arriving_requested_gpus_0003 lag_arriving_requested_gpus_0006 lag_arriving_requested_gpus_0012 lag_arriving_requested_gpus_0024 lag_arriving_requested_gpus_0048 lag_arriving_requested_gpus_0288 lag_arriving_requested_gpus_0576 lag_arriving_requested_gpus_2016 lag_arriving_flexible_gpu_hours_F30_0001 lag_arriving_flexible_gpu_hours_F30_0002 lag_arriving_flexible_gpu_hours_F30_0003 lag_arriving_flexible_gpu_hours_F30_0006 lag_arriving_flexible_gpu_hours_F30_0012 lag_arriving_flexible_gpu_hours_F30_0024 lag_arriving_flexible_gpu_hours_F30_0048 lag_arriving_flexible_gpu_hours_F30_0288 lag_arriving_flexible_gpu_hours_F30_0576 lag_arriving_flexible_gpu_hours_F30_2016 lag_queued_job_count_0001 lag_queued_job_count_0002 lag_queued_job_count_0003 lag_queued_job_count_0006 lag_queued_job_count_0012 lag_queued_job_count_0024 lag_queued_job_count_0048 lag_queued_job_count_0288 lag_queued_job_count_0576 lag_queued_job_count_2016 lag_queued_requested_gpus_0001 lag_queued_requested_gpus_0002 lag_queued_requested_gpus_0003 lag_queued_requested_gpus_0006 lag_queued_requested_gpus_0012 lag_queued_requested_gpus_0024 lag_queued_requested_gpus_0048 lag_queued_requested_gpus_0288 lag_queued_requested_gpus_0576 lag_queued_requested_gpus_2016 lag_running_job_equivalents_0001 lag_running_job_equivalents_0002 lag_running_job_equivalents_0003 lag_running_job_equivalents_0006 lag_running_job_equivalents_0012 lag_running_job_equivalents_0024 lag_running_job_equivalents_0048 lag_running_job_equivalents_0288 lag_running_job_equivalents_0576 lag_running_job_equivalents_2016 roll0003_mean_total_avg_active_gpus roll0003_max_total_avg_active_gpus roll0003_stddev_pop_total_avg_active_gpus roll0012_mean_total_avg_active_gpus roll0012_max_total_avg_active_gpus roll0012_stddev_pop_total_avg_active_gpus roll0048_mean_total_avg_active_gpus roll0048_max_total_avg_active_gpus roll0048_stddev_pop_total_avg_active_gpus roll0288_mean_total_avg_active_gpus roll0288_max_total_avg_active_gpus roll0288_stddev_pop_total_avg_active_gpus roll2016_mean_total_avg_active_gpus roll2016_max_total_avg_active_gpus roll2016_stddev_pop_total_avg_active_gpus roll0003_mean_fixed_avg_active_gpus_F30 roll0003_max_fixed_avg_active_gpus_F30 roll0003_stddev_pop_fixed_avg_active_gpus_F30 roll0012_mean_fixed_avg_active_gpus_F30 roll0012_max_fixed_avg_active_gpus_F30 roll0012_stddev_pop_fixed_avg_active_gpus_F30 roll0048_mean_fixed_avg_active_gpus_F30 roll0048_max_fixed_avg_active_gpus_F30 roll0048_stddev_pop_fixed_avg_active_gpus_F30 roll0288_mean_fixed_avg_active_gpus_F30 roll0288_max_fixed_avg_active_gpus_F30 roll0288_stddev_pop_fixed_avg_active_gpus_F30 roll2016_mean_fixed_avg_active_gpus_F30 roll2016_max_fixed_avg_active_gpus_F30 roll2016_stddev_pop_fixed_avg_active_gpus_F30 roll0003_mean_flexible_avg_active_gpus_F30 roll0003_max_flexible_avg_active_gpus_F30 roll0003_stddev_pop_flexible_avg_active_gpus_F30 roll0012_mean_flexible_avg_active_gpus_F30 roll0012_max_flexible_avg_active_gpus_F30 roll0012_stddev_pop_flexible_avg_active_gpus_F30 roll0048_mean_flexible_avg_active_gpus_F30 roll0048_max_flexible_avg_active_gpus_F30 roll0048_stddev_pop_flexible_avg_active_gpus_F30 roll0288_mean_flexible_avg_active_gpus_F30 roll0288_max_flexible_avg_active_gpus_F30 roll0288_stddev_pop_flexible_avg_active_gpus_F30 roll2016_mean_flexible_avg_active_gpus_F30 roll2016_max_flexible_avg_active_gpus_F30 roll2016_stddev_pop_flexible_avg_active_gpus_F30 roll0003_mean_arriving_flexible_gpu_hours_F30 roll0003_max_arriving_flexible_gpu_hours_F30 roll0003_stddev_pop_arriving_flexible_gpu_hours_F30 roll0012_mean_arriving_flexible_gpu_hours_F30 roll0012_max_arriving_flexible_gpu_hours_F30 roll0012_stddev_pop_arriving_flexible_gpu_hours_F30 roll0048_mean_arriving_flexible_gpu_hours_F30 roll0048_max_arriving_flexible_gpu_hours_F30 roll0048_stddev_pop_arriving_flexible_gpu_hours_F30 roll0288_mean_arriving_flexible_gpu_hours_F30 roll0288_max_arriving_flexible_gpu_hours_F30 roll0288_stddev_pop_arriving_flexible_gpu_hours_F30 roll2016_mean_arriving_flexible_gpu_hours_F30 roll2016_max_arriving_flexible_gpu_hours_F30 roll2016_stddev_pop_arriving_flexible_gpu_hours_F30 roll0003_mean_queued_requested_gpus roll0003_max_queued_requested_gpus roll0003_stddev_pop_queued_requested_gpus roll0012_mean_queued_requested_gpus roll0012_max_queued_requested_gpus roll0012_stddev_pop_queued_requested_gpus roll0048_mean_queued_requested_gpus roll0048_max_queued_requested_gpus roll0048_stddev_pop_queued_requested_gpus roll0288_mean_queued_requested_gpus roll0288_max_queued_requested_gpus roll0288_stddev_pop_queued_requested_gpus roll2016_mean_queued_requested_gpus roll2016_max_queued_requested_gpus roll2016_stddev_pop_queued_requested_gpus utc_hour melbourne_hour melbourne_day_of_week melbourne_month melbourne_day_of_year is_weekend hour_sin hour_cos weekday_sin weekday_cos month_sin month_cos
feature_infos=[0:515.73333740234375] [0:515.73333740234375] [0:515.73333740234375] [0:515.73333740234375] [0:515.73333740234375] [0:515.73333740234375] [0:515.73333740234375] [0:515.73333740234375] [0:515.73333740234375] [0:515.73333740234375] [0:515.73333740234375] [0:515.73333740234375] [0:515.73333740234375] [0:515.73333740234375] [0:515.73333740234375] [0:515.73333740234375] [0:515.73333740234375] [0:515.73333740234375] [0:515.73333740234375] [0:515.73333740234375] [0:512] [0:512] [0:512] [0:512] [0:512] [0:512] [0:512] [0:512] [0:512] [0:512] [0:1718] [0:1718] [0:1718] [0:1718] [0:1718] [0:1718] [0:1718] [0:1718] [0:1718] [0:1718] [0:5632] [0:5632] [0:5632] [0:5632] [0:5632] [0:5632] [0:5632] [0:5632] [0:5632] [0:5632] [0:12685.912109375] [0:12685.912109375] [0:12685.912109375] [0:12685.912109375] [0:12685.912109375] [0:12685.912109375] [0:12685.912109375] [0:12685.912109375] [0:12685.912109375] [0:12685.912109375] [0:9596] [0:9596] [0:9596] [0:9596] [0:9596] [0:9596] [0:9596] [0:9596] [0:9596] [0:1960] [0:9599] [0:9599] [0:9599] [0:9599] [0:9599] [0:9599] [0:9599] [0:9599] [0:9599] [0:6127] [0:463] [0:463] [0:463] [0:463] [0:463] [0:463] [0:463] [0:463] [0:463] [0:463] [0:512] [0:515.73333740234375] [0:240.55458068847656] [0:512] [0:515.73333740234375] [0:255.7161865234375] [0:504.01470947265625] [0:515.73333740234375] [0:250.40919494628906] [0:451.16268920898438] [0:515.73333740234375] [0:230.42581176757812] [6.1177248426247388e-05:262.34512329101562] [0.053333334624767303:515.73333740234375] [0.0014853802276775241:183.8941650390625] [0:512] [0:515.73333740234375] [0:240.55458068847656] [0:509.86666870117188] [0:515.73333740234375] [0:246.19882202148438] [0:504.01470947265625] [0:515.73333740234375] [0:250.40919494628906] [0:283.29208374023438] [0:515.73333740234375] [0:225.25091552734375] [6.1177248426247388e-05:169.79315185546875] [0.053333334624767303:515.73333740234375] [0.0014853802276775241:174.28001403808594] [0:512] [0:512] [0:235.18722534179688] [0:512] [0:512] [0:253.82646179199219] [0:483.61279296875] [0:512] [0:226.47317504882812] [0:411.73898315429688] [0:512] [0:233.52969360351562] [0:178.25611877441406] [0:512] [0:182.61265563964844] [0:4244.66064453125] [0:12685.912109375] [0:5980.1962890625] [0:1061.303955078125] [0:12685.912109375] [0:3506.200927734375] [0:273.25704956054688] [0:12685.912109375] [0:1811.8798828125] [0:45.542839050292969] [0:12685.912109375] [0:746.28338623046875] [0:15.986562728881836] [0:12685.912109375] [0:363.71148681640625] [0:9599] [0:9599] [0:2476.137451171875] [0:9599] [0:9599] [0:2455.648681640625] [0:9599] [0:9599] [0:3645.520751953125] [0:2920.1318359375] [0:9599] [0:3976.248291015625] [0:1056.5416259765625] [0:9599] [0:1794.708251953125] [0:23] [0:23] [0:6] [1:12] [1:366] [0:1] [-1:1] [-1:1] [-0.97492790222167969:0.97492790222167969] [-0.90096884965896606:1] [-1:1] [-1:1]
tree_sizes=1713 1775 1783 1762 1779 1780 1775 1769 1778 1778 1773 1761 1785 1757 1758 1766 1768 1775 1777 1764 1775 1768 1767 1780 1782 1775 1774 1771 1775 1775 1771 1768 1766 1778 1779 1773 1770 1764 1775 1765

Tree=0
num_leaves=15
num_cat=0
split_feature=127 154 166 148 141 119 28 169 74 27 145 99 166 99
split_gain=12123.4 3596.87 2881.45 1756.21 1092.22 911.411 694.132 501.715 542.791 468.261 466.82 482.275 456.582 359.282
threshold=3.0066666603088383 6.5000000000000009 14.500000000000002 814.06219482421886 0.015789930708706382 39.348176956176765 39.998332977294929 194.50000000000003 313.50000000000006 30.045000076293949 1177.112487792969 237.32991790771487 7.5000000000000009 266.77320861816412
decision_type=2 2 2 2 2 2 2 2 2 2 2 2 2 2
left_child=4 -2 3 5 7 -3 -5 -1 -9 -10 13 -12 -6 -4
right_child=1 2 10 6 12 -7 -8 8 9 -11 11 -13 -14 -15
leaf_value=-1.6444885615713809 -1.6079722927008702 -1.4953474065809389 -1.5904711095289725 -1.411974440306047 -1.4425528232058049 -1.6170587083304986 -1.4851703486589487 -1.6245744865686664 -1.4955570833916423 -1.6414785909235687 -1.46274418223726 -1.6107163352374314 -1.5846693313901836 -1.4430746057034189
leaf_weight=4923.9550210386515 1071.3518586605787 460.57330852746964 869.11473597586155 942.88500402867794 92.703701868653297 227.34145344793797 541.63645479083061 2555.7330698221922 153.43093773722649 80.502155631780624 176.85229660570621 77.556954815983772 135.89998050034046 38.427858263254166
leaf_count=35109 7639 3284 6197 6723 661 1621 3862 18223 1094 574 1261 553 969 274
internal_value=-1.59479 -1.52831 -1.50274 -1.4688 -1.63168 -1.53544 -1.43822 -1.63489 -1.61788 -1.5457 -1.56646 -1.50729 -1.52501 -1.58343
internal_weight=12348 4405.74 3334.39 2172.44 7942.22 687.915 1484.52 7713.62 2789.67 233.933 1161.95 254.409 228.604 907.543
internal_count=88044 31414 23775 15490 56630 4905 10585 55000 19891 1668 8285 1814 1630 6471
is_linear=0
shrinkage=1


Tree=1
num_leaves=15
num_cat=0
split_feature=144 139 66 171 169 166 169 171 156 169 28 163 158 175
split_gain=10796.7 3204.82 1949.39 838.259 764.124 676.564 745.506 590.659 573.919 538.851 489.994 436.876 365.583 346.85
threshold=0.040125384926795966 0.57680556178092968 10.500000000000002 1.0000000180025095e-35 309.50000000000006 16.500000000000004 220.50000000000003 0.78656607866287243 83.593750000000014 197.50000000000003 213.55666351318362 9592.0000000000018 1.0000000180025095e-35 -0.68301269412040699
decision_type=2 2 2 2 2 2 2 2 2 2 2 2 2 2
left_child=10 2 4 -3 7 6 -4 -2 -6 -5 11 12 -1 -14
right_child=1 3 5 9 8 -7 -8 -9 -10 -11 -12 -13 13 -15
leaf_value=-0.053767890830210142 -0.024145657079942137 0.057039899812502286 -0.0052360764833484803 -0.0060785585730785364 0.029321800137320837 0.021910311482438369 0.10235227165993908 0.048559876102738167 0.14705809184136978 0.18358169178901951 0.072367220304731861 0.11814342880671391 0.014222383855545809 -0.036696877845149835
leaf_weight=3761.3033707439899 1455.9256149381399 221.96172526478767 182.40588766336441 39.632917404174805 537.83097097277641 494.65182814002037 1338.1584469527006 340.5396299213171 124.3964819163084 589.28760096430779 90.110533908009529 37.538532227277756 377.81442911922932 2758.4449789077044
leaf_count=27589 10381 1521 1260 268 3804 3447 8914 2400 832 3846 645 261 2665 20211
internal_value=-7.25636e-05 0.053598 0.0365918 0.14228 0.00667694 0.0729831 0.0894712 -0.010267 0.0523743 0.171676 -0.0407616 -0.0422826 -0.0432407 -0.0305499
internal_weight=12350 5324.79 4473.91 850.882 2458.69 2015.22 1520.56 1796.47 662.227 628.921 7025.21 6935.1 6897.56 3136.26
internal_count=88044 36673 31038 5635 17417 13621 10174 12781 4636 4114 51371 50726 50465 22876
is_linear=0
shrinkage=0.05


Tree=2
num_leaves=15
num_cat=0
split_feature=144 169 166 155 145 104 171 174 171 28 176 163 162 158
split_gain=9671.41 2605.88 2159.95 1292.01 743.231 511.297 510.396 495.472 467.088 447.541 435.48 391.288 384.633 360.761
threshold=0.040125384926795966 257.50000000000006 15.500000000000002 1.0000000180025095e-35 598.71249389648449 112.42724609375001 0.78656607866287243 1.0000000180025095e-35 -0.37940952181816096 213.55666351318362 -0.68301269412040699 9592.0000000000018 22.288194656372074 1.0000000180025095e-35
decision_type=2 2 2 2 2 2 2 2 2 2 2 2 2 2
left_child=9 4 3 -3 6 8 -2 -5 -6 11 -8 13 -4 -1
right_child=1 2 12 7 5 -7 10 -9 -10 -11 -12 -13 -14 -15
leaf_value=-0.053037209700737713 -0.027726628061978498 0.037254361560221064 0.20731737317137117 0.14551502391060148 0.0077675203358783659 -0.056882198297349897 0.099361539244501529 0.090884064030333889 0.11207136516095802 0.065836544890649593 -0.014992754986061502 0.10549638428453066 0.010540561251010206 -0.02965161036701033
leaf_weight=3625.9736563414335 1210.2072683423758 586.98929718136787 20.488139599561691 1050.0321895033121 167.30253426730633 83.157803684473038 161.51248283684254 750.75090365111828 298.43384321033955 94.473030060529709 164.22641348838806 40.454784542322159 1010.5955207645893 3071.9406313747168
leaf_count=27589 8678 3913 133 6442 1136 590 1083 4663 1886 645 1148 261 7001 22876
internal_value=-0.000127415 0.0491761 0.0760114 0.102084 0.00509329 0.0547577 -0.0127752 0.123054 0.0750837 -0.0398472 0.0423529 -0.0413766 0.0154322 -0.0423417
internal_weight=12336.5 5503.7 3418.86 2387.77 2084.84 548.894 1535.95 1800.78 465.736 6832.84 325.739 6738.37 1031.08 6697.91
internal_count=88044 36673 22152 15018 14521 3612 10909 11105 3022 51371 2231 50726 7134 50465
is_linear=0
shrinkage=0.05


Tree=3
num_leaves=15
num_cat=0
split_feature=127 154 166 169 141 139 169 157 145 99 99 166 99 77
split_gain=8761.63 2283.12 1520.05 975.295 816.386 578.008 472.213 434.587 338.982 431.709 305.445 298.955 294.27 252.157
threshold=3.0066666603088383 6.5000000000000009 15.500000000000002 206.50000000000003 0.015789930708706382 0.83361113071441661 194.50000000000003 100.50000000000001 1177.112487792969 242.60491180419925 39.886360168457038 7.5000000000000009 266.77320861816412 831.50000000000011
decision_type=2 2 2 2 2 2 2 2 2 2 2 2 2 2
left_child=4 -2 3 13 6 -5 -1 -8 12 -10 -9 -6 -4 -3
right_child=1 2 8 5 11 -7 7 10 9 -11 -12 -13 -14 -15
leaf_value=-0.047447005601711723 -0.012903390043347011 -0.022304406123282196 -0.0030946224021909602 0.084521972548481303 0.1110962278736498 0.13985995233698845 -0.03128291419158747 0.052851148430261077 0.10935750465559926 -0.037160635117346325 -0.020178572931967252 0.0040309986476027944 0.13021703827560505 0.08495724124584339
leaf_weight=4495.9967923760414 1065.1697625666857 225.93547973036766 790.53165347874165 1787.3461176007986 113.35625824332237 665.77220560610294 2100.8996417075396 294.17641255259514 180.58100414276123 66.086156979203224 270.69306272268295 146.04744642972946 38.672052159905434 66.844496116042137
leaf_count=35109 7639 1579 5553 10690 661 3689 15928 2049 1142 464 1914 969 243 415
internal_value=-0.000170721 0.051785 0.0698076 0.0895197 -0.0343961 0.0997945 -0.0375607 -0.0208292 0.0193159 0.0701445 0.0179843 0.0520333 0.00386593 0.00319978
internal_weight=12308.1 4886.94 3821.77 2745.9 7421.17 2453.12 7161.77 2665.77 1075.87 246.667 564.869 259.404 829.204 292.78
internal_count=88044 31414 23775 16373 56630 14379 55000 19891 7402 1606 3963 1630 5796 1994
is_linear=0
shrinkage=0.05


Tree=4
num_leaves=15
num_cat=0
split_feature=144 169 166 155 104 131 144 147 165 28 108 158 174 169
split_gain=7931.35 1919.45 1514.98 855.448 594.488 738.459 423.506 474.571 408.482 408.446 387.15 376.181 370.139 320.122
threshold=0.040125384926795966 257.50000000000006 16.500000000000004 1.0000000180025095e-35 50.381694793701179 19.22657680511475 6.8164279460906991 2.5409812927246098 12.500000000000002 213.55666351318362 74.334861755371108 1.0000000180025095e-35 1.0000000180025095e-35 206.50000000000003
decision_type=2 2 2 2 2 2 2 2 2 2 2 2 2 2
left_child=9 4 3 -3 5 8 -6 -8 -2 11 -7 -1 -5 -13
right_child=1 2 -4 12 6 10 7 -9 -10 -11 -12 13 -14 -15
leaf_value=-0.051082545832116077 -0.035520739103574277 0.032660912655226131 0.0081174729992018798 0.11576239840653818 -0.023216062173012093 0.17759954211288664 0.12225682553646103 -0.032152336660850121 0.057674875851118329 0.061097308440158177 -0.028131916994211206 -0.03856852162326397 0.072196491351991368 -0.0041071856833215879
leaf_weight=3406.6919396296144 217.44267792999744 664.49455611407757 911.91900399327278 1239.0865071117878 1295.4978427141905 121.00094419717789 108.58495934307575 85.547520712018013 244.9031290858984 97.79580682516098 26.409886568784714 1949.0143192559481 867.39130181074142 1030.6362476050854
leaf_count=27665 1529 4269 6234 6732 9312 745 616 556 1572 645 191 15473 4917 7588
internal_value=-0.000204889 0.0423515 0.0640776 0.0824462 0.00417636 0.0455561 -0.0128575 0.0551152 0.0139336 -0.0381583 0.141027 -0.0397248 0.0980366 -0.0266755
internal_weight=12266.4 5782.28 3682.89 2770.97 2099.39 609.757 1489.63 194.132 462.346 6484.14 147.411 6386.34 2106.48 2979.65
internal_count=88044 36673 22152 15918 14521 4037 10484 1172 3101 51371 936 50726 11649 23061
is_linear=0
shrinkage=0.05


Tree=5
num_leaves=15
num_cat=0
split_feature=144 171 169 155 167 66 158 158 165 169 164 64 164 166
split_gain=7171.85 1712.56 1493.5 1044.92 514.438 514.302 400.549 349.508 335.6 325.872 393.828 350.827 310.466 321.379
threshold=0.040125384926795966 -0.37940952181816096 206.50000000000003 1.0000000180025095e-35 1.5000000000000002 7.5000000000000009 1.0000000180025095e-35 1.0000000180025095e-35 6.5000000000000009 197.50000000000003 2.3839694261550908 6.5000000000000009 663.18234252929699 10.500000000000002
decision_type=2 2 2 2 2 2 2 2 2 2 2 2 2 2
left_child=6 5 -3 7 -5 -2 -1 -4 -7 12 -11 -12 -8 -14
right_child=1 2 3 4 -6 8 9 -9 -10 10 11 -13 13 -15
leaf_value=-0.04918409143820264 -0.022806088528433976 -0.011730743381393328 -0.033442948140539781 0.048218525343866565 0.10130922595044799 0.05968536772535659 -0.042996739215314876 0.041523340839111113 0.00018960966668578382 0.21247651921259589 -0.028081089165198744 0.028725950561313343 -0.050307414858444068 0.10357253619736362
leaf_weight=3336.0275700837374 1036.7063410431147 633.76064682006836 204.55277998745441 623.85596379637718 1855.8605912178755 440.56438134610653 1670.4379830211401 604.25658550858498 506.48331998288631 15.766210436820982 733.76915916800499 425.16936875879765 56.51562711596489 72.034520387649536
leaf_count=27996 7473 4590 1430 3461 9859 2664 13652 3802 3394 118 5559 3006 463 577
internal_value=-0.000235702 0.0393459 0.0584735 0.0720004 0.0880764 0.001475 -0.0372868 0.0224749 0.028035 -0.0238798 -0.00337041 -0.00720693 -0.0372255 0.0365703
internal_weight=12215.8 5906.04 3922.29 3288.53 2479.72 1983.75 6309.72 808.809 947.048 2973.69 1174.7 1158.94 1798.99 128.55
internal_count=88044 36673 23142 18552 13320 13531 51371 5232 6058 23375 8683 8565 14692 1040
is_linear=0
shrinkage=0.05


Tree=6
num_leaves=15
num_cat=0
split_feature=144 169 166 158 145 28 139 119 147 171 176 86 134 104
split_gain=6498.92 1609.47 1175.29 602.131 510.261 393.926 389.332 358.85 372.249 326.717 311.13 305.779 290.672 279.893
threshold=0.0052305171266198167 257.50000000000006 16.500000000000004 1.0000000180025095e-35 598.71249389648449 213.55666351318362 0.83361113071441661 96.198432922363295 2.5409812927246098 0.78656607866287243 -0.68301269412040699 10.911666393280031 19.746716499328617 50.914785385131843
decision_type=2 2 2 2 2 2 2 2 2 2 2 2 2 2
left_child=5 4 3 12 9 -1 -5 8 -6 13 -11 -7 -3 -2
right_child=1 2 -4 6 7 11 -8 -9 -10 10 -12 -13 -14 -15
leaf_value=-0.039750543064518917 0.0099690846357229565 0.10688590361359472 0.0056433505449756723 0.063446294401421507 0.087621695772172242 0.15270171995045745 0.10539057730492594 -0.056418044448385843 0.00064562812173606402 0.072244960986222781 -0.018024702341569127 -0.017636663230015174 -0.04870793971205753 -0.039491362203786337
leaf_weight=5777.2443350404501 414.44144548475742 32.442726150155067 947.28556460142136 2074.8744162917137 332.16274750232697 42.298372268676758 778.71219697594643 78.027379408478737 193.80841340124607 192.11255067586899 181.96666008234024 57.41970781981945 148.13089498877525 905.98564650118351
leaf_count=48682 2999 203 6428 11297 1859 272 3758 579 1174 1181 1331 373 1025 6883
internal_value=-0.000262241 0.0350896 0.0543024 0.0694599 0.00176368 -0.0380359 0.0750567 0.0410295 0.0558809 -0.012312 0.0286757 0.0584586 -0.0186265 -0.0239882
internal_weight=12156.9 6279.95 3981.45 3034.16 2298.5 5876.96 2853.59 603.999 525.971 1694.51 374.079 99.7181 180.574 1320.43
internal_count=88044 38717 22711 16283 16006 49327 15055 3612 3033 12394 2512 645 1228 9882
is_linear=0
shrinkage=0.05


Tree=7
num_leaves=15
num_cat=0
split_feature=127 151 171 148 169 166 27 108 102 163 167 145 165 166
split_gain=5945.71 1443.54 789.297 835.351 651.182 517.947 456.21 432.437 421.676 406.345 368.187 265.652 266.898 260.433
threshold=3.0066666603088383 6.5000000000000009 -0.37940952181816096 814.06219482421886 194.50000000000003 7.5000000000000009 29.013333320617679 0.58388888835906994 48.024562835693366 9592.0000000000018 1.5000000000000002 1257.9085083007815 6.5000000000000009 15.500000000000002
decision_type=2 2 2 2 2 2 2 2 2 2 2 2 2 2
left_child=4 13 11 8 -1 7 -5 -6 -4 -7 -9 12 -3 -2
right_child=1 2 3 6 5 9 -8 10 -10 -11 -12 -13 -14 -15
leaf_value=-0.044195464860620856 0.010735108769997032 0.036725652998272261 0.061659081140908838 0.10864956793690586 -0.038891752000369477 -0.033542368310266579 0.060924387622674187 -0.02564824698869439 -0.010630382699123255 0.096622302547894126 0.054826953127365824 0.061047636360824331 -0.018023267160430782 -0.035598719026970947
leaf_weight=4002.3603859841824 785.13208995014429 390.51161636412144 387.99506053328514 1028.1868195533752 263.91820215433836 1704.3734784573317 1028.0406210273504 185.72506932169199 411.93092362582684 57.404355868697166 567.53294687718153 284.9150182902813 504.49817270040512 487.50587728619576
leaf_count=35274 5300 2317 2043 5146 2182 13585 5248 1354 2520 356 3879 1666 3546 3628
internal_value=-0.000280372 0.039329 0.0539543 0.0681516 -0.0312945 -0.012668 0.0849943 0.0156918 0.024598 -0.0290397 0.0349465 0.0194453 0.00593616 -0.00708372
internal_weight=12090 5308.72 4036.08 2856.15 6781.31 2778.95 2056.23 1017.18 799.926 1761.78 753.258 1179.92 895.01 1272.64
internal_count=88044 31414 22486 14957 56630 21356 10394 7415 4563 13941 5233 7529 5863 8928
is_linear=0
shrinkage=0.05


Tree=8
num_leaves=15
num_cat=0
split_feature=144 171 169 143 172 155 28 66 99 118 115 86 165 112
split_gain=5449.34 1297.02 1108.3 751.587 493.539 481.719 365.287 362.516 273.57 291.527 419.498 258.117 245.361 198.958
threshold=0.0052305171266198167 -0.6035533845424651 206.50000000000003 2.4604594707489018 -0.37940952181816096 1.0000000180025095e-35 213.55666351318362 7.5000000000000009 7.667037010192872 398.62666320800787 66.011665344238295 11.001666545867922 6.5000000000000009 424.03334045410162
decision_type=2 2 2 2 2 2 2 2 2 2 2 2 2 2
left_child=6 7 13 5 -5 -4 8 -2 -1 10 -10 -8 -9 -3
right_child=1 2 3 4 -6 -7 11 12 9 -11 -12 -13 -14 -15
leaf_value=-0.053198123231686739 -0.030568392702208198 -0.016789123832475963 0.0061580571673797097 0.054695097900548266 0.11076681566934472 0.052926604013167594 0.13033368011029769 0.048586954499386076 0.061459935008521954 -0.044668361577217819 -0.023205133104079512 -0.023317345033599217 -0.0082886928768346052 0.081823063699328721
leaf_weight=1961.804949849844 839.23714131116867 742.91999734938145 840.58248353004456 862.28080081939697 747.24898058176041 1598.9466579779983 50.540577635169029 335.49669037014246 155.59851326048374 1697.8857599198818 1661.1551372259855 51.286739066243172 425.20495223253965 49.964416302740574
leaf_count=17977 6329 5660 5404 4278 3494 8445 306 1950 1302 15414 13989 339 2853 304
internal_value=-0.000298701 0.0310181 0.0439038 0.0544784 0.0809897 0.0368572 -0.0364593 -0.00799352 -0.0382177 -0.0297923 -0.0158051 0.055476 0.016949 -0.0101012
internal_weight=12020.2 6441.88 4841.94 4049.06 1609.53 2439.53 5578.27 1599.94 5476.44 3514.64 1816.75 101.827 760.702 792.884
internal_count=88044 38717 27585 21621 7772 13849 49327 11132 48682 30705 15291 645 4803 5964
is_linear=0
shrinkage=0.05


Tree=9
num_leaves=15
num_cat=0
split_feature=144 169 166 158 145 28 141 119 147 158 169 164 171 134
split_gain=4970.29 1156.39 783.83 421.748 377.638 336.748 302.699 285.099 289.027 276.366 278.177 338.133 275.623 258.057
threshold=0.0052305171266198167 257.50000000000006 16.500000000000004 1.0000000180025095e-35 598.71249389648449 213.55666351318362 8.0231628417968768 96.198432922363295 2.5409812927246098 1.0000000180025095e-35 197.50000000000003 2.3839694261550908 0.78656607866287243 19.746716499328617
decision_type=2 2 2 2 2 2 2 2 2 2 2 2 2 2
left_child=5 4 3 13 12 9 -5 8 -6 -1 -11 -12 -2 -3
right_child=1 2 -4 6 7 -7 -8 -9 -10 10 11 -13 -14 -15
leaf_value=-0.048010990420916271 -0.02293443686019192 0.095927811403132057 0.0048157108532823666 0.054103322113004795 0.07204306594875258 0.051371826842156403 0.099318961780888337 -0.055949663929871156 -0.0026451187618295614 -0.0387170782762754 0.1895396658675978 -0.0088105269788278651 0.025098026168924276 -0.04788150611367506
leaf_weight=2851.6025379747152 1285.6433981209993 34.6263777166605 954.52185216546059 2639.877939760685 360.1471524387598 104.86588448286057 437.58059430122375 74.488993912935257 200.2077766507864 1483.9841614589095 16.973190739750862 969.84820697456598 384.10159540176392 143.31432218104601
leaf_count=27263 9882 203 6428 13057 1859 645 1998 579 1174 13678 115 7626 2512 1025
internal_value=-0.000311552 0.0291211 0.0446921 0.0563591 0.000641517 -0.0356347 0.0606832 0.0333146 0.0455705 -0.0373956 -0.0250719 -0.00446062 -0.0118433 -0.01804
internal_weight=11941.8 6514.51 4209.92 3255.4 2304.59 5427.27 3077.46 634.844 560.355 5322.41 2470.81 986.821 1669.74 177.941
internal_count=88044 38717 22711 16283 16006 49327 15055 3612 3033 48682 21419 7741 12394 1228
is_linear=0
shrinkage=0.05


Tree=10
num_leaves=15
num_cat=0
split_feature=144 171 169 158 148 66 28 99 118 115 89 165 119 114
split_gain=4536.7 1056.38 864.438 591.638 445.686 319.182 310.528 276.316 283.122 384.805 212.975 200.342 192.831 290.328
threshold=0.0052305171266198167 -0.6035533845424651 206.50000000000003 1.0000000180025095e-35 814.06219482421886 7.5000000000000009 213.55666351318362 7.667037010192872 398.62666320800787 66.011665344238295 32.921667098999031 6.5000000000000009 29.61001014709473 10.355289459228517
decision_type=2 2 2 2 2 2 2 2 2 2 2 2 2 2
left_child=6 5 12 -4 -5 -2 7 -1 9 -9 -8 -7 13 -3
right_child=1 2 3 4 -6 11 10 8 -10 -11 -12 -13 -14 -15
leaf_value=-0.052264640042012568 -0.029684798059274389 -0.021255433978003748 -0.026040339900858234 0.0273014333502727 0.063722745181482868 0.042703731111764828 0.10491992569443694 0.059039460562116702 -0.043242319897326569 -0.021506240989699776 -0.031996115318179516 -0.0081480805493509608 -0.018533374237981289 0.15232051700120691
leaf_weight=1822.7738752216101 820.25351969152689 51.35539348423481 252.91256074607372 1231.266386218369 2718.5751174911857 349.50382193922997 61.797895014286041 158.56306085735559 1591.1817724406719 1600.1188250184059 46.186915442347527 424.05163644254208 692.93506257981062 38.689952753484249
leaf_count=17977 6329 392 1856 6589 13176 1950 352 1302 15414 13989 293 2853 5292 280
internal_value=-0.00031915 0.0273757 0.038694 0.0476714 0.0524182 -0.00804023 -0.0348196 -0.0365831 -0.027985 -0.0140974 0.0475342 0.0149542 -0.00949018 0.0574149
internal_weight=11860.2 6579.54 4985.73 4202.75 3949.84 1593.81 5280.62 5172.64 3349.86 1758.68 107.985 773.555 782.98 90.0453
internal_count=88044 38717 27585 21621 19765 11132 49327 48682 30705 15291 645 4803 5964 672
is_linear=0
shrinkage=0.05


Tree=11
num_leaves=15
num_cat=0
split_feature=127 151 169 171 148 166 27 159 163 102 134 159 83 145
split_gain=4154.59 972.858 553.17 480.269 572.041 443 352.103 350.999 337.457 315.469 304.384 291.423 226.185 208.095
threshold=3.0066666603088383 6.5000000000000009 194.50000000000003 -0.37940952181816096 814.06219482421886 7.5000000000000009 29.013333320617679 1.9982638955116274 9592.0000000000018 48.024562835693366 38.201015472412116 667.77780151367199 4.9949998855590829 1257.9085083007815
decision_type=2 2 2 2 2 2 2 2 2 2 2 2 2 2
left_child=2 -2 -1 13 9 7 -6 10 -7 -5 -4 -9 -10 -3
right_child=1 3 5 4 6 8 -8 11 12 -11 -12 -13 -14 -15
leaf_value=-0.041378200864929611 -0.0074588058650349376 0.0036241846747363639 0.19221959339719819 0.047889134700112912 0.085731718041352517 -0.031598507324295116 0.045723782799238666 -0.0034302558208666625 -0.03088634213599847 -0.013110067979854367 -0.043995788932381839 0.079192764737199661 0.1535490685353802 0.051157508192791003
leaf_weight=3539.8169443905354 1266.5622096732259 911.46138672530651 42.936754710972309 419.90527458488941 1129.3359386175871 1599.876745171845 1114.8373847454786 833.63971450179815 24.984202697873116 419.56076757609844 16.81004523485899 117.33450170606375 37.395625025033951 303.47843401134014
leaf_count=35274 8928 5863 277 2043 5146 13585 5248 6407 141 2520 156 575 215 1666
internal_value=-0.000329959 0.0310319 -0.0284249 0.0423686 0.0528498 -0.0112256 0.0660028 0.0148329 -0.0270672 0.0175049 0.127494 0.00712494 0.0828691 0.0156585
internal_weight=11777.9 5565.14 6212.79 4298.58 3083.64 2672.98 2244.17 1010.72 1662.26 839.466 59.7468 950.974 62.3798 1214.94
internal_count=88044 31414 56630 22486 14957 21356 10394 7415 13941 4563 433 6982 356 7529
is_linear=0
shrinkage=0.05


Tree=12
num_leaves=15
num_cat=0
split_feature=144 171 169 143 172 118 158 60 169 164 165 64 164 171
split_gain=3829.44 860.167 685.283 520.025 382.993 335.844 306.338 282.866 265.702 286.86 259.575 255.734 212.625 203.712
threshold=0.0052305171266198167 -0.6035533845424651 206.50000000000003 2.4604594707489018 -0.37940952181816096 156.29000091552737 1.0000000180025095e-35 7.5000000000000009 197.50000000000003 2.3839694261550908 6.5000000000000009 6.5000000000000009 663.18234252929699 -0.37940952181816096
decision_type=2 2 2 2 2 2 2 2 2 2 2 2 2 2
left_child=6 7 -3 5 -5 -4 -1 -2 12 -10 -9 -11 -8 -14
right_child=1 2 3 4 -6 -7 8 10 9 11 -12 -13 13 -15
leaf_value=-0.044997527123500997 -0.028301852006400858 -0.0088613442223304875 -0.012965335268398499 0.041039094640070571 0.088472433896782304 0.035827911921017766 -0.039168621461602493 0.047180401430324509 0.17205643834422635 -0.024229368268933446 -0.011116152106230759 0.028182457274716965 0.15610742000520489 -0.012378457463380633
leaf_weight=2646.4090733677149 808.87373895943165 772.17966333776712 418.37775094807148 924.8960607200861 810.46473461389542 2166.3222860917449 1296.714662656188 329.02570647001266 18.48891319334507 620.07545028626919 442.32736206054688 365.90575758367777 22.456246837973595 49.87665656208992
leaf_count=27594 6321 5964 2371 4278 3494 11478 13074 1792 115 5189 3019 2684 190 481
internal_value=-0.000329838 0.0244822 0.0344748 0.0422221 0.0633824 0.0279201 -0.0333014 -0.00772585 -0.0201934 -0.000644624 0.0138943 -0.00473485 -0.0344817 0.0466404
internal_weight=11692.4 6672.47 5092.24 4320.06 1735.36 2584.7 5019.93 1580.23 2373.52 1004.47 771.353 985.981 1369.05 72.3329
internal_count=88044 38717 27585 21621 7772 13849 49327 11132 21733 7988 4811 7873 13745 671
is_linear=0
shrinkage=0.05


Tree=13
num_leaves=15
num_cat=0
split_feature=144 169 166 145 163 88 165 119 101 115 103 165 169 119
split_gain=3502.39 793.811 591.56 350.488 323.69 339.68 307.31 311.943 301.4 450.667 322.504 343.131 270.834 246.398
threshold=0.0052305171266198167 263.50000000000006 16.500000000000004 598.71249389648449 1353.5000000000002 30.715000152587894 11.500000000000002 50.951236724853523 13.8792781829834 71.073333740234389 463.29666137695318 10.500000000000002 340.50000000000006 96.198432922363295
decision_type=2 2 2 2 2 2 2 2 2 2 2 2 2 2
left_child=8 3 4 6 12 -6 -2 -8 -1 10 11 -10 -3 -5
right_child=1 2 -4 13 5 -7 7 -9 9 -11 -12 -13 -14 -15
leaf_value=-0.047024722704264221 -0.033238345565927772 0.072120251649548869 0.00079816299317106106 0.039962822060835512 0.051849851474789981 0.011373106333775359 0.040736191631819213 -0.015961204479812457 0.03193668467039934 -0.026486974863726226 -0.049991788064621456 0.21704161339488925 -0.061193903823845854 -0.055607869076388608
leaf_weight=2064.3704193234444 823.04613038897514 1115.1799598410726 910.56249340623617 652.1865770816803 1216.9239068850875 906.2285563647747 415.60165506601334 568.79801895469427 63.137818291783333 2681.0229775011539 41.684760004281998 38.912786453962326 35.816796019673347 70.77388883382082
leaf_count=21838 6687 5153 6054 3321 5764 4306 2691 3984 496 26267 448 278 178 579
internal_value=-0.000330819 0.0231012 0.0364562 0.000986715 0.0463565 0.0346404 -0.0107853 0.00806065 -0.0325049 -0.0218292 0.0630189 0.109359 0.067725 0.0302893
internal_weight=11604.2 6715.12 4184.71 2530.41 3274.15 2123.15 1807.45 984.4 4889.13 2824.76 143.735 102.051 1151 722.96
internal_count=88044 38717 21455 17262 15401 10070 13362 6675 49327 27489 1222 774 5331 3900
is_linear=0
shrinkage=0.05


Tree=14
num_leaves=15
num_cat=0
split_feature=127 154 169 171 148 166 159 164 99 154 28 134 18 164
split_gain=3224.52 752.137 491.73 397.28 444.528 381.267 355.859 351.163 292.825 292.811 292.784 247.474 242.492 199.188
threshold=3.0066666603088383 6.5000000000000009 194.50000000000003 -0.37940952181816096 814.06219482421886 8.5000000000000018 1.9982638955116274 1037.3819580078127 62.96960639953614 104.50000000000001 48.073333740234382 38.201015472412116 19.998332977294925 849.75833129882824
decision_type=2 2 2 2 2 2 2 2 2 2 2 2 2 2
left_child=2 -2 13 -3 8 6 11 -7 -5 -8 -6 -4 -9 -1
right_child=1 3 5 4 10 7 9 12 -10 -11 -12 -13 -14 -15
leaf_value=-0.040821536948196027 -0.012080451103620741 0.011628295514742567 0.16603824908883652 0.029720506619588655 0.067424820082074621 -0.03403693158791983 -0.011299708667839836 0.10568395750495196 -0.03706546564299959 0.048496766549355294 0.029591499290193547 -0.043058919368708828 -0.042074599888080447 0.063666882889673648
leaf_weight=3203.6111760884523 1032.5605367869139 1308.1942161172628 53.213756211102009 730.08661898970604 1643.6820709258318 1354.5632666796446 783.83896048367023 75.324251994490623 206.71357917785645 271.52934801578522 759.13227160274982 16.357222512364388 39.044622309505939 41.997996114194393
leaf_count=34894 7639 8033 317 3650 7220 12279 6322 462 1343 1508 3529 168 300 380
internal_value=-0.000336207 0.0264732 -0.0264154 0.0350421 0.0441826 -0.0101568 0.0117203 -0.0268937 0.014865 0.0042411 0.0555582 0.117285 0.0555909 -0.0393736
internal_weight=11519.8 5680.37 5839.48 4647.81 3339.61 2593.87 1124.94 1468.93 936.8 1055.37 2402.81 69.571 114.369 3245.61
internal_count=88044 31414 56630 23775 15742 21356 8315 13041 4993 7830 10749 485 762 35274
is_linear=0
shrinkage=0.05


Tree=15
num_leaves=15
num_cat=0
split_feature=144 139 156 101 157 75 99 118 91 162 115 118 169 77
split_gain=2962.46 670.625 462.763 394.156 321.642 342.828 302.692 264.372 386.241 367.187 319.703 252.934 226.802 219.524
threshold=0.0052305171266198167 0.83361113071441661 40.010416030883796 9.087588310241701 1396.5000000000002 1220.5000000000002 7.667037010192872 429.31333923339849 177.9866638183594 5.8157243728637704 66.011665344238295 511.14666748046881 306.50000000000006 7.5000000000000009
decision_type=2 2 2 2 2 2 2 2 2 2 2 2 2 2
left_child=6 2 3 13 5 -4 -1 8 10 -9 -8 -6 -11 -2
right_child=1 -3 4 -5 11 -7 7 9 -10 12 -12 -13 -14 -15
leaf_value=-0.048966698150450724 0.024072959219220411 0.053673718095153922 0.027118159782524562 -0.0093772205326936621 -0.036660966836058718 0.12040001018690541 0.045908565847734395 0.15273179691192282 0.097029073939022617 -0.046705713853759219 -0.022088378617568301 0.097674503211806582 0.12660746796858 0.16126120289258106
leaf_weight=1560.1640425920486 71.729684680700302 1255.8315697610378 2855.3590283468366 2114.1450314298272 296.49639434367418 97.578047826886177 188.55943468213081 19.407530426979065 75.449475355446339 1165.1392430588603 1633.2118783593178 34.8067946434021 14.518429964780806 46.731605246663094
leaf_count=18044 464 5673 15067 14951 1667 447 1599 226 609 12861 15916 170 72 278
internal_value=-0.000336127 0.0207659 0.013233 -0.00432707 0.0251587 0.0303989 -0.0310177 -0.0219092 -0.0102477 -0.0402413 -0.0149441 -0.0213053 -0.0440473 0.0825312
internal_weight=11429.1 6772.68 5516.85 2232.61 3284.24 2952.94 4656.45 3096.29 1897.22 1199.07 1821.77 331.303 1179.66 118.461
internal_count=88044 38717 33044 15693 17351 15514 49327 31283 18124 13159 17515 1837 12933 742
is_linear=0
shrinkage=0.05


Tree=16
num_leaves=15
num_cat=0
split_feature=127 154 169 166 157 157 69 164 108 100 97 18 95 67
split_gain=2722.31 618.016 455.391 350.945 345.389 327.733 293.298 282.743 281.294 366.544 266.477 226.59 195.319 172.914
threshold=3.0066666603088383 6.5000000000000009 194.50000000000003 7.5000000000000009 1401.5000000000002 170.50000000000003 542.50000000000011 1037.3819580078127 1.2497222423553469 42.593334197998054 64.053333282470717 19.998332977294925 4.4369399547576913 51.500000000000007
decision_type=2 2 2 2 2 2 2 2 2 2 2 2 2 2
left_child=2 -2 12 8 5 10 -7 -5 13 -10 -3 -9 -1 -4
right_child=1 4 3 7 -6 6 -8 11 9 -11 -12 -13 -14 -15
leaf_value=-0.048373728037004154 -0.011383967099402276 0.042392184900719651 -0.047012575914171011 -0.030895052314734939 -0.021445357570519085 0.049827177028551717 -0.042787778475800106 0.090803125206305957 0.16791813446603554 0.020161727769094754 0.0040404330181580562 -0.04379120752614251 -0.022476254777854573 0.067843788024099821
leaf_weight=1838.0144789069891 1020.2369116395712 741.56907197833061 224.33357352018356 1410.1067870780826 286.32411494851112 2454.9547992646694 84.921575427055359 85.503950007259846 39.83299844712019 703.97436974197626 1154.5919611304998 44.053530648350716 1228.2253295630217 33.719063714146614
leaf_count=21756 7639 3832 2229 13107 1578 11711 400 486 243 4747 6254 348 13518 196
internal_value=-0.000327047 0.0238604 -0.0250953 -0.00941761 0.0314788 0.034915 0.0466526 -0.0243741 0.0135746 0.0291429 0.0191115 0.0451103 -0.0380536 -0.0310003
internal_weight=11350.4 5742.6 5607.76 2541.52 4722.36 4436.04 2539.88 1539.66 1001.86 743.807 1896.16 129.557 3066.24 258.053
internal_count=88044 31414 56630 21356 23775 22197 12111 13941 7415 4990 10086 834 35274 2425
is_linear=0
shrinkage=0.05


Tree=17
num_leaves=15
num_cat=0
split_feature=144 171 123 118 100 101 115 129 159 100 103 165 66 97
split_gain=2506.55 605.516 466.765 349.787 389.287 298.296 393.552 297.478 287.618 245.725 245.459 233.785 217.061 207.468
threshold=0.0052305171266198167 -0.6035533845424651 3.2829166650772099 146.78666687011722 321.08000183105474 13.8792781829834 71.073333740234389 0.45187500119209295 517.01217651367199 56.32500076293946 463.29666137695318 10.500000000000002 7.5000000000000009 27.001667022705082
decision_type=2 2 2 2 2 2 2 2 2 2 2 2 2 2
left_child=5 12 7 8 -5 -1 10 -3 -4 -9 11 -7 -2 -8
right_child=1 2 3 4 -6 6 13 9 -10 -11 -12 -13 -14 -15
leaf_value=-0.045070272085195623 -0.027353884741317565 0.046420259943657782 -0.024682978054217104 0.052911730837320425 0.014663765052041528 0.029949562213351946 -0.051056880689301143 0.065526276425643473 0.068892877202202579 -0.014946747865891044 -0.048351415010479883 0.1765648816510873 0.0096329324185922029 -0.01578330067006263
leaf_weight=1824.0573096573353 771.07086113095284 311.71738557517529 367.88945401459932 2342.3668398857117 935.15767825394869 64.144027650356293 529.17598827928305 98.850344009697437 100.3219193816185 1097.6082952693105 36.157367944717407 45.671174824237823 807.47993870824575 1939.6406279951334
leaf_count=21838 6329 1709 2030 10962 4502 496 6076 490 425 7467 448 278 4803 20191
internal_value=-0.000328895 0.0186716 0.0268246 0.0362706 0.0420376 -0.0295633 -0.0186804 0.0033219 -0.00411675 -0.00805311 0.0597961 0.0959593 -0.00846325 -0.0234319
internal_weight=11271.3 6832.46 5253.91 3745.74 3277.52 4438.85 2614.79 1508.18 468.211 1196.46 145.973 109.815 1578.55 2468.82
internal_count=88044 38717 27585 17919 15464 49327 27489 9666 2455 7957 1222 774 11132 26267
is_linear=0
shrinkage=0.05


Tree=18
num_leaves=15
num_cat=0
split_feature=144 169 166 158 164 104 141 145 165 127 169 164 164 106
split_gain=2296 562.759 445.445 296.635 289.248 307.897 260.132 247.912 253.78 271.518 218.002 246.462 236.1 227.038
threshold=0.0052305171266198167 263.50000000000006 17.500000000000004 1.0000000180025095e-35 270.84629821777349 146.11090850830081 8.0231628417968768 598.71249389648449 11.500000000000002 87.001667022705092 197.50000000000003 2.3839694261550908 849.75833129882824 38.78166580200196
decision_type=2 2 2 2 2 2 2 2 2 2 2 2 2 2
left_child=3 7 4 -1 6 -6 -3 8 -2 -10 12 -12 -5 -13
right_child=1 2 -4 10 5 -7 -8 -9 9 -11 11 13 -14 -15
leaf_value=-0.041650795341622984 -0.032152532424660082 0.041556392566310864 -0.0050470329645480741 -0.032125540384599575 0.032152595360148542 -0.020285748915463326 0.093201014695024051 0.023083628020109489 -0.00099465065459335101 0.10726757532269982 0.15772159975737041 -0.020573545750656442 0.17657960062383218 0.030183791048576505
leaf_weight=2203.0217966586351 792.3300760909915 1559.1797470077872 798.63697227090597 1165.8224492296576 1320.3232921436429 351.18520752340555 290.41114954650402 746.43576522171497 939.32177283614874 56.713534712791443 19.849302798509598 590.83944904059172 8.8136764988303167 344.58322761207819
leaf_count=27594 6687 7307 5190 13669 6112 1624 1222 3900 6362 313 115 5071 76 2802
internal_value=-0.000328059 0.0176769 0.0286411 -0.0287989 0.0362784 0.0211076 0.0498947 -0.00102753 -0.0111275 0.00567472 -0.0154394 0.00230402 -0.0298177 -0.00181491
internal_weight=11187.5 6854.54 4319.74 4332.93 3521.1 1671.51 1849.59 2534.8 1788.37 996.035 2129.91 955.272 1174.64 935.423
internal_count=88044 38717 21455 49327 16265 7736 8529 17262 13362 6675 21733 7988 13745 7873
is_linear=0
shrinkage=0.05


Tree=19
num_leaves=15
num_cat=0
split_feature=127 60 169 8 166 148 159 134 164 9 159 133 104 158
split_gain=2103.18 496.522 407.61 357.164 309.656 305.482 303.333 294.764 290.186 287.63 264.383 274.966 244.363 268.036
threshold=3.0066666603088383 2.5000000000000004 194.50000000000003 29.003333091735843 8.5000000000000018 814.06219482421886 1.9982638955116274 14.66415596008301 1037.3819580078127 14.996666431427004 40.585069656372077 97.220001220703139 55.002502441406257 89.118110656738295
decision_type=2 2 2 2 2 2 2 2 2 2 2 2 2 2
left_child=2 12 -1 10 6 7 -4 -5 -6 -7 11 -3 13 -2
right_child=1 3 4 5 8 9 -8 -9 -10 -11 -12 -13 -14 -15
leaf_value=-0.036083854670939351 0.0043851716984505641 -0.059104755281647429 0.10704552030919284 0.059172316141128535 -0.031392835288882023 -0.0071624985649525047 0.004216838351639331 -0.026671089523884181 0.048963500571368383 0.03587333788654707 0.060810904087919351 0.044869747127714632 -0.030152304204161481 0.11880612273018357
leaf_weight=2823.3295996338129 748.34304810315371 99.294990316033363 72.108626209199429 117.57753487676382 1239.3740681782365 482.71937182545662 1033.5991816446185 540.32772615551949 119.04739405959845 1948.0862933322787 1086.5633435770869 157.96567762643099 584.43113692104816 49.978808179497719
leaf_count=35274 4941 588 485 630 12279 2398 7830 3124 762 9152 5029 810 4469 273
internal_value=-0.000319172 0.0204232 -0.0231299 0.0285758 -0.00824457 0.0191612 0.0113745 -0.010999 -0.0241969 0.0273299 0.0500635 0.00437694 -0.00571957 0.0122434
internal_weight=11102.7 5815.29 5287.46 4432.53 2464.13 3088.71 1105.71 657.905 1358.42 2430.81 1343.82 257.261 1382.75 798.322
internal_count=88044 31414 56630 21731 21356 15304 8315 3754 13041 11550 6427 1398 9683 5214
is_linear=0
shrinkage=0.05


Tree=20
num_leaves=15
num_cat=0
split_feature=144 171 169 99 141 8 104 80 118 162 91 115 97 169
split_gain=1950.18 495.826 370.398 300.843 299.401 445.927 256.463 308.058 249.654 350.836 322.948 282.703 226.032 200.296
threshold=0.0052305171266198167 -0.6035533845424651 261.50000000000006 7.667037010192872 5.2186717987060556 34.979999542236335 54.181020736694343 37.923332214355476 429.31333923339849 5.8157243728637704 177.9866638183594 66.011665344238295 359.04833984375006 306.50000000000006
decision_type=2 2 2 2 2 2 2 2 2 2 2 2 2 2
left_child=3 -2 6 -1 5 -4 7 -3 10 -10 11 -5 -8 -11
right_child=1 2 4 8 -6 -7 12 -9 9 13 -12 -13 -14 -15
leaf_value=-0.046990203013034637 -0.0086570780931719288 0.044962380050369233 0.050702191628660298 0.045932882078827342 0.066489178573687371 0.01050103634915873 -0.01805595575028926 -0.042778334922812675 0.14950739672147051 -0.044553899790811931 0.089278011698802395 -0.018550265758001526 0.041712431413446438 0.11472501096062843
leaf_weight=1327.1876641735435 1569.7839706689119 564.43763288110495 1140.1278826743364 186.79497297853231 556.93650256097317 1743.5875473245978 1002.4599330574274 117.19638328999281 19.779130607843399 1015.3725616186857 78.788535453379154 1500.7377781644464 182.79725625365973 15.480410590767859
leaf_count=18044 11132 3277 5209 1599 2291 8126 6989 661 226 12861 609 15916 1032 72
internal_value=-0.000315409 0.0160078 0.0233041 -0.0273909 0.0330228 0.0264555 0.0053522 0.0296751 -0.0180899 -0.0373305 -0.00657231 -0.0112979 -0.00870163 -0.0416198
internal_weight=11021.5 6877.33 5307.54 4144.14 3440.65 2883.72 1866.89 681.634 2816.95 1050.63 1766.32 1687.53 1185.26 1030.85
internal_count=88044 38717 27585 49327 15626 13335 11959 3938 31283 13159 18124 17515 8021 12933
is_linear=0
shrinkage=0.05


Tree=21
num_leaves=15
num_cat=0
split_feature=144 139 145 101 99 169 118 162 106 115 162 69 60 169
split_gain=1786.6 459.411 319.126 388.148 293.899 268.619 237.531 308.142 286.911 268.686 254.51 228.696 243.866 185.202
threshold=0.0052305171266198167 0.83361113071441661 574.67276000976574 9.087588310241701 7.667037010192872 261.50000000000006 429.31333923339849 5.8157243728637704 122.6083335876465 66.011665344238295 253.93179321289065 547.50000000000011 2.5000000000000004 306.50000000000006
decision_type=2 2 2 2 2 2 2 2 2 2 2 2 2 2
left_child=4 2 3 -2 -1 -5 8 -8 9 -6 -10 12 -4 -9
right_child=1 -3 11 5 6 -7 7 13 10 -11 -12 -13 -14 -15
leaf_value=-0.046478766955193325 0.076709196056507042 0.04211626137072564 -0.023562431553018404 -0.018735146897607132 0.042369769832877838 0.008561122914673638 0.13011217254512736 -0.043954079421452449 0.015534109485366099 -0.019872567523099974 0.15857578941145031 -0.065290460341191792 0.037862439993386204 0.10719108538536844
leaf_weight=1276.0560285076499 158.29774837195873 1282.4995037317276 178.79535602033138 1466.6399882808328 192.64085133373737 2320.7977301031351 22.266018144786358 978.76764710247517 100.94701124727726 1420.917868770659 40.781300500035286 59.614562585949898 1424.1455037817359 16.075238689780235
leaf_count=18044 897 5673 1213 11673 1599 12237 226 12861 965 15320 240 283 6741 72
internal_value=-0.00030885 0.0151763 0.00898369 0.00123179 -0.0266521 -0.0020198 -0.0174591 -0.0366242 -0.00628139 -0.0123336 0.0606945 0.0273224 0.030959 -0.040988
internal_weight=10939.2 6890.79 5608.29 3945.74 4048.45 3787.44 2772.4 1017.11 1755.29 1613.56 141.728 1662.56 1602.94 994.843
internal_count=88044 38717 33044 24807 49327 23910 31283 13159 18124 16919 1205 8237 7954 12933
is_linear=0
shrinkage=0.05


Tree=22
num_leaves=15
num_cat=0
split_feature=127 166 169 159 114 86 166 117 97 167 119 66 99 164
split_gain=1643.9 411.614 359.781 328.009 299.957 292.439 285.289 248.462 356.718 246.956 250.628 238.661 230.521 221.284
threshold=3.0066666603088383 15.500000000000002 194.50000000000003 26.878472328186039 161.19728851318362 4.991666555404664 7.5000000000000009 25.344743728637699 23.080000877380375 1.5000000000000002 28.322472572326664 502.50000000000006 20.406389236450199 1037.3819580078127
decision_type=2 2 2 2 2 2 2 2 2 2 2 2 2 2
left_child=2 3 -1 4 5 -2 9 -3 -9 -4 -11 12 -5 -8
right_child=1 7 6 11 -6 -7 13 8 -10 10 -12 -13 -14 -15
leaf_value=-0.034162717110682556 0.048341417641834444 -0.038133887384575252 -0.032194867476866576 -0.040644219256992388 0.11658972030987058 -0.028923618498144323 -0.028047919272454341 0.14646600464081633 0.0020544583294671123 -0.015929322585303468 0.046064893159701019 -0.037555565818895895 0.036882768069913231 0.038362603008355284
leaf_weight=2607.666106030345 151.65513604879379 394.13932208716869 224.53850071877241 94.815903753042221 43.261138126254082 558.7137484177947 1283.845060326159 39.398677051067352 1164.8879138156772 232.69421130418777 523.68491099029779 114.48926013708115 3290.4425544068217 134.6075137257576
leaf_count=35274 873 2896 1943 455 202 3797 13107 269 7487 2088 3384 514 14921 834
internal_value=-0.000302898 0.0176856 -0.0213231 0.0258069 -0.00409285 -0.0122059 -0.00732673 -0.00393804 0.00736499 0.0133658 0.0270135 0.0322422 0.0346546 -0.0216331
internal_weight=10858.8 5851.8 5007.04 4253.38 753.63 710.369 2399.37 1598.43 1204.29 980.918 756.379 3499.75 3385.26 1418.45
internal_count=88044 31414 56630 20762 4872 4670 21356 10652 7756 7415 5472 15890 15376 13941
is_linear=0
shrinkage=0.05


Tree=23
num_leaves=15
num_cat=0
split_feature=144 171 123 101 115 118 100 131 159 67 97 97 103 165
split_gain=1510.38 405.793 304.271 292.657 300.322 270.699 323.682 243.771 227.372 225.12 215.004 209.376 237.484 168.256
threshold=0.0052305171266198167 -0.6035533845424651 3.2829166650772099 11.740466117858888 66.011665344238295 146.78666687011722 321.08000183105474 58.158578872680671 517.01217651367199 10.500000000000002 451.18666076660162 27.001667022705082 480.16667175292974 6.5000000000000009
decision_type=2 2 2 2 2 2 2 2 2 2 2 2 2 2
left_child=3 13 7 -1 9 8 -7 10 -4 -5 -3 -6 -13 -2
right_child=1 2 5 4 11 6 -8 -9 -10 -11 -12 12 -14 -15
leaf_value=-0.044223321122306418 0.011004916921571836 0.0040678940373188623 -0.026035773705984162 0.0092639071163164253 -0.048619459880155716 0.042488166433407783 0.008061538183135852 -0.050426274874272384 0.0565137948847413 0.13434973709451778 0.091771002193006712 -0.0018518321779539466 -0.042659781078486114 -0.022265196322984883
leaf_weight=1331.5730017200112 639.13664596527815 1245.6101740449667 368.61504176259041 112.43136586248875 493.23499742150307 2405.0547765120864 956.44526053965092 193.48655901104212 102.46372087299824 48.470079474151134 69.07542996108532 1417.4663079828024 471.54937118291855 923.80127624422312
leaf_count=19209 3958 7892 2030 1121 6704 10962 4502 1454 425 340 320 15711 6242 7174
internal_value=-0.000300761 0.013719 0.0202725 -0.0252656 -0.0152722 0.0277507 0.0327193 0.00124004 -0.00767557 0.0498583 0.00900618 -0.0197665 -0.0121243 -0.00866825
internal_weight=10778.4 6903.69 5340.75 3874.73 2543.15 3832.58 3361.5 1508.17 471.079 160.901 1314.69 2382.25 1889.02 1562.94
internal_count=88044 38717 27585 49327 30118 17919 15464 9666 2455 1461 8212 28657 21953 11132
is_linear=0
shrinkage=0.05


Tree=24
num_leaves=15
num_cat=0
split_feature=158 169 171 167 172 8 159 97 158 161 162 102 115 98
split_gain=1412.73 819.81 397.047 403.171 302.852 285.526 218.566 258.764 214.173 191.387 230.305 279.467 234.908 183.616
threshold=1.0000000180025095e-35 206.50000000000003 -0.37940952181816096 1.5000000000000002 -0.6035533845424651 1.0000000180025095e-35 68.758678436279311 15.00833320617676 2.9026072025299077 2.1349719762802128 46.817707061767585 143.65574645996097 38.686666488647468 74.559989929199233
decision_type=2 2 2 2 2 2 2 2 2 2 2 2 2 2
left_child=9 13 6 5 -5 -4 7 -3 -8 -1 11 12 -11 -2
right_child=1 2 3 4 -6 -7 8 -9 -10 10 -12 -13 -14 -15
leaf_value=-0.049412323748311039 -0.025950633646713368 0.089836123511799579 0.10145379881619672 0.013252381032892214 0.04601033354351209 -0.0033296378895311786 0.063952313777844452 -0.034696117642397849 0.0022239732958553166 0.11116504376978294 -0.038422536242267116 0.18021536884256747 -0.012677869785535204 0.013946444701333983
leaf_weight=1039.5815641544759 1576.8254197984934 40.231614165008068 63.726846612989902 1039.8536299839616 2224.7538278177381 1198.931091427803 159.78512643277645 568.84282113611698 956.98078279197216 35.945343635976315 842.40727794915438 16.117789432406425 587.36541640385985 349.31754442304373
leaf_count=16103 18078 313 329 5232 10838 6146 986 4454 5413 301 10006 191 6648 3006
internal_value=-0.000299052 0.00979023 0.0185733 0.026345 0.0356124 0.00233813 -0.00183083 -0.0258058 0.0113017 -0.0329824 -0.0213285 0.00131513 -0.00470824 -0.0186977
internal_weight=10700.7 8179.25 6253.11 4527.27 3264.61 1262.66 1725.84 609.074 1116.77 2521.42 1481.84 639.429 623.311 1926.14
internal_count=88044 54795 33711 22545 16070 6475 11166 4767 6399 33249 17146 7140 6949 21084
is_linear=0
shrinkage=0.05


Tree=25
num_leaves=15
num_cat=0
split_feature=158 169 166 167 166 158 66 131 161 162 102 115 98 161
split_gain=1304.08 741.287 362.643 260.93 352.988 241.594 222.025 205.901 190.055 218.575 326.016 200.826 169.872 243.208
threshold=1.0000000180025095e-35 206.50000000000003 16.500000000000004 1.5000000000000002 8.5000000000000018 0.55569973587989818 179.50000000000003 55.443994522094734 2.1349719762802128 46.817707061767585 146.99670410156253 38.686666488647468 74.559989929199233 163.31909179687503
decision_type=2 2 2 2 2 2 2 2 2 2 2 2 2 2
left_child=8 12 3 5 -5 -3 -4 -8 -1 10 11 -10 -2 -14
right_child=1 2 6 4 -6 -7 7 -9 9 -11 -12 -13 13 -15
leaf_value=-0.049031829607906127 -0.025169508814197768 0.11445667538170179 -0.014529034868899979 0.044410331002509199 0.012628199717478609 0.0011336270287503028 0.079561971012146487 -0.019120421063037057 0.099390927934790985 -0.037643314829223312 0.23334539983935676 -0.011657704608679197 0.039385501595008192 -0.050616565585522112
leaf_weight=996.39950305223465 1545.4395362436771 43.774213537573814 1116.7011795118451 2054.2276895046234 1526.7091900780797 1319.5723542794585 127.95132204890251 85.050915837287903 38.708789229393005 817.59191620349884 9.7939730510115606 590.4752293266356 251.00381425768137 101.40852453559637
leaf_count=16103 18078 252 7881 9789 7927 6706 672 484 301 10006 109 6730 2052 954
internal_value=-0.000291765 0.00930795 0.0175883 0.0238171 0.0308967 0.00517713 -0.00557515 0.0406237 -0.0322262 -0.0206015 0.00132689 -0.004096 -0.0180398 0.0131411
internal_weight=10624.8 8171.84 6273.99 4944.28 3580.94 1363.35 1329.7 213.002 2452.97 1456.57 638.978 629.184 1897.85 352.412
internal_count=88044 54795 33711 24674 17716 6958 9037 1156 33249 17146 7140 7031 21084 3006
is_linear=0
shrinkage=0.05


Tree=26
num_leaves=15
num_cat=0
split_feature=158 169 171 167 166 8 60 161 162 102 115 165 98 161
split_gain=1203.35 670.975 333.517 302.327 273.067 272.188 205.168 188.534 207.444 268.266 174.358 167.064 156.693 220.747
threshold=1.0000000180025095e-35 206.50000000000003 -0.6035533845424651 1.5000000000000002 8.5000000000000018 1.0000000180025095e-35 7.5000000000000009 2.1349719762802128 46.817707061767585 146.99670410156253 38.686666488647468 7.5000000000000009 74.559989929199233 163.31909179687503
decision_type=2 2 2 2 2 2 2 2 2 2 2 2 2 2
left_child=7 12 6 5 -5 -4 -3 -1 9 10 -9 -8 -2 -14
right_child=1 2 3 4 -6 -7 11 8 -10 -11 -12 -13 13 -15
leaf_value=-0.048653240548562099 -0.024399692104381115 -0.030937526149327838 0.093162994971599092 0.04188059806794376 0.014240952291957369 -0.0028573381709030296 0.031488647459077368 0.089647077960163954 -0.03686662885481562 0.1990812963618295 -0.011180987093159867 -0.015728685449718487 0.036580404275409754 -0.049930187406760432
leaf_weight=955.03250579535961 1515.4222946986556 503.49231364578009 73.179182641208172 2069.2913473248482 1583.091946542263 1315.0581528842449 409.48685776442289 41.243726015090942 793.79073244333267 11.711118564009665 585.21875985711813 337.60425259917974 256.96219988167286 97.82236260175705
leaf_count=16103 18078 4073 377 9789 8242 6822 2112 301 10006 109 6730 2296 2052 954
internal_value=-0.000284436 0.00885118 0.0166658 0.0223957 0.0299363 0.00252043 -0.00642616 -0.0314734 -0.019886 0.00135773 -0.0038856 0.0101888 -0.0174109 0.012365
internal_weight=10548.4 8161.41 6291.2 5040.62 3652.38 1388.24 1250.58 2387 1431.96 638.174 626.462 747.091 1870.21 354.785
internal_count=88044 54795 33711 25230 18031 7199 8481 33249 17146 7140 7031 4408 21084 3006
is_linear=0
shrinkage=0.05


Tree=27
num_leaves=15
num_cat=0
split_feature=127 157 157 160 169 160 110 27 167 65 166 127 103 160
split_gain=1117.54 342.296 347.822 325.174 338.638 304.963 243.6 234.077 256.442 250.866 211.569 327.277 218.29 182.539
threshold=3.0066666603088383 170.50000000000003 1401.5000000000002 6.5000000000000009 239.50000000000003 16.500000000000004 0.98755204677581798 34.006666183471687 3.5000000000000004 502.50000000000006 17.500000000000004 7.0066666603088388 284.53999328613287 437.00000000000006
decision_type=2 2 2 2 2 2 2 2 2 2 2 2 2 2
left_child=3 10 7 -1 6 -6 -5 9 -9 -3 13 12 -12 -2
right_child=1 2 -4 4 5 -7 -8 8 -10 -11 11 -13 -14 -15
leaf_value=-0.051025516024813491 0.01406829147138766 0.047993562054527927 -0.025350504720496173 -0.042884862769369647 0.10832939715780002 0.0022986771923406367 -0.011731646614744504 -0.008437219962576608 0.038652088966042553 -0.061880529897496997 -0.047437486937043173 -0.040761196677560119 0.12501050963228647 -0.027029757353574907
leaf_weight=660.41028729826212 1997.0106085166335 1501.576345294714 293.44202122092247 983.66034184396267 67.004752617329359 1169.8255545794964 1733.3827661983669 592.52717424184084 556.93640771508217 49.675125360488892 24.31504875421524 483.17146982997656 49.854036375880241 307.61851300299168
leaf_count=11449 11094 7080 1615 14202 514 9001 21464 2828 2420 242 228 3892 357 1658
internal_value=-0.000279334 0.0142155 0.0260192 -0.0186706 -0.0132088 0.00845589 -0.0230682 0.0316372 0.014447 0.0442876 0.00184275 -0.0256637 0.0690509 0.00853594
internal_weight=10470.4 5856.13 2994.16 4614.28 3953.87 1236.83 2717.04 2700.72 1149.46 1551.25 2861.97 557.341 74.1691 2304.63
internal_count=88044 31414 14185 56630 45181 9515 35666 12570 5248 7322 17229 4477 585 12752
is_linear=0
shrinkage=0.05


Tree=28
num_leaves=15
num_cat=0
split_feature=158 169 141 8 117 102 102 101 100 161 160 164 115 169
split_gain=1042.49 577.043 221.939 326.93 347.834 241.146 213.722 235.199 241.736 235.964 187.38 231.708 221.568 234.338
threshold=1.0000000180025095e-35 263.50000000000006 8.0231628417968768 34.979999542236335 26.348217964172367 225.664176940918 102.23970031738283 43.043739318847663 66.026668548583999 217.19181060791018 42.500000000000007 85.541713714599624 172.36499786376956 194.50000000000003
decision_type=2 2 2 2 2 2 2 2 2 2 2 2 2 2
left_child=10 6 3 5 -5 -3 7 8 -2 -9 -1 12 -12 -14
right_child=1 2 -4 4 -6 -7 -8 9 -10 -11 11 -13 13 -15
leaf_value=-0.045148017269165043 0.021457856163541747 0.037957748242961262 0.050078467703943599 -0.031420798301789503 0.014268099338839393 -0.073856946045351937 -0.043311736377864257 0.026108828080105857 -0.022825291998319133 -0.022512760356299732 -0.012822894894765966 -0.032585048462928479 0.016610271729392657 0.15013914237315584
leaf_weight=1086.2582689002156 381.2409230619669 1448.6377993524075 532.39602325856686 519.77511361241341 2016.6845614910126 45.376551948487759 358.43964196741581 961.49227824807167 1532.0674397051334 332.08715362101793 276.08801218867302 768.02068466693163 97.707203388214111 45.659715883433819
leaf_count=18285 3176 7480 2340 2893 9980 218 4015 7630 14425 2638 3226 10215 1178 345
internal_value=-0.00028026 0.00809433 0.0198615 0.015813 0.00486207 0.0343267 -0.00697194 -0.00284907 -0.0139686 0.0135881 -0.03017 -0.0163368 0.013447 0.0627633
internal_weight=10401.9 8128.2 4562.87 4030.47 2536.46 1494.01 3565.33 3206.89 1913.31 1293.58 2273.73 1187.48 419.455 143.367
internal_count=88044 54795 22911 20571 12873 7698 31884 27869 17601 10268 33249 14964 4749 1523
is_linear=0
shrinkage=0.05


Tree=29
num_leaves=15
num_cat=0
split_feature=158 169 171 167 166 8 160 164 101 116 160 159 141 103
split_gain=961.631 536.867 286.621 253.878 246.433 231.638 183.48 216.011 259.953 227.873 182.102 178.638 184.85 153.483
threshold=1.0000000180025095e-35 206.50000000000003 -0.6035533845424651 1.5000000000000002 8.5000000000000018 1.0000000180025095e-35 42.500000000000007 79.892024993896499 38.867090225219734 44.277135848999031 54.500000000000007 70.706600189208999 0.32240161299705511 75.73166656494142
decision_type=2 2 2 2 2 2 2 2 2 2 2 2 2 2
left_child=6 13 11 5 -5 -4 -1 8 -8 -10 -9 -3 -13 -2
right_child=1 2 3 4 -6 -7 7 10 9 -11 -12 12 -14 -15
leaf_value=-0.044641609443834621 0.070077084092600189 -0.033093881954098188 0.084267233041347311 0.038089360664827591 0.011918260313672636 -0.0033716422418372765 -0.014133484068651316 0.14799599077662903 0.17513161677673522 0.028517339359784823 -0.034329361910327864 0.026492098223629475 -0.021270265165164427 -0.01863947209966229
leaf_weight=1044.7631370276213 45.304817855358124 422.67640186846256 74.972878709435463 2076.0895317569375 1595.47245375067 1313.3592683896422 272.03619405254722 9.0960866436362249 32.769295368343592 97.718288064002991 758.89389242231846 483.04400827735662 341.61661411821842 1770.599714897573
leaf_count=18285 427 3609 377 9789 8242 6822 3254 93 265 1038 10314 2969 1903 20657
internal_value=-0.00028077 0.00768546 0.0145811 0.0198694 0.0267484 0.00164645 -0.0294434 -0.0157458 0.0138111 0.0704408 -0.0312266 -0.0068646 0.00669754 -0.0162397
internal_weight=10338.4 8123.14 6307.23 5059.89 3671.56 1388.33 2215.28 1170.51 402.524 130.488 767.99 1247.34 824.661 1815.9
internal_count=88044 54795 33711 25230 18031 7199 33249 14964 4557 1303 10407 8481 4872 21084
is_linear=0
shrinkage=0.05


Tree=30
num_leaves=15
num_cat=0
split_feature=25 160 169 157 95 157 27 65 162 97 117 129 160 164
split_gain=894.64 332.432 302.356 289.977 283.586 255.603 241.686 245.696 230.675 226.4 211.443 302.369 193.014 181.143
threshold=3.995000004768372 6.5000000000000009 242.50000000000003 170.50000000000003 0.98238003253936779 1401.5000000000002 34.006666183471687 449.50000000000006 60.520336151123054 64.816665649414077 25.344743728637699 5.5374133586883554 345.50000000000006 305.73187255859381
decision_type=2 2 2 2 2 2 2 2 2 2 2 2 2 2
left_child=1 -1 4 9 -3 6 7 -5 -8 10 11 -2 -12 -6
right_child=3 2 -4 5 13 -7 8 -9 -10 -11 12 -13 -14 -15
leaf_value=-0.050366708330433711 0.0491125723450756 -0.042021165008210994 0.0074295448296419035 0.047993437296948584 -0.01680013469041805 -0.023221262146952953 -0.069465409389066243 -0.059882369554916465 0.018828822864208353 -0.010297265481814944 0.054990348375466916 -0.047227616873917744 -0.0070868480800780871 0.020430234989227775
leaf_weight=590.87355311214924 125.83760698139668 969.63796412572265 1528.6910326853395 1349.9112552329898 1546.1213763430715 243.23997796326876 74.735380627214909 50.815202444791794 1038.4501455873251 1508.9046534709632 449.22551865875721 211.19591614976525 171.42310117930174 409.35617766529322
leaf_count=11497 739 14664 10849 6231 19192 1387 366 251 4693 8972 2384 1729 998 4092
internal_value=-0.000271038 -0.0152815 -0.0105756 0.0142256 -0.0199818 0.0253527 0.0300894 0.0438809 0.0126169 0.00176163 0.0207162 -0.0110651 0.037925 -0.00897417
internal_weight=10268.4 5044.68 4453.81 5223.74 2925.12 2757.15 2513.91 1400.73 1113.19 2466.59 957.682 337.034 620.649 1955.48
internal_count=88044 60294 48797 27750 37948 12928 11541 6482 5059 14822 5850 2468 3382 23284
is_linear=0
shrinkage=0.05


Tree=31
num_leaves=15
num_cat=0
split_feature=158 169 171 167 166 89 161 162 102 88 117 134 119 119
split_gain=826.752 458.114 256.926 227.145 253.108 223.318 179.529 182.41 209.089 160.975 158.935 262.814 151.591 224.663
threshold=1.0000000180025095e-35 206.50000000000003 -0.7865660786628722 1.5000000000000002 8.5000000000000018 67.958332061767592 2.1349719762802128 46.817707061767585 146.99670410156253 203.34833526611331 11.70431709289551 75.042999267578139 86.486125946044936 83.135375976562514
decision_type=2 2 2 2 2 2 2 2 2 2 2 2 2 2
left_child=6 12 -3 5 -5 -4 9 8 -8 -1 11 -9 13 -2
right_child=1 2 3 4 -6 -7 7 10 -10 -11 -12 -13 -14 -15
leaf_value=-0.049649342425262269 -0.011321608655590877 -0.012286688116507183 0.010361276736973561 0.035552633002391934 0.010262230974795717 -0.037580718353076234 -0.001989902175484387 -0.028672279114272416 0.16631279204866983 0.12671274786134051 -0.040745606210494389 0.19155106176385417 -0.045991461891862061 0.12181623636800545
leaf_weight=778.86027659475803 1427.9510693997145 845.07391209900379 1194.6512284241617 2078.8410415053368 1894.2489755228162 299.5723252594471 601.90087487176061 37.458556160330772 14.034519977867602 8.5200303681194764 655.1654382199049 15.33855267614126 324.86071135476232 27.423392824828625
leaf_count=16050 16627 5913 6186 9789 10118 1705 7031 520 109 53 9355 131 4223 234
internal_value=-0.000273866 0.00699853 0.013315 0.0172798 0.023523 0.000656254 -0.0281 -0.0167525 0.00315332 -0.0469534 -0.0339714 0.0463429 -0.015373 -0.00840443
internal_weight=10203.9 8092.62 6312.39 5467.31 3973.09 1494.22 2111.28 1323.9 615.935 787.38 707.963 52.7971 1780.24 1455.37
internal_count=88044 54795 33711 27798 19907 7891 33249 17146 7140 16103 10006 651 21084 16861
is_linear=0
shrinkage=0.05


Tree=32
num_leaves=15
num_cat=0
split_feature=25 160 60 169 95 8 142 117 112 66 28 79 100 164
split_gain=768.229 309.498 268.715 262.666 269.258 248.891 254.921 263.88 209.683 179.547 170.394 288.236 249.27 164.429
threshold=3.995000004768372 6.5000000000000009 2.5000000000000004 242.50000000000003 0.98238003253936779 29.970000267028812 379.67416381835943 26.348217964172367 42.489999771118171 7.5000000000000009 19.998332977294925 288.50000000000006 73.11999893188478 305.73187255859381
decision_type=2 2 2 2 2 2 2 2 2 2 2 2 2 2
left_child=1 -1 -2 4 -3 8 7 -7 -4 -10 11 -5 -12 -6
right_child=2 3 5 10 13 6 -8 -9 9 -11 12 -13 -14 -15
leaf_value=-0.049877450531794987 -0.0082903303194149444 -0.041138298764604508 0.057931269991649693 0.010863157298430398 -0.015911545796573875 -0.038352710022646487 0.052476525384761177 0.011540111252872314 -0.028729054872361954 0.03313138948632894 0.059647175254959141 0.1197551726842012 -0.036361306257504215 0.019520310185580241
leaf_weight=542.62654633074999 1143.4936221726239 919.77926328405738 630.8462125658989 1025.3609498739243 1513.2499513737857 295.46589924395084 323.85023434460163 2245.7952963188291 157.79363683611155 419.05915160477161 77.828558180481195 59.723081432282925 368.78889305517077 412.91829238831997
leaf_count=11497 8150 14664 2911 7346 19192 1640 1441 10839 918 1851 464 389 2650 4092
internal_value=-0.000263324 -0.0144286 0.0130991 -0.00998271 -0.0189564 0.0191073 0.0110475 0.00567528 0.0381036 0.0161085 0.00669807 0.0173784 -0.0191555 -0.00828504
internal_weight=10136.6 4920.28 5216.3 4377.65 2845.95 4072.81 2865.11 2541.26 1207.7 576.853 1531.7 1085.08 446.617 1926.17
internal_count=88044 60294 27750 48797 37948 19600 13920 12479 5680 2769 10849 7735 3114 23284
is_linear=0
shrinkage=0.05


Tree=33
num_leaves=15
num_cat=0
split_feature=158 169 148 28 162 87 116 130 102 101 161 100 161 79
split_gain=709.344 398.715 194.833 316.302 295.568 300.002 278.154 190.235 180.185 201.493 216.259 205.571 174.993 174.932
threshold=1.0000000180025095e-35 263.50000000000006 814.06219482421886 19.001667022705082 331.44197082519537 105.026668548584 13.988551139831545 374.25000000000006 102.23970031738283 43.043739318847663 217.19181060791018 66.026668548583999 2.1349719762802128 38.500000000000007
decision_type=2 2 2 2 2 2 2 2 2 2 2 2 2 2
left_child=12 8 3 6 7 -6 -3 -4 9 11 -11 -2 -1 -14
right_child=1 2 4 -5 5 -7 -8 -9 -10 10 -12 -13 13 -15
leaf_value=-0.046295115261224117 0.019190199487444066 -0.0162523687373765 0.041818451341718132 -0.036572914588877813 0.029064397792246593 -0.021429997892863182 0.03180746948613853 -0.01997689172732112 -0.04140965907410929 0.024344098703125774 -0.022603016462687947 -0.021659971169809694 -0.005695374820647213 -0.049955636429169059
leaf_weight=727.55826471373439 384.6098455786705 467.75103878229856 1593.5867230594158 391.25590857118368 598.4233016371727 569.08830221742392 827.43525819480419 132.17474210262299 327.14930337667465 964.00549950823188 324.07629335671663 1476.727931894362 1003.7853669188917 282.70835362374783
leaf_count=16103 3176 2415 7373 2379 2771 2742 4619 612 4015 7630 2638 14425 12674 4472
internal_value=-0.000258507 0.00637955 0.0160637 0.00254345 0.0239265 0.00446514 0.0144551 0.0370416 -0.00638225 -0.00268387 0.0124907 -0.0131903 -0.026761 -0.0155774
internal_weight=10070.3 8056.28 4579.72 1686.44 2893.27 1167.51 1295.19 1725.76 3476.57 3149.42 1288.08 1861.34 2014.05 1286.49
internal_count=88044 54795 22911 9413 13498 5513 7034 7985 31884 27869 10268 17601 33249 17146
is_linear=0
shrinkage=0.05


Tree=34
num_leaves=15
num_cat=0
split_feature=169 155 95 174 164 162 17 9 116 134 87 157 27 79
split_gain=666.947 404.95 315.006 214.809 181.206 338.335 303.352 250.409 176.744 149.84 244.292 158.325 180.133 152.282
threshold=194.50000000000003 1.0000000180025095e-35 4.4369399547576913 1.0000000180025095e-35 45.155931472778327 212.4119567871094 14.606667041778566 4.0016667842864999 89.069175720214858 4.7454826831817636 15.998333454132082 170.50000000000003 30.045000076293949 88.500000000000014
decision_type=2 2 2 2 2 2 2 2 2 2 2 2 2 2
left_child=2 9 -1 -3 6 -6 -4 -8 -7 10 -2 13 -13 -11
right_child=1 3 4 -5 5 8 7 -9 -10 11 -12 12 -14 -15
leaf_value=-0.041021974891683209 0.0051393799509353777 0.024577082673072168 -0.029166527423091268 0.0032499036041748796 -0.042039685015866475 0.0619858891294943 0.14436192181474392 0.026963995662130091 -0.013123383846272757 -0.010637882927930286 0.13388787443158251 0.036048255790437037 -0.023215396808556759 -0.043137433969861021
leaf_weight=1209.5545157268643 202.90197140723467 2834.6571899391711 162.50723591074347 2023.8511865064502 535.22235759720206 147.38137656822801 58.215938873589039 173.10969109460711 158.21782767027617 1466.9545512311161 40.139068096876144 312.76592411845922 210.54719979315996 475.21962836384773
leaf_count=22783 1807 14171 2537 10608 8182 1369 546 1867 1284 14234 260 1683 1283 5430
internal_value=-0.000261043 0.00707512 -0.0229412 0.0157055 -0.00513396 -0.0182157 0.0226735 0.0589378 0.0235143 -0.00840639 0.0286729 -0.0121122 0.0122104 -0.0186804
internal_weight=10011.2 7567.04 2444.21 4858.51 1234.65 840.822 393.833 231.326 305.599 2708.53 243.041 2465.49 523.313 1942.17
internal_count=88044 49476 38568 24779 15785 10835 4950 2413 2653 24697 2067 22630 2966 19664
is_linear=0
shrinkage=0.05


Tree=35
num_leaves=15
num_cat=0
split_feature=169 94 155 165 162 104 155 116 174 132 89 119 172 116
split_gain=614.611 346.153 329.582 209.862 212.437 201.511 273.477 184.439 164.888 149.261 178.421 134.863 206.52 138.43
threshold=219.50000000000003 17.006667137146 1.0000000180025095e-35 18.500000000000004 325.96453857421881 101.76778793334962 7.4542586803436288 81.677749633789077 1.0000000180025095e-35 167.38274383544925 16.715000152587894 23.207378387451175 -0.7865660786628722 5.1622116565704355
decision_type=2 2 2 2 2 2 2 2 2 2 2 2 2 2
left_child=1 -1 -2 4 -3 6 -5 -6 9 10 -4 12 -10 -13
right_child=2 3 8 5 7 -7 -8 -9 11 -11 -12 13 -14 -15
leaf_value=-0.043257978108090865 -0.0069338685962731534 -0.02530980573705199 0.011729387126028985 0.067167075652794977 0.053530263088090571 -0.038389982174648035 -0.012589437074725493 -0.018716621972635922 0.090894255401922988 -0.08012450468311684 0.037947789615333113 0.056470414708464693 -0.058690473689832379 0.0045395144786273189
leaf_weight=964.85561875998974 2330.1517439521849 1330.050624333322 1241.367292419076 257.62062650918961 176.58652327954769 115.7051332257688 179.62933384627104 168.26146085187793 22.557480990886688 29.131242960691452 1369.3814158588648 135.60747945308685 148.86240786314011 1484.3507364988327
leaf_count=19602 20621 17162 6128 2778 1374 1366 2034 1452 102 127 6412 607 862 7417
internal_value=-0.000257254 -0.018321 0.00827959 -0.00744839 -0.0162583 0.0191435 0.0346299 0.0185152 0.0162783 0.0242125 0.0255276 0.00455119 -0.0369881 0.00904706
internal_weight=9954.12 3192.71 6761.41 2227.85 1674.9 552.955 437.25 344.848 4431.26 2639.88 2610.75 1791.38 171.42 1619.96
internal_count=88044 45768 42276 26166 19988 6178 4812 2826 21655 12667 12540 8988 964 8024
is_linear=0
shrinkage=0.05


Tree=36
num_leaves=15
num_cat=0
split_feature=25 99 100 67 87 171 115 61 8 142 117 113 169 104
split_gain=569.021 283.758 252.412 425.372 259.357 250.402 280.269 221.898 214.238 219.335 231.393 193.405 172.322 137.722
threshold=3.995000004768372 6.790220022201539 66.026668548583999 11.500000000000002 10.911666393280031 0.78656607866287243 131.053337097168 2.5000000000000004 29.970000267028812 379.67416381835943 26.348217964172367 13.371297359466555 272.50000000000006 57.862180709838874
decision_type=2 2 2 2 2 2 2 2 2 2 2 2 2 2
left_child=1 -1 3 4 -3 12 -7 13 11 10 -10 -9 -4 -2
right_child=7 2 5 -5 -6 6 -8 8 9 -11 -12 -13 -14 -15
leaf_value=-0.037680795258189584 0.0042685884479419936 -0.02602159362678463 -0.027181015445609736 0.12570042674003645 0.061431589267606973 -0.027287821329733137 0.031966628096604076 0.045112990925444747 -0.03751475913380941 0.047798334852119199 0.0095789361677536215 -0.0022592743708731715 0.0036356427768534146 -0.032231237438058884
leaf_weight=920.1805269010365 742.27357462793589 241.15792458131909 1859.2545691765845 84.754554029554129 124.34192411974072 301.03151850774884 570.12970451265574 928.96925609558821 290.02682247385383 319.56692687422037 2248.4786061123013 279.46383703500032 598.08409534394741 390.69293718785048
leaf_count=18394 4945 2625 25304 544 879 2794 5542 4318 1639 1438 10847 1361 4212 3202
internal_value=-0.000255001 -0.0128583 -0.00677192 0.0281654 0.00415724 -0.0115331 0.0114523 0.0111365 0.0165844 0.00909227 0.00413526 0.0341935 -0.0196885 -0.00840435
internal_weight=9898.41 4698.93 3778.75 450.254 365.5 3328.5 871.161 5199.47 4066.51 2858.07 2538.51 1208.43 2457.34 1132.97
internal_count=88044 60294 41900 4048 3504 37852 8336 27750 19603 13924 12486 5679 29516 8147
is_linear=0
shrinkage=0.05


Tree=37
num_leaves=15
num_cat=0
split_feature=158 169 166 157 160 164 101 64 100 3 119 100 6 102
split_gain=530.87 297.27 188.765 181.883 176.448 198.018 216.349 173.647 182.104 173.102 169.847 169.555 159.262 155.633
threshold=1.0000000180025095e-35 263.50000000000006 17.500000000000004 1396.5000000000002 42.500000000000007 79.892024993896499 38.867090225219734 214.50000000000003 66.939998626708999 86.001667022705092 31.35728740692139 321.08000183105474 291.13999938964849 102.23970031738283
decision_type=2 2 2 2 2 2 2 2 2 2 2 2 2 2
left_child=4 13 3 11 -1 6 -6 8 -4 -8 -5 -3 -7 -2
right_child=1 2 7 10 5 12 9 -9 -10 -11 -12 -13 -14 -15
leaf_value=-0.041553617839844049 -0.0024608453354189102 0.027318161634672385 0.051276041750121772 -0.060156159512288754 -0.00952678670208181 -0.032326543883493389 0.10304122682485198 0.039639544072599037 -0.02752412948672385 -0.02192191572390827 0.019174316684309474 0.0004380654625037224 0.080384794801422979 -0.03974347430617995
leaf_weight=820.16068550944328 3100.8761905133724 2722.2265884056687 78.49911455065012 132.49828358739614 246.13648380711675 632.24975918605924 94.674750797450542 153.85795816779137 614.71999849379063 36.256472066044807 128.86556250602007 747.66143918782473 28.276102501899004 302.7902588211
leaf_count=18285 27869 12996 460 664 3254 10102 909 784 4129 394 557 3321 305 4015
internal_value=-0.000250532 0.0053554 0.0136689 0.0185019 -0.0242866 -0.0105041 0.0182524 -0.00760341 -0.0182976 0.0689039 -0.0214165 0.0215352 -0.0269339 -0.00583094
internal_weight=9839.75 7982 4578.33 3731.25 1857.75 1037.59 377.068 847.077 693.219 130.931 261.364 3469.89 660.526 3403.67
internal_count=88044 54795 22911 17538 33249 14964 4557 5373 4589 1303 1221 16317 10407 31884
is_linear=0
shrinkage=0.05


Tree=38
num_leaves=15
num_cat=0
split_feature=169 95 155 174 155 159 89 117 166 142 132 134 87 167
split_gain=500.086 290.187 288.626 174.503 171.718 203.911 152.831 410.921 147.173 147.009 146.585 137.499 190.058 143.601
threshold=194.50000000000003 4.4369399547576913 1.0000000180025095e-35 1.0000000180025095e-35 7.6501173973083505 576.00000000000011 1.9983333349227907 51.922931671142585 8.5000000000000018 1.8352777361869814 167.38274383544925 4.7454826831817636 15.998333454132082 1.0000000180025095e-35
decision_type=2 2 2 2 2 2 2 2 2 2 2 2 2 2
left_child=1 -1 11 8 5 -3 7 -6 10 -10 -4 12 13 -2
right_child=2 4 3 -5 6 -7 -8 -9 9 -11 -12 -13 -14 -15
leaf_value=-0.03931425436353117 0.14244719782338652 0.0022231402039220825 0.0352794224663487 0.0019803282784113499 -0.024469084984780023 0.080351664543531931 -0.041181819406875805 0.14011579666495375 0.027589493328720235 -0.0040446638929131249 -0.080406252827675162 -0.010957581379198708 0.1174074561953103 -0.0062974544100449009
leaf_weight=1088.8756424598396 12.742272786796091 501.05744507536292 1340.5338607057929 2023.6795195639133 171.6713137216866 95.292508203536272 384.13588817417622 43.326755430549383 662.74645344540477 813.69138889759779 23.374018877744675 2396.2332912646234 43.130575183779001 186.16497898101807
leaf_count=22783 78 7255 6309 10608 2258 604 5224 444 4006 3760 96 22630 260 1729
internal_value=-0.000246985 -0.0207037 0.00599148 0.0132094 -0.00365957 0.0152718 -0.0224734 0.011129 0.0211924 0.0102005 0.0330104 -0.00731568 0.028232 0.00649062
internal_weight=9786.66 2284.36 7502.3 4864.03 1195.48 596.35 599.134 214.998 2840.35 1476.44 1363.91 2638.27 242.038 198.907
internal_count=88044 38568 49476 24779 15785 7859 7926 2702 14171 7766 6405 24697 2067 1807
is_linear=0
shrinkage=0.05


Tree=39
num_leaves=15
num_cat=0
split_feature=157 161 157 103 77 148 75 161 167 115 99 118 159 149
split_gain=460.909 302.407 278.933 257.791 266.137 260.464 256.676 247.671 246.008 213.356 206.04 177.815 115.905 108.06
threshold=106.50000000000001 0.083188407123088851 1396.5000000000002 480.16667175292974 9.5000000000000018 998.13571166992199 1220.5000000000002 4.1412758827209482 1.5000000000000002 138.04166412353518 34.652008056640632 511.14666748046881 1369.9010009765627 305.73706054687506
decision_type=2 2 2 2 2 2 2 2 2 2 2 2 2 2
left_child=1 -1 6 4 9 -6 7 10 -9 -3 -2 12 -4 -5
right_child=2 3 11 13 5 -7 -8 8 -10 -11 -12 -13 -14 -15
leaf_value=-0.049785296437291238 0.03907916683638607 -0.02587029933069615 -0.0469197656788094 -0.046382137328598805 -0.0066082919258030216 0.03106656619399048 0.080905160463555045 -0.0089078858803361347 0.019120112045099572 0.0052385097710767837 0.30617324667124762 0.058863553314235421 0.023583186267995861 0.085130704975157956
leaf_weight=445.3522641249001 20.359404243528846 1448.8981201276183 358.02334143966436 448.48226673901081 960.17928317189217 870.98582042753696 138.81967705488205 1059.9455193057656 2963.5747262686491 885.32605939731002 7.941567111760377 51.580127775669098 66.258679948747158 11.722519949078558
leaf_count=12070 237 17286 2506 7057 9264 5181 582 6116 17872 9078 102 225 419 49
internal_value=-0.000236456 -0.0106668 0.0110971 -0.00685074 -0.00290455 0.0113474 0.0152211 0.0128737 0.0117346 -0.0140854 0.148746 -0.0250008 -0.0357631 -0.0421532
internal_weight=9737.45 5070.95 4666.5 4625.59 4165.39 1831.17 4190.64 4051.82 4023.52 2334.22 28.301 475.862 424.282 460.205
internal_count=88044 59985 28059 47915 40809 14445 24909 24327 23988 26364 339 3150 2925 7106
is_linear=0
shrinkage=0.05


end of trees

feature_importances:
melbourne_day_of_year=49
melbourne_hour=28
roll0048_stddev_pop_queued_requested_gpus=22
hour_sin=22
roll2016_stddev_pop_queued_requested_gpus=19
roll0288_mean_arriving_flexible_gpu_hours_F30=17
roll0288_mean_total_avg_active_gpus=14
roll0288_max_fixed_avg_active_gpus_F30=14
roll2016_mean_queued_requested_gpus=13
utc_hour=13
roll0048_max_queued_requested_gpus=12
roll0288_mean_queued_requested_gpus=12
lag_flexible_avg_active_gpus_F30_0576=11
roll2016_stddev_pop_fixed_avg_active_gpus_F30=11
roll0048_max_flexible_avg_active_gpus_F30=11
roll0288_stddev_pop_queued_requested_gpus=11
melbourne_day_of_week=11
roll0288_max_total_avg_active_gpus=10
roll2016_mean_total_avg_active_gpus=10
roll2016_max_fixed_avg_active_gpus_F30=10
roll0288_max_arriving_flexible_gpu_hours_F30=10
roll0288_max_queued_requested_gpus=10
roll0288_stddev_pop_total_avg_active_gpus=9
roll0012_stddev_pop_queued_requested_gpus=9
lag_total_avg_active_gpus_0576=8
lag_queued_job_count_0048=8
roll0048_max_total_avg_active_gpus=8
roll2016_stddev_pop_total_avg_active_gpus=8
roll2016_stddev_pop_flexible_avg_active_gpus_F30=8
roll2016_max_arriving_flexible_gpu_hours_F30=8
roll2016_mean_fixed_avg_active_gpus_F30=7
roll0048_mean_arriving_flexible_gpu_hours_F30=7
lag_flexible_avg_active_gpus_F30_0288=6
roll2016_max_total_avg_active_gpus=6
lag_queued_job_count_0001=5
roll0012_stddev_pop_total_avg_active_gpus=5
roll0288_stddev_pop_fixed_avg_active_gpus_F30=5
roll0012_max_arriving_flexible_gpu_hours_F30=5
roll0012_max_queued_requested_gpus=5
roll2016_max_queued_requested_gpus=5
weekday_cos=5
lag_running_job_equivalents_0288=4
lag_running_job_equivalents_2016=4
hour_cos=4
lag_flexible_avg_active_gpus_F30_0024=3
lag_queued_job_count_0012=3
lag_queued_job_count_0288=3
lag_queued_requested_gpus_0288=3
lag_queued_requested_gpus_2016=3
lag_running_job_equivalents_0048=3
roll0048_stddev_pop_total_avg_active_gpus=3
roll0012_mean_fixed_avg_active_gpus_F30=3
roll0288_stddev_pop_flexible_avg_active_gpus_F30=3
roll0048_max_arriving_flexible_gpu_hours_F30=3
roll2016_mean_arriving_flexible_gpu_hours_F30=3
lag_total_avg_active_gpus_2016=2
lag_fixed_avg_active_gpus_F30_0576=2
lag_queued_job_count_0024=2
lag_queued_job_count_2016=2
lag_queued_requested_gpus_0024=2
lag_running_job_equivalents_0576=2
roll0003_max_total_avg_active_gpus=2
roll0003_max_fixed_avg_active_gpus_F30=2
roll0048_max_fixed_avg_active_gpus_F30=2
roll0288_mean_fixed_avg_active_gpus_F30=2
roll0012_mean_flexible_avg_active_gpus_F30=2
roll0288_mean_flexible_avg_active_gpus_F30=2
roll2016_mean_flexible_avg_active_gpus_F30=2
roll0048_stddev_pop_arriving_flexible_gpu_hours_F30=2
roll0003_max_queued_requested_gpus=2
roll0048_mean_queued_requested_gpus=2
month_cos=2
lag_total_avg_active_gpus_0006=1
lag_total_avg_active_gpus_0048=1
lag_fixed_avg_active_gpus_F30_0288=1
lag_queued_job_count_0002=1
lag_queued_requested_gpus_0012=1
lag_running_job_equivalents_0001=1
lag_running_job_equivalents_0006=1
roll0012_max_total_avg_active_gpus=1
roll0012_stddev_pop_fixed_avg_active_gpus_F30=1
roll0048_stddev_pop_fixed_avg_active_gpus_F30=1
roll0288_max_flexible_avg_active_gpus_F30=1
roll2016_max_flexible_avg_active_gpus_F30=1
roll2016_stddev_pop_arriving_flexible_gpu_hours_F30=1
month_sin=1

parameters:
[boosting: gbdt]
[objective: binary]
[metric: binary_logloss]
[tree_learner: serial]
[device_type: cpu]
[data_sample_strategy: bagging]
[data: ]
[valid: ]
[num_iterations: 40]
[learning_rate: 0.05]
[num_leaves: 15]
[num_threads: 4]
[seed: 20260721]
[deterministic: 1]
[force_col_wise: 1]
[force_row_wise: 0]
[histogram_pool_size: -1]
[max_depth: 5]
[min_data_in_leaf: 100]
[min_sum_hessian_in_leaf: 0.001]
[bagging_fraction: 1]
[pos_bagging_fraction: 1]
[neg_bagging_fraction: 1]
[bagging_freq: 0]
[bagging_seed: 11591]
[bagging_by_query: 0]
[feature_fraction: 1]
[feature_fraction_bynode: 1]
[feature_fraction_seed: 24120]
[extra_trees: 0]
[extra_seed: 12737]
[early_stopping_round: 0]
[early_stopping_min_delta: 0]
[first_metric_only: 0]
[max_delta_step: 0]
[lambda_l1: 0]
[lambda_l2: 5]
[linear_lambda: 0]
[min_gain_to_split: 0]
[drop_rate: 0.1]
[max_drop: 50]
[skip_drop: 0.5]
[xgboost_dart_mode: 0]
[uniform_drop: 0]
[drop_seed: 6762]
[top_rate: 0.2]
[other_rate: 0.1]
[min_data_per_group: 100]
[max_cat_threshold: 32]
[cat_l2: 10]
[cat_smooth: 10]
[max_cat_to_onehot: 4]
[top_k: 20]
[monotone_constraints: ]
[monotone_constraints_method: basic]
[monotone_penalty: 0]
[feature_contri: ]
[forcedsplits_filename: ]
[refit_decay_rate: 0.9]
[cegb_tradeoff: 1]
[cegb_penalty_split: 0]
[cegb_penalty_feature_lazy: ]
[cegb_penalty_feature_coupled: ]
[path_smooth: 0]
[interaction_constraints: ]
[verbosity: -1]
[saved_feature_importance_type: 0]
[use_quantized_grad: 0]
[num_grad_quant_bins: 4]
[quant_train_renew_leaf: 0]
[stochastic_rounding: 1]
[linear_tree: 0]
[max_bin: 255]
[max_bin_by_feature: ]
[min_data_in_bin: 3]
[bin_construct_sample_cnt: 200000]
[data_random_seed: 4436]
[is_enable_sparse: 1]
[enable_bundle: 1]
[use_missing: 1]
[zero_as_missing: 0]
[feature_pre_filter: 1]
[pre_partition: 0]
[two_round: 0]
[header: 0]
[label_column: ]
[weight_column: ]
[group_column: ]
[ignore_column: ]
[categorical_feature: ]
[forcedbins_filename: ]
[precise_float_parser: 0]
[parser_config_file: ]
[objective_seed: 18074]
[num_class: 1]
[is_unbalance: 0]
[scale_pos_weight: 1]
[sigmoid: 1]
[boost_from_average: 1]
[reg_sqrt: 0]
[alpha: 0.9]
[fair_c: 1]
[poisson_max_delta_step: 0.7]
[tweedie_variance_power: 1.5]
[lambdarank_truncation_level: 30]
[lambdarank_norm: 1]
[label_gain: ]
[lambdarank_position_bias_regularization: 0]
[eval_at: ]
[multi_error_top_k: 1]
[auc_mu_weights: ]
[num_machines: 1]
[local_listen_port: 12400]
[time_out: 120]
[machine_list_filename: ]
[machines: ]
[gpu_platform_id: -1]
[gpu_device_id: -1]
[gpu_device_id_list: ]
[gpu_use_dp: 0]
[num_gpu: 1]

end of parameters

pandas_categorical:[]
