tree
version=v4
num_class=1
num_tree_per_iteration=1
label_index=0
max_feature_idx=11
objective=quantile
feature_names=slot slot_sin slot_cos dow_sin dow_cos weekend month_sin month_cos lag_2d lag_7d same_slot_mean_2_8d same_slot_std_2_8d
feature_infos=[0:95] [-1:1] [-1:1] [-0.97492791218182362:0.97492791218182362] [-0.90096886790241903:1] [0:1] [-1:0.8660254037844386] [-0.86602540378443882:1] [0:512] [0:512] [0:428.55428571428575] [0:198.38685062112893]
tree_sizes=748 784 786 787 791 792 788 788 789 792 797 784 787 788 788 788 790 788 786 786 790 791 791 791 791 792 797 799 793 792 797 790 787 803 791 789 787 792 797 794 790 786 796 791 788 795 782 802 790 789 787 795 784 792 785 786 787 786 787 780 785 795 788 788 796 792 793 786 790 784 785 790 791 786 787 797 789 788 788 792 792 794 796 795 789 797 787 789 784 793 784 784 785 795 788 795 786 789 782 790 785 780 785 789 797 803 786 790 784 787 778 798 799 788 803 783 791 793 800 797

Tree=0
num_leaves=7
num_cat=0
split_feature=10 7 8 8 7 6
split_gain=876.195 111.531 71.5174 60.1453 62.2449 47.0094
threshold=168.53968253968256 -0.25000000000000028 1.0000000180025095e-35 57.218333333333341 0.6830127018922193 1.0000000180025095e-35
decision_type=2 2 2 2 2 2
left_child=1 -1 -3 4 -2 -5
right_child=3 2 -4 5 -6 -7
leaf_value=5.0306048762798312 5.081469600200653 4.8923113489150998 5.0625834035873414 5.0892449116706846 5.0354950082302095 5.0813250875473024
leaf_weight=4125 440 1732 4571 7299 484 2949
leaf_count=4125 440 1732 4571 7299 484 2949
internal_value=5.06975 5.06246 5.06539 5.07656 5.06801 5.07733
internal_weight=21600 10428 6303 11172 924 10248
internal_count=21600 10428 6303 11172 924 10248
is_linear=0
shrinkage=1


Tree=1
num_leaves=7
num_cat=0
split_feature=10 7 8 8 7 3
split_gain=824.619 117.762 63.0221 60.5305 61.1644 46.243
threshold=169.92182539682543 -0.25000000000000028 15.310555555555558 57.218333333333341 0.6830127018922193 1.0000000180025095e-35
decision_type=2 2 2 2 2 2
left_child=1 -1 -3 4 -2 -5
right_child=3 2 -4 5 -6 -7
leaf_value=-0.037777643305063259 0.011354546678066258 -0.1712308972120285 -0.006118379521369937 0.012684717142581948 -0.033231842499971395 0.020072820150852214
leaf_weight=4126 433 1911 4475 5968 481 4206
leaf_count=4126 433 1911 4475 5968 481 4206
internal_value=5.509e-05 -0.00696804 -0.00398935 0.00671341 -0.00191257 0.00748845
internal_weight=21600 10512 6386 11088 914 10174
internal_count=21600 10512 6386 11088 914 10174
is_linear=0
shrinkage=0.035


Tree=2
num_leaves=7
num_cat=0
split_feature=10 7 8 7 6 6
split_gain=761.14 122.096 56.4234 61.1618 54.3584 47.8911
threshold=168.53968253968256 -0.25000000000000028 57.218333333333341 0.6830127018922193 0.68301270189221941 1.0000000180025095e-35
decision_type=2 2 2 2 2 2
left_child=1 -1 3 -2 -3 -4
right_child=2 4 5 -5 -6 -7
leaf_value=-0.036455425789386035 0.010909406144797807 -0.017224088113427172 0.01826740908747913 -0.031895551485449071 0.0074193998168706806 0.010677015901863573
leaf_weight=4125 440 5333 7299 484 970 2949
leaf_count=4125 440 5333 7299 484 970 2949
internal_value=0.000118282 -0.00668185 0.00646559 -0.00181622 -0.00361715 0.00721241
internal_weight=21600 10428 11172 924 6303 10248
internal_count=21600 10428 11172 924 6303 10248
is_linear=0
shrinkage=0.035


Tree=3
num_leaves=7
num_cat=0
split_feature=10 7 8 7 6 3
split_gain=726.161 122.279 55.1155 60.6751 50.9869 48.7824
threshold=169.92182539682543 -0.25000000000000028 57.218333333333341 0.6830127018922193 0.68301270189221941 1.0000000180025095e-35
decision_type=2 2 2 2 2 2
left_child=1 -1 3 -2 -3 -4
right_child=2 4 5 -5 -6 -7
leaf_value=-0.035179485886757518 0.010575308329266023 -0.016471021074660412 0.011623823144451683 -0.030952383710481673 0.0070915116519850371 0.018853931325391843
leaf_weight=4126 433 5392 5968 481 994 4206
leaf_count=4126 433 5392 5968 481 994 4206
internal_value=0.00010856 -0.00648197 0.00635675 -0.00187432 -0.00344685 0.00709631
internal_weight=21600 10512 11088 914 6386 10174
internal_count=21600 10512 11088 914 6386 10174
is_linear=0
shrinkage=0.035


Tree=4
num_leaves=7
num_cat=0
split_feature=10 7 8 7 4 3
split_gain=682.213 115.754 51.452 58.1611 48.5316 47.6812
threshold=168.53968253968256 -0.25000000000000028 57.218333333333341 0.6830127018922193 -0.22252093395631442 1.0000000180025095e-35
decision_type=2 2 2 2 2 2
left_child=1 -1 3 -2 -3 -4
right_child=2 4 5 -5 -6 -7
leaf_value=-0.033948203880720999 0.010157441138205568 0.00047991287896363314 0.011143731649688241 -0.029695873753591513 -0.020567317742542956 0.018132501933272534
leaf_weight=4125 440 2663 6004 484 3640 4244
leaf_count=4125 440 2663 6004 484 3640 4244
internal_value=0.000158789 -0.00627913 0.00616799 -0.00174054 -0.00329513 0.00688116
internal_weight=21600 10428 11172 924 6303 10248
internal_count=21600 10428 11172 924 6303 10248
is_linear=0
shrinkage=0.035


Tree=5
num_leaves=7
num_cat=0
split_feature=10 7 8 7 3 8
split_gain=649.709 112.151 48.4166 56.2551 48.1277 48.0625
threshold=169.92182539682543 -0.25000000000000028 57.218333333333341 0.6830127018922193 1.0000000180025095e-35 1.0000000180025095e-35
decision_type=2 2 2 2 2 2
left_child=1 -1 3 -2 -4 -3
right_child=2 5 4 -5 -6 -7
leaf_value=-0.032760016744895766 0.0098496620979045095 -0.16333863086703543 0.0108269587266568 -0.028829694699239128 0.017559406161338595 -0.0055066250788199959
leaf_weight=4126 433 1735 5968 481 4206 4651
leaf_count=4126 433 1735 5968 481 4206 4651
internal_value=0.000121522 -0.00611243 0.00603165 -0.00168306 0.00672482 -0.00320573
internal_weight=21600 10512 11088 914 10174 6386
internal_count=21600 10512 11088 914 10174 6386
is_linear=0
shrinkage=0.035


Tree=6
num_leaves=7
num_cat=0
split_feature=10 7 4 8 7 6
split_gain=612.34 111.12 48.4404 45.0934 52.9104 47.3351
threshold=169.92182539682543 -0.25000000000000028 -0.22252093395631442 57.218333333333341 0.6830127018922193 1.0000000180025095e-35
decision_type=2 2 2 2 2 2
left_child=1 -1 -3 4 -2 -5
right_child=3 2 -4 5 -6 -7
leaf_value=-0.031613416158824417 0.0095049239244778521 0.0016283384540595638 -0.01913517734767373 0.016082964819502513 -0.027820655384765743 0.0090138400438720383
leaf_weight=4126 433 2691 3695 7268 481 2906
leaf_count=4126 433 2691 3695 7268 481 2906
internal_value=0.000139345 -0.00591268 -0.00301941 0.005877 -0.00156831 0.00654595
internal_weight=21600 10512 6386 11088 914 10174
internal_count=21600 10512 6386 11088 914 10174
is_linear=0
shrinkage=0.035


Tree=7
num_leaves=7
num_cat=0
split_feature=10 9 6 10 3 6
split_gain=578.98 95.8253 68.2896 67.0941 47.7159 42.9924
threshold=137.2937301587302 1.0000000180025095e-35 0.68301270189221941 202.2466666666667 1.0000000180025095e-35 1.0000000180025095e-35
decision_type=2 2 2 2 2 2
left_child=1 4 -3 -2 -1 -5
right_child=3 2 -4 5 -6 -7
leaf_value=0.010276276993234799 0.0018988198115653956 -0.030741055756549847 0.010092538598427821 0.016138156889741944 -0.054075287652532417 0.0081749306118313447
leaf_weight=971 3866 6533 411 6665 665 2489
leaf_count=971 3866 6533 411 6665 665 2489
internal_value=0.00016527 -0.00689314 -0.00868826 0.00481683 0.00072694 0.00644948
internal_weight=21600 8580 6944 13020 1636 9154
internal_count=21600 8580 6944 13020 1636 9154
is_linear=0
shrinkage=0.035


Tree=8
num_leaves=7
num_cat=0
split_feature=10 7 8 7 3 6
split_gain=525.721 96.2214 40.1747 50.6053 44.1474 40.0986
threshold=169.92182539682543 -0.25000000000000028 57.218333333333341 0.6830127018922193 1.0000000180025095e-35 0.68301270189221941
decision_type=2 2 2 2 2 2
left_child=1 -1 3 -2 -4 -3
right_child=2 5 4 -5 -6 -7
leaf_value=-0.029776348820825315 0.008940567913301934 -0.014096596000721648 0.0094764460411762581 -0.026913391139703736 0.016108997877940581 0.0079002137904423154
leaf_weight=4126 433 5392 5968 481 4206 994
leaf_count=4126 433 5392 5968 481 4206 994
internal_value=0.000257627 -0.00535004 0.00557399 -0.00145355 0.00620541 -0.00265774
internal_weight=21600 10512 11088 914 10174 6386
internal_count=21600 10512 11088 914 10174 6386
is_linear=0
shrinkage=0.035


Tree=9
num_leaves=7
num_cat=0
split_feature=10 9 10 6 3 6
split_gain=490.884 82.3784 60.7492 56.2194 45.1471 38.6535
threshold=137.2937301587302 1.0000000180025095e-35 203.39380952380955 0.68301270189221941 1.0000000180025095e-35 1.0000000180025095e-35
decision_type=2 2 2 2 2 2
left_child=1 4 -2 -3 -1 -4
right_child=2 3 5 -5 -6 -7
leaf_value=0.010470945987540859 0.002139873238104102 -0.028883658504682174 0.015152191647815087 0.0094627922648173757 -0.051689271724668522 0.0075587215894992186
leaf_weight=971 3950 6533 6610 411 665 2460
leaf_count=971 3950 6533 6610 411 665 2460
internal_value=0.000332161 -0.00616711 0.00461524 -0.00783153 0.000897984 0.00619281
internal_weight=21600 8580 13020 6944 1636 9070
internal_count=21600 8580 13020 6944 1636 9070
is_linear=0
shrinkage=0.035


Tree=10
num_leaves=7
num_cat=0
split_feature=10 7 3 3 8 6
split_gain=462.528 79.7388 42.9441 39.5967 36.3018 43.8728
threshold=169.92182539682543 -0.25000000000000028 0.6078576107927941 -0.8783796973249266 44.006666666666675 1.0000000180025095e-35
decision_type=2 2 2 2 2 2
left_child=1 2 -1 -3 -2 -6
right_child=4 3 -4 -5 5 -7
leaf_value=-0.032438247167299664 -0.0090534758051539835 0.0062294576327682014 -0.0076072215668663117 -0.012486931031721575 0.014087040605835335 0.0071844322911981404
leaf_weight=2975 660 905 1151 5481 7407 3021
leaf_count=2975 660 905 1151 5481 7407 3021
internal_value=0.000375909 -0.00488395 -0.00867579 -0.00243307 0.00536252 0.00586633
internal_weight=21600 10512 4126 6386 11088 10428
internal_count=21600 10512 4126 6386 11088 10428
is_linear=0
shrinkage=0.035


Tree=11
num_leaves=7
num_cat=0
split_feature=10 9 6 10 3 9
split_gain=437.572 73.9507 53.6656 53.3181 44.4737 37.182
threshold=137.2937301587302 1.0000000180025095e-35 0.68301270189221941 204.70587301587304 1.0000000180025095e-35 447.56333333333339
decision_type=2 2 2 2 2 2
left_child=1 4 -3 -2 -1 -5
right_child=3 2 -4 5 -6 -7
leaf_value=0.010172553229238251 0.0020467352082908555 -0.027069799864806145 0.0092626054177100594 0.01245074185134866 -0.049443104628194873 0.01800034404498407
leaf_weight=971 4034 6533 411 8587 665 399
leaf_count=971 4034 6533 411 8587 665 399
internal_value=0.000340262 -0.00579594 -0.00737293 0.00438407 0.000897984 0.00588461
internal_weight=21600 8580 6944 13020 1636 8986
internal_count=21600 8580 6944 13020 1636 8986
is_linear=0
shrinkage=0.035


Tree=12
num_leaves=7
num_cat=0
split_feature=10 9 6 10 3 9
split_gain=416.811 69.4068 50.8904 50.4772 41.1612 38.6433
threshold=137.2937301587302 1.0000000180025095e-35 0.68301270189221941 203.39380952380955 1.0000000180025095e-35 447.56333333333339
decision_type=2 2 2 2 2 2
left_child=1 4 -3 -2 -1 -5
right_child=3 2 -4 5 -6 -7
leaf_value=0.0098165138662149112 0.0019750994760006813 -0.02612235686953792 0.0089384142280901999 0.011933763104082154 -0.047712595966208041 0.017370332003409622
leaf_weight=971 3950 6533 411 8671 665 399
leaf_count=971 3950 6533 411 8671 665 399
internal_value=0.000294894 -0.00569398 -0.00722174 0.00424161 0.000791081 0.00567964
internal_weight=21600 8580 6944 13020 1636 9070
internal_count=21600 8580 6944 13020 1636 9070
is_linear=0
shrinkage=0.035


Tree=13
num_leaves=7
num_cat=0
split_feature=10 9 6 10 3 9
split_gain=392.325 66.3204 48.4768 48.3762 40.1391 39.6693
threshold=137.2937301587302 1.0000000180025095e-35 0.68301270189221941 204.70587301587304 1.0000000180025095e-35 447.56333333333339
decision_type=2 2 2 2 2 2
left_child=1 4 -3 -2 -1 -5
right_child=3 2 -4 5 -6 -7
leaf_value=0.0094729358808973811 0.0018782009321844507 -0.025208074379104078 0.0086255697301070283 0.011597284177908583 -0.046042655107390772 0.016762370383290294
leaf_weight=971 4034 6533 411 8587 665 399
leaf_count=971 4034 6533 411 8587 665 399
internal_value=0.000283552 -0.00552675 -0.00702016 0.00411259 0.000812462 0.00554189
internal_weight=21600 8580 6944 13020 1636 8986
internal_count=21600 8580 6944 13020 1636 8986
is_linear=0
shrinkage=0.035


Tree=14
num_leaves=7
num_cat=0
split_feature=10 9 10 6 3 9
split_gain=368.077 61.5716 49.9391 42.8157 40.6225 40.2329
threshold=132.21365079365083 1.0000000180025095e-35 204.70587301587304 0.68301270189221941 1.0000000180025095e-35 447.56333333333339
decision_type=2 2 2 2 2 2
left_child=1 4 -2 -3 -1 -4
right_child=2 3 5 -5 -6 -7
leaf_value=0.0090975403325549709 0.0015795262527113453 -0.024877945363751982 0.011191379231681774 0.0094805522276671141 -0.045997732500407708 0.016175687419875136
leaf_weight=967 4370 6294 8587 339 644 399
leaf_count=967 4370 6294 8587 339 644 399
internal_value=0.000296514 -0.0055185 0.00388598 -0.00700897 0.000618797 0.00537832
internal_weight=21600 8244 13356 6633 1611 8986
internal_count=21600 8244 13356 6633 1611 8986
is_linear=0
shrinkage=0.035


Tree=15
num_leaves=7
num_cat=0
split_feature=10 9 9 7 6 3
split_gain=339.263 55.9783 48.1351 45.5535 44.1231 39.4648
threshold=132.21365079365083 1.0000000180025095e-35 439.67222222222227 0.93301270189221952 -0.93301270189221908 1.0000000180025095e-35
decision_type=2 2 2 2 2 2
left_child=1 5 3 -2 -3 -1
right_child=2 4 -4 -5 -6 -7
leaf_value=0.0087791264209155367 0.005355664501968907 -0.15032002295753993 0.01500070477247434 0.013777201420454551 -0.016761983024998331 -0.044387811862893436
leaf_weight=967 9961 607 560 2835 6026 644
leaf_count=967 9961 607 560 2835 6026 644
internal_value=0.000306236 -0.00527653 0.00375234 0.0033121 -0.00669769 0.000575372
internal_weight=21600 8244 13356 12796 6633 1611
internal_count=21600 8244 13356 12796 6633 1611
is_linear=0
shrinkage=0.035


Tree=16
num_leaves=7
num_cat=0
split_feature=10 9 6 9 8 3
split_gain=322.791 54.7964 72.9616 41.5039 34.2102 26.2735
threshold=169.92182539682543 1.0000000180025095e-35 0.68301270189221941 447.56333333333339 57.218333333333341 -0.60785761079279388
decision_type=2 2 2 2 2 2
left_child=1 5 -3 4 -2 -1
right_child=3 2 -4 -5 -6 -7
leaf_value=0.0085187455860425143 -0.0055640401121692757 -0.018498855517061395 0.006937070317170336 0.014776345758725162 0.010235621945083593 -0.0046066311731371018
leaf_weight=406 863 7699 994 414 9811 1413
leaf_count=406 863 7699 994 414 9811 1413
internal_value=0.000322439 -0.00407163 -0.00522746 0.00448823 0.00406557 0.00145192
internal_weight=21600 10512 8693 11088 10674 1819
internal_count=21600 10512 8693 11088 10674 1819
is_linear=0
shrinkage=0.035


Tree=17
num_leaves=7
num_cat=0
split_feature=10 9 6 9 7 3
split_gain=299.824 49.8322 48.4794 47.5537 43.8662 37.8218
threshold=132.21365079365083 1.0000000180025095e-35 -0.93301270189221908 439.67222222222227 0.93301270189221952 1.0000000180025095e-35
decision_type=2 2 2 2 2 2
left_child=1 5 -3 4 -2 -1
right_child=3 2 -4 -5 -6 -7
leaf_value=0.0082196298557501504 0.005029085170963162 -0.14441136221092887 -0.015620667536821082 0.01399014213251158 0.012938705250823551 -0.042673006356632369
leaf_weight=967 9961 607 6026 560 2835 644
leaf_count=967 9961 607 6026 560 2835 644
internal_value=0.000324059 -0.0049242 -0.00626507 0.00356367 0.00312612 0.000597084
internal_weight=21600 8244 6633 13356 12796 1611
internal_count=21600 8244 6633 13356 12796 1611
is_linear=0
shrinkage=0.035


Tree=18
num_leaves=7
num_cat=0
split_feature=10 6 9 9 8 11
split_gain=286.205 53.2154 64.8587 38.1261 35.6728 22.9132
threshold=176.31484126984131 0.68301270189221941 1.0000000180025095e-35 447.56333333333339 59.873333333333342 73.90552124000375
decision_type=2 2 2 2 2 2
left_child=1 2 -1 4 -2 -3
right_child=3 5 -4 -5 -6 -7
leaf_value=0.0044655350750328008 -0.0065435082228962578 0.014749788394717248 -0.016528785216826696 0.013811425516180555 0.010018000071179671 0.00054435351861415794
leaf_weight=1839 830 343 7958 411 9427 792
leaf_count=1839 830 343 7958 411 9427 792
internal_value=0.000304616 -0.00367511 -0.00450628 0.00438279 0.003963 0.00349692
internal_weight=21600 10932 9797 10668 10257 1135
internal_count=21600 10932 9797 10668 10257 1135
is_linear=0
shrinkage=0.035


Tree=19
num_leaves=7
num_cat=0
split_feature=10 9 6 9 7 3
split_gain=272.748 46.0098 50.9065 45.482 41.2961 36.828
threshold=132.21365079365083 1.0000000180025095e-35 -0.93301270189221908 439.67222222222227 0.93301270189221952 1.0000000180025095e-35
decision_type=2 2 2 2 2 2
left_child=1 5 -3 4 -2 -1
right_child=3 2 -4 -5 -6 -7
leaf_value=0.0077756490831727429 0.0046887652388737161 -0.13877845705095745 -0.014566850207441712 0.0131185879137019 0.012252663172433077 -0.041335744861776394
leaf_weight=967 9961 607 6026 560 2835 644
leaf_count=967 9961 607 6026 560 2835 644
internal_value=0.000319198 -0.00468648 -0.0059749 0.00340907 0.00298117 0.000618797
internal_weight=21600 8244 6633 13356 12796 1611
internal_count=21600 8244 6633 13356 12796 1611
is_linear=0
shrinkage=0.035


Tree=20
num_leaves=7
num_cat=0
split_feature=10 9 9 6 7 3
split_gain=261.398 44.6536 43.967 54.6297 42.4406 38.4986
threshold=127.84261904761907 439.67222222222227 1.0000000180025095e-35 -0.93301270189221908 0.93301270189221952 1.0000000180025095e-35
decision_type=2 2 2 2 2 2
left_child=2 4 5 -4 -2 -1
right_child=1 -3 3 -5 -6 -7
leaf_value=0.0075035013652617003 0.0042671091696244593 0.012659437336722324 -0.13392121105417393 -0.01475010041218687 0.01188196831000211 -0.042248426886331396
leaf_weight=961 10289 560 566 5763 2843 618
leaf_count=961 10289 560 566 5763 2843 618
internal_value=0.000317578 0.00324363 -0.00474839 -0.00605174 0.00283027 0.000476266
internal_weight=21600 13692 7908 6329 13132 1579
internal_count=21600 13692 7908 6329 13132 1579
is_linear=0
shrinkage=0.035


Tree=21
num_leaves=7
num_cat=0
split_feature=10 10 9 6 3 3
split_gain=248.638 42.5549 40.184 56.3256 39.3198 37.1328
threshold=126.79674603174605 204.70587301587304 1.0000000180025095e-35 -0.93301270189221908 1.0000000180025095e-35 1.0000000180025095e-35
decision_type=2 2 2 2 2 2
left_child=2 -2 4 -4 -1 -3
right_child=1 5 3 -5 -6 -7
leaf_value=0.0072401194543030914 0.001036288525584137 0.0067972002925413347 -0.12923396866727785 -0.014344350440758803 -0.041790470586617293 0.012168058209534923
leaf_weight=954 4790 5289 559 5710 601 3697
leaf_count=954 4790 5289 559 5710 601 3697
internal_value=0.000294894 0.00312477 -0.00468754 -0.0059366 0.00034865 0.0045449
internal_weight=21600 13776 7824 6269 1555 8986
internal_count=21600 13776 7824 6269 1555 8986
is_linear=0
shrinkage=0.035


Tree=22
num_leaves=7
num_cat=0
split_feature=10 6 9 3 8 10
split_gain=231.363 47.1754 62.1415 35.5414 62.636 33.5195
threshold=176.31484126984131 0.68301270189221941 1.0000000180025095e-35 1.0000000180025095e-35 62.475555555555566 365.05611111111119
decision_type=2 2 2 2 2 2
left_child=1 2 -1 5 -5 -2
right_child=3 -3 -4 4 -6 -7
leaf_value=0.0038152224583847929 0.0037743132504997104 0.0063854261064081146 -0.014714124829857369 -0.016076347222780916 0.011983820554678008 0.015513345332288939
leaf_weight=1839 5962 1135 7958 517 3986 203
leaf_count=1839 5962 1135 7958 517 3986 203
internal_value=0.000322439 -0.00325574 -0.00403832 0.00398913 0.00635269 0.002262
internal_weight=21600 10932 9797 10668 4503 6165
internal_count=21600 10932 9797 10668 4503 6165
is_linear=0
shrinkage=0.035


Tree=23
num_leaves=7
num_cat=0
split_feature=10 9 6 3 8 10
split_gain=218.906 43.015 57.9678 34.173 61.0325 33.0243
threshold=176.31484126984131 1.0000000180025095e-35 0.68301270189221941 1.0000000180025095e-35 62.475555555555566 365.05611111111119
decision_type=2 2 2 2 2 2
left_child=1 -1 -3 5 -5 -2
right_child=3 2 -4 4 -6 -7
leaf_value=0.0036816896723413355 0.0036422122867322054 -0.014199130460812365 0.0061619361926838418 -0.015513675069983576 0.011564386835264267 0.014970378245658812
leaf_weight=1839 5962 7958 1135 517 3986 203
leaf_count=1839 5962 7958 1135 517 3986 203
internal_value=0.000320818 -0.0031597 -0.00414697 0.00388743 0.00620504 0.00219389
internal_weight=21600 10932 9093 10668 4503 6165
internal_count=21600 10932 9093 10668 4503 6165
is_linear=0
shrinkage=0.035


Tree=24
num_leaves=7
num_cat=0
split_feature=10 9 6 9 7 3
split_gain=211.859 39.6557 60.4885 35.8355 37.3446 29.5474
threshold=126.79674603174605 1.0000000180025095e-35 -0.93301270189221908 435.03722222222228 0.93301270189221952 1.0000000180025095e-35
decision_type=2 2 2 2 2 2
left_child=1 5 -3 4 -2 -1
right_child=3 2 -4 -5 -6 -7
leaf_value=0.0067243233488270757 0.003717887743836639 -0.12369881582874968 -0.012978275977171067 0.011434860212807344 0.010612385895145363 -0.040590196040661095
leaf_weight=954 10310 559 5710 631 2835 601
leaf_count=954 10310 559 5710 631 2835 601
internal_value=0.000349984 -0.0042492 -0.00549003 0.00296218 0.00257055 0.000753535
internal_weight=21600 7824 6269 13776 13145 1555
internal_count=21600 7824 6269 13776 13145 1555
is_linear=0
shrinkage=0.035


Tree=25
num_leaves=7
num_cat=0
split_feature=10 9 6 9 7 3
split_gain=200.664 37.2085 62.1623 36.0644 36.2355 28.5527
threshold=126.79674603174605 1.0000000180025095e-35 -0.93301270189221908 435.03722222222228 0.93301270189221952 1.0000000180025095e-35
decision_type=2 2 2 2 2 2
left_child=1 5 -3 4 -2 -1
right_child=3 2 -4 -5 -6 -7
leaf_value=0.0064889720316181308 0.0035877616728023569 -0.11936935727474345 -0.012524036317970073 0.011034640105359093 0.01024095238881528 -0.039169539179237961
leaf_weight=954 10310 559 5710 631 2835 601
leaf_count=954 10310 559 5710 631 2835 601
internal_value=0.000338642 -0.00413738 -0.00533931 0.00288089 0.00248802 0.000708548
internal_weight=21600 7824 6269 13776 13145 1555
internal_count=21600 7824 6269 13776 13145 1555
is_linear=0
shrinkage=0.035


Tree=26
num_leaves=7
num_cat=0
split_feature=10 9 9 4 7 11
split_gain=188.616 36.2374 35.6979 35.4577 33.4633 15.2382
threshold=126.79674603174605 130.83944444444447 435.03722222222228 1.0000000180025095e-35 0.93301270189221952 57.118950442964866
decision_type=2 2 2 2 2 2
left_child=1 3 4 -1 -2 -3
right_child=2 5 -4 -5 -6 -7
leaf_value=-0.0011161225691211298 0.0034621900142542653 -0.00071708963175802335 0.010648427701671516 -0.018208503962997377 0.0098825190552067413 -0.039674486757759038
leaf_weight=3385 10310 207 631 3112 2835 1120
leaf_count=3385 10310 207 631 3112 2835 1120
internal_value=0.000291653 -0.00404792 0.00275641 -0.00297053 0.00236555 -0.00931664
internal_weight=21600 7824 13776 6497 13145 1327
internal_count=21600 7824 13776 6497 13145 1327
is_linear=0
shrinkage=0.035


Tree=27
num_leaves=7
num_cat=0
split_feature=10 4 6 3 8 10
split_gain=171.493 38.0005 65.6179 35.2867 55.9115 35.0315
threshold=176.31484126984131 1.0000000180025095e-35 -1.0000000180025095e-35 1.0000000180025095e-35 62.475555555555566 365.05611111111119
decision_type=2 2 2 2 2 2
left_child=1 2 -1 5 -5 -2
right_child=3 -3 -4 4 -6 -7
leaf_value=-0.012389984529881482 0.0029547505517194899 -0.016143544167430569 0.0080085814839146296 -0.015347570822615422 0.010588366774425925 0.013431249432799542
leaf_weight=4566 5962 4796 1570 517 3986 203
leaf_count=4566 5962 4796 1570 517 3986 203
internal_value=0.000343503 -0.00273713 -0.000912498 0.00350033 0.00585535 0.00177952
internal_weight=21600 10932 6136 10668 4503 6165
internal_count=21600 10932 6136 10668 4503 6165
is_linear=0
shrinkage=0.035


Tree=28
num_leaves=7
num_cat=0
split_feature=10 4 10 9 3 9
split_gain=161.005 38.4785 38.3562 37.4875 35.0231 56.7527
threshold=176.31484126984131 0.81174490092936691 71.110158730158744 212.00111111111116 1.0000000180025095e-35 254.32388888888892
decision_type=2 2 2 2 2 2
left_child=1 3 -3 -1 -2 -6
right_child=4 2 -4 -5 5 -7
leaf_value=-0.0019255880413494844 0.0040464591525031374 -0.077024128044881388 -0.013255704175081179 -0.019173230729736826 0.012084834535875092 0.0055254151790961811
leaf_weight=7843 6165 516 1138 1435 1729 2774
leaf_count=7843 6165 516 1138 1435 1729 2774
internal_value=0.000372668 -0.00261227 -0.0075287 -0.0017351 0.00343144 0.00577764
internal_weight=21600 10932 1654 9278 10668 4503
internal_count=21600 10932 1654 9278 10668 4503
is_linear=0
shrinkage=0.035


Tree=29
num_leaves=7
num_cat=0
split_feature=10 9 6 9 7 3
split_gain=154.22 36.7382 65.1688 31.9329 27.6076 26.7527
threshold=132.21365079365083 1.0000000180025095e-35 -0.93301270189221908 435.03722222222228 0.93301270189221952 -0.60785761079279388
decision_type=2 2 2 2 2 2
left_child=1 5 -3 4 -2 -1
right_child=3 2 -4 -5 -6 -7
leaf_value=0.0068546387729189378 0.0033096063968186453 -0.11392171250411522 -0.0098491977550314476 0.0097176750654304218 0.0089374156997603042 -0.0095983993132749759
leaf_weight=406 9899 607 6026 631 2826 1205
leaf_count=406 9899 607 6026 631 2826 1205
internal_value=0.000380769 -0.00338326 -0.00453459 0.0027042 0.00232261 0.00135701
internal_weight=21600 8244 6633 13356 12725 1611
internal_count=21600 8244 6633 13356 12725 1611
is_linear=0
shrinkage=0.035


Tree=30
num_leaves=7
num_cat=0
split_feature=7 6 7 9 3 3
split_gain=148.322 65.7744 51.5776 47.738 56.2159 45.4347
threshold=1.0000000180025095e-35 -0.6830127018922193 0.93301270189221952 1.0000000180025095e-35 -1.0000000180025095e-35 0.87837969732492682
decision_type=2 2 2 2 2 2
left_child=3 -2 -3 4 -1 -5
right_child=1 2 -4 5 -6 -7
leaf_value=0.020334361342915677 0.011121599545134513 -0.00029261026840532006 0.0087607090728427164 -0.01898186436375434 -0.033993919653879261 0.0050023149969095921
leaf_weight=374 2880 8640 2976 5194 668 868
leaf_count=374 2880 8640 2976 5194 668 868
internal_value=0.000379149 0.00240946 0.00123526 -0.00376355 0.00315436 -0.00495299
internal_weight=21600 14496 11616 7104 1042 6062
internal_count=21600 14496 11616 7104 1042 6062
is_linear=0
shrinkage=0.035


Tree=31
num_leaves=7
num_cat=0
split_feature=10 9 6 10 6 7
split_gain=141.333 33.893 66.3197 31.2419 28.8111 26.2066
threshold=132.21365079365083 1.0000000180025095e-35 -0.93301270189221908 372.10857142857145 -1.0000000180025095e-35 0.93301270189221952
decision_type=2 2 2 2 2 2
left_child=1 -1 -3 5 -5 -2
right_child=3 2 -4 4 -6 -7
leaf_value=0.0026873693083878081 0.0032401280211547113 -0.10927008731373977 -0.0091893425431522971 0.014038096801034501 -0.013584273152576039 0.008661886887420223
leaf_weight=1611 10095 607 6026 298 36 2927
leaf_count=1611 10095 607 6026 298 36 2927
internal_value=0.00038563 -0.00321771 -0.00432356 0.00260987 0.0131642 0.00233817
internal_weight=21600 8244 6633 13356 334 13022
internal_count=21600 8244 6633 13356 334 13022
is_linear=0
shrinkage=0.035


Tree=32
num_leaves=7
num_cat=0
split_feature=10 10 9 6 6 3
split_gain=133.02 32.177 29.452 67.9367 28.8111 26.8515
threshold=126.79674603174605 372.10857142857145 1.0000000180025095e-35 -0.93301270189221908 -1.0000000180025095e-35 -0.60785761079279388
decision_type=2 2 2 2 2 2
left_child=2 -2 5 -4 -3 -1
right_child=1 4 3 -5 -6 -7
leaf_value=0.0064799574149275955 0.0045552595053235572 0.013546763412998307 -0.10544563425775888 -0.0096026541360461765 -0.013108823592235882 -0.013407687479845044
leaf_weight=406 13442 298 559 5710 36 1149
leaf_count=406 13442 298 559 5710 36 1149
internal_value=0.000379149 0.00244901 -0.00326518 -0.00433453 0.0131642 0.00104595
internal_weight=21600 13776 7824 6269 334 1555
internal_count=21600 13776 7824 6269 334 1555
is_linear=0
shrinkage=0.035


Tree=33
num_leaves=7
num_cat=0
split_feature=10 4 6 9 10 3
split_gain=125.991 38.5145 56.1744 32.087 29.2939 32.7286
threshold=168.53968253968256 1.0000000180025095e-35 -1.0000000180025095e-35 1.0000000180025095e-35 372.10857142857145 1.0000000180025095e-35
decision_type=2 2 2 2 2 2
left_child=1 2 -1 -3 5 -2
right_child=4 3 -4 -5 -6 -7
leaf_value=-0.011054398867522469 0.0022758627579701641 0.004998119532045214 0.0074895009802354333 -0.01580953654180748 0.011165690524872708 0.0075922103963398388
leaf_weight=4448 6218 774 1393 3813 334 4620
leaf_count=4448 6218 774 1393 3813 334 4620
internal_value=0.000387251 -0.00237942 -0.000494266 -0.00477932 0.00296966 0.0026543
internal_weight=21600 10428 5841 4587 11172 10838
internal_count=21600 10428 5841 4587 11172 10838
is_linear=0
shrinkage=0.035


Tree=34
num_leaves=7
num_cat=0
split_feature=7 7 7 9 3 3
split_gain=120.171 58.7176 66.5246 43.0749 53.1399 47.5625
threshold=1.0000000180025095e-35 0.6830127018922193 0.93301270189221952 1.0000000180025095e-35 0.6078576107927941 0.87837969732492682
decision_type=2 2 2 2 2 2
left_child=3 -2 -3 4 -1 -5
right_child=1 2 -4 5 -6 -7
leaf_value=0.017530490614305175 0.0083257603354492515 -0.0042947485399745626 0.0077379832619529614 -0.017462567298712595 -0.13273289779491049 0.0057532534768109248
leaf_weight=637 5856 5664 2976 5194 405 868
leaf_count=637 5856 5664 2976 5194 405 868
internal_value=0.000379149 0.00220666 0.000372642 -0.00334975 0.00322148 -0.00447963
internal_weight=21600 14496 8640 7104 1042 6062
internal_count=21600 14496 8640 7104 1042 6062
is_linear=0
shrinkage=0.035


Tree=35
num_leaves=7
num_cat=0
split_feature=10 10 4 11 6 8
split_gain=112.69 33.0067 31.1676 41.3585 28.8111 25.9003
threshold=126.79674603174605 372.10857142857145 1.0000000180025095e-35 49.118294284302415 -1.0000000180025095e-35 180.79388888888892
decision_type=2 2 2 2 2 2
left_child=2 -2 3 -1 -3 -4
right_child=1 4 5 -5 -6 -7
leaf_value=0.013822918596022905 0.0041829102490684323 0.012390425913432096 -0.022976650098440944 -0.015574409696761108 -0.013311643349046536 0.00096619820145351428
leaf_weight=1260 13442 298 2750 3134 36 680
leaf_count=1260 13442 298 2750 3134 36 680
internal_value=0.000406694 0.00231182 -0.0029476 -0.000995449 0.0131642 -0.00544739
internal_weight=21600 13776 7824 4394 334 3430
internal_count=21600 13776 7824 4394 334 3430
is_linear=0
shrinkage=0.035


Tree=36
num_leaves=7
num_cat=0
split_feature=7 7 7 9 3 3
split_gain=108.893 53.127 58.2794 39.1989 49.3535 45.4123
threshold=1.0000000180025095e-35 0.6830127018922193 0.93301270189221952 1.0000000180025095e-35 0.6078576107927941 0.87837969732492682
decision_type=2 2 2 2 2 2
left_child=3 -2 -3 4 -1 -5
right_child=1 2 -4 5 -6 -7
leaf_value=0.01675992514987466 0.007862121232473894 -0.0040674482001914992 0.0073207519890672078 -0.016566615830621412 -0.12728306361864319 0.005285050122788815
leaf_weight=637 5856 5664 2976 5194 405 868
leaf_count=637 5856 5664 2976 5194 405 868
internal_value=0.000401833 0.00214148 0.000396945 -0.00314778 0.00312081 -0.00422563
internal_weight=21600 14496 8640 7104 1042 6062
internal_count=21600 14496 8640 7104 1042 6062
is_linear=0
shrinkage=0.035


Tree=37
num_leaves=7
num_cat=0
split_feature=10 10 4 9 6 8
split_gain=103.411 33.8995 33.4113 33.7889 28.8111 28.5753
threshold=121.19071428571429 372.10857142857145 1.0000000180025095e-35 212.00111111111116 -1.0000000180025095e-35 44.006666666666675
decision_type=2 2 2 2 2 2
left_child=2 5 3 -1 -3 -2
right_child=1 4 -4 -5 -6 -7
leaf_value=0.00041008136870307471 -0.012263007199116681 0.011681586763325367 -0.016411059475898444 -0.039110620199607878 -0.013101962151447261 0.0047401838061990921
leaf_weight=3712 1200 298 3240 452 36 12662
leaf_count=3712 1200 298 3240 452 36 12662
internal_value=0.000413175 0.00216208 -0.00293991 -0.000865546 0.0131642 0.00189605
internal_weight=21600 14196 7404 4164 334 13862
internal_count=21600 14196 7404 4164 334 13862
is_linear=0
shrinkage=0.035


Tree=38
num_leaves=7
num_cat=0
split_feature=10 4 10 9 10 3
split_gain=98.3936 40.6644 39.3092 37.6466 30.8456 30.1673
threshold=168.53968253968256 0.81174490092936691 71.93341269841271 212.00111111111116 372.10857142857145 1.0000000180025095e-35
decision_type=2 2 2 2 2 2
left_child=1 3 -3 -1 5 -2
right_child=4 2 -4 -5 -6 -7
leaf_value=-0.00035982374771188487 0.0018557475621835452 -0.069538551481789307 -0.011128195540941408 -0.018848290396366957 0.0093657950579383274 0.0068742762790571458
leaf_weight=7577 6218 529 1064 1258 334 4620
leaf_count=7577 6218 529 1064 1258 334 4620
internal_value=0.000421277 -0.00202368 -0.00716907 -0.00109524 0.00270339 0.00237983
internal_weight=21600 10428 1593 8835 11172 10838
internal_count=21600 10428 1593 8835 11172 10838
is_linear=0
shrinkage=0.035


Tree=39
num_leaves=7
num_cat=0
split_feature=7 7 7 9 3 8
split_gain=96.5578 53.0147 48.4456 37.2907 48.2688 41.0936
threshold=1.0000000180025095e-35 0.6830127018922193 0.93301270189221952 1.0000000180025095e-35 0.6078576107927941 1.0000000180025095e-35
decision_type=2 2 2 2 2 2
left_child=3 -2 -3 4 -1 -5
right_child=1 2 -4 5 -6 -7
leaf_value=0.016615126852768072 0.0073920082211304692 -0.0038764187706242306 0.0067824699869215958 -0.097843219298818992 -0.12224117547916431 -0.0070867564134776823
leaf_weight=637 5856 5664 2976 701 405 5361
leaf_count=637 5856 5664 2976 701 405 5361
internal_value=0.000416416 0.00205456 0.000311885 -0.00292611 0.00318792 -0.0039774
internal_weight=21600 14496 8640 7104 1042 6062
internal_count=21600 14496 8640 7104 1042 6062
is_linear=0
shrinkage=0.035


Tree=40
num_leaves=7
num_cat=0
split_feature=10 10 9 4 6 8
split_gain=90.7082 32.6633 32.4153 35.747 28.2015 26.163
threshold=121.19071428571429 372.10857142857145 122.03333333333335 1.0000000180025095e-35 -1.0000000180025095e-35 44.006666666666675
decision_type=2 2 2 2 2 2
left_child=2 5 3 -1 -3 -2
right_child=1 4 -4 -5 -6 -7
leaf_value=0.0016327816677931795 -0.011251617006647906 0.010686208111841561 -0.026935968030255969 -0.012399565887613392 -0.013208582752716712 0.0043464243576586958
leaf_weight=3207 1200 298 1305 2892 36 12662
leaf_count=3207 1200 298 1305 2892 36 12662
internal_value=0.000413175 0.00205114 -0.00272721 -0.00165533 0.0128507 0.00179002
internal_weight=21600 14196 7404 6099 334 13862
internal_count=21600 14196 7404 6099 334 13862
is_linear=0
shrinkage=0.035


Tree=41
num_leaves=7
num_cat=0
split_feature=7 7 8 9 3 3
split_gain=87.4759 50.895 44.4236 34.821 47.0515 43.7894
threshold=1.0000000180025095e-35 0.6830127018922193 44.006666666666675 1.0000000180025095e-35 0.6078576107927941 0.87837969732492682
decision_type=2 2 2 2 2 2
left_child=3 -2 -3 4 -1 -5
right_child=1 2 -4 5 -6 -7
leaf_value=0.01634463334588664 0.0069939854822930088 -0.038391162860910842 0.0024912556515972843 -0.014257717412463719 -0.11752874953132708 0.0051908451386704618
leaf_weight=637 5856 1432 7208 5194 405 868
leaf_count=637 5856 1432 7208 5194 405 868
internal_value=0.000427758 0.00198696 0.000279482 -0.00275369 0.00315436 -0.00376959
internal_weight=21600 14496 8640 7104 1042 6062
internal_count=21600 14496 8640 7104 1042 6062
is_linear=0
shrinkage=0.035


Tree=42
num_leaves=7
num_cat=0
split_feature=10 4 9 10 3 8
split_gain=82.1716 39.8701 36.2121 36.1066 26.3389 49.6767
threshold=168.53968253968256 0.81174490092936691 212.00111111111116 71.110158730158744 1.0000000180025095e-35 78.241666666666674
decision_type=2 2 2 2 2 2
left_child=1 2 -1 -3 -2 -6
right_child=4 3 -4 -5 5 -7
leaf_value=5.4872131892405037e-05 0.0021178731874422897 -0.065923660789952251 -0.017066603163060259 -0.0095761503668158245 -0.0095947679830954962 0.0078037030108012136
leaf_weight=7577 6394 516 1258 1077 695 4083
leaf_count=7577 6394 516 1258 1077 695 4083
internal_value=0.000445581 -0.00178876 -0.000869455 -0.00688363 0.0025311 0.00449676
internal_weight=21600 10428 8835 1593 11172 4778
internal_count=21600 10428 8835 1593 11172 4778
is_linear=0
shrinkage=0.035


Tree=43
num_leaves=7
num_cat=0
split_feature=10 9 4 10 6 8
split_gain=77.0433 29.9503 31.1218 28.8778 26.8042 23.6254
threshold=121.19071428571429 122.03333333333335 1.0000000180025095e-35 372.10857142857145 -1.0000000180025095e-35 44.006666666666675
decision_type=2 2 2 2 2 2
left_child=1 2 -1 5 -5 -2
right_child=3 -3 -4 4 -6 -7
leaf_value=0.0018875843370369473 -0.01063801309120666 -0.024885148187131046 -0.011468481496726938 0.009900376439207036 -0.013106605909555596 0.0039968839952081586
leaf_weight=3207 1200 1305 2892 298 36 12662
leaf_count=3207 1200 1305 2892 298 36 12662
internal_value=0.000455303 -0.00243889 -0.00140861 0.00196485 0.0121194 0.00171932
internal_weight=21600 7404 6099 14196 334 13862
internal_count=21600 7404 6099 14196 334 13862
is_linear=0
shrinkage=0.035


Tree=44
num_leaves=7
num_cat=0
split_feature=7 7 8 9 3 3
split_gain=76.5314 47.504 42.8808 34.5812 56.9998 45.7347
threshold=1.0000000180025095e-35 0.6830127018922193 43.002777777777787 7.9955555555555566 -1.0000000180025095e-35 0.6078576107927941
decision_type=2 2 2 2 2 2
left_child=3 -2 -3 4 -1 -5
right_child=1 2 -4 5 -6 -7
leaf_value=0.016656308088295987 0.0065501171133035161 -0.03689177974526104 0.0023004417941079416 -0.015543920426482656 -0.010574638874924644 0.003174505804064687
leaf_weight=473 5856 1406 7234 4132 899 1600
leaf_count=473 5856 1406 7234 4132 899 1600
internal_value=0.000458544 0.00191695 0.00026733 -0.00251724 0.00247269 -0.00371184
internal_weight=21600 14496 8640 7104 1372 5732
internal_count=21600 14496 8640 7104 1372 5732
is_linear=0
shrinkage=0.035


Tree=45
num_leaves=7
num_cat=0
split_feature=7 6 4 9 3 8
split_gain=71.1323 46.7704 38.744 31.6022 46.5426 43.85
threshold=1.0000000180025095e-35 -0.6830127018922193 1.0000000180025095e-35 1.9677777777777778 -1.0000000180025095e-35 1.0000000180025095e-35
decision_type=2 2 2 2 2 2
left_child=3 2 -2 4 -1 -5
right_child=1 -3 -4 5 -6 -7
leaf_value=0.0169385118425112 0.0067739015353271053 0.0017403862312914866 0.0084861205306715759 -0.090964579120681566 -0.023294840067883394 -0.0053784635919015287
leaf_weight=394 1728 11616 1152 693 712 5305
leaf_count=394 1728 11616 1152 693 712 5305
internal_value=0.000469886 0.00187591 0.00586775 -0.00239901 0.00303523 -0.0034014
internal_weight=21600 14496 2880 7104 1106 5998
internal_count=21600 14496 2880 7104 1106 5998
is_linear=0
shrinkage=0.035


Tree=46
num_leaves=7
num_cat=0
split_feature=8 7 4 10 10 6
split_gain=67.5074 67.75 31.406 29.6616 25.8005 24.3968
threshold=43.002777777777787 -0.68301270189221952 0.81174490092936691 60.862460317460325 87.510634920634928 0.68301270189221941
decision_type=2 2 2 2 2 2
left_child=2 -2 3 -1 -3 -4
right_child=1 4 5 -5 -6 -7
leaf_value=0.0048323759309688956 -0.044596286794257541 -0.0069393854761207723 -0.062656577223579563 -0.018857816997532174 0.0038406709072109505 0.015048427668073369
leaf_weight=1841 560 1625 533 2393 14613 35
leaf_count=1841 560 1625 533 2393 14613 35
internal_value=0.000430999 0.00147717 -0.00322819 -0.00219008 0.0018902 -0.010949
internal_weight=21600 16798 4802 4234 16238 568
internal_count=21600 16798 4802 4234 16238 568
is_linear=0
shrinkage=0.035


Tree=47
num_leaves=7
num_cat=0
split_feature=10 4 6 9 3 9
split_gain=64.6311 34.1545 49.7653 29.7595 23.0865 46.4653
threshold=169.92182539682543 1.0000000180025095e-35 -1.0000000180025095e-35 7.9955555555555566 1.0000000180025095e-35 254.32388888888892
decision_type=2 2 2 2 2 2
left_child=1 2 -1 -3 -2 -6
right_child=4 3 -4 -5 5 -7
leaf_value=-0.0073911578549236854 0.0017607326033821159 0.0034060718502432288 0.0074816511796671663 -0.012540202114478653 0.008847058758339214 0.00189326075376439
leaf_weight=4466 6355 1108 1421 3517 1895 2838
leaf_count=4466 6355 1108 1421 3517 1895 2838
internal_value=0.000414796 -0.00155141 0.000216967 -0.00380188 0.00227883 0.00412917
internal_weight=21600 10512 5887 4625 11088 4733
internal_count=21600 10512 5887 4625 11088 4733
is_linear=0
shrinkage=0.035


Tree=48
num_leaves=7
num_cat=0
split_feature=8 7 3 9 4 8
split_gain=62.0915 56.5723 83.4222 30.1538 39.2882 23.5355
threshold=1.0000000180025095e-35 -0.68301270189221952 1.0000000180025095e-35 3.0111111111111115 -0.22252093395631442 362.72000000000008
decision_type=2 2 2 2 2 2
left_child=3 2 -2 4 -1 -3
right_child=1 5 -4 -5 -6 -7
leaf_value=0.031306491730227724 -0.049781893117497929 0.0016469192815029166 0.011945663028093089 -0.086862104731621773 -0.11211868087930559 0.0077495898375674731
leaf_weight=275 672 15975 576 1433 231 2438
leaf_count=275 672 15975 576 1433 231 2438
internal_value=0.000426138 0.00101554 -0.00619295 -0.00554768 0.00179487 0.00150443
internal_weight=21600 19661 1248 1939 506 18413
internal_count=21600 19661 1248 1939 506 18413
is_linear=0
shrinkage=0.035


Tree=49
num_leaves=7
num_cat=0
split_feature=8 7 3 10 4 3
split_gain=58.9632 54.4697 81.5203 30.6414 43.771 31.1275
threshold=1.0000000180025095e-35 -0.68301270189221952 1.0000000180025095e-35 64.950476190476209 -0.22252093395631442 1.0000000180025095e-35
decision_type=2 2 2 2 2 2
left_child=3 2 -2 4 -1 -5
right_child=1 -3 -4 5 -6 -7
leaf_value=0.035086010314307525 -0.048039526858385501 0.0024139360513539469 0.011527564822109843 -0.090996739310662822 -0.077103712835574587 -0.012061940163261673
leaf_weight=337 672 18413 576 538 694 370
leaf_count=337 672 18413 576 538 694 370
internal_value=0.000418036 0.000992397 -0.00608086 -0.00540335 -0.0012718 -0.010088
internal_weight=21600 19661 1248 1939 1031 908
internal_count=21600 19661 1248 1939 1031 908
is_linear=0
shrinkage=0.035


Tree=50
num_leaves=7
num_cat=0
split_feature=7 7 3 11 9 3
split_gain=58.23 40.3352 39.1941 30.8047 27.9518 45.1395
threshold=1.0000000180025095e-35 0.6830127018922193 1.0000000180025095e-35 132.02981979817852 1.9677777777777778 0.6078576107927941
decision_type=2 2 2 2 2 2
left_child=4 3 -3 -2 5 -1
right_child=1 2 -4 -5 -6 -7
leaf_value=0.014896740467138337 0.0042247932799668103 -0.0036221455301756449 0.0043829114340677667 0.012796376402339981 -0.0087405336879293645 -0.10549589709928477
leaf_weight=683 5074 4896 3744 782 5998 423
leaf_count=683 5074 4896 3744 782 5998 423
internal_value=0.000393732 0.00166586 0.000145816 0.00390814 -0.00220197 0.00290876
internal_weight=21600 14496 8640 5856 7104 1106
internal_count=21600 14496 8640 5856 7104 1106
is_linear=0
shrinkage=0.035


Tree=51
num_leaves=7
num_cat=0
split_feature=10 4 6 9 9 10
split_gain=54.2163 29.0008 42.7574 24.5602 24.3611 23.6207
threshold=169.92182539682543 1.0000000180025095e-35 -1.0000000180025095e-35 7.9955555555555566 50.006666666666675 219.28936507936507
decision_type=2 2 2 2 2 2
left_child=1 2 -1 -3 5 -2
right_child=4 3 -4 -5 -6 -7
leaf_value=-0.0066468442002263432 0.008291652092162597 0.0031970128340093797 0.0069975857786119594 -0.012019818381290591 0.0028870216709640877 0.015609514438804957
leaf_weight=4466 233 1108 1421 3517 10610 245
leaf_count=4466 233 1108 1421 3517 10610 245
internal_value=0.000435859 -0.00136498 0.000264521 -0.00343872 0.00214311 0.0098643
internal_weight=21600 10512 5887 4625 11088 478
internal_count=21600 10512 5887 4625 11088 478
is_linear=0
shrinkage=0.035


Tree=52
num_leaves=7
num_cat=0
split_feature=10 4 9 11 9 10
split_gain=52.1502 27.7593 34.6197 31.9471 24.6409 23.6207
threshold=169.92182539682543 0.81174490092936691 212.00111111111116 70.981138793699742 50.006666666666675 219.28936507936507
decision_type=2 2 2 2 2 2
left_child=1 2 -1 -3 5 -2
right_child=4 3 -4 -5 -6 -7
leaf_value=0.00063094483936231298 0.0080014442689369161 -0.045148358188462516 -0.012458714782062185 -0.0037021927861093 0.0027859759124803478 0.015063181433446787
leaf_weight=7626 233 672 1280 934 10610 245
leaf_count=7626 233 672 1280 934 10610 245
internal_value=0.000424517 -0.00134167 -0.000577636 -0.00557561 0.00209893 0.0098643
internal_weight=21600 10512 8906 1606 11088 478
internal_count=21600 10512 8906 1606 11088 478
is_linear=0
shrinkage=0.035


Tree=53
num_leaves=7
num_cat=0
split_feature=8 7 3 9 4 8
split_gain=50.7655 51.2174 78.7086 34.6316 29.5646 22.1826
threshold=1.0000000180025095e-35 -0.68301270189221952 1.0000000180025095e-35 29.015000000000004 -0.22252093395631442 362.72000000000008
decision_type=2 2 2 2 2 2
left_child=3 2 -2 4 -1 -3
right_child=1 5 -4 -5 -6 -7
leaf_value=0.027820593838536294 -0.045618878726237641 0.0014842325803485525 0.011640575210043733 -0.080376540530675639 -0.062868476748578483 0.0070923259702121797
leaf_weight=317 672 15975 576 1130 492 2438
leaf_count=317 672 15975 576 1130 492 2438
internal_value=0.000413175 0.000946114 -0.00591273 -0.0049884 0.000540123 0.00141129
internal_weight=21600 19661 1248 1939 809 18413
internal_count=21600 19661 1248 1939 809 18413
is_linear=0
shrinkage=0.035


Tree=54
num_leaves=7
num_cat=0
split_feature=10 4 9 11 9 10
split_gain=47.7514 26.0034 32.278 30.6849 25.2053 23.6207
threshold=169.92182539682543 0.81174490092936691 212.00111111111116 70.981138793699742 50.006666666666675 219.28936507936507
decision_type=2 2 2 2 2 2
left_child=1 2 -1 -3 5 -2
right_child=4 3 -4 -5 -6 -7
leaf_value=0.00067525561031349889 0.0076694455792119158 -0.042427152974993963 -0.011642446106980118 -0.0036245641789076637 0.0025863353000478576 0.014421879665972026
leaf_weight=7626 233 672 1280 934 10610 245
leaf_count=7626 233 672 1280 934 10610 245
internal_value=0.000408314 -0.00128175 -0.00054227 -0.00537959 0.00201055 0.0098643
internal_weight=21600 10512 8906 1606 11088 478
internal_count=21600 10512 8906 1606 11088 478
is_linear=0
shrinkage=0.035


Tree=55
num_leaves=7
num_cat=0
split_feature=7 7 3 11 9 3
split_gain=46.1759 37.26 37.1469 30.7259 24.1655 41.2684
threshold=1.0000000180025095e-35 0.6830127018922193 1.0000000180025095e-35 132.02981979817852 1.9677777777777778 0.6078576107927941
decision_type=2 2 2 2 2 2
left_child=4 3 -3 -2 5 -1
right_child=1 2 -4 -5 -6 -7
leaf_value=0.014316090884833736 0.0037459983934254562 -0.0034822373174386058 0.0039588958996951808 0.011843357696274067 -0.0076798688477763676 -0.099760756479538554
leaf_weight=683 5074 4896 3744 782 5998 423
leaf_count=683 5074 4896 3744 782 5998 423
internal_value=0.000405074 0.0015379 7.69587e-05 0.00369302 -0.0019064 0.00284553
internal_weight=21600 14496 8640 5856 7104 1106
internal_count=21600 14496 8640 5856 7104 1106
is_linear=0
shrinkage=0.035


Tree=56
num_leaves=7
num_cat=0
split_feature=8 7 9 6 11 11
split_gain=47.0534 55.9564 28.5697 34.235 25.5864 25.1038
threshold=56.001666666666672 -0.68301270189221952 27.006666666666671 -1.0000000180025095e-35 127.90453262969137 50.763844454936297
decision_type=2 2 2 2 2 2
left_child=2 5 -1 -4 -3 -2
right_child=1 4 3 -5 -6 -7
leaf_value=0.0028896369139065395 0.0038439598589672924 0.0018157720511802736 -0.034060185697102896 0.0014951084883290512 0.0083245132577226457 -0.0407330664188367
leaf_weight=1953 43 13361 2921 771 2071 480
leaf_count=1953 43 13361 2921 771 2071 480
internal_value=0.000424517 0.00139618 -0.00232156 -0.00413214 0.00177801 -0.0098521
internal_weight=21600 15955 5645 3692 15432 523
internal_count=21600 15955 5645 3692 15432 523
is_linear=0
shrinkage=0.035


Tree=57
num_leaves=7
num_cat=0
split_feature=8 7 3 9 4 3
split_gain=44.1245 44.56 73.8326 36.0874 26.2866 19.2455
threshold=1.0000000180025095e-35 -0.68301270189221952 1.0000000180025095e-35 29.015000000000004 -0.22252093395631442 0.87837969732492682
decision_type=2 2 2 2 2 2
left_child=3 2 -2 4 -1 -5
right_child=1 -3 -4 5 -6 -7
leaf_value=0.026221038634870644 -0.042545188134662362 0.0020647192275649487 0.011811761482700701 -0.079171173135491116 -0.058571551103517749 0.027181200707602382
leaf_weight=317 672 18413 576 1007 492 123
leaf_count=317 672 18413 576 1007 492 123
internal_value=0.000408314 0.000905172 -0.00549239 -0.00462758 0.00101543 -0.0086649
internal_weight=21600 19661 1248 1939 809 1130
internal_count=21600 19661 1248 1939 809 1130
is_linear=0
shrinkage=0.035


Tree=58
num_leaves=7
num_cat=0
split_feature=10 9 4 8 7 11
split_gain=44.1793 28.4475 24.2396 22.4158 63.682 21.1229
threshold=115.88126984126986 122.03333333333335 1.0000000180025095e-35 44.006666666666675 0.6830127018922193 62.780280487877789
decision_type=2 2 2 2 2 2
left_child=1 2 -1 4 -2 -3
right_child=3 5 -4 -5 -6 -7
leaf_value=0.0026113516579723277 0.0034772679231607722 0.0011247023444245531 -0.0086759057867150085 0.002987864042778066 -0.12590276935831268 -0.035161847202991856
leaf_weight=3097 790 309 2719 13316 510 859
leaf_count=3097 790 309 2719 13316 510 859
internal_value=0.00038563 -0.00190408 -0.000902527 0.00147978 -0.00290546 -0.00688623
internal_weight=21600 6984 5816 14616 1300 1168
internal_count=21600 6984 5816 14616 1300 1168
is_linear=0
shrinkage=0.035


Tree=59
num_leaves=7
num_cat=0
split_feature=10 9 4 9 9 7
split_gain=41.4363 26.7123 22.2654 19.8966 30.9233 28.6156
threshold=115.88126984126986 122.03333333333335 1.0000000180025095e-35 254.32388888888892 418.87 0.93301270189221952
decision_type=2 2 2 2 2 2
left_child=1 2 -1 5 -5 -2
right_child=3 -3 -4 4 -6 -7
leaf_value=0.0025199543499433079 0.002691238884823735 -0.018636898605170503 -0.0083722490841799772 -0.0018081054918764597 0.005430028815696211 0.0090308740187660733
leaf_weight=3097 6581 1168 2719 5736 848 1451
leaf_count=3097 6581 1168 2719 5736 848 1451
internal_value=0.000398593 -0.0018189 -0.000848375 0.00145823 3.18907e-05 0.00262729
internal_weight=21600 6984 5816 14616 6584 8032
internal_count=21600 6984 5816 14616 6584 8032
is_linear=0
shrinkage=0.035


Tree=60
num_leaves=7
num_cat=0
split_feature=8 7 3 9 4 3
split_gain=40.3344 43.5555 72.4144 33.8081 30.0426 22.4563
threshold=1.0000000180025095e-35 -0.68301270189221952 1.0000000180025095e-35 20.786666666666672 -0.22252093395631442 0.87837969732492682
decision_type=2 2 2 2 2 2
left_child=3 2 -2 4 -1 -5
right_child=1 -3 -4 5 -6 -7
leaf_value=0.026648116944447835 -0.040509074767732169 0.0019564075737163126 0.011218754120529136 -0.075104489609390618 -0.078811162820581759 0.025107829472691599
leaf_weight=292 672 18413 576 1096 407 144
leaf_count=292 672 18413 576 1096 407 144
internal_value=0.00038563 0.00086067 -0.00546437 -0.00442912 0.001725 -0.00789686
internal_weight=21600 19661 1248 1939 699 1240
internal_count=21600 19661 1248 1939 699 1240
is_linear=0
shrinkage=0.035


Tree=61
num_leaves=7
num_cat=0
split_feature=10 9 8 9 7 3
split_gain=39.0978 41.6321 25.4581 37.9997 30.4795 21.707
threshold=193.24285714285716 66.172222222222231 1.0000000180025095e-35 29.015000000000004 -0.68301270189221952 1.0000000180025095e-35
decision_type=2 2 2 2 2 2
left_child=2 -2 3 -1 -4 -3
right_child=1 5 4 -5 -6 -7
leaf_value=0.008438733568604119 0.012491170535735667 0.00015498101891674444 -0.026637010609061824 -0.07029471159757672 0.00059415993502536912 0.0044853077575886021
leaf_weight=809 479 5426 1248 1090 8710 3838
leaf_count=809 479 5426 1248 1090 8710 3838
internal_value=0.000374288 0.00201688 -0.000975502 -0.00468816 -0.000267095 0.00149595
internal_weight=21600 9743 11857 1899 9958 9264
internal_count=21600 9743 11857 1899 9958 9264
is_linear=0
shrinkage=0.035


Tree=62
num_leaves=7
num_cat=0
split_feature=8 7 3 9 4 3
split_gain=38.5447 40.5166 70.2773 32.4906 25.5543 18.628
threshold=1.0000000180025095e-35 -0.68301270189221952 1.0000000180025095e-35 29.015000000000004 -0.22252093395631442 0.87837969732492682
decision_type=2 2 2 2 2 2
left_child=3 2 -2 4 -1 -5
right_child=1 -3 -4 5 -6 -7
leaf_value=0.023859364776413889 -0.038158961779544386 0.0018656931101123011 0.011758393097627792 -0.070015517567146759 -0.053510222591491484 0.029578097992951469
leaf_weight=317 672 18413 576 1007 492 123
leaf_count=317 672 18413 576 1007 492 123
internal_value=0.000367807 0.000832189 -0.00526821 -0.00433892 0.00101543 -0.00816976
internal_weight=21600 19661 1248 1939 809 1130
internal_count=21600 19661 1248 1939 809 1130
is_linear=0
shrinkage=0.035


Tree=63
num_leaves=7
num_cat=0
split_feature=8 7 3 9 4 3
split_gain=37.2709 38.989 68.0274 32.3615 25.9498 18.4785
threshold=1.0000000180025095e-35 -0.68301270189221952 1.0000000180025095e-35 28.115000000000006 -0.22252093395631442 0.87837969732492682
decision_type=2 2 2 2 2 2
left_child=3 2 -2 4 -1 -5
right_child=1 -3 -4 5 -6 -7
leaf_value=0.023107800269127086 -0.036823398117260327 0.0018003938512583819 0.011346849339210822 -0.067914477975235116 -0.051978241013599533 0.026988662265473095
leaf_weight=313 672 18413 576 1018 481 127
leaf_count=313 672 18413 576 1018 481 127
internal_value=0.000343503 0.000800147 -0.00518415 -0.00428479 0.00114465 -0.00804756
internal_weight=21600 19661 1248 1939 794 1145
internal_count=21600 19661 1248 1939 794 1145
is_linear=0
shrinkage=0.035


Tree=64
num_leaves=7
num_cat=0
split_feature=10 9 4 9 8 3
split_gain=37.0219 44.5147 24.2772 32.292 23.0988 20.1998
threshold=194.59428571428572 66.172222222222231 1.0000000180025095e-35 212.00111111111116 1.0000000180025095e-35 1.0000000180025095e-35
decision_type=2 2 2 2 2 2
left_child=2 -2 3 -1 -4 -3
right_child=1 5 4 -5 -6 -7
leaf_value=0.0027275321687890799 0.0119258667949434 2.1243639606682853e-05 -0.062306933997953763 -0.0075223889630178864 -0.0035346101581018455 0.0043765961098675855
leaf_weight=5285 467 5386 732 1453 4471 3806
leaf_count=5285 467 5386 732 1453 4471 3806
internal_value=0.000311097 0.0019221 -0.000992087 0.000394717 -0.00278776 0.00138584
internal_weight=21600 9659 11941 6738 5203 9192
internal_count=21600 9659 11941 6738 5203 9192
is_linear=0
shrinkage=0.035


Tree=65
num_leaves=7
num_cat=0
split_feature=8 7 3 9 4 8
split_gain=36.2053 37.1957 65.8141 32.1469 25.9498 18.4269
threshold=1.0000000180025095e-35 -0.68301270189221952 1.0000000180025095e-35 28.115000000000006 -0.22252093395631442 362.72000000000008
decision_type=2 2 2 2 2 2
left_child=3 2 -2 4 -1 -3
right_child=1 5 -4 -5 -6 -7
leaf_value=0.022203563633800022 -0.035449872282783977 0.0010530843792547985 0.010919092263667753 -0.060802186445591905 -0.050254466204031172 0.0058523171488443024
leaf_weight=313 672 15975 576 1145 481 2438
leaf_count=313 672 15975 576 1145 481 2438
internal_value=0.000294894 0.000744965 -0.00510008 -0.00426675 0.00114465 0.00114139
internal_weight=21600 19661 1248 1939 794 18413
internal_count=21600 19661 1248 1939 794 18413
is_linear=0
shrinkage=0.035


Tree=66
num_leaves=7
num_cat=0
split_feature=10 9 8 9 7 3
split_gain=35.8042 45.0988 23.7554 36.657 25.8445 18.6817
threshold=194.59428571428572 66.172222222222231 1.0000000180025095e-35 20.786666666666672 -0.68301270189221952 1.0000000180025095e-35
decision_type=2 2 2 2 2 2
left_child=2 -2 3 -1 -4 -3
right_child=1 5 4 -5 -6 -7
leaf_value=0.01280287351887343 0.011465395084046681 -3.7794828386934492e-05 -0.023684247253447713 -0.058674109919996192 0.00044504619421675167 0.0041486171893616855
leaf_weight=699 467 5386 1248 1203 8791 3806
leaf_count=699 467 5386 1248 1203 8791 3806
internal_value=0.000268969 0.00185326 -0.0010126 -0.004598 -0.000332918 0.0013135
internal_weight=21600 9659 11941 1902 10039 9192
internal_count=21600 9659 11941 1902 10039 9192
is_linear=0
shrinkage=0.035


Tree=67
num_leaves=7
num_cat=0
split_feature=8 7 3 9 4 3
split_gain=34.7439 34.495 64.1963 32.5523 24.6446 18.2996
threshold=1.0000000180025095e-35 -0.68301270189221952 1.0000000180025095e-35 28.115000000000006 -0.22252093395631442 0.87837969732492682
decision_type=2 2 2 2 2 2
left_child=3 2 -2 4 -1 -5
right_child=1 -3 -4 5 -6 -7
leaf_value=0.020978338333456456 -0.033380178099015861 0.0015471119052023453 0.011365872688310023 -0.059524561706316419 -0.04894366046005065 0.030130265833069509
leaf_weight=313 672 18413 576 1018 481 127
leaf_count=313 672 18413 576 1018 481 127
internal_value=0.000256007 0.000696903 -0.00493195 -0.00421263 0.0012327 -0.00798647
internal_weight=21600 19661 1248 1939 794 1145
internal_count=21600 19661 1248 1939 794 1145
is_linear=0
shrinkage=0.035


Tree=68
num_leaves=7
num_cat=0
split_feature=8 9 7 3 4 8
split_gain=34.1635 32.337 31.2028 59.5969 24.6446 18.2938
threshold=1.0000000180025095e-35 28.115000000000006 -0.68301270189221952 1.0000000180025095e-35 -0.22252093395631442 362.72000000000008
decision_type=2 2 2 2 2 2
left_child=1 4 3 -2 -1 -4
right_child=2 -3 5 -5 -6 -7
leaf_value=0.02024409649178547 -0.032211871865550315 -0.054537156413075251 0.00090106984631991086 0.010968067144219183 -0.047230632343948878 0.0055168768588875162
leaf_weight=313 672 1145 15975 576 481 2438
leaf_count=313 672 1145 15975 576 481 2438
internal_value=0.000236563 -0.00419459 0.000673762 -0.00467974 0.0012327 0.00103685
internal_weight=21600 1939 19661 1248 794 18413
internal_count=21600 1939 19661 1248 794 18413
is_linear=0
shrinkage=0.035


Tree=69
num_leaves=7
num_cat=0
split_feature=8 9 7 3 4 3
split_gain=33.0385 31.6954 29.2886 57.593 23.2255 20.4102
threshold=1.0000000180025095e-35 28.115000000000006 -0.68301270189221952 1.0000000180025095e-35 -0.22252093395631442 0.87837969732492682
decision_type=2 2 2 2 2 2
left_child=1 4 3 -2 -1 -3
right_child=2 5 -4 -5 -6 -7
leaf_value=0.019535553114572991 -0.031084456350256057 -0.055532401572137707 0.001442172920090017 0.010584184794171513 -0.045577560211910659 0.030984507003369705
leaf_weight=313 672 1018 18413 576 481 127
leaf_count=313 672 1018 18413 576 481 127
internal_value=0.00021712 -0.00414046 0.00064706 -0.00453963 0.0012327 -0.00786431
internal_weight=21600 1939 19661 1248 794 1145
internal_count=21600 1939 19661 1248 794 1145
is_linear=0
shrinkage=0.035


Tree=70
num_leaves=7
num_cat=0
split_feature=8 9 7 3 4 3
split_gain=33.2947 32.337 28.8879 54.1994 23.2255 18.2104
threshold=1.0000000180025095e-35 28.115000000000006 -0.68301270189221952 1.0000000180025095e-35 -0.22252093395631442 0.87837969732492682
decision_type=2 2 2 2 2 2
left_child=1 4 3 -2 -1 -3
right_child=2 5 -4 -5 -6 -7
leaf_value=0.018851808755562929 -0.029996500377997091 -0.05358876751711289 0.0013916968678868759 0.010213738326375505 -0.04398234560449378 0.029900049258251769
leaf_weight=313 672 1018 18413 576 481 127
leaf_count=313 672 1018 18413 576 481 127
internal_value=0.000179853 -0.00419459 0.000611459 -0.00453963 0.0012327 -0.00795593
internal_weight=21600 1939 19661 1248 794 1145
internal_count=21600 1939 19661 1248 794 1145
is_linear=0
shrinkage=0.035


Tree=71
num_leaves=7
num_cat=0
split_feature=8 9 7 3 4 3
split_gain=32.6288 32.6479 27.3134 52.6685 22.9505 18.2104
threshold=1.0000000180025095e-35 28.115000000000006 -0.68301270189221952 1.0000000180025095e-35 -0.22252093395631442 0.87837969732492682
decision_type=2 2 2 2 2 2
left_child=1 4 3 -2 -1 -3
right_child=2 5 -4 -5 -6 -7
leaf_value=0.018191995449118235 -0.028946622864767197 -0.051713160654013934 0.0013429874775108355 0.0098562574849523649 -0.042442963508336505 0.028853547534212959
leaf_weight=313 672 1018 18413 576 481 127
leaf_count=313 672 1018 18413 576 481 127
internal_value=0.000153928 -0.00417655 0.000581197 -0.00442754 0.00127673 -0.00795593
internal_weight=21600 1939 19661 1248 794 1145
internal_count=21600 1939 19661 1248 794 1145
is_linear=0
shrinkage=0.035


Tree=72
num_leaves=7
num_cat=0
split_feature=10 9 8 9 7 9
split_gain=31.3387 46.6969 20.888 37.1114 19.7295 16.8856
threshold=194.59428571428572 66.172222222222231 1.0000000180025095e-35 29.015000000000004 -0.68301270189221952 260.65833333333336
decision_type=2 2 2 2 2 2
left_child=2 -2 3 -1 -4 -3
right_child=1 5 4 -5 -6 -7
leaf_value=0.0075837321055737183 0.010785349721955356 0.0046633644783724299 -0.02067513400424929 -0.04815729177550538 0.00018346726421807348 -0.00025656625183421603
leaf_weight=809 467 3805 1248 1093 8791 5387
leaf_count=809 467 3805 1248 1093 8791 5387
internal_value=0.00011018 0.00159239 -0.0010888 -0.00445087 -0.000451444 0.00104319
internal_weight=21600 9659 11941 1902 10039 9192
internal_count=21600 9659 11941 1902 10039 9192
is_linear=0
shrinkage=0.035


Tree=73
num_leaves=7
num_cat=0
split_feature=8 9 7 3 4 3
split_gain=30.7125 32.098 25.2623 50.7857 21.9917 17.856
threshold=1.0000000180025095e-35 28.115000000000006 -0.68301270189221952 1.0000000180025095e-35 -0.22252093395631442 0.87837969732492682
decision_type=2 2 2 2 2 2
left_child=1 4 3 -2 -1 -3
right_child=2 5 -4 -5 -6 -7
leaf_value=0.017289844984704004 -0.027209861374351621 -0.048217694818980757 0.0012636259376092121 0.01023491816312775 -0.041222890409239807 0.029529178582658192
leaf_weight=313 672 1018 18413 576 481 127
leaf_count=313 672 1018 18413 576 481 127
internal_value=0.000115041 -0.00408634 0.000529575 -0.00428743 0.00132075 -0.00783377
internal_weight=21600 1939 19661 1248 794 1145
internal_count=21600 1939 19661 1248 794 1145
is_linear=0
shrinkage=0.035


Tree=74
num_leaves=7
num_cat=0
split_feature=8 9 7 3 4 3
split_gain=29.6929 32.503 24.7286 50.4133 20.7914 17.7679
threshold=1.0000000180025095e-35 28.115000000000006 -0.68301270189221952 1.0000000180025095e-35 -0.22252093395631442 0.87837969732492682
decision_type=2 2 2 2 2 2
left_child=1 4 3 -2 -1 -3
right_child=2 5 -4 -5 -6 -7
leaf_value=0.016684700410239353 -0.026257516226249319 -0.046530075500316431 0.0012193990297928938 0.0098766960274182906 -0.039780089244916411 0.02849565733226516
leaf_weight=313 672 1018 18413 576 481 127
leaf_count=313 672 1018 18413 576 481 127
internal_value=9.8838e-05 -0.00403222 0.000506434 -0.00425941 0.00140881 -0.00780323
internal_weight=21600 1939 19661 1248 794 1145
internal_count=21600 1939 19661 1248 794 1145
is_linear=0
shrinkage=0.035


Tree=75
num_leaves=7
num_cat=0
split_feature=10 9 4 11 8 7
split_gain=29.5696 45.4528 19.1578 26.7902 19.4667 17.1357
threshold=194.59428571428572 66.172222222222231 1.0000000180025095e-35 46.373893772068122 1.0000000180025095e-35 0.6830127018922193
decision_type=2 2 2 2 2 2
left_child=2 -2 3 -1 -4 -3
right_child=1 5 4 -5 -6 -7
leaf_value=0.010157351316858994 0.010320956607827832 0.0035514571903219453 -0.041321482086718743 -0.0015721961254228291 -0.0035326484206105006 -0.00069247164074750741
leaf_weight=1246 467 4526 732 5492 4471 4666
leaf_count=1246 467 4526 732 5492 4471 4666
internal_value=7.29133e-05 0.00151268 -0.00109174 0.000140229 -0.00268688 0.000970847
internal_weight=21600 9659 11941 6738 5203 9192
internal_count=21600 9659 11941 6738 5203 9192
is_linear=0
shrinkage=0.035


Tree=76
num_leaves=7
num_cat=0
split_feature=8 9 7 3 4 3
split_gain=28.946 32.0735 24.5074 45.6944 20.7914 17.5924
threshold=1.0000000180025095e-35 28.115000000000006 -0.68301270189221952 1.0000000180025095e-35 -0.22252093395631442 0.87837969732492682
decision_type=2 2 2 2 2 2
left_child=1 4 3 -2 -1 -3
right_child=2 5 -4 -5 -6 -7
leaf_value=0.016072249500383069 -0.025283476293940784 -0.043455270984770207 0.0011879858945189439 0.0095860385308484588 -0.038743293417434412 0.027553336190025687
leaf_weight=313 672 1018 18413 576 481 127
leaf_count=313 672 1018 18413 576 481 127
internal_value=8.26351e-05 -0.00399613 0.000485073 -0.00425941 0.00140881 -0.00774215
internal_weight=21600 1939 19661 1248 794 1145
internal_count=21600 1939 19661 1248 794 1145
is_linear=0
shrinkage=0.035


Tree=77
num_leaves=7
num_cat=0
split_feature=8 9 7 3 4 3
split_gain=27.9369 32.6942 25.5239 42.1647 20.2727 17.5924
threshold=1.0000000180025095e-35 28.115000000000006 -0.68301270189221952 1.0000000180025095e-35 -0.22252093395631442 0.87837969732492682
decision_type=2 2 2 2 2 2
left_child=1 4 3 -2 -1 -3
right_child=2 5 -4 -5 -6 -7
leaf_value=0.015509720767869651 -0.024398554623652861 -0.041934336500303246 0.0011464063882107879 0.0092505271822687658 -0.0373872781478242 0.026588969423374784
leaf_weight=313 672 1018 18413 576 481 127
leaf_count=313 672 1018 18413 576 481 127
internal_value=4.69886e-05 -0.00396005 0.000442351 -0.00439952 0.00149686 -0.00774215
internal_weight=21600 1939 19661 1248 794 1145
internal_count=21600 1939 19661 1248 794 1145
is_linear=0
shrinkage=0.035


Tree=78
num_leaves=7
num_cat=0
split_feature=10 8 7 9 4 6
split_gain=28.0224 24.5686 66.3001 24.5366 23.4986 22.6558
threshold=107.02761904761907 33.271111111111118 0.6830127018922193 96.357777777777798 0.81174490092936691 -0.93301270189221908
decision_type=2 2 2 2 2 2
left_child=3 2 -2 4 -1 -5
right_child=1 -3 -4 5 -6 -7
leaf_value=0.0009023664436527668 0.0047301855852246453 0.0018373489659835054 -0.096700452187935423 -0.038298740494660734 -0.020786298991389868 -0.007606022956104597
leaf_weight=4055 675 14210 403 220 865 1172
leaf_count=4055 675 14210 403 220 865 1172
internal_value=3.24059e-05 0.000842436 -0.0042493 -0.00192935 -0.000768137 -0.00603015
internal_weight=21600 15288 1078 6312 4920 1392
internal_count=21600 15288 1078 6312 4920 1392
is_linear=0
shrinkage=0.035


Tree=79
num_leaves=7
num_cat=0
split_feature=8 9 11 7 7 4
split_gain=27.596 32.4784 23.2879 27.8578 19.6359 19.6249
threshold=1.0000000180025095e-35 28.115000000000006 119.11968142732492 -0.68301270189221952 0.93301270189221952 -0.22252093395631442
decision_type=2 2 2 2 2 2
left_child=1 5 3 -2 -4 -1
right_child=2 -3 4 -5 -6 -7
leaf_value=0.01480132404551133 -0.019862356619043404 -0.037810766126353874 0.0022238861795899423 0.00032729405141657786 0.0086972424447020451 -0.036110306238178201
leaf_weight=313 1055 1145 3079 14775 752 481
leaf_count=313 1055 1145 3079 14775 752 481
internal_value=4.05074e-05 -0.00394201 0.00043345 -0.000159181 0.00288165 0.00149686
internal_weight=21600 1939 19661 15830 3831 794
internal_count=21600 1939 19661 15830 3831 794
is_linear=0
shrinkage=0.035


Tree=80
num_leaves=7
num_cat=0
split_feature=8 9 11 7 7 4
split_gain=27.076 32.5739 21.8486 24.7234 19.5528 18.1163
threshold=1.0000000180025095e-35 28.115000000000006 119.11968142732492 -0.68301270189221952 0.93301270189221952 -0.22252093395631442
decision_type=2 2 2 2 2 2
left_child=1 5 3 -2 -4 -1
right_child=2 -3 4 -5 -6 -7
leaf_value=0.014283277703918424 -0.019167174137376886 -0.036487389311931497 0.002146050163304292 0.00031583875961699982 0.0083928389591374653 -0.034846445519841958
leaf_weight=313 1055 1145 3079 14775 752 481
leaf_count=313 1055 1145 3079 14775 752 481
internal_value=3.88871e-05 -0.00390593 0.00042811 -0.000145916 0.00279945 0.00154088
internal_weight=21600 1939 19661 15830 3831 794
internal_count=21600 1939 19661 15830 3831 794
is_linear=0
shrinkage=0.035


Tree=81
num_leaves=7
num_cat=0
split_feature=8 11 7 9 7 7
split_gain=27.435 30.3509 44.9036 23.2967 26.5276 22.8494
threshold=56.001666666666672 127.90453262969137 1.0000000180025095e-35 27.006666666666671 0.93301270189221952 -0.68301270189221952
decision_type=2 2 2 2 2 2
left_child=3 5 -3 -1 -5 -2
right_child=1 2 -4 4 -6 -7
leaf_value=0.002352758657446823 -0.018501880579647551 -0.0047363281247713874 0.0080455559195604792 -0.013970289145149037 0.033755739929793922 0.00069647726913315557
leaf_weight=1953 501 600 1493 3537 155 13361
leaf_count=1953 501 600 1493 3537 155 13361
internal_value=3.56465e-05 0.000777607 0.00470511 -0.00206119 -0.00369618 0.000184304
internal_weight=21600 15955 2093 5645 3692 13862
internal_count=21600 15955 2093 5645 3692 13862
is_linear=0
shrinkage=0.035


Tree=82
num_leaves=7
num_cat=0
split_feature=8 9 11 7 9 3
split_gain=27.593 32.2634 21.7589 20.9905 17.7431 17.4178
threshold=1.0000000180025095e-35 28.115000000000006 119.11968142732492 -0.68301270189221952 219.10944444444445 0.87837969732492682
decision_type=2 2 2 2 2 2
left_child=1 -1 3 -2 -4 -3
right_child=2 5 4 -5 -6 -7
leaf_value=0.0059516982998223285 -0.01784875722228103 -0.037408821987900277 0.0077619575102707882 0.00032083145420312324 0.00018931283446508741 0.02871616822844901
leaf_weight=794 1055 1018 2081 14775 1750 127
leaf_count=794 1055 1018 2081 14775 1750 127
internal_value=5.83306e-05 -0.00392397 0.000451251 -0.000121597 0.00281772 -0.00768106
internal_weight=21600 1939 19661 15830 3831 1145
internal_count=21600 1939 19661 15830 3831 1145
is_linear=0
shrinkage=0.035


Tree=83
num_leaves=7
num_cat=0
split_feature=8 9 11 7 3 7
split_gain=27.4839 31.9543 20.0993 20.661 17.4178 17.1713
threshold=1.0000000180025095e-35 28.115000000000006 119.11968142732492 -0.68301270189221952 0.87837969732492682 0.93301270189221952
decision_type=2 2 2 2 2 2
left_child=1 -1 3 -2 -3 -4
right_child=2 4 5 -5 -6 -7
leaf_value=0.0057433888593285583 -0.017224050719501189 -0.036099513218323762 0.0021089425727574577 0.00030960235330602882 0.027711102340453288 0.0076623945162323697
leaf_weight=794 1055 1018 3079 14775 127 752
leaf_count=794 1055 1018 3079 14775 127 752
internal_value=3.24059e-05 -0.00394201 0.00042455 -0.000126019 -0.00768106 0.00269898
internal_weight=21600 1939 19661 15830 1145 3831
internal_count=21600 1939 19661 15830 1145 3831
is_linear=0
shrinkage=0.035


Tree=84
num_leaves=7
num_cat=0
split_feature=8 9 10 6 3 4
split_gain=27.1934 31.9543 19.2185 27.2107 17.4178 16.7772
threshold=1.0000000180025095e-35 28.115000000000006 90.891031746031757 -0.93301270189221908 0.87837969732492682 -0.22252093395631442
decision_type=2 2 2 2 2 2
left_child=1 5 3 -2 -3 -1
right_child=2 4 -4 -5 -6 -7
leaf_value=0.013291688380700358 0.012476592497412212 -0.034836030255682437 0.0013220649569914002 -0.0068975562799681849 0.026741213758537417 -0.034118494530228416
leaf_weight=313 206 1018 15912 3543 127 481
leaf_count=313 206 1018 15912 3543 127 481
internal_value=1.13421e-05 -0.00394201 0.000401409 -0.00185267 -0.00768106 0.00145283
internal_weight=21600 1939 19661 3749 1145 794
internal_count=21600 1939 19661 3749 1145 794
is_linear=0
shrinkage=0.035


Tree=85
num_leaves=7
num_cat=0
split_feature=8 9 11 7 9 3
split_gain=27.5124 31.8598 17.9287 19.2534 18.016 16.728
threshold=1.0000000180025095e-35 28.115000000000006 117.3619687554686 -0.68301270189221952 213.76333333333335 0.87837969732492682
decision_type=2 2 2 2 2 2
left_child=1 -1 3 -2 -4 -3
right_child=2 5 4 -5 -6 -7
leaf_value=0.0053513743582332815 -0.016805647518005878 -0.033616769196733544 0.0071798729626190968 0.00024496049410629441 -7.4489326042598286e-05 0.025805271276988607
leaf_weight=794 1043 1018 2199 14503 1916 127
leaf_count=794 1043 1018 2199 14503 1916 127
internal_value=-1.6203e-06 -0.00397809 0.000390728 -0.000153084 0.00244473 -0.00771161
internal_weight=21600 1939 19661 15546 4115 1145
internal_count=21600 1939 19661 15546 4115 1145
is_linear=0
shrinkage=0.035


Tree=86
num_leaves=7
num_cat=0
split_feature=8 9 10 9 3 4
split_gain=27.244 31.8598 17.2907 27.2907 16.728 15.8369
threshold=1.0000000180025095e-35 28.115000000000006 90.891031746031757 142.50444444444449 0.87837969732492682 -0.22252093395631442
decision_type=2 2 2 2 2 2
left_child=1 5 3 -2 -3 -1
right_child=2 4 -4 -5 -6 -7
leaf_value=0.012639181184837667 -0.0025133341533148238 -0.032440182274847872 0.0012551382076030615 -0.029056096545996352 0.024902086782294008 -0.033111645324208586
leaf_weight=313 3517 1018 15912 232 127 481
leaf_count=313 3517 1018 15912 232 127 481
internal_value=-2.10638e-05 -0.00397809 0.000369367 -0.00176867 -0.00771161 0.00140881
internal_weight=21600 1939 19661 3749 1145 794
internal_count=21600 1939 19661 3749 1145 794
is_linear=0
shrinkage=0.035


Tree=87
num_leaves=7
num_cat=0
split_feature=8 9 11 10 8 3
split_gain=27.2247 32.0735 16.7534 21.176 17.633 16.0521
threshold=1.0000000180025095e-35 28.115000000000006 115.2044028197509 312.16626984126987 414.68388888888893 0.87837969732492682
decision_type=2 2 2 2 2 2
left_child=1 -1 4 -4 -2 -3
right_child=2 5 3 -5 -6 -7
leaf_value=0.0052296407862534415 -0.00062675496237987629 -0.031304775895228197 0.002537348217456934 0.0089223037390369301 0.008477848313105385 0.02403051374491371
leaf_weight=794 14836 1018 4270 226 329 127
leaf_count=794 14836 1018 4270 226 329 127
internal_value=-4.05074e-05 -0.00399613 0.000349786 0.00222593 -0.000206548 -0.00774215
internal_weight=21600 1939 19661 4496 15165 1145
internal_count=21600 1939 19661 4496 15165 1145
is_linear=0
shrinkage=0.035


Tree=88
num_leaves=7
num_cat=0
split_feature=8 9 10 9 10 4
split_gain=28.2983 31.0602 16.2984 27.4667 16.0577 14.7334
threshold=1.0000000180025095e-35 28.115000000000006 90.891031746031757 142.50444444444449 176.31484126984131 0.81174490092936691
decision_type=2 2 2 2 2 2
left_child=1 5 3 -2 -3 -1
right_child=2 4 -4 -5 -6 -7
leaf_value=0.0089527710578006341 -0.0024034310342654843 -0.028830261783975488 0.0012035489663368493 -0.028017196743203177 0.037251062509565377 -0.091810632572655426
leaf_weight=720 3517 1075 15912 232 70 74
leaf_count=720 3517 1075 15912 232 70 74
internal_value=-5.34697e-05 -0.00408634 0.000344446 -0.00173133 -0.00777269 0.0012327
internal_weight=21600 1939 19661 3749 1145 794
internal_count=21600 1939 19661 3749 1145 794
is_linear=0
shrinkage=0.035


Tree=89
num_leaves=7
num_cat=0
split_feature=8 9 3 11 10 7
split_gain=27.8198 30.3392 16.728 15.687 20.8983 17.2354
threshold=1.0000000180025095e-35 28.115000000000006 0.87837969732492682 115.2044028197509 312.16626984126987 -0.68301270189221952
decision_type=2 2 2 2 2 2
left_child=1 -1 -3 5 -5 -2
right_child=3 2 -4 4 -6 -7
leaf_value=0.0047332563717115556 -0.015998531151183517 -0.029200049576456069 0.02419850492628085 0.0024376014838312556 0.0085678988943488632 0.00014074962458966446
leaf_weight=794 1007 1018 127 4270 226 14158
leaf_count=794 1007 1018 127 4270 226 14158
internal_value=-6.96727e-05 -0.0040683 -0.00771161 0.000324865 0.00214032 -0.000213471
internal_weight=21600 1939 1145 19661 4496 15165
internal_count=21600 1939 1145 19661 4496 15165
is_linear=0
shrinkage=0.035


Tree=90
num_leaves=7
num_cat=0
split_feature=8 9 10 8 11 4
split_gain=28.3727 29.9479 15.9973 15.3522 26.8892 14.4716
threshold=1.0000000180025095e-35 28.115000000000006 176.31484126984131 362.72000000000008 55.453779366871395 0.81174490092936691
decision_type=2 2 2 2 2 2
left_child=1 5 -3 -2 -5 -1
right_child=3 2 -4 4 -6 -7
leaf_value=0.0084737600977677109 -9.122650501341757e-05 -0.026799200886360383 0.036779715176923633 -0.012616630915170863 0.0047362758083310391 -0.088762924405622404
leaf_weight=720 17223 1075 70 158 2280 74
leaf_count=720 17223 1075 70 158 2280 74
internal_value=-8.42554e-05 -0.00412242 -0.00774215 0.000314185 0.00291308 0.00110063
internal_weight=21600 1939 1145 19661 2438 794
internal_count=21600 1939 1145 19661 2438 794
is_linear=0
shrinkage=0.035


Tree=91
num_leaves=7
num_cat=0
split_feature=8 9 3 10 6 4
split_gain=27.868 29.5356 16.6428 15.2002 25.7844 14.4716
threshold=1.0000000180025095e-35 28.115000000000006 0.87837969732492682 90.891031746031757 -0.93301270189221908 0.81174490092936691
decision_type=2 2 2 2 2 2
left_child=1 5 -3 4 -2 -1
right_child=3 2 -4 -5 -6 -7
leaf_value=0.0081771784943458475 0.01187348081807825 -0.027240075810257492 0.024289529284883649 0.0011237570022248945 -0.0063723124033461167 -0.085656222051425632
leaf_weight=720 206 1018 127 15912 3543 74
leaf_count=720 206 1018 127 15912 3543 74
internal_value=-8.42554e-05 -0.00408634 -0.00768106 0.000310625 -0.001694 0.00110063
internal_weight=21600 1939 1145 19661 3749 794
internal_count=21600 1939 1145 19661 3749 794
is_linear=0
shrinkage=0.035


Tree=92
num_leaves=7
num_cat=0
split_feature=8 9 10 7 3 4
split_gain=28.3758 29.6502 15.9973 15.0268 45.8163 14.3848
threshold=1.0000000180025095e-35 28.115000000000006 176.31484126984131 -0.68301270189221952 1.0000000180025095e-35 0.81174490092936691
decision_type=2 2 2 2 2 2
left_child=1 5 -3 4 -2 -1
right_child=3 2 -4 -5 -6 -7
leaf_value=0.0078909772470437504 -0.019454841028118369 -0.024907826201978761 0.036445827799090322 0.00081623969973952724 0.010921742255613482 -0.08265825427962574
leaf_weight=720 672 1075 70 18413 576 74
leaf_count=720 672 1075 70 18413 576 74
internal_value=-0.000102079 -0.00414046 -0.00774215 0.000296384 -0.00341873 0.0010566
internal_weight=21600 1939 1145 19661 1248 794
internal_count=21600 1939 1145 19661 1248 794
is_linear=0
shrinkage=0.035


Tree=93
num_leaves=7
num_cat=0
split_feature=8 9 3 11 10 7
split_gain=28.2621 28.6531 16.6428 15.2385 18.0967 17.3852
threshold=1.0000000180025095e-35 28.115000000000006 0.87837969732492682 117.3619687554686 272.10174603174613 -0.68301270189221952
decision_type=2 2 2 2 2 2
left_child=1 -1 -3 5 -5 -2
right_child=3 2 -4 4 -6 -7
leaf_value=0.003708625344331154 -0.014731817247926774 -0.025414899239829227 0.024311169676981964 0.0012551054119251239 0.0065573552192764754 0.00014658804373787859
leaf_weight=794 1043 1018 127 3297 818 14503
leaf_count=794 1043 1018 127 3297 818 14503
internal_value=-0.00011018 -0.00414046 -0.00768106 0.000287483 0.00218112 -0.000213868
internal_weight=21600 1939 1145 19661 4115 15546
internal_count=21600 1939 1145 19661 4115 15546
is_linear=0
shrinkage=0.035


Tree=94
num_leaves=7
num_cat=0
split_feature=8 9 10 8 7 4
split_gain=28.8423 28.7659 15.9973 14.9281 25.5166 14.126
threshold=1.0000000180025095e-35 28.115000000000006 176.31484126984131 362.72000000000008 1.0000000180025095e-35 0.81174490092936691
decision_type=2 2 2 2 2 2
left_child=1 5 -3 -2 -5 -1
right_child=3 2 -4 4 -6 -7
leaf_value=0.0074849911563456195 -0.00012205518010012018 -0.023153339023594236 0.03544522021978902 -0.0062528746568850883 0.0046252472052063179 -0.079895017266890425
leaf_weight=720 17223 1075 70 196 2242 74
leaf_count=720 17223 1075 70 196 2242 74
internal_value=-0.000123142 -0.00419459 -0.00774215 0.000278583 0.00284133 0.000924528
internal_weight=21600 1939 1145 19661 2438 794
internal_count=21600 1939 1145 19661 2438 794
is_linear=0
shrinkage=0.035


Tree=95
num_leaves=7
num_cat=0
split_feature=8 9 3 11 10 6
split_gain=28.382 28.0722 16.6428 14.3953 25.4774 21.5808
threshold=1.0000000180025095e-35 28.115000000000006 0.87837969732492682 106.30573739297229 350.11388888888899 0.68301270189221941
decision_type=2 2 2 2 2 2
left_child=1 -1 -3 5 -5 -2
right_child=3 2 -4 4 -6 -7
leaf_value=0.0033168487668074681 -0.001441492679235208 -0.023715010900609405 0.023821156543693836 0.0019982520427065122 0.0092485573643909906 0.0056106854473619763
leaf_weight=794 11489 1018 127 6217 127 1828
leaf_count=794 11489 1018 127 6217 127 1828
internal_value=-0.000137725 -0.00417655 -0.00768106 0.000260782 0.00163278 -0.000392889
internal_weight=21600 1939 1145 19661 6344 13317
internal_count=21600 1939 1145 19661 6344 13317
is_linear=0
shrinkage=0.035


Tree=96
num_leaves=7
num_cat=0
split_feature=8 9 10 4 11 10
split_gain=29.3589 27.4126 16.0612 14.2122 13.6364 25.5867
threshold=1.0000000180025095e-35 29.015000000000004 176.31484126984131 0.81174490092936691 106.30573739297229 350.11388888888899
decision_type=2 2 2 2 2 2
left_child=1 3 -3 -1 -2 -6
right_child=4 2 -4 -5 5 -7
leaf_value=0.006598685408166903 -0.00057820566889295495 -0.021512946776247106 0.035034662893617737 -0.077214781369387503 0.0019283132212117951 0.0089248578566373214
leaf_weight=733 13317 1060 70 76 6217 127
leaf_count=733 13317 1060 70 76 6217 127
internal_value=-0.000140966 -0.00424871 -0.00776746 0.000669753 0.000264342 0.00159968
internal_weight=21600 1939 1130 809 19661 6344
internal_count=21600 1939 1130 809 19661 6344
is_linear=0
shrinkage=0.035


Tree=97
num_leaves=7
num_cat=0
split_feature=8 9 3 4 7 3
split_gain=29.2895 26.4569 16.5229 14.0413 13.6253 42.5677
threshold=1.0000000180025095e-35 29.015000000000004 0.87837969732492682 0.81174490092936691 -0.68301270189221952 1.0000000180025095e-35
decision_type=2 2 2 2 2 2
left_child=1 3 -3 -1 5 -2
right_child=4 2 -4 -5 -6 -7
leaf_value=0.0063677314188810581 -0.018240807490738312 -0.022132032381919423 0.022444798753609118 -0.07451226402145894 0.00071167955773350229 0.010517530018841436
leaf_weight=733 672 1007 123 76 18413 576
leaf_count=733 672 1007 123 76 18413 576
internal_value=-0.000145827 -0.00424871 -0.00770557 0.000583333 0.000259002 -0.00327862
internal_weight=21600 1939 1130 809 19661 1248
internal_count=21600 1939 1130 809 19661 1248
is_linear=0
shrinkage=0.035


Tree=98
num_leaves=7
num_cat=0
split_feature=8 9 10 4 10 9
split_gain=29.9737 26.576 16.0612 13.9562 13.1879 25.6463
threshold=1.0000000180025095e-35 29.015000000000004 176.31484126984131 0.81174490092936691 90.891031746031757 146.56722222222223
decision_type=2 2 2 2 2 2
left_child=1 3 -3 -1 5 -2
right_child=4 2 -4 -5 -6 -7
leaf_value=0.0061448608192202223 -0.0021072562195023274 -0.019985372505711276 0.034583070825708294 -0.071904334780707888 0.0010020632985387001 -0.026540147324505298
leaf_weight=733 3525 1060 70 76 15912 224
leaf_count=733 3525 1060 70 76 15912 224
internal_value=-0.000152308 -0.00430284 -0.00776746 0.000540123 0.000257222 -0.00161
internal_weight=21600 1939 1130 809 19661 3749
internal_count=21600 1939 1130 809 19661 3749
is_linear=0
shrinkage=0.035


Tree=99
num_leaves=7
num_cat=0
split_feature=8 10 6 3 11 10
split_gain=29.7401 26.1317 63.7993 24.3044 13.1361 25.751
threshold=1.0000000180025095e-35 74.82507936507939 -0.93301270189221908 1.0000000180025095e-35 106.30573739297229 350.11388888888899
decision_type=2 2 2 2 2 2
left_child=1 2 -1 -3 -2 -6
right_child=4 3 -4 -5 5 -7
leaf_value=-0.019285884468011379 -0.0005762562676378247 -0.05713763314844561 0.046712151475887115 -0.029920406028791036 0.0018094017580738654 0.0085525068316854788
leaf_weight=592 13317 429 597 321 6217 127
leaf_count=592 13317 429 597 321 6217 127
internal_value=-0.000168511 -0.00430284 -0.00107353 -0.00941411 0.000239421 0.00155004
internal_weight=21600 1939 1189 750 19661 6344
internal_count=21600 1939 1189 750 19661 6344
is_linear=0
shrinkage=0.035


Tree=100
num_leaves=7
num_cat=0
split_feature=8 9 3 4 10 9
split_gain=28.7109 27.212 15.8853 13.7846 12.8383 25.6463
threshold=1.0000000180025095e-35 28.115000000000006 0.87837969732492682 0.81174490092936691 90.891031746031757 146.56722222222223
decision_type=2 2 2 2 2 2
left_child=1 3 -3 -1 5 -2
right_child=4 2 -4 -5 -6 -7
leaf_value=0.0062858165853314921 -0.0020133332824524256 -0.01943272070643157 0.020836924843007441 -0.067387865903187516 0.00095503308912985984 -0.025591073198780286
leaf_weight=720 3525 1018 127 74 15912 224
leaf_count=720 3525 1018 127 74 15912 224
internal_value=-0.000168511 -0.00423067 -0.00768106 0.000748428 0.000232301 -0.00161
internal_weight=21600 1939 1145 794 19661 3749
internal_count=21600 1939 1145 794 19661 3749
is_linear=0
shrinkage=0.035


Tree=101
num_leaves=7
num_cat=0
split_feature=8 9 10 4 8 11
split_gain=29.0648 26.3783 16 13.9562 12.8472 24.8069
threshold=1.0000000180025095e-35 29.015000000000004 176.31484126984131 0.81174490092936691 362.72000000000008 55.453779366871395
decision_type=2 2 2 2 2 2
left_child=1 3 -3 -1 -2 -6
right_child=4 2 -4 -5 5 -7
leaf_value=0.0056901675875336991 -0.00016637880467541334 -0.017930733286905878 0.035100022782541297 -0.065029290596575959 -0.012412511697958973 0.0041462127440934212
leaf_weight=733 17223 1060 70 76 158 2280
leaf_count=733 17223 1060 70 76 158 2280
internal_value=-0.000197676 -0.00428479 -0.00773652 0.000540123 0.0002056 0.00258303
internal_weight=21600 1939 1130 809 19661 2438
internal_count=21600 1939 1130 809 19661 2438
is_linear=0
shrinkage=0.035


Tree=102
num_leaves=7
num_cat=0
split_feature=8 9 10 4 8 7
split_gain=29.7231 25.5577 16 13.7026 12.4239 24.2607
threshold=1.0000000180025095e-35 29.015000000000004 176.31484126984131 0.81174490092936691 362.72000000000008 1.0000000180025095e-35
decision_type=2 2 2 2 2 2
left_child=1 3 -3 -1 -2 -6
right_child=4 2 -4 -5 5 -7
leaf_value=0.0054910117219700233 -0.00016055554651176252 -0.017303157621864171 0.033871521985152357 -0.062753265425695801 -0.006473307493796137 0.0041052906808551988
leaf_weight=733 17223 1060 70 76 196 2242
leaf_count=733 17223 1060 70 76 196 2242
internal_value=-0.000205778 -0.00433892 -0.00773652 0.000410494 0.000202039 0.00253998
internal_weight=21600 1939 1130 809 19661 2438
internal_count=21600 1939 1130 809 19661 2438
is_linear=0
shrinkage=0.035


Tree=103
num_leaves=7
num_cat=0
split_feature=8 9 10 10 9 6
split_gain=29.1833 26.1034 16 12.095 27.3317 13.075
threshold=1.0000000180025095e-35 29.015000000000004 176.31484126984131 89.785317460317472 146.56722222222223 -0.6830127018922193
decision_type=2 2 2 2 2 2
left_child=1 -1 -3 4 -2 -5
right_child=3 2 -4 5 -6 -7
leaf_value=0.001975776979887951 -0.0020068090579661393 -0.016697547105098926 0.032686018715672026 0.0028556500303837367 -0.024683942934531435 -0.00016021314452407067
leaf_weight=809 3462 1060 70 5725 215 10259
leaf_count=809 3462 1060 70 5725 215 10259
internal_value=-0.000207398 -0.00430284 -0.00773652 0.000196699 -0.00161297 0.000613075
internal_weight=21600 1939 1130 19661 3677 15984
internal_count=21600 1939 1130 19661 3677 15984
is_linear=0
shrinkage=0.035


Tree=104
num_leaves=7
num_cat=0
split_feature=8 9 3 11 10 6
split_gain=28.6286 25.9075 16.5229 11.6609 26.2289 20.9391
threshold=1.0000000180025095e-35 29.015000000000004 0.87837969732492682 106.30573739297229 350.11388888888899 0.68301270189221941
decision_type=2 2 2 2 2 2
left_child=1 -1 -3 5 -5 -2
right_child=3 2 -4 4 -6 -7
leaf_value=0.0019066247855918617 -0.0014066267293015278 -0.016768277874489628 0.021812101494256785 0.0016008727730042339 0.007830992563520307 0.0053670446439717532
leaf_weight=809 11489 1007 123 6217 127 1828
leaf_count=809 11489 1007 123 6217 127 1828
internal_value=-0.000228462 -0.00428479 -0.00770557 0.000171778 0.00140662 -0.000416542
internal_weight=21600 1939 1130 19661 6344 13317
internal_count=21600 1939 1130 19661 6344 13317
is_linear=0
shrinkage=0.035


Tree=105
num_leaves=7
num_cat=0
split_feature=8 10 6 3 6 7
split_gain=27.4784 26.9962 59.4691 25.1287 11.8116 22.9279
threshold=1.0000000180025095e-35 72.676984126984138 -0.93301270189221908 1.0000000180025095e-35 -0.6830127018922193 1.0000000180025095e-35
decision_type=2 2 2 2 2 2
left_child=1 2 -1 -3 5 -2
right_child=4 3 -4 -5 -6 -7
leaf_value=-0.015526243230813327 -0.00029970624390637026 -0.050083560367173464 0.047328278026566577 -0.025788556536965691 -0.00071343170589458057 0.0039233762443231157
leaf_weight=582 4779 453 573 331 12002 2880
leaf_count=582 4779 453 573 331 12002 2880
internal_value=-0.000202537 -0.00417655 -0.000772059 -0.00918471 0.000189579 0.00126338
internal_weight=21600 1939 1155 784 19661 7659
internal_count=21600 1939 1155 784 19661 7659
is_linear=0
shrinkage=0.035


Tree=106
num_leaves=7
num_cat=0
split_feature=8 9 10 4 7 3
split_gain=27.7735 25.8712 15.637 13.6155 11.6944 40.2099
threshold=1.0000000180025095e-35 28.115000000000006 176.31484126984131 0.81174490092936691 -0.68301270189221952 1.0000000180025095e-35
decision_type=2 2 2 2 2 2
left_child=1 3 -3 -1 5 -2
right_child=4 2 -4 -5 -6 -7
leaf_value=0.0057703315443871778 -0.017506751703479796 -0.01498282471773486 0.033031497265024433 -0.058939860584737172 0.00057744804849424903 0.010003578758082105
leaf_weight=720 672 1075 70 74 18413 576
leaf_count=720 672 1075 70 74 18413 576
internal_value=-0.000199296 -0.00419459 -0.0075589 0.000660377 0.000194919 -0.00308247
internal_weight=21600 1939 1145 794 19661 1248
internal_count=21600 1939 1145 794 19661 1248
is_linear=0
shrinkage=0.035


Tree=107
num_leaves=7
num_cat=0
split_feature=8 10 6 3 7 3
split_gain=25.98 26.2459 56.7865 26.8342 11.5678 38.08
threshold=1.0000000180025095e-35 72.676984126984138 -0.93301270189221908 1.0000000180025095e-35 -0.68301270189221952 1.0000000180025095e-35
decision_type=2 2 2 2 2 2
left_child=1 2 -1 -3 5 -2
right_child=4 3 -4 -5 -6 -7
leaf_value=-0.014458425852614139 -0.016894015393858 -0.046482167068570959 0.045469826691583205 -0.024361558193051174 0.00055723736679695439 0.0096534535015492459
leaf_weight=582 672 453 573 331 18413 576
leaf_count=582 672 453 573 331 18413 576
internal_value=-0.000204157 -0.0040683 -0.000711505 -0.00900637 0.000177118 -0.00308247
internal_weight=21600 1939 1155 784 19661 1248
internal_count=21600 1939 1155 784 19661 1248
is_linear=0
shrinkage=0.035


Tree=108
num_leaves=7
num_cat=0
split_feature=8 9 10 4 8 6
split_gain=25.806 26.4069 15.4584 13.9548 11.5579 33.3866
threshold=1.0000000180025095e-35 28.115000000000006 176.31484126984131 0.81174490092936691 409.98000000000008 -0.93301270189221908
decision_type=2 2 2 2 2 2
left_child=1 3 -3 -1 -2 -6
right_child=4 2 -4 -5 5 -7
leaf_value=0.0062272580645561784 -2.9184061178859637e-05 -0.013265656980230718 0.032728049397505371 -0.058032404256910322 -0.0063513234950281147 0.0054055079951618717
leaf_weight=720 18660 1075 70 74 126 875
leaf_count=720 18660 1075 70 74 126 875
internal_value=-0.00021712 -0.0040683 -0.00746728 0.000836478 0.000162878 0.00382485
internal_weight=21600 1939 1145 794 19661 1001
internal_count=21600 1939 1145 794 19661 1001
is_linear=0
shrinkage=0.035


Tree=109
num_leaves=7
num_cat=0
split_feature=8 9 10 4 8 6
split_gain=25.608 26.6879 15.4584 11.9212 11.5466 33.3866
threshold=1.0000000180025095e-35 28.115000000000006 176.31484126984131 -0.22252093395631442 409.98000000000008 -0.93301270189221908
decision_type=2 2 2 2 2 2
left_child=1 3 -3 -1 -2 -6
right_child=4 2 -4 -5 5 -7
leaf_value=0.010790725900350982 -2.8162619037586103e-05 -0.012801358985922641 0.03158256766859268 -0.033800709369975784 -0.0061290271727021161 0.0052163152153311999
leaf_weight=313 18660 1075 70 481 126 875
leaf_count=313 18660 1075 70 481 126 875
internal_value=-0.000213879 -0.00405026 -0.00746728 0.000880503 0.000164658 0.00382485
internal_weight=21600 1939 1145 794 19661 1001
internal_count=21600 1939 1145 794 19661 1001
is_linear=0
shrinkage=0.035


Tree=110
num_leaves=7
num_cat=0
split_feature=8 9 10 7 11 8
split_gain=23.8008 28.9895 15.4584 13.6747 11.1402 15.0887
threshold=1.0000000180025095e-35 28.115000000000006 176.31484126984131 -0.25000000000000028 156.3039627201822 25.897222222222229
decision_type=2 2 2 2 2 2
left_child=1 3 -3 -1 -2 -6
right_child=4 2 -4 -5 5 -7
leaf_value=0.026554949307934835 8.6012893983467016e-06 -0.012353311421415348 0.030477177800191935 -0.0021823009187170021 -0.1507130937917697 0.0076710232612622808
leaf_weight=104 19021 1075 70 690 64 576
leaf_count=104 19021 1075 70 690 64 576
internal_value=-0.000207398 -0.00390593 -0.00746728 0.0012327 0.000157537 0.00469579
internal_weight=21600 1939 1145 794 19661 640
internal_count=21600 1939 1145 794 19661 640
is_linear=0
shrinkage=0.035


Tree=111
num_leaves=7
num_cat=0
split_feature=8 10 6 3 11 9
split_gain=20.9144 30.3309 46.7192 26.5194 10.9975 20.6973
threshold=1.0000000180025095e-35 72.676984126984138 -0.93301270189221908 1.0000000180025095e-35 117.3619687554686 213.76333333333335
decision_type=2 2 2 2 2 2
left_child=1 2 -1 -3 -2 -6
right_child=4 3 -4 -5 5 -7
leaf_value=-0.012607669489207739 -0.00039911904926975719 -0.041564751712074875 0.043914030327289751 -0.022164192197729478 0.0058270928631155225 -0.00089954039738357591
leaf_weight=582 15546 453 573 331 2199 1916
leaf_count=582 15546 453 573 331 2199 1916
internal_value=-0.000186334 -0.00365335 -4.54152e-05 -0.00896178 0.000155757 0.00176446
internal_weight=21600 1939 1155 784 19661 4115
internal_count=21600 1939 1155 784 19661 4115
is_linear=0
shrinkage=0.035


Tree=112
num_leaves=7
num_cat=0
split_feature=8 11 7 9 11 3
split_gain=14.752 19.44 42.8501 18.5625 32.0612 16.3753
threshold=56.001666666666672 127.90453262969137 1.0000000180025095e-35 27.006666666666671 59.170843205446353 1.0000000180025095e-35
decision_type=2 2 2 2 2 2
left_child=3 5 -3 -1 -5 -2
right_child=1 2 -4 4 -6 -7
leaf_value=0.0025763400528945857 -0.0017753087715656382 -0.005698313731283787 0.0057447789511048657 0.0051996441137149149 -0.0071381236860044786 0.0017730006003012912
leaf_weight=1953 8271 600 1493 817 2875 5591
leaf_count=1953 8271 600 1493 817 2875 5591
internal_value=-0.000102079 0.000441997 0.00358524 -0.00163966 -0.00309911 -3.28212e-05
internal_weight=21600 15955 2093 5645 3692 13862
internal_count=21600 15955 2093 5645 3692 13862
is_linear=0
shrinkage=0.035


Tree=113
num_leaves=7
num_cat=0
split_feature=8 10 6 3 11 10
split_gain=18.9776 30.343 50.8632 24.1582 11.113 26.3213
threshold=1.0000000180025095e-35 82.266269841269846 -0.93301270189221908 1.0000000180025095e-35 106.30573739297229 350.11388888888899
decision_type=2 2 2 2 2 2
left_child=1 2 -1 -3 -2 -6
right_child=4 3 -4 -5 5 -7
leaf_value=-0.01127920705112509 -0.000551944749772102 -0.047105648172149746 0.037512625043646872 -0.022368230242286506 0.001514658791693604 0.006873182327661858
leaf_weight=618 13317 369 652 300 6217 127
leaf_count=618 13317 369 652 300 6217 127
internal_value=-0.000152308 -0.0034549 -0.000275374 -0.00948134 0.000173558 0.00137904
internal_weight=21600 1939 1270 669 19661 6344
internal_count=21600 1939 1270 669 19661 6344
is_linear=0
shrinkage=0.035


Tree=114
num_leaves=7
num_cat=0
split_feature=8 11 7 9 11 3
split_gain=14.8916 18.5258 41.3247 16.2387 30.8298 15.0843
threshold=56.001666666666672 127.90453262969137 1.0000000180025095e-35 27.006666666666671 59.170843205446353 1.0000000180025095e-35
decision_type=2 2 2 2 2 2
left_child=3 5 -3 -1 -5 -2
right_child=1 2 -4 4 -6 -7
leaf_value=0.0025506683642276063 -0.0017039718995859943 -0.0055518858083981387 0.0054906986301069384 0.0049046298430376473 -0.0065689852915931553 0.0017161983142359462
leaf_weight=1953 8271 600 1493 817 2875 5591
leaf_count=1953 8271 600 1493 817 2875 5591
internal_value=-0.000113421 0.000433223 0.00350167 -0.00165825 -0.00302329 -3.02965e-05
internal_weight=21600 15955 2093 5645 3692 13862
internal_count=21600 15955 2093 5645 3692 13862
is_linear=0
shrinkage=0.035


Tree=115
num_leaves=7
num_cat=0
split_feature=8 11 7 9 9 7
split_gain=14.3213 19.3587 36.7587 15.6919 21.3348 13.9444
threshold=56.001666666666672 127.90453262969137 1.0000000180025095e-35 418.87 329.06388888888893 -0.68301270189221952
decision_type=2 2 2 2 2 2
left_child=3 5 -3 4 -1 -2
right_child=1 2 -4 -5 -6 -7
leaf_value=-0.0023279477448430053 -0.013109816139462752 -0.0053575698051042146 0.0052985241780532056 0.017276203266656506 -0.055734447158873462 0.00025312039041703205
leaf_weight=5216 501 600 1493 76 353 13361
leaf_count=5216 501 600 1493 76 353 13361
internal_value=-8.74959e-05 0.000448577 0.00358524 -0.00160246 -0.00181912 -2.52471e-05
internal_weight=21600 15955 2093 5645 5569 13862
internal_count=21600 15955 2093 5645 5569 13862
is_linear=0
shrinkage=0.035


Tree=116
num_leaves=7
num_cat=0
split_feature=10 9 7 8 7 4
split_gain=13.9633 41.087 16.9397 15.2054 17.4962 14.6717
threshold=194.59428571428572 66.172222222222231 0.6830127018922193 292.5222222222223 0.93301270189221952 1.0000000180025095e-35
decision_type=2 2 2 2 2 2
left_child=3 -2 -3 5 -5 -1
right_child=1 2 -4 4 -6 -7
leaf_value=0.0010677066518788537 0.0065934032767317246 0.0024779483762525836 -0.0016724047793163679 -0.013461970431502317 0.006464649838689958 -0.0030937311638532441
leaf_weight=6334 467 4526 4666 738 78 4791
leaf_count=6334 467 4526 4666 738 78 4791
internal_value=-7.45336e-05 0.000914855 0.000399761 -0.000874853 -0.00548348 -0.000536356
internal_weight=21600 9659 9192 11941 816 11125
internal_count=21600 9659 9192 11941 816 11125
is_linear=0
shrinkage=0.035


Tree=117
num_leaves=7
num_cat=0
split_feature=8 10 6 3 11 9
split_gain=14.1716 36.2969 27.3118 26.4393 11.038 17.6338
threshold=1.0000000180025095e-35 72.676984126984138 -0.93301270189221908 1.0000000180025095e-35 117.3619687554686 213.76333333333335
decision_type=2 2 2 2 2 2
left_child=1 2 -1 -3 -2 -6
right_child=4 3 -4 -5 5 -7
leaf_value=-0.011102121234275805 -0.00028331119648060014 -0.037791780140106729 0.041047706259553673 -0.020081700159859255 0.0051010524369755313 -0.00095133949162558914
leaf_weight=582 15546 453 573 331 2199 1916
leaf_count=582 15546 453 573 331 2199 1916
internal_value=-7.77742e-05 -0.0029317 0.00101427 -0.00873885 0.00020382 0.00181548
internal_weight=21600 1939 1155 784 19661 4115
internal_count=21600 1939 1155 784 19661 4115
is_linear=0
shrinkage=0.035


Tree=118
num_leaves=7
num_cat=0
split_feature=8 11 7 9 11 3
split_gain=12.1258 18.8514 35.6771 16.2923 28.724 13.5898
threshold=56.001666666666672 127.90453262969137 1.0000000180025095e-35 27.006666666666671 59.170843205446353 1.0000000180025095e-35
decision_type=2 2 2 2 2 2
left_child=3 5 -3 -1 -5 -2
right_child=1 2 -4 4 -6 -7
leaf_value=0.0025523431931971934 -0.001580450277543033 -0.0051953543749393167 0.0049362678448197847 0.0046947061403274188 -0.0059638495195570192 0.0016084909385954218
leaf_weight=1953 8271 600 1493 817 2875 5591
leaf_count=1953 8271 600 1493 817 2875 5591
internal_value=-5.34697e-05 0.000439803 0.0035351 -0.00144748 -0.00281478 -2.77718e-05
internal_weight=21600 15955 2093 5645 3692 13862
internal_count=21600 15955 2093 5645 3692 13862
is_linear=0
shrinkage=0.035


Tree=119
num_leaves=7
num_cat=0
split_feature=2 8 8 8 6 10
split_gain=11.7934 14.6335 12.5292 12.2385 33.7554 11.7147
threshold=0.58216583101416119 40.025000000000006 74.746666666666655 407.11000000000007 -0.93301270189221908 59.546190476190482
decision_type=2 2 2 2 2 2
left_child=3 -2 -3 5 -5 -1
right_child=1 2 -4 4 -6 -7
leaf_value=0.0043137699091628304 -0.0086566558916379988 0.0071622493003357665 -0.0018206166721046492 -0.0066779275340510006 0.0048150851024697967 -0.00012358915472589606
leaf_weight=1613 1667 810 4048 102 763 12597
leaf_count=1613 1667 810 4048 102 763 12597
internal_value=-3.07856e-05 -0.00127375 -0.000302531 0.000507263 0.00454677 0.000261065
internal_weight=21600 6525 4858 15075 865 14210
internal_count=21600 6525 4858 15075 865 14210
is_linear=0
shrinkage=0.035


end of trees

feature_importances:
lag_7d=136
same_slot_mean_2_8d=114
dow_sin=107
lag_2d=107
month_cos=100
dow_cos=59
month_sin=59
same_slot_std_2_8d=37
slot_cos=1

parameters:
[boosting: gbdt]
[objective: quantile]
[metric: quantile]
[tree_learner: serial]
[device_type: cpu]
[data_sample_strategy: bagging]
[data: ]
[valid: ]
[num_iterations: 120]
[learning_rate: 0.035]
[num_leaves: 7]
[num_threads: 1]
[seed: 20260901]
[deterministic: 1]
[force_col_wise: 0]
[force_row_wise: 0]
[histogram_pool_size: -1]
[max_depth: 3]
[min_data_in_leaf: 12]
[min_sum_hessian_in_leaf: 0.001]
[bagging_fraction: 1]
[pos_bagging_fraction: 1]
[neg_bagging_fraction: 1]
[bagging_freq: 0]
[bagging_seed: 12992]
[bagging_by_query: 0]
[feature_fraction: 1]
[feature_fraction_bynode: 1]
[feature_fraction_seed: 30141]
[extra_trees: 0]
[extra_seed: 31421]
[early_stopping_round: 0]
[early_stopping_min_delta: 0]
[first_metric_only: 0]
[max_delta_step: 0]
[lambda_l1: 0]
[lambda_l2: 1]
[linear_lambda: 0]
[min_gain_to_split: 0]
[drop_rate: 0.1]
[max_drop: 50]
[skip_drop: 0.5]
[xgboost_dart_mode: 0]
[uniform_drop: 0]
[drop_seed: 11049]
[top_rate: 0.2]
[other_rate: 0.1]
[min_data_per_group: 100]
[max_cat_threshold: 32]
[cat_l2: 10]
[cat_smooth: 10]
[max_cat_to_onehot: 4]
[top_k: 20]
[monotone_constraints: ]
[monotone_constraints_method: basic]
[monotone_penalty: 0]
[feature_contri: ]
[forcedsplits_filename: ]
[refit_decay_rate: 0.9]
[cegb_tradeoff: 1]
[cegb_penalty_split: 0]
[cegb_penalty_feature_lazy: ]
[cegb_penalty_feature_coupled: ]
[path_smooth: 0]
[interaction_constraints: ]
[verbosity: -1]
[saved_feature_importance_type: 0]
[use_quantized_grad: 0]
[num_grad_quant_bins: 4]
[quant_train_renew_leaf: 0]
[stochastic_rounding: 1]
[linear_tree: 0]
[max_bin: 255]
[max_bin_by_feature: ]
[min_data_in_bin: 3]
[bin_construct_sample_cnt: 200000]
[data_random_seed: 5023]
[is_enable_sparse: 1]
[enable_bundle: 1]
[use_missing: 1]
[zero_as_missing: 0]
[feature_pre_filter: 1]
[pre_partition: 0]
[two_round: 0]
[header: 0]
[label_column: ]
[weight_column: ]
[group_column: ]
[ignore_column: ]
[categorical_feature: ]
[forcedbins_filename: ]
[precise_float_parser: 0]
[parser_config_file: ]
[objective_seed: 6921]
[num_class: 1]
[is_unbalance: 0]
[scale_pos_weight: 1]
[sigmoid: 1]
[boost_from_average: 1]
[reg_sqrt: 0]
[alpha: 0.5]
[fair_c: 1]
[poisson_max_delta_step: 0.7]
[tweedie_variance_power: 1.5]
[lambdarank_truncation_level: 30]
[lambdarank_norm: 1]
[label_gain: ]
[lambdarank_position_bias_regularization: 0]
[eval_at: ]
[multi_error_top_k: 1]
[auc_mu_weights: ]
[num_machines: 1]
[local_listen_port: 12400]
[time_out: 120]
[machine_list_filename: ]
[machines: ]
[gpu_platform_id: -1]
[gpu_device_id: -1]
[gpu_use_dp: 0]
[num_gpu: 1]

end of parameters

pandas_categorical:[]
