tree
version=v4
num_class=1
num_tree_per_iteration=1
label_index=0
max_feature_idx=11
objective=quantile
feature_names=slot slot_sin slot_cos dow_sin dow_cos weekend month_sin month_cos lag_2d lag_7d same_slot_mean_2_8d same_slot_std_2_8d
feature_infos=[0:95] [-1:1] [-1:1] [-0.97492791218182362:0.97492791218182362] [-0.90096886790241903:1] [0:1] [-1:0.8660254037844386] [-0.86602540378443882:1] [0:512] [0:512] [0:428.55428571428575] [0:198.38685062112893]
tree_sizes=747 793 791 792 785 789 791 791 793 792 794 784 792 790 791 792 791 793 791 793 790 795 793 792 790 791 792 794 789 793 793 791 790 794 792 793 793 795 792 791 792 794 794 791 793 796 794 797 795 796 796 798 795 800 796 797 799 798 793 797 797 796 795 799 798 795 799 799 800 798 799 795 799 797 799 798 799 799 798 794 794 792 800 792 798 797 794 793 795 794 799 796 795 799 801 797 791 801 798 800 794 793 792 799 795 798 802 795 801 804 803 805 804 801 805 795 805 804 803 803

Tree=0
num_leaves=7
num_cat=0
split_feature=8 9 3 6 7 3
split_gain=448.903 44.0894 48.1084 32.234 39.0969 26.6854
threshold=1.0000000180025095e-35 29.015000000000004 0.87837969732492682 -1.0000000180025095e-35 0.6830127018922193 -1.0000000180025095e-35
decision_type=2 2 2 2 2 2
left_child=1 5 -3 4 -2 -1
right_child=3 2 -4 -5 -6 -7
leaf_value=1.3377740621566772 1.4183645415306092 1.3377740621566772 1.4267358295239818 1.481076123714447 1.3377740621566772 1.3377740621566772
leaf_weight=274 8907 1007 123 8640 2114 535
leaf_count=274 8907 1007 123 8640 2114 535
internal_value=1.38624 1.37018 1.36572 1.38783 1.38657 1.37644
internal_weight=21600 1939 1130 19661 11021 809
internal_count=21600 1939 1130 19661 11021 809
is_linear=0
shrinkage=1


Tree=1
num_leaves=7
num_cat=0
split_feature=8 9 3 6 7 3
split_gain=448.722 44.0894 48.1084 32.2143 39.0389 26.6854
threshold=1.0000000180025095e-35 29.015000000000004 0.87837969732492682 -1.0000000180025095e-35 0.6830127018922193 -1.0000000180025095e-35
decision_type=2 2 2 2 2 2
left_child=1 5 -3 4 -2 -1
right_child=3 2 -4 -5 -6 -7
leaf_value=-0.046822092175483707 0.030947720420360567 -0.046822092175483707 0.039026013333965263 0.091464397227764144 -0.046822092175483707 -0.046822092175483707
leaf_weight=274 8907 1007 123 8640 2114 535
leaf_count=274 8907 1007 123 8640 2114 535
internal_value=-5.34696e-05 -0.0161126 -0.0205791 0.00153105 0.000276583 -0.00985617
internal_weight=21600 1939 1130 19661 11021 809
internal_count=21600 1939 1130 19661 11021 809
is_linear=0
shrinkage=0.035


Tree=2
num_leaves=7
num_cat=0
split_feature=8 9 3 6 7 3
split_gain=448.632 44.0894 48.1084 32.286 38.9809 26.6854
threshold=1.0000000180025095e-35 29.015000000000004 0.87837969732492682 -1.0000000180025095e-35 0.6830127018922193 -1.0000000180025095e-35
decision_type=2 2 2 2 2 2
left_child=1 5 -3 4 -2 -1
right_child=3 2 -4 -5 -6 -7
leaf_value=-0.045183318949341779 0.029864550205647947 -0.045183318949341779 0.037660102867276474 0.08826314332479239 -0.045183318949341779 -0.045183318949341779
leaf_weight=274 8907 1007 123 8640 2114 535
leaf_count=274 8907 1007 123 8640 2114 535
internal_value=-5.50899e-05 -0.0161126 -0.0205791 0.00152927 0.000273408 -0.00985617
internal_weight=21600 1939 1130 19661 11021 809
internal_count=21600 1939 1130 19661 11021 809
is_linear=0
shrinkage=0.035


Tree=3
num_leaves=7
num_cat=0
split_feature=8 9 3 6 7 3
split_gain=448.632 44.0894 48.1084 32.286 38.9809 26.6854
threshold=1.0000000180025095e-35 29.015000000000004 0.87837969732492682 -1.0000000180025095e-35 0.6830127018922193 -1.0000000180025095e-35
decision_type=2 2 2 2 2 2
left_child=1 5 -3 4 -2 -1
right_child=3 2 -4 -5 -6 -7
leaf_value=-0.043601902786114817 0.028819290948450264 -0.043601902786114817 0.036341999266921797 0.085173933308424654 -0.043601902786114817 -0.043601902786114817
leaf_weight=274 8907 1007 123 8640 2114 535
leaf_count=274 8907 1007 123 8640 2114 535
internal_value=-5.50899e-05 -0.0161126 -0.0205791 0.00152927 0.000273408 -0.00985617
internal_weight=21600 1939 1130 19661 11021 809
internal_count=21600 1939 1130 19661 11021 809
is_linear=0
shrinkage=0.035


Tree=4
num_leaves=7
num_cat=0
split_feature=8 9 3 6 7 3
split_gain=448.541 44.0894 48.1084 32.1945 38.9809 26.6854
threshold=1.0000000180025095e-35 29.015000000000004 0.87837969732492682 -1.0000000180025095e-35 0.6830127018922193 -1.0000000180025095e-35
decision_type=2 2 2 2 2 2
left_child=1 5 -3 4 -2 -1
right_child=3 2 -4 -5 -6 -7
leaf_value=-0.0420758361886008 0.027810615765254502 -0.0420758361886008 0.035070029292579533 0.082192845642629797 -0.0420758361886008 -0.0420758361886008
leaf_weight=274 8907 1007 123 8640 2114 535
leaf_count=274 8907 1007 123 8640 2114 535
internal_value=-5.67102e-05 -0.0161126 -0.0205791 0.00152749 0.000273408 -0.00985617
internal_weight=21600 1939 1130 19661 11021 809
internal_count=21600 1939 1130 19661 11021 809
is_linear=0
shrinkage=0.035


Tree=5
num_leaves=7
num_cat=0
split_feature=8 9 3 6 3 3
split_gain=446.166 44.8073 48.1084 32.0048 50.5296 26.1688
threshold=1.0000000180025095e-35 29.015000000000004 0.87837969732492682 -0.93301270189221908 1.0000000180025095e-35 -1.0000000180025095e-35
decision_type=2 2 2 2 2 2
left_child=1 5 -3 4 -2 -1
right_child=3 2 -4 -5 -6 -7
leaf_value=-0.04060318192199977 0.081739620097127375 -0.04060318192199977 0.033842578267339246 0.052831692815998837 -0.053753235160461293 -0.04060318192199977
leaf_weight=274 1021 1007 123 17644 996 535
leaf_count=274 1021 1007 123 17644 996 535
internal_value=-6.31914e-05 -0.0160765 -0.0205791 0.00151681 -0.00265882 -0.00976975
internal_weight=21600 1939 1130 19661 2017 809
internal_count=21600 1939 1130 19661 2017 809
is_linear=0
shrinkage=0.035


Tree=6
num_leaves=7
num_cat=0
split_feature=8 9 3 6 3 3
split_gain=442.346 45.8949 48.1084 34.1038 47.7553 25.4034
threshold=1.0000000180025095e-35 29.015000000000004 0.87837969732492682 -0.93301270189221908 1.0000000180025095e-35 -1.0000000180025095e-35
decision_type=2 2 2 2 2 2
left_child=1 5 -3 4 -2 -1
right_child=3 2 -4 -5 -6 -7
leaf_value=-0.039182070554729775 0.078878733393727904 -0.039182070554729775 0.032658088027982375 0.050982583567438879 -0.051871871929845152 -0.039182070554729775
leaf_weight=274 1021 1007 123 17644 996 535
leaf_count=274 1021 1007 123 17644 996 535
internal_value=-7.7774e-05 -0.0160224 -0.0205791 0.00149545 -0.00281492 -0.00964012
internal_weight=21600 1939 1130 19661 2017 809
internal_count=21600 1939 1130 19661 2017 809
is_linear=0
shrinkage=0.035


Tree=7
num_leaves=7
num_cat=0
split_feature=8 9 3 6 7 3
split_gain=439.026 45.8949 48.1084 35.2257 36.193 25.4034
threshold=1.0000000180025095e-35 29.015000000000004 0.87837969732492682 -1.0000000180025095e-35 0.6830127018922193 -1.0000000180025095e-35
decision_type=2 2 2 2 2 2
left_child=1 5 -3 4 -2 -1
right_child=3 2 -4 -5 -6 -7
leaf_value=-0.037810698085314225 0.023203744540050274 -0.037810698085314225 0.031515054947002991 0.075682596371717439 -0.044236681595420088 -0.037810698085314225
leaf_weight=274 8907 1007 123 8640 2114 535
leaf_count=274 8907 1007 123 8640 2114 535
internal_value=-0.000137725 -0.0160224 -0.0205791 0.00142959 0.00011781 -0.00964012
internal_weight=21600 1939 1130 19661 11021 809
internal_count=21600 1939 1130 19661 11021 809
is_linear=0
shrinkage=0.035


Tree=8
num_leaves=7
num_cat=0
split_feature=8 9 3 6 7 3
split_gain=438.757 45.8949 48.1084 35.2801 36.0814 25.4034
threshold=1.0000000180025095e-35 29.015000000000004 0.87837969732492682 -1.0000000180025095e-35 0.6830127018922193 -1.0000000180025095e-35
decision_type=2 2 2 2 2 2
left_child=1 5 -3 4 -2 -1
right_child=3 2 -4 -5 -6 -7
leaf_value=-0.036487323652328235 0.022391613481148511 -0.036487323652328235 0.030412028023857889 0.073033705498707316 -0.042688397739580386 -0.036487323652328235
leaf_weight=274 8907 1007 123 8640 2114 535
leaf_count=274 8907 1007 123 8640 2114 535
internal_value=-0.000142586 -0.0160224 -0.0205791 0.00142424 0.000111459 -0.00964012
internal_weight=21600 1939 1130 19661 11021 809
internal_count=21600 1939 1130 19661 11021 809
is_linear=0
shrinkage=0.035


Tree=9
num_leaves=7
num_cat=0
split_feature=8 9 3 6 7 3
split_gain=437.314 46.2603 48.1084 35.3889 35.8588 25.1508
threshold=1.0000000180025095e-35 29.015000000000004 0.87837969732492682 -1.0000000180025095e-35 0.6830127018922193 -1.0000000180025095e-35
decision_type=2 2 2 2 2 2
left_child=1 5 -3 4 -2 -1
right_child=3 2 -4 -5 -6 -7
leaf_value=-0.035210267324496745 0.02160790700930831 -0.035210267324496745 0.029347607043022868 0.070477525806252564 -0.041194303818695072 -0.035210267324496745
leaf_weight=274 8907 1007 123 8640 2114 535
leaf_count=274 8907 1007 123 8640 2114 535
internal_value=-0.000150687 -0.0160044 -0.0205791 0.00141356 9.87572e-05 -0.00959691
internal_weight=21600 1939 1130 19661 11021 809
internal_count=21600 1939 1130 19661 11021 809
is_linear=0
shrinkage=0.035


Tree=10
num_leaves=7
num_cat=0
split_feature=8 9 3 6 7 3
split_gain=437.314 46.2603 48.1084 35.3889 35.5697 25.1508
threshold=1.0000000180025095e-35 29.015000000000004 0.87837969732492682 -1.0000000180025095e-35 0.6830127018922193 -1.0000000180025095e-35
decision_type=2 2 2 2 2 2
left_child=1 5 -3 4 -2 -1
right_child=3 2 -4 -5 -6 -7
leaf_value=-0.033977907968139362 0.020851630263982519 -0.033977907968139362 0.028320440796517063 0.068010812403033721 -0.039752503185040748 -0.033977907968139362
leaf_weight=274 8907 1007 123 8640 2114 535
leaf_count=274 8907 1007 123 8640 2114 535
internal_value=-0.000150687 -0.0160044 -0.0205791 0.00141356 9.87572e-05 -0.00959691
internal_weight=21600 1939 1130 19661 11021 809
internal_count=21600 1939 1130 19661 11021 809
is_linear=0
shrinkage=0.035


Tree=11
num_leaves=7
num_cat=0
split_feature=8 9 3 6 3 3
split_gain=438.465 46.6272 48.1084 34.005 47.1494 24.8994
threshold=1.0000000180025095e-35 29.015000000000004 0.87837969732492682 -0.93301270189221908 1.0000000180025095e-35 -1.0000000180025095e-35
decision_type=2 2 2 2 2 2
left_child=1 5 -3 4 -2 -1
right_child=3 2 -4 -5 -6 -7
leaf_value=-0.03278868118925448 0.073036056389640294 -0.03278868118925448 0.027329225368638969 0.044381974591004118 -0.05313827774760771 -0.03278868118925448
leaf_weight=274 1021 1007 123 17644 996 535
leaf_count=274 1021 1007 123 17644 996 535
internal_value=-0.0001118 -0.0159863 -0.0205791 0.00145451 -0.0028496 -0.0095537
internal_weight=21600 1939 1130 19661 2017 809
internal_count=21600 1939 1130 19661 2017 809
is_linear=0
shrinkage=0.035


Tree=12
num_leaves=7
num_cat=0
split_feature=8 9 3 6 7 3
split_gain=435.516 46.6272 48.1084 35.6277 35.1832 24.8994
threshold=1.0000000180025095e-35 29.015000000000004 0.87837969732492682 -1.0000000180025095e-35 0.6830127018922193 -1.0000000180025095e-35
decision_type=2 2 2 2 2 2
left_child=1 5 -3 4 -2 -1
right_child=3 2 -4 -5 -6 -7
leaf_value=-0.031641077347630574 0.018568454094057989 -0.031641077347630574 0.026372702480736605 0.064077064858242397 -0.039914534684249464 -0.031641077347630574
leaf_weight=274 8907 1007 123 8640 2114 535
leaf_count=274 8907 1007 123 8640 2114 535
internal_value=-0.00016527 -0.0159863 -0.0205791 0.00139576 7.65289e-05 -0.0095537
internal_weight=21600 1939 1130 19661 11021 809
internal_count=21600 1939 1130 19661 11021 809
is_linear=0
shrinkage=0.035


Tree=13
num_leaves=7
num_cat=0
split_feature=8 9 3 6 7 3
split_gain=434.09 46.6272 48.1084 34.4424 35.0732 24.8994
threshold=1.0000000180025095e-35 29.015000000000004 0.87837969732492682 -1.0000000180025095e-35 0.6830127018922193 -1.0000000180025095e-35
decision_type=2 2 2 2 2 2
left_child=1 5 -3 4 -2 -1
right_child=3 2 -4 -5 -6 -7
leaf_value=-0.030533639640463503 0.017918558200765957 -0.030533639640463503 0.025449657893910824 0.06183436758820391 -0.038517525970300732 -0.030533639640463503
leaf_weight=274 8907 1007 123 8640 2114 535
leaf_count=274 8907 1007 123 8640 2114 535
internal_value=-0.000191195 -0.0159863 -0.0205791 0.00136728 7.0178e-05 -0.0095537
internal_weight=21600 1939 1130 19661 11021 809
internal_count=21600 1939 1130 19661 11021 809
is_linear=0
shrinkage=0.035


Tree=14
num_leaves=7
num_cat=0
split_feature=8 9 3 6 3 3
split_gain=435.248 46.6272 48.1084 33.815 46.2479 24.8994
threshold=1.0000000180025095e-35 29.015000000000004 0.87837969732492682 -0.93301270189221908 1.0000000180025095e-35 -1.0000000180025095e-35
decision_type=2 2 2 2 2 2
left_child=1 5 -3 4 -2 -1
right_child=3 2 -4 -5 -6 -7
leaf_value=-0.029464962253047282 0.069202748985684029 -0.029464962253047282 0.024558919867623947 0.040505565062231255 -0.052555483456760282 -0.029464962253047282
leaf_weight=274 1021 1007 123 17644 996 535
leaf_count=274 1021 1007 123 17644 996 535
internal_value=-0.000170131 -0.0159863 -0.0205791 0.00139042 -0.00290164 -0.0095537
internal_weight=21600 1939 1130 19661 2017 809
internal_count=21600 1939 1130 19661 2017 809
is_linear=0
shrinkage=0.035


Tree=15
num_leaves=7
num_cat=0
split_feature=8 9 3 6 7 3
split_gain=432.666 46.6272 48.1084 35.6386 34.1992 24.8994
threshold=1.0000000180025095e-35 29.015000000000004 0.87837969732492682 -1.0000000180025095e-35 0.6830127018922193 -1.0000000180025095e-35
decision_type=2 2 2 2 2 2
left_child=1 5 -3 4 -2 -1
right_child=3 2 -4 -5 -6 -7
leaf_value=-0.028433688574190624 0.015873713886561055 -0.028433688574190624 0.023699357672257112 0.058252469945438673 -0.038587107338518292 -0.028433688574190624
leaf_weight=274 8907 1007 123 8640 2114 535
leaf_count=274 8907 1007 123 8640 2114 535
internal_value=-0.000217119 -0.0159863 -0.0205791 0.0013388 1.93705e-05 -0.0095537
internal_weight=21600 1939 1130 19661 11021 809
internal_count=21600 1939 1130 19661 11021 809
is_linear=0
shrinkage=0.035


Tree=16
num_leaves=7
num_cat=0
split_feature=8 9 3 6 3 3
split_gain=433.989 46.9955 48.1084 33.7029 46.2479 24.6494
threshold=1.0000000180025095e-35 29.015000000000004 0.87837969732492682 -0.93301270189221908 1.0000000180025095e-35 -1.0000000180025095e-35
decision_type=2 2 2 2 2 2
left_child=1 5 -3 4 -2 -1
right_child=3 2 -4 -5 -6 -7
leaf_value=-0.027438509474093955 0.06622507278515545 -0.027438509474093955 0.022869880153728112 0.037831742744465893 -0.051271621521803305 -0.027438509474093955
leaf_weight=274 1021 1007 123 17644 996 535
leaf_count=274 1021 1007 123 17644 996 535
internal_value=-0.000174992 -0.0159683 -0.0205791 0.0013833 -0.00290164 -0.00951049
internal_weight=21600 1939 1130 19661 2017 809
internal_count=21600 1939 1130 19661 2017 809
is_linear=0
shrinkage=0.035


Tree=17
num_leaves=7
num_cat=0
split_feature=8 9 3 6 7 3
split_gain=431.322 46.9955 48.1084 35.8443 33.9824 24.6494
threshold=1.0000000180025095e-35 29.015000000000004 0.87837969732492682 -1.0000000180025095e-35 0.6830127018922193 -1.0000000180025095e-35
decision_type=2 2 2 2 2 2
left_child=1 5 -3 4 -2 -1
right_child=3 2 -4 -5 -6 -7
leaf_value=-0.026478161642500664 0.013994022904475115 -0.026478161642500664 0.022069434348347627 0.054889522501292011 -0.038560669577726463 -0.026478161642500664
leaf_weight=274 8907 1007 123 8640 2114 535
leaf_count=274 8907 1007 123 8640 2114 535
internal_value=-0.000223601 -0.0159683 -0.0205791 0.0013299 6.66861e-06 -0.00951049
internal_weight=21600 1939 1130 19661 11021 809
internal_count=21600 1939 1130 19661 11021 809
is_linear=0
shrinkage=0.035


Tree=18
num_leaves=7
num_cat=0
split_feature=8 9 3 6 7 3
split_gain=433.455 46.9955 48.1084 34.0525 28.2166 24.6494
threshold=1.0000000180025095e-35 29.015000000000004 0.87837969732492682 -1.0000000180025095e-35 0.6830127018922193 -1.0000000180025095e-35
decision_type=2 2 2 2 2 2
left_child=1 5 -3 4 -2 -1
right_child=3 2 -4 -5 -6 -7
leaf_value=-0.02555142598501314 0.013504232102818488 -0.02555142598501314 0.021297004146155461 0.052968389213746782 -0.037211046142506032 -0.02555142598501314
leaf_weight=274 8907 1007 123 8640 2114 535
leaf_count=274 8907 1007 123 8640 2114 535
internal_value=-0.000184714 -0.0159683 -0.0205791 0.00137262 8.28798e-05 -0.00951049
internal_weight=21600 1939 1130 19661 11021 809
internal_count=21600 1939 1130 19661 11021 809
is_linear=0
shrinkage=0.035


Tree=19
num_leaves=7
num_cat=0
split_feature=8 9 3 6 7 3
split_gain=432.287 47.3652 48.1084 33.9383 28.1673 24.4005
threshold=1.0000000180025095e-35 29.015000000000004 0.87837969732492682 -1.0000000180025095e-35 0.6830127018922193 -1.0000000180025095e-35
decision_type=2 2 2 2 2 2
left_child=1 5 -3 4 -2 -1
right_child=3 2 -4 -5 -6 -7
leaf_value=-0.024657126075537678 0.01303158397921984 -0.024657126075537678 0.020551609001040017 0.051114495591265643 -0.035908659527518316 -0.024657126075537678
leaf_weight=274 8907 1007 123 8640 2114 535
leaf_count=274 8907 1007 123 8640 2114 535
internal_value=-0.000187954 -0.0159503 -0.0205791 0.00136728 7.97044e-05 -0.00946728
internal_weight=21600 1939 1130 19661 11021 809
internal_count=21600 1939 1130 19661 11021 809
is_linear=0
shrinkage=0.035


Tree=20
num_leaves=7
num_cat=0
split_feature=8 9 3 6 3 3
split_gain=431.842 47.3652 48.1084 33.5839 45.9493 24.4005
threshold=1.0000000180025095e-35 29.015000000000004 0.87837969732492682 -0.93301270189221908 1.0000000180025095e-35 -1.0000000180025095e-35
decision_type=2 2 2 2 2 2
left_child=1 5 -3 4 -2 -1
right_child=3 2 -4 -5 -6 -7
leaf_value=-0.02379412666289386 0.062488650873147041 -0.02379412666289386 0.019832302686003618 0.033849135972625927 -0.050895659133068163 -0.02379412666289386
leaf_weight=274 1021 1007 123 17644 996 535
leaf_count=274 1021 1007 123 17644 996 535
internal_value=-0.000196056 -0.0159503 -0.0205791 0.00135838 -0.00291898 -0.00946728
internal_weight=21600 1939 1130 19661 2017 809
internal_count=21600 1939 1130 19661 2017 809
is_linear=0
shrinkage=0.035


Tree=21
num_leaves=7
num_cat=0
split_feature=8 9 3 6 10 3
split_gain=424.489 47.1011 47.9644 38.8378 26.4332 24.4005
threshold=1.0000000180025095e-35 29.015000000000004 0.87837969732492682 -1.0000000180025095e-35 249.13063492063498 -1.0000000180025095e-35
decision_type=2 2 2 2 2 2
left_child=1 5 -3 4 -2 -1
right_child=3 2 -4 -5 -6 -7
leaf_value=-0.022961332229692575 -0.03583657620309709 -0.022961332229692575 0.019138172091993488 0.048140768486529435 0.090300318781026512 -0.022961332229692575
leaf_weight=274 8515 1007 123 8640 2506 535
leaf_count=274 8515 1007 123 8640 2506 535
internal_value=-0.000312717 -0.0159322 -0.0205482 0.00122844 -0.000148929 -0.00946728
internal_weight=21600 1939 1130 19661 11021 809
internal_count=21600 1939 1130 19661 11021 809
is_linear=0
shrinkage=0.035


Tree=22
num_leaves=7
num_cat=0
split_feature=8 9 3 6 7 3
split_gain=430.499 47.1011 47.9644 33.1717 29.6783 24.4005
threshold=1.0000000180025095e-35 29.015000000000004 0.87837969732492682 -1.0000000180025095e-35 0.6830127018922193 -1.0000000180025095e-35
decision_type=2 2 2 2 2 2
left_child=1 5 -3 4 -2 -1
right_child=3 2 -4 -5 -6 -7
leaf_value=-0.022157685601653338 0.012645038948013635 -0.022157685601653338 0.018468336068773718 0.046455841589500904 -0.03458229603598869 -0.022157685601653338
leaf_weight=274 8907 1007 123 8640 2114 535
leaf_count=274 8907 1007 123 8640 2114 535
internal_value=-0.000202537 -0.0159322 -0.0205482 0.00134948 7.65289e-05 -0.00946728
internal_weight=21600 1939 1130 19661 11021 809
internal_count=21600 1939 1130 19661 11021 809
is_linear=0
shrinkage=0.035


Tree=23
num_leaves=7
num_cat=0
split_feature=8 9 3 6 10 3
split_gain=424.313 47.1011 47.9644 37.9261 26.2211 24.4005
threshold=1.0000000180025095e-35 29.015000000000004 0.87837969732492682 -1.0000000180025095e-35 249.13063492063498 -1.0000000180025095e-35
decision_type=2 2 2 2 2 2
left_child=1 5 -3 4 -2 -1
right_child=3 2 -4 -5 -6 -7
leaf_value=-0.021382166605595471 -0.03337191567472908 -0.021382166605595471 0.01782194430636664 0.04482988713386836 0.08709390064492438 -0.021382166605595471
leaf_weight=274 8515 1007 123 8640 2506 535
leaf_count=274 8515 1007 123 8640 2506 535
internal_value=-0.000315957 -0.0159322 -0.0205482 0.00122488 -0.000136227 -0.00946728
internal_weight=21600 1939 1130 19661 11021 809
internal_count=21600 1939 1130 19661 11021 809
is_linear=0
shrinkage=0.035


Tree=24
num_leaves=7
num_cat=0
split_feature=8 9 3 6 7 3
split_gain=429.246 47.4712 47.9644 32.8017 29.6783 24.153
threshold=1.0000000180025095e-35 29.015000000000004 0.87837969732492682 -1.0000000180025095e-35 0.6830127018922193 -1.0000000180025095e-35
decision_type=2 2 2 2 2 2
left_child=1 5 -3 4 -2 -1
right_child=3 2 -4 -5 -6 -7
leaf_value=-0.02063379077439963 0.013370479633448677 -0.02063379077439963 0.017198176255643814 0.043260841084182974 -0.032203898626113565 -0.02063379077439963
leaf_weight=274 8907 1007 123 8640 2114 535
leaf_count=274 8907 1007 123 8640 2114 535
internal_value=-0.000207398 -0.0159142 -0.0205482 0.00134236 7.65289e-05 -0.00942407
internal_weight=21600 1939 1130 19661 11021 809
internal_count=21600 1939 1130 19661 11021 809
is_linear=0
shrinkage=0.035


Tree=25
num_leaves=7
num_cat=0
split_feature=8 9 3 6 7 3
split_gain=427.907 47.2068 47.8206 32.342 29.6783 24.153
threshold=1.0000000180025095e-35 29.015000000000004 0.87837969732492682 -1.0000000180025095e-35 0.6830127018922193 -1.0000000180025095e-35
decision_type=2 2 2 2 2 2
left_child=1 5 -3 4 -2 -1
right_child=3 2 -4 -5 -6 -7
leaf_value=-0.019911608097295641 0.012902512846277974 -0.019911608097295641 0.016596240086696277 0.041746711646236577 -0.03107676217419959 -0.019911608097295641
leaf_weight=274 8907 1007 123 8640 2114 535
leaf_count=274 8907 1007 123 8640 2114 535
internal_value=-0.000213879 -0.0158961 -0.0205172 0.00133346 7.65289e-05 -0.00942407
internal_weight=21600 1939 1130 19661 11021 809
internal_count=21600 1939 1130 19661 11021 809
is_linear=0
shrinkage=0.035


Tree=26
num_leaves=7
num_cat=0
split_feature=8 9 3 6 7 3
split_gain=421.214 47.2068 47.8206 37.15 26.1966 24.153
threshold=1.0000000180025095e-35 29.015000000000004 0.87837969732492682 -1.0000000180025095e-35 0.6830127018922193 -1.0000000180025095e-35
decision_type=2 2 2 2 2 2
left_child=1 5 -3 4 -2 -1
right_child=3 2 -4 -5 -6 -7
leaf_value=-0.019214701813890296 0.012450924896658243 -0.019214701813890296 0.016015371683661912 0.040285576738618302 -0.029989075498102601 -0.019214701813890296
leaf_weight=274 8907 1007 123 8640 2114 535
leaf_count=274 8907 1007 123 8640 2114 535
internal_value=-0.000337021 -0.0158961 -0.0205172 0.00119817 -0.000148929 -0.00942407
internal_weight=21600 1939 1130 19661 11021 809
internal_count=21600 1939 1130 19661 11021 809
is_linear=0
shrinkage=0.035


Tree=27
num_leaves=7
num_cat=0
split_feature=8 9 3 6 10 3
split_gain=419.286 47.2068 47.8206 34.3445 26.2211 24.153
threshold=1.0000000180025095e-35 29.015000000000004 0.87837969732492682 -1.0000000180025095e-35 249.13063492063498 -1.0000000180025095e-35
decision_type=2 2 2 2 2 2
left_child=1 5 -3 4 -2 -1
right_child=3 2 -4 -5 -6 -7
leaf_value=-0.018542187250404133 -0.02893945785566901 -0.018542187250404133 0.015454833674733742 0.038875581552766665 0.084006971216998821 -0.018542187250404133
leaf_weight=274 8515 1007 123 8640 2506 535
leaf_count=274 8515 1007 123 8640 2506 535
internal_value=-0.000372668 -0.0158961 -0.0205172 0.00115901 -0.000136227 -0.00942407
internal_weight=21600 1939 1130 19661 11021 809
internal_count=21600 1939 1130 19661 11021 809
is_linear=0
shrinkage=0.035


Tree=28
num_leaves=7
num_cat=0
split_feature=8 9 3 6 3 3
split_gain=424.642 47.2068 47.8206 30.8545 44.4349 24.153
threshold=1.0000000180025095e-35 29.015000000000004 0.87837969732492682 -0.93301270189221908 1.0000000180025095e-35 -1.0000000180025095e-35
decision_type=2 2 2 2 2 2
left_child=1 5 -3 4 -2 -1
right_child=3 2 -4 -5 -6 -7
leaf_value=-0.017893210696639988 0.061938812861905293 -0.017893210696639988 0.01491391449611806 0.029085093086908848 -0.047477046294092391 -0.017893210696639988
leaf_weight=274 1021 1007 123 17644 996 535
leaf_count=274 1021 1007 123 17644 996 535
internal_value=-0.00027383 -0.0158961 -0.0205172 0.0012676 -0.00283226 -0.00942407
internal_weight=21600 1939 1130 19661 2017 809
internal_count=21600 1939 1130 19661 2017 809
is_linear=0
shrinkage=0.035


Tree=29
num_leaves=7
num_cat=0
split_feature=8 9 3 6 7 3
split_gain=417.101 47.2068 47.8206 33.0082 26.1017 24.153
threshold=1.0000000180025095e-35 29.015000000000004 0.87837969732492682 -1.0000000180025095e-35 0.6830127018922193 -1.0000000180025095e-35
decision_type=2 2 2 2 2 2
left_child=1 5 -3 4 -2 -1
right_child=3 2 -4 -5 -6 -7
leaf_value=-0.017266948322257593 0.012010045292181809 -0.017266948322257593 0.014391927488753934 0.036496957940378029 -0.028944555088762407 -0.017266948322257593
leaf_weight=274 8907 1007 123 8640 2114 535
leaf_count=274 8907 1007 123 8640 2114 535
internal_value=-0.000413175 -0.0158961 -0.0205172 0.00111451 -0.00015528 -0.00942407
internal_weight=21600 1939 1130 19661 11021 809
internal_count=21600 1939 1130 19661 11021 809
is_linear=0
shrinkage=0.035


Tree=30
num_leaves=7
num_cat=0
split_feature=8 9 3 6 7 3
split_gain=416.664 47.2068 47.8206 32.5471 25.8551 24.153
threshold=1.0000000180025095e-35 29.015000000000004 0.87837969732492682 -1.0000000180025095e-35 0.6830127018922193 -1.0000000180025095e-35
decision_type=2 2 2 2 2 2
left_child=1 5 -3 4 -2 -1
right_child=3 2 -4 -5 -6 -7
leaf_value=-0.016662605130978576 0.011589693706955444 -0.016662605130978576 0.013888210026647542 0.035219564412464786 -0.027931495660655722 -0.016662605130978576
leaf_weight=274 8907 1007 123 8640 2114 535
leaf_count=274 8907 1007 123 8640 2114 535
internal_value=-0.000421277 -0.0158961 -0.0205172 0.00110561 -0.00015528 -0.00942407
internal_weight=21600 1939 1130 19661 11021 809
internal_count=21600 1939 1130 19661 11021 809
is_linear=0
shrinkage=0.035


Tree=31
num_leaves=7
num_cat=0
split_feature=8 9 3 6 7 3
split_gain=416.49 47.2068 47.8206 32.3636 25.8551 24.153
threshold=1.0000000180025095e-35 29.015000000000004 0.87837969732492682 -1.0000000180025095e-35 0.6830127018922193 -1.0000000180025095e-35
decision_type=2 2 2 2 2 2
left_child=1 5 -3 4 -2 -1
right_child=3 2 -4 -5 -6 -7
leaf_value=-0.016079413951394325 0.011184054427212001 -0.016079413951394325 0.01340212267571487 0.033986879658028518 -0.026953893312532774 -0.016079413951394325
leaf_weight=274 8907 1007 123 8640 2114 535
leaf_count=274 8907 1007 123 8640 2114 535
internal_value=-0.000424517 -0.0158961 -0.0205172 0.00110205 -0.00015528 -0.00942407
internal_weight=21600 1939 1130 19661 11021 809
internal_count=21600 1939 1130 19661 11021 809
is_linear=0
shrinkage=0.035


Tree=32
num_leaves=7
num_cat=0
split_feature=8 9 3 6 7 3
split_gain=415.705 47.2068 47.8206 31.5441 25.8551 24.153
threshold=1.0000000180025095e-35 29.015000000000004 0.87837969732492682 -1.0000000180025095e-35 0.6830127018922193 -1.0000000180025095e-35
decision_type=2 2 2 2 2 2
left_child=1 5 -3 4 -2 -1
right_child=3 2 -4 -5 -6 -7
leaf_value=-0.015516634463095523 0.010792612522259583 -0.015516634463095523 0.012933048382064844 0.032797338869997514 -0.02601050704659413 -0.015516634463095523
leaf_weight=274 8907 1007 123 8640 2114 535
leaf_count=274 8907 1007 123 8640 2114 535
internal_value=-0.0004391 -0.0158961 -0.0205172 0.00108603 -0.00015528 -0.00942407
internal_weight=21600 1939 1130 19661 11021 809
internal_count=21600 1939 1130 19661 11021 809
is_linear=0
shrinkage=0.035


Tree=33
num_leaves=7
num_cat=0
split_feature=8 9 3 6 10 3
split_gain=415.792 47.2068 47.8206 30.8316 26.2741 24.153
threshold=1.0000000180025095e-35 29.015000000000004 0.87837969732492682 -1.0000000180025095e-35 249.13063492063498 -1.0000000180025095e-35
decision_type=2 2 2 2 2 2
left_child=1 5 -3 4 -2 -1
right_child=3 2 -4 -5 -6 -7
leaf_value=-0.014973552256887179 -0.025100139299963336 -0.014973552256887179 0.012480391688692572 0.031649432009547604 0.079304243138324806 -0.014973552256887179
leaf_weight=274 8515 1007 123 8640 2506 535
leaf_count=274 8515 1007 123 8640 2506 535
internal_value=-0.00043748 -0.0158961 -0.0205172 0.00108781 -0.000139403 -0.00942407
internal_weight=21600 1939 1130 19661 11021 809
internal_count=21600 1939 1130 19661 11021 809
is_linear=0
shrinkage=0.035


Tree=34
num_leaves=7
num_cat=0
split_feature=8 9 3 6 7 3
split_gain=414.921 47.2068 47.8206 30.7351 25.8551 24.153
threshold=1.0000000180025095e-35 29.015000000000004 0.87837969732492682 -1.0000000180025095e-35 0.6830127018922193 -1.0000000180025095e-35
decision_type=2 2 2 2 2 2
left_child=1 5 -3 4 -2 -1
right_child=3 2 -4 -5 -6 -7
leaf_value=-0.014449477927896128 0.011293375959479214 -0.014449477927896128 0.01204357797958833 0.030541701889213443 -0.024221634424464619 -0.014449477927896128
leaf_weight=274 8907 1007 123 8640 2114 535
leaf_count=274 8907 1007 123 8640 2114 535
internal_value=-0.000453683 -0.0158961 -0.0205172 0.00107001 -0.00015528 -0.00942407
internal_weight=21600 1939 1130 19661 11021 809
internal_count=21600 1939 1130 19661 11021 809
is_linear=0
shrinkage=0.035


Tree=35
num_leaves=7
num_cat=0
split_feature=8 9 3 6 7 3
split_gain=414.399 47.2068 47.8206 30.2016 25.8551 24.153
threshold=1.0000000180025095e-35 29.015000000000004 0.87837969732492682 -1.0000000180025095e-35 0.6830127018922193 -1.0000000180025095e-35
decision_type=2 2 2 2 2 2
left_child=1 5 -3 4 -2 -1
right_child=3 2 -4 -5 -6 -7
leaf_value=-0.013943746200419764 0.010898107800897438 -0.013943746200419764 0.011622052750302736 0.029472742323090974 -0.023373877219608357 -0.013943746200419764
leaf_weight=274 8907 1007 123 8640 2114 535
leaf_count=274 8907 1007 123 8640 2114 535
internal_value=-0.000463404 -0.0158961 -0.0205172 0.00105933 -0.00015528 -0.00942407
internal_weight=21600 1939 1130 19661 11021 809
internal_count=21600 1939 1130 19661 11021 809
is_linear=0
shrinkage=0.035


Tree=36
num_leaves=7
num_cat=0
split_feature=8 9 3 6 7 3
split_gain=413.529 47.2068 47.8206 29.4787 25.8079 24.153
threshold=1.0000000180025095e-35 29.015000000000004 0.87837969732492682 -1.0000000180025095e-35 0.6830127018922193 -1.0000000180025095e-35
decision_type=2 2 2 2 2 2
left_child=1 5 -3 4 -2 -1
right_child=3 2 -4 -5 -6 -7
leaf_value=-0.013455715083405071 0.01051667402786602 -0.013455715083405071 0.011215280904042136 0.028441196341782785 -0.022555791516922063 -0.013455715083405071
leaf_weight=274 8907 1007 123 8640 2114 535
leaf_count=274 8907 1007 123 8640 2114 535
internal_value=-0.000479607 -0.0158961 -0.0205172 0.00104153 -0.000158456 -0.00942407
internal_weight=21600 1939 1130 19661 11021 809
internal_count=21600 1939 1130 19661 11021 809
is_linear=0
shrinkage=0.035


Tree=37
num_leaves=7
num_cat=0
split_feature=8 9 3 6 10 3
split_gain=413.181 47.2068 47.8206 28.3596 26.3271 24.153
threshold=1.0000000180025095e-35 29.015000000000004 0.87837969732492682 -1.0000000180025095e-35 249.13063492063498 -1.0000000180025095e-35
decision_type=2 2 2 2 2 2
left_child=1 5 -3 4 -2 -1
right_child=3 2 -4 -5 -6 -7
leaf_value=-0.012984765055485892 -0.021766338813829791 -0.012984765055485892 0.010822746072400658 0.027445754469820387 0.077106789857284586 -0.012984765055485892
leaf_weight=274 8515 1007 123 8640 2506 535
leaf_count=274 8515 1007 123 8640 2506 535
internal_value=-0.000486088 -0.0158961 -0.0205172 0.00103441 -0.000142578 -0.00942407
internal_weight=21600 1939 1130 19661 11021 809
internal_count=21600 1939 1130 19661 11021 809
is_linear=0
shrinkage=0.035


Tree=38
num_leaves=7
num_cat=0
split_feature=8 9 3 6 7 3
split_gain=411.879 47.2068 47.8206 27.689 25.8551 24.153
threshold=1.0000000180025095e-35 29.015000000000004 0.87837969732492682 -1.0000000180025095e-35 0.6830127018922193 -1.0000000180025095e-35
decision_type=2 2 2 2 2 2
left_child=1 5 -3 4 -2 -1
right_child=3 2 -4 -5 -6 -7
leaf_value=-0.012530298278543886 0.010910412295374757 -0.012530298278543886 0.010443949959866628 0.026485153063376669 -0.021004516955345744 -0.012530298278543886
leaf_weight=274 8907 1007 123 8640 2114 535
leaf_count=274 8907 1007 123 8640 2114 535
internal_value=-0.000510393 -0.0158961 -0.0205172 0.00100771 -0.00015528 -0.00942407
internal_weight=21600 1939 1130 19661 11021 809
internal_count=21600 1939 1130 19661 11021 809
is_linear=0
shrinkage=0.035


Tree=39
num_leaves=7
num_cat=0
split_feature=8 9 3 6 7 3
split_gain=411.012 47.2068 47.8206 26.997 25.8079 24.153
threshold=1.0000000180025095e-35 29.015000000000004 0.87837969732492682 -1.0000000180025095e-35 0.6830127018922193 -1.0000000180025095e-35
decision_type=2 2 2 2 2 2
left_child=1 5 -3 4 -2 -1
right_child=3 2 -4 -5 -6 -7
leaf_value=-0.01209173783879485 0.010528547865036642 -0.01209173783879485 0.010078411711271293 0.025558172706158483 -0.020269358861908643 -0.01209173783879485
leaf_weight=274 8907 1007 123 8640 2114 535
leaf_count=274 8907 1007 123 8640 2114 535
internal_value=-0.000526596 -0.0158961 -0.0205172 0.000989904 -0.000158456 -0.00942407
internal_weight=21600 1939 1130 19661 11021 809
internal_count=21600 1939 1130 19661 11021 809
is_linear=0
shrinkage=0.035


Tree=40
num_leaves=7
num_cat=0
split_feature=8 9 3 6 3 3
split_gain=409.886 47.2068 47.8206 26.4931 44.4349 24.153
threshold=1.0000000180025095e-35 29.015000000000004 0.87837969732492682 -0.93301270189221908 1.0000000180025095e-35 -1.0000000180025095e-35
decision_type=2 2 2 2 2 2
left_child=1 5 -3 4 -2 -1
right_child=3 2 -4 -5 -6 -7
leaf_value=-0.011668527014437029 0.057920957809317157 -0.011668527014437029 0.0097256673013767954 0.02097601888266486 -0.047665346276220599 -0.011668527014437029
leaf_weight=274 1021 1007 123 17644 996 535
leaf_count=274 1021 1007 123 17644 996 535
internal_value=-0.00054766 -0.0158961 -0.0205172 0.000966763 -0.00283226 -0.00942407
internal_weight=21600 1939 1130 19661 2017 809
internal_count=21600 1939 1130 19661 2017 809
is_linear=0
shrinkage=0.035


Tree=41
num_leaves=7
num_cat=0
split_feature=8 9 3 6 3 3
split_gain=408.849 47.2068 47.8206 26.1961 44.4349 24.153
threshold=1.0000000180025095e-35 29.015000000000004 0.87837969732492682 -0.93301270189221908 1.0000000180025095e-35 -1.0000000180025095e-35
decision_type=2 2 2 2 2 2
left_child=1 5 -3 4 -2 -1
right_child=3 2 -4 -5 -6 -7
leaf_value=-0.011260128568931733 0.055893724285991063 -0.011260128568931733 0.0093852689458286068 0.020241858221771589 -0.045997059156552875 -0.011260128568931733
leaf_weight=274 1021 1007 123 17644 996 535
leaf_count=274 1021 1007 123 17644 996 535
internal_value=-0.000567103 -0.0158961 -0.0205172 0.000945402 -0.00283226 -0.00942407
internal_weight=21600 1939 1130 19661 2017 809
internal_count=21600 1939 1130 19661 2017 809
is_linear=0
shrinkage=0.035


Tree=42
num_leaves=7
num_cat=0
split_feature=8 9 3 6 3 3
split_gain=408.589 47.2068 47.8206 26.1221 44.4349 24.153
threshold=1.0000000180025095e-35 29.015000000000004 0.87837969732492682 -0.93301270189221908 1.0000000180025095e-35 -1.0000000180025095e-35
decision_type=2 2 2 2 2 2
left_child=1 5 -3 4 -2 -1
right_child=3 2 -4 -5 -6 -7
leaf_value=-0.010866024069019122 0.053937443935981384 -0.010866024069019122 0.0090567845327246023 0.019533393184009592 -0.044387162086073524 -0.010866024069019122
leaf_weight=274 1021 1007 123 17644 996 535
leaf_count=274 1021 1007 123 17644 996 535
internal_value=-0.000571964 -0.0158961 -0.0205172 0.000940062 -0.00283226 -0.00942407
internal_weight=21600 1939 1130 19661 2017 809
internal_count=21600 1939 1130 19661 2017 809
is_linear=0
shrinkage=0.035


Tree=43
num_leaves=7
num_cat=0
split_feature=8 9 3 6 3 3
split_gain=406.777 47.2068 47.8206 25.8454 44.1422 24.153
threshold=1.0000000180025095e-35 29.015000000000004 0.87837969732492682 -0.93301270189221908 1.0000000180025095e-35 -1.0000000180025095e-35
decision_type=2 2 2 2 2 2
left_child=1 5 -3 4 -2 -1
right_child=3 2 -4 -5 -6 -7
leaf_value=-0.010485713226603454 0.052049633398222037 -0.010485713226603454 0.0087397970740792363 0.018849724422569263 -0.042833611413060947 -0.010485713226603454
leaf_weight=274 1021 1007 123 17644 996 535
leaf_count=274 1021 1007 123 17644 996 535
internal_value=-0.00060599 -0.0158961 -0.0205172 0.00090268 -0.0028496 -0.00942407
internal_weight=21600 1939 1130 19661 2017 809
internal_count=21600 1939 1130 19661 2017 809
is_linear=0
shrinkage=0.035


Tree=44
num_leaves=7
num_cat=0
split_feature=8 9 3 6 3 3
split_gain=404.711 47.2068 47.8206 25.7349 43.5597 24.153
threshold=1.0000000180025095e-35 29.015000000000004 0.87837969732492682 -0.93301270189221908 1.0000000180025095e-35 -1.0000000180025095e-35
decision_type=2 2 2 2 2 2
left_child=1 5 -3 4 -2 -1
right_child=3 2 -4 -5 -6 -7
leaf_value=-0.010118713263672334 0.050227896229284266 -0.010118713263672334 0.008433904176486472 0.018189984067779334 -0.041334435013603815 -0.010118713263672334
leaf_weight=274 1021 1007 123 17644 996 535
leaf_count=274 1021 1007 123 17644 996 535
internal_value=-0.000644877 -0.0158961 -0.0205172 0.000859958 -0.00288429 -0.00942407
internal_weight=21600 1939 1130 19661 2017 809
internal_count=21600 1939 1130 19661 2017 809
is_linear=0
shrinkage=0.035


Tree=45
num_leaves=7
num_cat=0
split_feature=8 9 3 6 3 3
split_gain=403.679 47.2068 47.8206 25.4421 43.5597 24.153
threshold=1.0000000180025095e-35 29.015000000000004 0.87837969732492682 -0.93301270189221908 1.0000000180025095e-35 -1.0000000180025095e-35
decision_type=2 2 2 2 2 2
left_child=1 5 -3 4 -2 -1
right_child=3 2 -4 -5 -6 -7
leaf_value=-0.0097645582994438027 0.048469919861259321 -0.0097645582994438027 0.0081387175303094528 0.01755333462540706 -0.039887729788127685 -0.0097645582994438027
leaf_weight=274 1021 1007 123 17644 996 535
leaf_count=274 1021 1007 123 17644 996 535
internal_value=-0.000664321 -0.0158961 -0.0205172 0.000838597 -0.00288429 -0.00942407
internal_weight=21600 1939 1130 19661 2017 809
internal_count=21600 1939 1130 19661 2017 809
is_linear=0
shrinkage=0.035


Tree=46
num_leaves=7
num_cat=0
split_feature=8 9 3 6 3 3
split_gain=402.993 47.2068 47.8206 25.4846 43.27 24.153
threshold=1.0000000180025095e-35 29.015000000000004 0.87837969732492682 -0.93301270189221908 1.0000000180025095e-35 -1.0000000180025095e-35
decision_type=2 2 2 2 2 2
left_child=1 5 -3 4 -2 -1
right_child=3 2 -4 -5 -6 -7
leaf_value=-0.0094227987589632703 0.046773472666115236 -0.0094227987589632703 0.0078538624167486162 0.01693896791351782 -0.038491659245543215 -0.0094227987589632703
leaf_weight=274 1021 1007 123 17644 996 535
leaf_count=274 1021 1007 123 17644 996 535
internal_value=-0.000677283 -0.0158961 -0.0205172 0.000824357 -0.00290164 -0.00942407
internal_weight=21600 1939 1130 19661 2017 809
internal_count=21600 1939 1130 19661 2017 809
is_linear=0
shrinkage=0.035


Tree=47
num_leaves=7
num_cat=0
split_feature=8 9 3 6 3 3
split_gain=402.564 47.2068 47.8206 24.8918 42.6792 24.153
threshold=1.0000000180025095e-35 29.015000000000004 0.87837969732492682 -0.93301270189221908 1.0000000180025095e-35 -1.0000000180025095e-35
decision_type=2 2 2 2 2 2
left_child=1 5 -3 4 -2 -1
right_child=3 2 -4 -5 -6 -7
leaf_value=-0.0090930008023995552 0.045136401122801213 -0.0090930008023995552 0.0075789772321624167 0.016346104036544691 -0.037144451171949193 -0.0090930008023995552
leaf_weight=274 1021 1007 123 17644 996 535
leaf_count=274 1021 1007 123 17644 996 535
internal_value=-0.000685385 -0.0158961 -0.0205172 0.000815456 -0.00286695 -0.00942407
internal_weight=21600 1939 1130 19661 2017 809
internal_count=21600 1939 1130 19661 2017 809
is_linear=0
shrinkage=0.035


Tree=48
num_leaves=7
num_cat=0
split_feature=8 9 3 6 3 3
split_gain=401.107 47.2068 47.8206 24.2524 42.3854 24.153
threshold=1.0000000180025095e-35 29.015000000000004 0.87837969732492682 -0.93301270189221908 1.0000000180025095e-35 -1.0000000180025095e-35
decision_type=2 2 2 2 2 2
left_child=1 5 -3 4 -2 -1
right_child=3 2 -4 -5 -6 -7
leaf_value=-0.0087747457743155705 0.043556627083503177 -0.0087747457743155705 0.0073137130290367334 0.015773990395265627 -0.035844395380930975 -0.0087747457743155705
leaf_weight=274 1021 1007 123 17644 996 535
leaf_count=274 1021 1007 123 17644 996 535
internal_value=-0.00071293 -0.0158961 -0.0205172 0.000785195 -0.0028496 -0.00942407
internal_weight=21600 1939 1130 19661 2017 809
internal_count=21600 1939 1130 19661 2017 809
is_linear=0
shrinkage=0.035


Tree=49
num_leaves=7
num_cat=0
split_feature=8 9 3 3 6 3
split_gain=400.251 47.2068 47.8206 24.153 24.0155 42.3854
threshold=1.0000000180025095e-35 29.015000000000004 0.87837969732492682 -1.0000000180025095e-35 -0.93301270189221908 1.0000000180025095e-35
decision_type=2 2 2 2 2 2
left_child=1 3 -3 -1 5 -2
right_child=4 2 -4 -5 -6 -7
leaf_value=-0.0084676296722145244 0.042032145135580568 -0.0084676296722145244 0.0070577330730204517 -0.0084676296722145244 0.015221900731431332 -0.034589841542598386
leaf_weight=274 1021 1007 123 535 17644 996
leaf_count=274 1021 1007 123 535 17644 996
internal_value=-0.000729133 -0.0158961 -0.0205172 -0.00942407 0.000767394 -0.0028496
internal_weight=21600 1939 1130 809 19661 2017
internal_count=21600 1939 1130 809 19661 2017
is_linear=0
shrinkage=0.035


Tree=50
num_leaves=7
num_cat=0
split_feature=8 9 3 3 6 3
split_gain=398.458 47.2068 47.8206 24.153 23.5217 42.3854
threshold=1.0000000180025095e-35 29.015000000000004 0.87837969732492682 -1.0000000180025095e-35 -0.93301270189221908 1.0000000180025095e-35
decision_type=2 2 2 2 2 2
left_child=1 3 -3 -1 5 -2
right_child=4 2 -4 -5 -6 -7
leaf_value=-0.0081712626336870164 0.040561020055835242 -0.0081712626336870164 0.0068107124154647312 -0.0081712626336870164 0.014689134205831242 -0.033379197088607447
leaf_weight=274 1021 1007 123 535 17644 996
leaf_count=274 1021 1007 123 535 17644 996
internal_value=-0.000763159 -0.0158961 -0.0205172 -0.00942407 0.000730012 -0.0028496
internal_weight=21600 1939 1130 809 19661 2017
internal_count=21600 1939 1130 809 19661 2017
is_linear=0
shrinkage=0.035


Tree=51
num_leaves=7
num_cat=0
split_feature=8 9 3 7 8 3
split_gain=389.211 47.2068 47.8206 28.0808 26.2427 24.153
threshold=1.0000000180025095e-35 29.015000000000004 0.87837969732492682 1.0000000180025095e-35 50.006666666666675 -1.0000000180025095e-35
decision_type=2 2 2 2 2 2
left_child=1 5 -3 -2 -5 -1
right_child=3 2 -4 4 -6 -7
leaf_value=-0.0078852684415079699 -0.019462634360078765 -0.0078852684415079699 0.0065723374809234696 -0.026360935675779584 0.023261788049085332 -0.0078852684415079699
leaf_weight=274 6027 1007 123 1128 12506 535
leaf_count=274 6027 1007 123 1128 12506 535
internal_value=-0.000939771 -0.0158961 -0.0205172 0.000535983 0.0014154 -0.00942407
internal_weight=21600 1939 1130 19661 13634 809
internal_count=21600 1939 1130 19661 13634 809
is_linear=0
shrinkage=0.035


Tree=52
num_leaves=7
num_cat=0
split_feature=8 9 3 3 6 3
split_gain=396.401 47.5773 47.8206 23.9067 23.1954 42.3854
threshold=1.0000000180025095e-35 29.015000000000004 0.87837969732492682 -1.0000000180025095e-35 -0.93301270189221908 1.0000000180025095e-35
decision_type=2 2 2 2 2 2
left_child=1 3 -3 -1 5 -2
right_child=4 2 -4 -5 -6 -7
leaf_value=-0.0076092840460551918 0.03982257655648376 -0.0076092840460551918 0.0063423056690911491 -0.0076092840460551918 0.01347911509713217 -0.031529732987903424
leaf_weight=274 1021 1007 123 535 17644 996
leaf_count=274 1021 1007 123 535 17644 996
internal_value=-0.000784223 -0.0158781 -0.0205172 -0.00938086 0.000705091 -0.0028496
internal_weight=21600 1939 1130 809 19661 2017
internal_count=21600 1939 1130 809 19661 2017
is_linear=0
shrinkage=0.035


Tree=53
num_leaves=7
num_cat=0
split_feature=8 9 3 7 8 3
split_gain=387.431 47.5773 47.8206 27.5308 25.6379 23.9067
threshold=1.0000000180025095e-35 29.015000000000004 0.87837969732492682 1.0000000180025095e-35 50.006666666666675 -1.0000000180025095e-35
decision_type=2 2 2 2 2 2
left_child=1 5 -3 -2 -5 -1
right_child=3 2 -4 4 -6 -7
leaf_value=-0.0073429591044432601 -0.019253211185875637 -0.0073429591044432601 0.0061203249706729638 -0.025910071955526925 0.021975856438967722 -0.0073429591044432601
leaf_weight=274 6027 1007 123 1128 12506 535
leaf_count=274 6027 1007 123 1128 12506 535
internal_value=-0.000955974 -0.0158781 -0.0205172 0.000516402 0.00138717 -0.00938086
internal_weight=21600 1939 1130 19661 13634 809
internal_count=21600 1939 1130 19661 13634 809
is_linear=0
shrinkage=0.035


Tree=54
num_leaves=7
num_cat=0
split_feature=8 9 3 3 6 3
split_gain=394.955 47.5773 47.8206 23.9067 23.0271 42.0996
threshold=1.0000000180025095e-35 29.015000000000004 0.87837969732492682 -1.0000000180025095e-35 -0.93301270189221908 1.0000000180025095e-35
decision_type=2 2 2 2 2 2
left_child=1 3 -3 -1 5 -2
right_child=4 2 -4 -5 -6 -7
leaf_value=-0.0070859555357877455 0.039102648768512466 -0.0070859555357877455 0.0059061135966994036 -0.0070859555357877455 0.012902501148722382 -0.02975232994182116
leaf_weight=274 1021 1007 123 535 17644 996
leaf_count=274 1021 1007 123 535 17644 996
internal_value=-0.000811768 -0.0158781 -0.0205172 -0.00938086 0.00067483 -0.00286695
internal_weight=21600 1939 1130 809 19661 2017
internal_count=21600 1939 1130 809 19661 2017
is_linear=0
shrinkage=0.035


Tree=55
num_leaves=7
num_cat=0
split_feature=8 9 3 3 6 3
split_gain=394.361 47.5773 47.8206 23.9067 22.8654 42.0996
threshold=1.0000000180025095e-35 29.015000000000004 0.87837969732492682 -1.0000000180025095e-35 -0.93301270189221908 1.0000000180025095e-35
decision_type=2 2 2 2 2 2
left_child=1 3 -3 -1 5 -2
right_child=4 2 -4 -5 -6 -7
leaf_value=-0.0068379470920351742 0.037734056061614528 -0.0068379470920351742 0.0056993996208149185 -0.0068379470920351742 0.012450913608517095 -0.028710998393857417
leaf_weight=274 1021 1007 123 535 17644 996
leaf_count=274 1021 1007 123 535 17644 996
internal_value=-0.00082311 -0.0158781 -0.0205172 -0.00938086 0.000662369 -0.00286695
internal_weight=21600 1939 1130 809 19661 2017
internal_count=21600 1939 1130 809 19661 2017
is_linear=0
shrinkage=0.035


Tree=56
num_leaves=7
num_cat=0
split_feature=8 9 3 7 8 3
split_gain=385.918 47.5773 47.8206 26.6424 25.1712 23.9067
threshold=1.0000000180025095e-35 29.015000000000004 0.87837969732492682 1.0000000180025095e-35 50.006666666666675 -1.0000000180025095e-35
decision_type=2 2 2 2 2 2
left_child=1 5 -3 -2 -5 -1
right_child=3 2 -4 4 -6 -7
leaf_value=-0.0065986189438139433 -0.019466718310873384 -0.0065986189438139433 0.0054999206340863929 -0.025890588953586861 0.02031933194710047 -0.0065986189438139433
leaf_weight=274 6027 1007 123 1128 12506 535
leaf_count=274 6027 1007 123 1128 12506 535
internal_value=-0.000985139 -0.0158781 -0.0205172 0.000484361 0.00134096 -0.00938086
internal_weight=21600 1939 1130 19661 13634 809
internal_count=21600 1939 1130 19661 13634 809
is_linear=0
shrinkage=0.035


Tree=57
num_leaves=7
num_cat=0
split_feature=8 9 3 3 6 3
split_gain=394.967 47.8428 46.6506 23.9067 22.7963 42.0996
threshold=1.0000000180025095e-35 29.015000000000004 0.87837969732492682 -1.0000000180025095e-35 -0.93301270189221908 1.0000000180025095e-35
decision_type=2 2 2 2 2 2
left_child=1 3 -3 -1 5 -2
right_child=4 2 -4 -5 -6 -7
leaf_value=-0.0063676672807804558 0.037094699240338598 -0.0063676672807804558 0.0053074234118933757 -0.0063676672807804558 0.011759218511164399 -0.027024778309191838
leaf_weight=274 1021 1007 123 535 17644 996
leaf_count=274 1021 1007 123 535 17644 996
internal_value=-0.000829591 -0.0158961 -0.0205482 -0.00938086 0.000657029 -0.00286695
internal_weight=21600 1939 1130 809 19661 2017
internal_count=21600 1939 1130 809 19661 2017
is_linear=0
shrinkage=0.035


Tree=58
num_leaves=7
num_cat=0
split_feature=8 9 3 10 6 3
split_gain=385.762 47.8428 46.6506 26.1019 27.2296 23.9067
threshold=1.0000000180025095e-35 29.015000000000004 0.87837969732492682 169.92182539682543 -0.93301270189221908 -1.0000000180025095e-35
decision_type=2 2 2 2 2 2
left_child=1 5 -3 4 -2 -1
right_child=3 2 -4 -5 -6 -7
leaf_value=-0.0061447989259531396 -0.026078911068370125 -0.0061447989259531396 0.005121663592477111 0.024665590734346068 -6.2894920860228089e-05 -0.0061447989259531396
leaf_weight=274 984 1007 123 11002 7675 535
leaf_count=274 984 1007 123 11002 7675 535
internal_value=-0.0010062 -0.0158961 -0.0205482 0.000463 -0.000974422 -0.00938086
internal_weight=21600 1939 1130 19661 8659 809
internal_count=21600 1939 1130 19661 8659 809
is_linear=0
shrinkage=0.035


Tree=59
num_leaves=7
num_cat=0
split_feature=8 9 3 10 6 3
split_gain=385.342 47.8428 46.6506 25.7797 27.2296 23.9067
threshold=1.0000000180025095e-35 29.015000000000004 0.87837969732492682 169.92182539682543 -0.93301270189221908 -1.0000000180025095e-35
decision_type=2 2 2 2 2 2
left_child=1 5 -3 4 -2 -1
right_child=3 2 -4 -5 -6 -7
leaf_value=-0.0059297309635447807 -0.025166149180977173 -0.0059297309635447807 0.0049424053667404197 0.023802295058643955 -6.0693598630117146e-05 -0.0059297309635447807
leaf_weight=274 984 1007 123 11002 7675 535
leaf_count=274 984 1007 123 11002 7675 535
internal_value=-0.0010143 -0.0158961 -0.0205482 0.000454099 -0.000974422 -0.00938086
internal_weight=21600 1939 1130 19661 8659 809
internal_count=21600 1939 1130 19661 8659 809
is_linear=0
shrinkage=0.035


Tree=60
num_leaves=7
num_cat=0
split_feature=8 9 3 7 8 3
split_gain=384.671 47.8428 46.6506 25.277 24.5045 23.9067
threshold=1.0000000180025095e-35 29.015000000000004 0.87837969732492682 1.0000000180025095e-35 50.006666666666675 -1.0000000180025095e-35
decision_type=2 2 2 2 2 2
left_child=1 5 -3 -2 -5 -1
right_child=3 2 -4 4 -6 -7
leaf_value=-0.0057221903798207125 -0.019192630219701405 -0.0057221903798207125 0.0047694211789045052 -0.027092366990856723 0.01840525902745787 -0.0057221903798207125
leaf_weight=274 6027 1007 123 1128 12506 535
leaf_count=274 6027 1007 123 1128 12506 535
internal_value=-0.00102727 -0.0158961 -0.0205482 0.000439859 0.00127422 -0.00938086
internal_weight=21600 1939 1130 19661 13634 809
internal_count=21600 1939 1130 19661 13634 809
is_linear=0
shrinkage=0.035


Tree=61
num_leaves=7
num_cat=0
split_feature=8 9 3 3 6 3
split_gain=392.423 47.8428 46.6506 23.9067 21.0195 40.6505
threshold=1.0000000180025095e-35 29.015000000000004 0.87837969732492682 -1.0000000180025095e-35 -0.93301270189221908 1.0000000180025095e-35
decision_type=2 2 2 2 2 2
left_child=1 3 -3 -1 5 -2
right_child=4 2 -4 -5 -6 -7
leaf_value=-0.0055219137165269877 0.038261698628899346 -0.0055219137165269877 0.0046024914376428423 -0.0055219137165269877 0.010624377864465044 -0.023613591901953421
leaf_weight=274 1021 1007 123 535 17644 996
leaf_count=274 1021 1007 123 535 17644 996
internal_value=-0.0008782 -0.0158961 -0.0205482 -0.00938086 0.000603626 -0.00278023
internal_weight=21600 1939 1130 809 19661 2017
internal_count=21600 1939 1130 809 19661 2017
is_linear=0
shrinkage=0.035


Tree=62
num_leaves=7
num_cat=0
split_feature=8 9 3 3 6 3
split_gain=392.169 47.8428 46.6506 23.9067 21.1689 40.3706
threshold=1.0000000180025095e-35 29.015000000000004 0.87837969732492682 -1.0000000180025095e-35 -0.93301270189221908 1.0000000180025095e-35
decision_type=2 2 2 2 2 2
left_child=1 3 -3 -1 5 -2
right_child=4 2 -4 -5 -6 -7
leaf_value=-0.005328646736448543 0.036922539176887863 -0.005328646736448543 0.0044414042373253438 -0.005328646736448543 0.010252524639208766 -0.022787116185385051
leaf_weight=274 1021 1007 123 535 17644 996
leaf_count=274 1021 1007 123 535 17644 996
internal_value=-0.000883061 -0.0158961 -0.0205482 -0.00938086 0.000598286 -0.00279757
internal_weight=21600 1939 1130 809 19661 2017
internal_count=21600 1939 1130 809 19661 2017
is_linear=0
shrinkage=0.035


Tree=63
num_leaves=7
num_cat=0
split_feature=8 9 3 10 6 3
split_gain=381.993 47.8428 46.6506 24.8338 28.1838 23.9067
threshold=1.0000000180025095e-35 29.015000000000004 0.87837969732492682 198.27952380952385 1.0000000180025095e-35 -1.0000000180025095e-35
decision_type=2 2 2 2 2 2
left_child=1 5 -3 4 -2 -1
right_child=3 2 -4 -5 -6 -7
leaf_value=-0.0051421441006728437 -0.021989567118896571 -0.0051421441006728437 0.0042859550890189582 0.024346555726755856 0.011436827615257964 -0.0051421441006728437
leaf_weight=274 7197 1007 123 9376 3088 535
leaf_count=274 7197 1007 123 9376 3088 535
internal_value=-0.00107912 -0.0158961 -0.0205482 0.000382896 -0.000804734 -0.00938086
internal_weight=21600 1939 1130 19661 10285 809
internal_count=21600 1939 1130 19661 10285 809
is_linear=0
shrinkage=0.035


Tree=64
num_leaves=7
num_cat=0
split_feature=8 9 3 3 6 3
split_gain=390.055 47.8428 46.6506 23.9067 20.8317 40.0917
threshold=1.0000000180025095e-35 29.015000000000004 0.87837969732492682 -1.0000000180025095e-35 -0.93301270189221908 1.0000000180025095e-35
decision_type=2 2 2 2 2 2
left_child=1 3 -3 -1 5 -2
right_child=4 2 -4 -5 -6 -7
leaf_value=-0.0049621690571492946 0.036399885154858182 -0.0049621690571492946 0.004135946660903298 -0.0049621690571492946 0.0094082579529695225 -0.021219932269735193
leaf_weight=274 1021 1007 123 535 17644 996
leaf_count=274 1021 1007 123 535 17644 996
internal_value=-0.000923568 -0.0158961 -0.0205482 -0.00938086 0.000553784 -0.00281492
internal_weight=21600 1939 1130 809 19661 2017
internal_count=21600 1939 1130 809 19661 2017
is_linear=0
shrinkage=0.035


Tree=65
num_leaves=7
num_cat=0
split_feature=8 9 3 3 6 3
split_gain=389.633 47.8428 46.6506 23.9067 20.7218 40.0917
threshold=1.0000000180025095e-35 29.015000000000004 0.87837969732492682 -1.0000000180025095e-35 -0.93301270189221908 1.0000000180025095e-35
decision_type=2 2 2 2 2 2
left_child=1 3 -3 -1 5 -2
right_child=4 2 -4 -5 -6 -7
leaf_value=-0.004788493140149069 0.035125889174438145 -0.004788493140149069 0.0039911885277716854 -0.004788493140149069 0.0090789689246155818 -0.020477234640294464
leaf_weight=274 1021 1007 123 535 17644 996
leaf_count=274 1021 1007 123 535 17644 996
internal_value=-0.00093167 -0.0158961 -0.0205482 -0.00938086 0.000544884 -0.00281492
internal_weight=21600 1939 1130 809 19661 2017
internal_count=21600 1939 1130 809 19661 2017
is_linear=0
shrinkage=0.035


Tree=66
num_leaves=7
num_cat=0
split_feature=8 9 3 3 6 3
split_gain=387.599 48.2158 46.6506 23.6616 21.2738 38.9855
threshold=1.0000000180025095e-35 29.015000000000004 0.87837969732492682 -1.0000000180025095e-35 -0.93301270189221908 1.0000000180025095e-35
decision_type=2 2 2 2 2 2
left_child=1 3 -3 -1 5 -2
right_child=4 2 -4 -5 -6 -7
leaf_value=-0.0046208958802438516 0.033896483053332822 -0.0046208958802438516 0.0038514969292996761 -0.0046208958802438516 0.0087612050122540287 -0.019760531427884157
leaf_weight=274 1021 1007 123 535 17644 996
leaf_count=274 1021 1007 123 535 17644 996
internal_value=-0.000952734 -0.0158781 -0.0205482 -0.00933765 0.000519962 -0.00288429
internal_weight=21600 1939 1130 809 19661 2017
internal_count=21600 1939 1130 809 19661 2017
is_linear=0
shrinkage=0.035


Tree=67
num_leaves=7
num_cat=0
split_feature=8 9 3 8 3 6
split_gain=378.647 48.2158 46.6506 24.7276 23.6616 20.4283
threshold=1.0000000180025095e-35 29.015000000000004 0.87837969732492682 312.1422222222223 -1.0000000180025095e-35 -1.0000000180025095e-35
decision_type=2 2 2 2 2 2
left_child=1 4 -3 5 -1 -2
right_child=3 2 -4 -5 -6 -7
leaf_value=-0.0044591645244353162 -0.019068912827908211 -0.0044591645244353162 0.0037166945367741924 0.032576475447854358 -0.0044591645244353162 0.0076255838510191918
leaf_weight=274 8844 1007 123 4549 535 6268
leaf_count=274 8844 1007 123 4549 535 6268
internal_value=-0.00112611 -0.0158781 -0.0205482 0.000329494 -0.00933765 -0.000351552
internal_weight=21600 1939 1130 19661 809 15112
internal_count=21600 1939 1130 19661 809 15112
is_linear=0
shrinkage=0.035


Tree=68
num_leaves=7
num_cat=0
split_feature=8 9 3 3 6 3
split_gain=386.422 48.2158 46.6506 23.6616 21.3961 38.7085
threshold=1.0000000180025095e-35 29.015000000000004 0.87837969732492682 -1.0000000180025095e-35 -0.93301270189221908 -1.0000000180025095e-35
decision_type=2 2 2 2 2 2
left_child=1 3 -3 -1 5 -2
right_child=4 2 -4 -5 -6 -7
leaf_value=-0.0043030937660800805 0.058393510623191376 -0.0043030937660800805 0.0035866102279870976 -0.0043030937660800805 0.0082549032817806813 -0.018401500878931422
leaf_weight=274 733 1007 123 535 17644 1284
leaf_count=274 733 1007 123 535 17644 1284
internal_value=-0.000975418 -0.0158781 -0.0205482 -0.00933765 0.000495041 -0.00291898
internal_weight=21600 1939 1130 809 19661 2017
internal_count=21600 1939 1130 809 19661 2017
is_linear=0
shrinkage=0.035


Tree=69
num_leaves=7
num_cat=0
split_feature=8 9 3 3 8 6
split_gain=386.086 48.2158 46.6506 23.6616 20.9186 20.1253
threshold=1.0000000180025095e-35 29.015000000000004 0.87837969732492682 -1.0000000180025095e-35 312.1422222222223 -0.93301270189221908
decision_type=2 2 2 2 2 2
left_child=1 3 -3 -1 5 -2
right_child=4 2 -4 -5 -6 -7
leaf_value=-0.0041524854842672774 -0.017757448348168822 -0.0041524854842672774 0.003461078870007548 -0.0041524854842672774 0.031147377192317145 0.00055450843165908651
leaf_weight=274 1720 1007 123 535 4549 13392
leaf_count=274 1720 1007 123 535 4549 13392
internal_value=-0.000981899 -0.0158781 -0.0205482 -0.00933765 0.000487921 -0.00013849
internal_weight=21600 1939 1130 809 19661 15112
internal_count=21600 1939 1130 809 19661 15112
is_linear=0
shrinkage=0.035


Tree=70
num_leaves=7
num_cat=0
split_feature=8 9 3 3 8 6
split_gain=386.17 48.2158 46.6506 23.6616 20.7286 19.4934
threshold=1.0000000180025095e-35 29.015000000000004 0.87837969732492682 -1.0000000180025095e-35 312.1422222222223 -0.93301270189221908
decision_type=2 2 2 2 2 2
left_child=1 3 -3 -1 5 -2
right_child=4 2 -4 -5 -6 -7
leaf_value=-0.0040071484923179228 -0.017135937655982911 -0.0040071484923179228 0.0033399411095572833 -0.0040071484923179228 0.030057218990586044 0.00053510063655101583
leaf_weight=274 1720 1007 123 535 4549 13392
leaf_count=274 1720 1007 123 535 4549 13392
internal_value=-0.000980279 -0.0158781 -0.0205482 -0.00933765 0.000489701 -0.000133858
internal_weight=21600 1939 1130 809 19661 15112
internal_count=21600 1939 1130 809 19661 15112
is_linear=0
shrinkage=0.035


Tree=71
num_leaves=7
num_cat=0
split_feature=8 9 3 3 8 6
split_gain=386.002 48.2158 46.6506 23.6616 20.6459 19.4677
threshold=1.0000000180025095e-35 29.015000000000004 0.87837969732492682 -1.0000000180025095e-35 312.1422222222223 -0.93301270189221908
decision_type=2 2 2 2 2 2
left_child=1 3 -3 -1 5 -2
right_child=4 2 -4 -5 -6 -7
leaf_value=-0.003866898295086795 -0.01653617983802351 -0.003866898295086795 0.003223043170722775 -0.003866898295086795 0.029005216325915534 0.00051637211427173711
leaf_weight=274 1720 1007 123 535 4549 13392
leaf_count=274 1720 1007 123 535 4549 13392
internal_value=-0.000983519 -0.0158781 -0.0205482 -0.00933765 0.000486141 -0.000136174
internal_weight=21600 1939 1130 809 19661 15112
internal_count=21600 1939 1130 809 19661 15112
is_linear=0
shrinkage=0.035


Tree=72
num_leaves=7
num_cat=0
split_feature=8 9 3 3 8 6
split_gain=385.582 48.2158 46.6506 23.6616 20.0596 19.2424
threshold=1.0000000180025095e-35 29.015000000000004 0.87837969732492682 -1.0000000180025095e-35 312.1422222222223 -0.93301270189221908
decision_type=2 2 2 2 2 2
left_child=1 3 -3 -1 5 -2
right_child=4 2 -4 -5 -6 -7
leaf_value=-0.0037315568547587573 -0.015957413543692685 -0.0037315568547587573 0.0031102366597474786 -0.0037315568547587573 0.027990033754508491 0.00049829909027223175
leaf_weight=274 1720 1007 123 535 4549 13392
leaf_count=274 1720 1007 123 535 4549 13392
internal_value=-0.000991621 -0.0158781 -0.0205482 -0.00933765 0.00047724 -0.000136174
internal_weight=21600 1939 1130 809 19661 15112
internal_count=21600 1939 1130 809 19661 15112
is_linear=0
shrinkage=0.035


Tree=73
num_leaves=7
num_cat=0
split_feature=8 9 3 3 8 6
split_gain=385.079 48.2158 46.6506 23.6616 19.3672 19.0184
threshold=1.0000000180025095e-35 29.015000000000004 0.87837969732492682 -1.0000000180025095e-35 312.1422222222223 -0.93301270189221908
decision_type=2 2 2 2 2 2
left_child=1 3 -3 -1 5 -2
right_child=4 2 -4 -5 -6 -7
leaf_value=-0.0036009523648422009 -0.015398904069663441 -0.0036009523648422009 0.0030013783766563232 -0.0036009523648422009 0.027010382573100695 0.0004808586221126965
leaf_weight=274 1720 1007 123 535 4549 13392
leaf_count=274 1720 1007 123 535 4549 13392
internal_value=-0.00100134 -0.0158781 -0.0205482 -0.00933765 0.00046656 -0.000136174
internal_weight=21600 1939 1130 809 19661 15112
internal_count=21600 1939 1130 809 19661 15112
is_linear=0
shrinkage=0.035


Tree=74
num_leaves=7
num_cat=0
split_feature=8 9 3 3 10 6
split_gain=376.322 48.2158 46.6506 23.6616 22.5629 25.772
threshold=1.0000000180025095e-35 29.015000000000004 0.87837969732492682 -1.0000000180025095e-35 198.27952380952385 1.0000000180025095e-35
decision_type=2 2 2 2 2 2
left_child=1 3 -3 -1 5 -2
right_child=4 2 -4 -5 -6 -7
leaf_value=-0.0034749190320727237 -0.014859942427225221 -0.0034749190320727237 0.0028963301334733464 -0.0034749190320727237 0.020380809476284296 0.0088226292781908734
leaf_weight=274 7197 1007 123 535 9376 3088
leaf_count=274 7197 1007 123 535 9376 3088
internal_value=-0.00117147 -0.0158781 -0.0205482 -0.00933765 0.000279651 -0.000852372
internal_weight=21600 1939 1130 809 19661 10285
internal_count=21600 1939 1130 809 19661 10285
is_linear=0
shrinkage=0.035


Tree=75
num_leaves=7
num_cat=0
split_feature=8 9 3 3 8 6
split_gain=383.32 48.2158 46.6506 23.6616 19.451 18.3584
threshold=1.0000000180025095e-35 29.015000000000004 0.87837969732492682 -1.0000000180025095e-35 325.04222222222228 -0.93301270189221908
decision_type=2 2 2 2 2 2
left_child=1 3 -3 -1 5 -2
right_child=4 2 -4 -5 -6 -7
leaf_value=-0.0033532968659501783 -0.014339844442272339 -0.0033532968659501783 0.0027949585788017831 -0.0033532968659501783 0.027201773495585842 0.00081819180030215941
leaf_weight=274 1761 1007 123 535 4016 13884
leaf_count=274 1761 1007 123 535 4016 13884
internal_value=-0.00103537 -0.0158781 -0.0205482 -0.00933765 0.000429178 -0.000128627
internal_weight=21600 1939 1130 809 19661 15645
internal_count=21600 1939 1130 809 19661 15645
is_linear=0
shrinkage=0.035


Tree=76
num_leaves=7
num_cat=0
split_feature=8 9 3 3 8 6
split_gain=383.068 48.2158 46.6506 23.6616 19.3907 18.3096
threshold=1.0000000180025095e-35 29.015000000000004 0.87837969732492682 -1.0000000180025095e-35 325.04222222222228 -0.93301270189221908
decision_type=2 2 2 2 2 2
left_child=1 3 -3 -1 5 -2
right_child=4 2 -4 -5 -6 -7
leaf_value=-0.0032359314756419217 -0.013837949886792808 -0.0032359314756419217 0.002697135028543718 -0.0032359314756419217 0.026249711423240344 0.00078955508729158688
leaf_weight=274 1761 1007 123 535 4016 13884
leaf_count=274 1761 1007 123 535 4016 13884
internal_value=-0.00104023 -0.0158781 -0.0205482 -0.00933765 0.000423838 -0.000133101
internal_weight=21600 1939 1130 809 19661 15645
internal_count=21600 1939 1130 809 19661 15645
is_linear=0
shrinkage=0.035


Tree=77
num_leaves=7
num_cat=0
split_feature=8 9 3 3 8 6
split_gain=382.901 48.2158 46.6506 23.6616 19.2987 18.2852
threshold=1.0000000180025095e-35 29.015000000000004 0.87837969732492682 -1.0000000180025095e-35 325.04222222222228 -0.93301270189221908
decision_type=2 2 2 2 2 2
left_child=1 3 -3 -1 5 -2
right_child=4 2 -4 -5 -6 -7
leaf_value=-0.0031226738739944544 -0.01335362164075506 -0.0031226738739944544 0.0026027353025446834 -0.0031226738739944544 0.025330971523426934 0.00076192065923638816
leaf_weight=274 1761 1007 123 535 4016 13884
leaf_count=274 1761 1007 123 535 4016 13884
internal_value=-0.00104347 -0.0158781 -0.0205482 -0.00933765 0.000420278 -0.000135338
internal_weight=21600 1939 1130 809 19661 15645
internal_count=21600 1939 1130 809 19661 15645
is_linear=0
shrinkage=0.035


Tree=78
num_leaves=7
num_cat=0
split_feature=8 9 3 3 8 6
split_gain=382.4 48.2158 46.6506 23.6616 18.7166 18.2609
threshold=1.0000000180025095e-35 29.015000000000004 0.87837969732492682 -1.0000000180025095e-35 325.04222222222228 -0.93301270189221908
decision_type=2 2 2 2 2 2
left_child=1 3 -3 -1 5 -2
right_child=4 2 -4 -5 -6 -7
leaf_value=-0.0030133802884046487 -0.012886244883328632 -0.0030133802884046487 0.0025116395669556217 -0.0030133802884046487 0.024444387520106976 0.00073525343616312141
leaf_weight=274 1761 1007 123 535 4016 13884
leaf_count=274 1761 1007 123 535 4016 13884
internal_value=-0.00105319 -0.0158781 -0.0205482 -0.00933765 0.000409597 -0.000137575
internal_weight=21600 1939 1130 809 19661 15645
internal_count=21600 1939 1130 809 19661 15645
is_linear=0
shrinkage=0.035


Tree=79
num_leaves=7
num_cat=0
split_feature=8 9 3 3 6 3
split_gain=381.982 48.2158 46.6506 23.6616 17.9716 39.7933
threshold=1.0000000180025095e-35 29.015000000000004 0.87837969732492682 -1.0000000180025095e-35 -0.93301270189221908 1.0000000180025095e-35
decision_type=2 2 2 2 2 2
left_child=1 3 -3 -1 5 -2
right_child=4 2 -4 -5 -6 -7
leaf_value=-0.002907911978310486 0.030873470325116593 -0.002907911978310486 0.0024237321821121774 -0.002907911978310486 0.0065097298468841927 -0.012435226312412131
leaf_weight=274 1021 1007 123 535 17644 996
leaf_count=274 1021 1007 123 535 17644 996
internal_value=-0.00106129 -0.0158781 -0.0205482 -0.00933765 0.000400697 -0.0027282
internal_weight=21600 1939 1130 809 19661 2017
internal_count=21600 1939 1130 809 19661 2017
is_linear=0
shrinkage=0.035


Tree=80
num_leaves=7
num_cat=0
split_feature=8 9 3 3 6 3
split_gain=381.23 48.2158 46.6506 23.6616 18.1867 39.2404
threshold=1.0000000180025095e-35 29.015000000000004 0.87837969732492682 -1.0000000180025095e-35 -0.93301270189221908 1.0000000180025095e-35
decision_type=2 2 2 2 2 2
left_child=1 3 -3 -1 5 -2
right_child=4 2 -4 -5 -6 -7
leaf_value=-0.002806135059069619 0.029792898863737521 -0.002806135059069619 0.0023389015557382532 -0.002806135059069619 0.0062818893022432475 -0.011999993391477707
leaf_weight=274 1021 1007 123 535 17644 996
leaf_count=274 1021 1007 123 535 17644 996
internal_value=-0.00107588 -0.0158781 -0.0205482 -0.00933765 0.000384676 -0.00276288
internal_weight=21600 1939 1130 809 19661 2017
internal_count=21600 1939 1130 809 19661 2017
is_linear=0
shrinkage=0.035


Tree=81
num_leaves=7
num_cat=0
split_feature=8 9 3 3 9 8
split_gain=372.6 48.2158 46.6506 23.6616 21.9868 17.8629
threshold=1.0000000180025095e-35 29.015000000000004 0.87837969732492682 -1.0000000180025095e-35 88.475555555555573 103.27333333333335
decision_type=2 2 2 2 2 2
left_child=1 3 -3 -1 -2 -6
right_child=4 2 -4 -5 5 -7
leaf_value=-0.0027079203320021822 -0.011579993622775987 -0.0027079203320021822 0.0022570400012874073 -0.0027079203320021822 -0.011579993622775987 0.01782904762361669
leaf_weight=274 6460 1007 123 535 3157 10044
leaf_count=274 6460 1007 123 535 3157 10044
internal_value=-0.00124439 -0.0158781 -0.0205482 -0.00933765 0.000199547 0.00101829
internal_weight=21600 1939 1130 809 19661 13201
internal_count=21600 1939 1130 809 19661 13201
is_linear=0
shrinkage=0.035


Tree=82
num_leaves=7
num_cat=0
split_feature=8 9 3 3 8 6
split_gain=379.646 48.2158 46.6506 23.6616 18.3726 17.4693
threshold=1.0000000180025095e-35 29.015000000000004 0.87837969732492682 -1.0000000180025095e-35 325.04222222222228 -0.93301270189221908
decision_type=2 2 2 2 2 2
left_child=1 3 -3 -1 5 -2
right_child=4 2 -4 -5 -6 -7
leaf_value=-0.0026131431203821058 -0.011174693845978826 -0.0026131431203821058 0.0021780436012423499 -0.0026131431203821058 0.022679263489456231 0.00035545021031984763
leaf_weight=274 1761 1007 123 535 4016 13884
leaf_count=274 1761 1007 123 535 4016 13884
internal_value=-0.00110666 -0.0158781 -0.0205482 -0.00933765 0.000350855 -0.000191263
internal_weight=21600 1939 1130 809 19661 15645
internal_count=21600 1939 1130 809 19661 15645
is_linear=0
shrinkage=0.035


Tree=83
num_leaves=7
num_cat=0
split_feature=8 9 3 3 6 3
split_gain=379.063 48.2158 46.6506 23.6616 17.6558 39.2404
threshold=1.0000000180025095e-35 29.015000000000004 0.87837969732492682 -1.0000000180025095e-35 -0.93301270189221908 1.0000000180025095e-35
decision_type=2 2 2 2 2 2
left_child=1 3 -3 -1 5 -2
right_child=4 2 -4 -5 -6 -7
leaf_value=-0.002521683111168732 0.027712492916108725 -0.002521683111168732 0.002101812075198866 -0.002521683111168732 0.0058346232464250121 -0.011812896004993313
leaf_weight=274 1021 1007 123 535 17644 996
leaf_count=274 1021 1007 123 535 17644 996
internal_value=-0.001118 -0.0158781 -0.0205482 -0.00933765 0.000338394 -0.00276288
internal_weight=21600 1939 1130 809 19661 2017
internal_count=21600 1939 1130 809 19661 2017
is_linear=0
shrinkage=0.035


Tree=84
num_leaves=7
num_cat=0
split_feature=8 9 3 3 6 3
split_gain=378.564 48.2158 46.6506 23.6616 17.5344 39.2404
threshold=1.0000000180025095e-35 29.015000000000004 0.87837969732492682 -1.0000000180025095e-35 -0.93301270189221908 1.0000000180025095e-35
decision_type=2 2 2 2 2 2
left_child=1 3 -3 -1 5 -2
right_child=4 2 -4 -5 -6 -7
leaf_value=-0.0024334242022778264 0.026742555664044924 -0.0024334242022778264 0.0020282486525669088 -0.0024334242022778264 0.0056304114328001335 -0.011399444644818547
leaf_weight=274 1021 1007 123 535 17644 996
leaf_count=274 1021 1007 123 535 17644 996
internal_value=-0.00112773 -0.0158781 -0.0205482 -0.00933765 0.000327713 -0.00276288
internal_weight=21600 1939 1130 809 19661 2017
internal_count=21600 1939 1130 809 19661 2017
is_linear=0
shrinkage=0.035


Tree=85
num_leaves=7
num_cat=0
split_feature=8 9 3 3 10 6
split_gain=370.375 48.2158 46.6506 23.6616 21.7515 20.5629
threshold=1.0000000180025095e-35 29.015000000000004 0.87837969732492682 -1.0000000180025095e-35 190.1293650793651 1.0000000180025095e-35
decision_type=2 2 2 2 2 2
left_child=1 3 -3 -1 5 -2
right_child=4 2 -4 -5 -6 -7
leaf_value=-0.0023482543551981024 -0.0099711476386261533 -0.0023482543551981024 0.0019572599497270594 -0.0023482543551981024 0.016224167873643822 0.0068229897020685567
leaf_weight=274 6879 1007 123 535 9867 2915
leaf_count=274 6879 1007 123 535 9867 2915
internal_value=-0.00128813 -0.0158781 -0.0205482 -0.00933765 0.000151485 -0.00101695
internal_weight=21600 1939 1130 809 19661 9794
internal_count=21600 1939 1130 809 19661 9794
is_linear=0
shrinkage=0.035


Tree=86
num_leaves=7
num_cat=0
split_feature=8 9 3 3 6 3
split_gain=376.571 48.2158 46.6506 23.6616 17.6403 38.4183
threshold=1.0000000180025095e-35 29.015000000000004 0.87837969732492682 -1.0000000180025095e-35 -0.93301270189221908 1.0000000180025095e-35
decision_type=2 2 2 2 2 2
left_child=1 3 -3 -1 5 -2
right_child=4 2 -4 -5 -6 -7
leaf_value=-0.002266065452766169 0.02534811493581109 -0.002266065452766169 0.0018887558514866123 -0.002266065452766169 0.0050110524808359329 -0.010651473914897982
leaf_weight=274 1021 1007 123 535 17644 996
leaf_count=274 1021 1007 123 535 17644 996
internal_value=-0.00116661 -0.0158781 -0.0205482 -0.00933765 0.000284991 -0.00281492
internal_weight=21600 1939 1130 809 19661 2017
internal_count=21600 1939 1130 809 19661 2017
is_linear=0
shrinkage=0.035


Tree=87
num_leaves=7
num_cat=0
split_feature=8 9 3 3 6 3
split_gain=374.914 48.2158 46.6506 23.6616 17.6299 37.876
threshold=1.0000000180025095e-35 29.015000000000004 0.87837969732492682 -1.0000000180025095e-35 -0.93301270189221908 -1.0000000180025095e-35
decision_type=2 2 2 2 2 2
left_child=1 3 -3 -1 5 -2
right_child=4 2 -4 -5 -6 -7
leaf_value=-0.002186753161919353 0.049395897520707055 -0.002186753161919353 0.0018226493966845881 -0.002186753161919353 0.0048356656440066694 -0.010278672327876553
leaf_weight=274 733 1007 123 535 17644 1284
leaf_count=274 733 1007 123 535 17644 1284
internal_value=-0.00119902 -0.0158781 -0.0205482 -0.00933765 0.00024939 -0.0028496
internal_weight=21600 1939 1130 809 19661 2017
internal_count=21600 1939 1130 809 19661 2017
is_linear=0
shrinkage=0.035


Tree=88
num_leaves=7
num_cat=0
split_feature=8 9 3 3 10 6
split_gain=367.174 48.2158 46.6506 23.6616 22.2294 18.9898
threshold=1.0000000180025095e-35 29.015000000000004 0.87837969732492682 -1.0000000180025095e-35 190.1293650793651 -0.93301270189221908
decision_type=2 2 2 2 2 2
left_child=1 3 -3 -1 5 -2
right_child=4 2 -4 -5 -6 -7
leaf_value=-0.0021102168012521755 -0.0088896023527771286 -0.0021102168012521755 0.0017588566678006258 -0.0021102168012521755 0.015311686863696813 -0.0010832281714555348
leaf_weight=274 1282 1007 123 535 9867 8512
leaf_count=274 1282 1007 123 535 9867 8512
internal_value=-0.00135133 -0.0158781 -0.0205482 -0.00933765 8.2062e-05 -0.00109913
internal_weight=21600 1939 1130 809 19661 9794
internal_count=21600 1939 1130 809 19661 9794
is_linear=0
shrinkage=0.035


Tree=89
num_leaves=7
num_cat=0
split_feature=8 9 3 3 10 6
split_gain=366.355 48.2158 46.6506 23.6616 21.5645 18.9898
threshold=1.0000000180025095e-35 29.015000000000004 0.87837969732492682 -1.0000000180025095e-35 190.1293650793651 -0.93301270189221908
decision_type=2 2 2 2 2 2
left_child=1 3 -3 -1 5 -2
right_child=4 2 -4 -5 -6 -7
leaf_value=-0.0020363592132083496 -0.0085784662704299283 -0.0020363592132083496 0.0016972966844275962 -0.0020363592132083496 0.01477577782346743 -0.001045315185454594
leaf_weight=274 1282 1007 123 535 9867 8512
leaf_count=274 1282 1007 123 535 9867 8512
internal_value=-0.00136753 -0.0158781 -0.0205482 -0.00933765 6.42611e-05 -0.00109913
internal_weight=21600 1939 1130 809 19661 9794
internal_count=21600 1939 1130 809 19661 9794
is_linear=0
shrinkage=0.035


Tree=90
num_leaves=7
num_cat=0
split_feature=8 9 3 3 6 3
split_gain=373.177 48.2158 46.6506 23.6616 17.4027 37.6048
threshold=1.0000000180025095e-35 29.015000000000004 0.87837969732492682 -1.0000000180025095e-35 -0.93301270189221908 1.0000000180025095e-35
decision_type=2 2 2 2 2 2
left_child=1 3 -3 -1 5 -2
right_child=4 2 -4 -5 -6 -7
leaf_value=-0.0019650866407460573 0.023144201616876171 -0.0019650866407460573 0.0016378913004726249 -0.0019650866407460573 0.0040864800247948441 -0.0093075363945886273
leaf_weight=274 1021 1007 123 535 17644 996
leaf_count=274 1021 1007 123 535 17644 996
internal_value=-0.00123304 -0.0158781 -0.0205482 -0.00933765 0.000212008 -0.00286695
internal_weight=21600 1939 1130 809 19661 2017
internal_count=21600 1939 1130 809 19661 2017
is_linear=0
shrinkage=0.035


Tree=91
num_leaves=7
num_cat=0
split_feature=8 9 3 3 10 6
split_gain=365.701 48.2158 46.6506 23.6616 21.1709 18.9556
threshold=1.0000000180025095e-35 29.015000000000004 0.87837969732492682 -1.0000000180025095e-35 190.1293650793651 -0.93301270189221908
decision_type=2 2 2 2 2 2
left_child=1 3 -3 -1 5 -2
right_child=4 2 -4 -5 -6 -7
leaf_value=-0.0018963086083199454 -0.0079524561771542792 -0.0018963086083199454 0.0015805651049560822 -0.0018963086083199454 0.014115598798778236 -0.0011517559548315105
leaf_weight=274 1282 1007 123 535 9867 8512
leaf_count=274 1282 1007 123 535 9867 8512
internal_value=-0.00138049 -0.0158781 -0.0205482 -0.00933765 5.00205e-05 -0.00110271
internal_weight=21600 1939 1130 809 19661 9794
internal_count=21600 1939 1130 809 19661 9794
is_linear=0
shrinkage=0.035


Tree=92
num_leaves=7
num_cat=0
split_feature=8 9 3 3 4 10
split_gain=364.884 48.2158 46.6506 23.6616 20.7614 47.9889
threshold=1.0000000180025095e-35 29.015000000000004 0.87837969732492682 -1.0000000180025095e-35 0.81174490092936691 66.255079365079382
decision_type=2 2 2 2 2 2
left_child=1 3 -3 -1 -2 -6
right_child=4 2 -4 -5 5 -7
leaf_value=-0.0018299378070287474 0.006690130498194195 -0.0018299378070287474 0.0015252453262826118 -0.0018299378070287474 -0.031761300299382712 -0.0050014279742995301
leaf_weight=274 16707 1007 123 535 315 2639
leaf_count=274 16707 1007 123 535 315 2639
internal_value=-0.00139669 -0.0158781 -0.0205482 -0.00933765 3.22196e-05 -0.00267208
internal_weight=21600 1939 1130 809 19661 2954
internal_count=21600 1939 1130 809 19661 2954
is_linear=0
shrinkage=0.035


Tree=93
num_leaves=7
num_cat=0
split_feature=8 9 3 3 6 3
split_gain=371.363 48.2158 46.6506 23.6616 16.9628 37.6048
threshold=1.0000000180025095e-35 29.015000000000004 0.87837969732492682 -1.0000000180025095e-35 -0.93301270189221908 1.0000000180025095e-35
decision_type=2 2 2 2 2 2
left_child=1 3 -3 -1 5 -2
right_child=4 2 -4 -5 -6 -7
leaf_value=-0.0017658899837827413 0.022557242966910248 -0.0017658899837827413 0.0014718617398627278 -0.0017658899837827413 0.0035420291011439729 -0.0089375912220144207
leaf_weight=274 1021 1007 123 535 17644 996
leaf_count=274 1021 1007 123 535 17644 996
internal_value=-0.00126869 -0.0158781 -0.0205482 -0.00933765 0.000172846 -0.00286695
internal_weight=21600 1939 1130 809 19661 2017
internal_count=21600 1939 1130 809 19661 2017
is_linear=0
shrinkage=0.035


Tree=94
num_leaves=7
num_cat=0
split_feature=8 9 3 3 8 6
split_gain=370.869 48.2158 46.6506 23.6616 17.1291 16.9326
threshold=1.0000000180025095e-35 29.015000000000004 0.87837969732492682 -1.0000000180025095e-35 325.04222222222228 -0.93301270189221908
decision_type=2 2 2 2 2 2
left_child=1 3 -3 -1 5 -2
right_child=4 2 -4 -5 -6 -7
leaf_value=-0.0017040838343503452 -0.0075954590856201713 -0.0017040838343503452 0.0014203465789675374 -0.0017040838343503452 0.018953239121321856 0.00041970465943802612
leaf_weight=274 1761 1007 123 535 4016 13884
leaf_count=274 1761 1007 123 535 4016 13884
internal_value=-0.00127841 -0.0158781 -0.0205482 -0.00933765 0.000162166 -0.000361274
internal_weight=21600 1939 1130 809 19661 15645
internal_count=21600 1939 1130 809 19661 15645
is_linear=0
shrinkage=0.035


Tree=95
num_leaves=7
num_cat=0
split_feature=8 9 3 3 6 3
split_gain=370.54 48.2158 46.6506 23.6616 16.7648 37.6048
threshold=1.0000000180025095e-35 29.015000000000004 0.87837969732492682 -1.0000000180025095e-35 -0.93301270189221908 1.0000000180025095e-35
decision_type=2 2 2 2 2 2
left_child=1 3 -3 -1 5 -2
right_child=4 2 -4 -5 -6 -7
leaf_value=-0.0016444409001480831 0.022033580531065092 -0.0016444409001480831 0.0013706344487036672 -0.0016444409001480831 0.0033052211884263259 -0.008358934461247209
leaf_weight=274 1021 1007 123 535 17644 996
leaf_count=274 1021 1007 123 535 17644 996
internal_value=-0.00128489 -0.0158781 -0.0205482 -0.00933765 0.000155045 -0.00286695
internal_weight=21600 1939 1130 809 19661 2017
internal_count=21600 1939 1130 809 19661 2017
is_linear=0
shrinkage=0.035


Tree=96
num_leaves=7
num_cat=0
split_feature=8 9 3 3 6 3
split_gain=369.635 48.2158 46.6506 23.6616 17.1268 38.1348
threshold=1.0000000180025095e-35 29.015000000000004 0.87837969732492682 -1.0000000180025095e-35 -0.93301270189221908 -1.0000000180025095e-35
decision_type=2 2 2 2 2 2
left_child=1 3 -3 -1 5 -2
right_child=4 2 -4 -5 -6 -7
leaf_value=-0.0015868854686429 0.044242613638911236 -0.0015868854686429 0.0013226622429990311 -0.0015868854686429 0.0031895384468314078 -0.0080663717551035571
leaf_weight=274 733 1007 123 535 17644 1284
leaf_count=274 733 1007 123 535 17644 1284
internal_value=-0.00130272 -0.0158781 -0.0205482 -0.00933765 0.000135464 -0.00291898
internal_weight=21600 1939 1130 809 19661 2017
internal_count=21600 1939 1130 809 19661 2017
is_linear=0
shrinkage=0.035


Tree=97
num_leaves=7
num_cat=0
split_feature=8 9 3 3 8 6
split_gain=369.142 48.2158 46.6506 23.6616 17.1716 17.1593
threshold=1.0000000180025095e-35 29.015000000000004 0.87837969732492682 -1.0000000180025095e-35 325.04222222222228 -0.93301270189221908
decision_type=2 2 2 2 2 2
left_child=1 3 -3 -1 5 -2
right_child=4 2 -4 -5 -6 -7
leaf_value=-0.0015313444772403987 -0.0067547323000511882 -0.0015313444772403987 0.0012763690644940608 -0.0015313444772403987 0.018019296038612242 0.00017769840912368863
leaf_weight=274 1761 1007 123 535 4016 13884
leaf_count=274 1761 1007 123 535 4016 13884
internal_value=-0.00131244 -0.0158781 -0.0205482 -0.00933765 0.000124784 -0.000399303
internal_weight=21600 1939 1130 809 19661 15645
internal_count=21600 1939 1130 809 19661 15645
is_linear=0
shrinkage=0.035


Tree=98
num_leaves=7
num_cat=0
split_feature=8 9 3 3 6 3
split_gain=368.321 48.2158 46.6506 23.6616 16.6167 37.3597
threshold=1.0000000180025095e-35 29.015000000000004 0.87837969732492682 -1.0000000180025095e-35 -0.93301270189221908 -1.0000000180025095e-35
decision_type=2 2 2 2 2 2
left_child=1 3 -3 -1 5 -2
right_child=4 2 -4 -5 -6 -7
leaf_value=-0.0014777474205369848 0.042930537792051131 -0.0014777474205369848 0.001231696147236774 -0.0014777474205369848 0.003011133867087127 -0.0075476331131731408
leaf_weight=274 733 1007 123 535 17644 1284
leaf_count=274 733 1007 123 535 17644 1284
internal_value=-0.00132864 -0.0158781 -0.0205482 -0.00933765 0.000106983 -0.00290164
internal_weight=21600 1939 1130 809 19661 2017
internal_count=21600 1939 1130 809 19661 2017
is_linear=0
shrinkage=0.035


Tree=99
num_leaves=7
num_cat=0
split_feature=8 9 3 3 6 3
split_gain=368.321 48.2158 46.6506 23.6616 16.6167 37.3597
threshold=1.0000000180025095e-35 29.015000000000004 0.87837969732492682 -1.0000000180025095e-35 -0.93301270189221908 -1.0000000180025095e-35
decision_type=2 2 2 2 2 2
left_child=1 3 -3 -1 5 -2
right_child=4 2 -4 -5 -6 -7
leaf_value=-0.0014260262608181903 0.041427968969329348 -0.0014260262608181903 0.0011885867820834806 -0.0014260262608181903 0.0029057441817390795 -0.0072834659542120803
leaf_weight=274 733 1007 123 535 17644 1284
leaf_count=274 733 1007 123 535 17644 1284
internal_value=-0.00132864 -0.0158781 -0.0205482 -0.00933765 0.000106983 -0.00290164
internal_weight=21600 1939 1130 809 19661 2017
internal_count=21600 1939 1130 809 19661 2017
is_linear=0
shrinkage=0.035


Tree=100
num_leaves=7
num_cat=0
split_feature=8 9 3 3 10 6
split_gain=367.584 48.2158 46.6506 23.6616 16.3517 40.1577
threshold=1.0000000180025095e-35 29.015000000000004 0.87837969732492682 -1.0000000180025095e-35 255.41952380952387 0.68301270189221941
decision_type=2 2 2 2 2 2
left_child=1 3 -3 -1 -2 -6
right_child=4 2 -4 -5 5 -7
leaf_value=-0.0013761153416895536 -0.0053322147440487393 -0.0013761153416895536 0.0011469862447105639 -0.0013761153416895536 0.023947938628003113 -0.11380311395122006
leaf_weight=274 14539 1007 123 535 4408 714
leaf_count=274 14539 1007 123 535 4408 714
internal_value=-0.00134322 -0.0158781 -0.0205482 -0.00933765 9.09624e-05 0.00179133
internal_weight=21600 1939 1130 809 19661 5122
internal_count=21600 1939 1130 809 19661 5122
is_linear=0
shrinkage=0.035


Tree=101
num_leaves=7
num_cat=0
split_feature=8 9 3 3 10 6
split_gain=369.471 48.2158 46.6506 23.6616 17.2855 31.8557
threshold=1.0000000180025095e-35 29.015000000000004 0.87837969732492682 -1.0000000180025095e-35 255.41952380952387 0.68301270189221941
decision_type=2 2 2 2 2 2
left_child=1 3 -3 -1 -2 -6
right_child=4 2 -4 -5 5 -7
leaf_value=-0.0013279513047304192 -0.0051455872280070447 -0.0013279513047304192 0.001106841726145691 -0.0013279513047304192 0.023109760776022992 -0.10982000496292736
leaf_weight=274 14539 1007 123 535 4408 714
leaf_count=274 14539 1007 123 535 4408 714
internal_value=-0.00130596 -0.0158781 -0.0205482 -0.00933765 0.000131904 0.00188015
internal_weight=21600 1939 1130 809 19661 5122
internal_count=21600 1939 1130 809 19661 5122
is_linear=0
shrinkage=0.035


Tree=102
num_leaves=7
num_cat=0
split_feature=8 9 3 3 10 6
split_gain=370.211 48.2158 46.6506 23.6616 17.3741 25.565
threshold=1.0000000180025095e-35 29.015000000000004 0.87837969732492682 -1.0000000180025095e-35 255.41952380952387 0.68301270189221941
decision_type=2 2 2 2 2 2
left_child=1 3 -3 -1 -2 -6
right_child=4 2 -4 -5 5 -7
leaf_value=-0.0012814730090648545 -0.0049654916750267895 -0.0012814730090648545 0.0010681022657305906 -0.0012814730090648545 0.022300919148862175 -0.1059763047892249
leaf_weight=274 14539 1007 123 535 4408 714
leaf_count=274 14539 1007 123 535 4408 714
internal_value=-0.00129138 -0.0158781 -0.0205482 -0.00933765 0.000147925 0.00190064
internal_weight=21600 1939 1130 809 19661 5122
internal_count=21600 1939 1130 809 19661 5122
is_linear=0
shrinkage=0.035


Tree=103
num_leaves=7
num_cat=0
split_feature=8 9 3 3 6 3
split_gain=371.281 48.2158 46.6506 23.6616 17.137 37.3356
threshold=1.0000000180025095e-35 29.015000000000004 0.87837969732492682 -1.0000000180025095e-35 -0.93301270189221908 1.0000000180025095e-35
decision_type=2 2 2 2 2 2
left_child=1 3 -3 -1 5 -2
right_child=4 2 -4 -5 -6 -7
leaf_value=-0.0012366214537475847 0.019004498147764951 -0.0012366214537475847 0.0010307186864300189 -0.0012366214537475847 0.0034808802338456217 -0.0064880293681667672
leaf_weight=274 1021 1007 123 535 17644 996
leaf_count=274 1021 1007 123 535 17644 996
internal_value=-0.00127031 -0.0158781 -0.0205482 -0.00933765 0.000171066 -0.00288429
internal_weight=21600 1939 1130 809 19661 2017
internal_count=21600 1939 1130 809 19661 2017
is_linear=0
shrinkage=0.035


Tree=104
num_leaves=7
num_cat=0
split_feature=8 9 3 3 10 6
split_gain=370.375 48.2158 46.6506 23.6616 17.3036 21.2768
threshold=1.0000000180025095e-35 29.015000000000004 0.87837969732492682 -1.0000000180025095e-35 255.41952380952387 0.68301270189221941
decision_type=2 2 2 2 2 2
left_child=1 3 -3 -1 -2 -6
right_child=4 2 -4 -5 5 -7
leaf_value=-0.0011933397028664192 -0.0049135302745854596 -0.0011933397028664192 0.00099464353240496855 -0.0011933397028664192 0.021281803989162334 -0.10238896492978662
leaf_weight=274 14539 1007 123 535 4408 714
leaf_count=274 14539 1007 123 535 4408 714
internal_value=-0.00128813 -0.0158781 -0.0205482 -0.00933765 0.000151485 0.00190064
internal_weight=21600 1939 1130 809 19661 5122
internal_count=21600 1939 1130 809 19661 5122
is_linear=0
shrinkage=0.035


Tree=105
num_leaves=7
num_cat=0
split_feature=8 9 3 3 6 3
split_gain=370.611 47.9493 46.5088 23.6616 17.1769 37.3356
threshold=1.0000000180025095e-35 29.015000000000004 0.87837969732492682 -1.0000000180025095e-35 -0.93301270189221908 1.0000000180025095e-35
decision_type=2 2 2 2 2 2
left_child=1 3 -3 -1 5 -2
right_child=4 2 -4 -5 -6 -7
leaf_value=-0.0011515728132660947 0.01851131427220366 -0.0011515728132660947 0.0009598310087707907 -0.0011515728132660947 0.003704742479157233 -0.0060889747806704385
leaf_weight=274 1021 1007 123 535 17644 996
leaf_count=274 1021 1007 123 535 17644 996
internal_value=-0.00126545 -0.0158601 -0.0205172 -0.00933765 0.000174626 -0.00288429
internal_weight=21600 1939 1130 809 19661 2017
internal_count=21600 1939 1130 809 19661 2017
is_linear=0
shrinkage=0.035


Tree=106
num_leaves=7
num_cat=0
split_feature=8 9 3 3 6 3
split_gain=369.706 47.9493 46.5088 23.6616 17.5433 37.2053
threshold=1.0000000180025095e-35 29.015000000000004 0.87837969732492682 -1.0000000180025095e-35 -0.93301270189221908 -1.0000000180025095e-35
decision_type=2 2 2 2 2 2
left_child=1 3 -3 -1 5 -2
right_child=4 2 -4 -5 -6 -7
leaf_value=-0.0011112677648017811 0.039377425457962294 -0.0011112677648017811 0.00092623692346381907 -0.0011112677648017811 0.0035750764923867312 -0.0058758606633469729
leaf_weight=274 733 1007 123 535 17644 1284
leaf_count=274 733 1007 123 535 17644 1284
internal_value=-0.00128327 -0.0158601 -0.0205172 -0.00933765 0.000155045 -0.00293632
internal_weight=21600 1939 1130 809 19661 2017
internal_count=21600 1939 1130 809 19661 2017
is_linear=0
shrinkage=0.035


Tree=107
num_leaves=7
num_cat=0
split_feature=8 9 3 3 10 4
split_gain=369.213 47.9493 46.5088 23.6616 17.3093 21.2949
threshold=1.0000000180025095e-35 29.015000000000004 0.87837969732492682 -1.0000000180025095e-35 255.41952380952387 -0.22252093395631442
decision_type=2 2 2 2 2 2
left_child=1 3 -3 -1 5 -2
right_child=4 2 -4 -5 -6 -7
leaf_value=-0.001072373393033719 0.016116531054474737 -0.001072373393033719 0.00089381863114258893 -0.001072373393033719 0.015781898091006132 -0.0066256264653188615
leaf_weight=274 6019 1007 123 535 5122 8520
leaf_count=274 6019 1007 123 535 5122 8520
internal_value=-0.001293 -0.0158601 -0.0205172 -0.00933765 0.000144365 -0.000472043
internal_weight=21600 1939 1130 809 19661 14539
internal_count=21600 1939 1130 809 19661 14539
is_linear=0
shrinkage=0.035


Tree=108
num_leaves=7
num_cat=0
split_feature=8 9 3 3 6 3
split_gain=369.46 47.9493 46.5088 23.6616 17.2868 37.0004
threshold=1.0000000180025095e-35 29.015000000000004 0.87837969732492682 -1.0000000180025095e-35 -0.93301270189221908 -1.0000000180025095e-35
decision_type=2 2 2 2 2 2
left_child=1 3 -3 -1 5 -2
right_child=4 2 -4 -5 -6 -7
leaf_value=-0.0010348403242775388 0.037594332950887786 -0.0010348403242775388 0.00086253497905260275 -0.0010348403242775388 0.0035078463323796722 -0.0054383086138436688
leaf_weight=274 733 1007 123 535 17644 1284
leaf_count=274 733 1007 123 535 17644 1284
internal_value=-0.00128813 -0.0158601 -0.0205172 -0.00933765 0.000149705 -0.00291898
internal_weight=21600 1939 1130 809 19661 2017
internal_count=21600 1939 1130 809 19661 2017
is_linear=0
shrinkage=0.035


Tree=109
num_leaves=7
num_cat=0
split_feature=8 9 3 3 6 3
split_gain=368.475 47.9493 46.5088 23.6616 16.8535 37.0674
threshold=1.0000000180025095e-35 29.015000000000004 0.87837969732492682 -1.0000000180025095e-35 -0.93301270189221908 1.0000000180025095e-35
decision_type=2 2 2 2 2 2
left_child=1 3 -3 -1 5 -2
right_child=4 2 -4 -5 -6 -7
leaf_value=-0.00099862091292782489 0.016319930098305558 -0.00099862091292782489 0.00083234625478575638 -0.00099862091292782489 0.0033850717107463792 -0.0052479678123591401
leaf_weight=274 1021 1007 123 535 17644 996
leaf_count=274 1021 1007 123 535 17644 996
internal_value=-0.00130758 -0.0158601 -0.0205172 -0.00933765 0.000128344 -0.00290164
internal_weight=21600 1939 1130 809 19661 2017
internal_count=21600 1939 1130 809 19661 2017
is_linear=0
shrinkage=0.035


Tree=110
num_leaves=7
num_cat=0
split_feature=8 9 3 3 10 4
split_gain=367.736 47.9493 46.5088 23.6616 16.7315 20.4833
threshold=1.0000000180025095e-35 29.015000000000004 0.87837969732492682 -1.0000000180025095e-35 255.41952380952387 -0.22252093395631442
decision_type=2 2 2 2 2 2
left_child=1 3 -3 -1 5 -2
right_child=4 2 -4 -5 -6 -7
leaf_value=-0.00096366918097535103 0.015311200336058706 -0.00096366918097535103 0.00080321413586825774 -0.00096366918097535103 0.014967225742565121 -0.0066489266548311202
leaf_weight=274 6019 1007 123 535 5122 8520
leaf_count=274 6019 1007 123 535 5122 8520
internal_value=-0.00132216 -0.0158601 -0.0205172 -0.00933765 0.000112323 -0.000493707
internal_weight=21600 1939 1130 809 19661 14539
internal_count=21600 1939 1130 809 19661 14539
is_linear=0
shrinkage=0.035


Tree=111
num_leaves=7
num_cat=0
split_feature=8 9 3 3 6 3
split_gain=367.818 47.9493 46.5088 23.6616 16.8881 37.0004
threshold=1.0000000180025095e-35 29.015000000000004 0.87837969732492682 -1.0000000180025095e-35 -0.93301270189221908 -1.0000000180025095e-35
decision_type=2 2 2 2 2 2
left_child=1 3 -3 -1 5 -2
right_child=4 2 -4 -5 -6 -7
leaf_value=-0.00092994075964121384 0.035215483585271878 -0.00092994075964121384 0.00077510164111286087 -0.00092994075964121384 0.0033512693064355384 -0.0053668400202576587
leaf_weight=274 733 1007 123 535 17644 1284
leaf_count=274 733 1007 123 535 17644 1284
internal_value=-0.00132054 -0.0158601 -0.0205172 -0.00933765 0.000114103 -0.00291898
internal_weight=21600 1939 1130 809 19661 2017
internal_count=21600 1939 1130 809 19661 2017
is_linear=0
shrinkage=0.035


Tree=112
num_leaves=7
num_cat=0
split_feature=8 9 3 3 6 3
split_gain=367.081 47.9493 46.5088 23.6616 16.9028 36.643
threshold=1.0000000180025095e-35 29.015000000000004 0.87837969732492682 -1.0000000180025095e-35 -0.93301270189221908 -1.0000000180025095e-35
decision_type=2 2 2 2 2 2
left_child=1 3 -3 -1 5 -2
right_child=4 2 -4 -5 -6 -7
leaf_value=-0.00089739283305377126 0.033982941659787366 -0.00089739283305377126 0.00074797308367391185 -0.00089739283305377126 0.0032339748807102891 -0.0051790006195486403
leaf_weight=274 733 1007 123 535 17644 1284
leaf_count=274 733 1007 123 535 17644 1284
internal_value=-0.00133512 -0.0158601 -0.0205172 -0.00933765 9.80827e-05 -0.00293632
internal_weight=21600 1939 1130 809 19661 2017
internal_count=21600 1939 1130 809 19661 2017
is_linear=0
shrinkage=0.035


Tree=113
num_leaves=7
num_cat=0
split_feature=8 9 3 3 6 3
split_gain=366.59 47.9493 46.5088 23.6616 16.592 36.8001
threshold=1.0000000180025095e-35 29.015000000000004 0.87837969732492682 -1.0000000180025095e-35 -0.93301270189221908 1.0000000180025095e-35
decision_type=2 2 2 2 2 2
left_child=1 3 -3 -1 5 -2
right_child=4 2 -4 -5 -6 -7
leaf_value=-0.00086598408389688931 0.016244171333548281 -0.00086598408389688931 0.00072179402574533262 -0.00086598408389688931 0.003120785759885432 -0.0049977355978644373
leaf_weight=274 1021 1007 123 535 17644 996
leaf_count=274 1021 1007 123 535 17644 996
internal_value=-0.00134484 -0.0158601 -0.0205172 -0.00933765 8.74022e-05 -0.00291898
internal_weight=21600 1939 1130 809 19661 2017
internal_count=21600 1939 1130 809 19661 2017
is_linear=0
shrinkage=0.035


Tree=114
num_leaves=7
num_cat=0
split_feature=8 9 3 3 10 6
split_gain=366.262 47.9493 46.5088 23.6616 16.5695 17.8709
threshold=1.0000000180025095e-35 29.015000000000004 0.87837969732492682 -1.0000000180025095e-35 198.27952380952385 -0.93301270189221908
decision_type=2 2 2 2 2 2
left_child=1 3 -3 -1 5 -2
right_child=4 2 -4 -5 -6 -7
leaf_value=-0.00083567464096049812 -0.0042875513376890041 -0.00083567464096049812 0.00069653123484425322 -0.00083567464096049812 0.011268278884791599 -0.0021565446613664623
leaf_weight=274 1396 1007 123 535 9376 8889
leaf_count=274 1396 1007 123 535 9376 8889
internal_value=-0.00135133 -0.0158601 -0.0205172 -0.00933765 8.02819e-05 -0.000889802
internal_weight=21600 1939 1130 809 19661 10285
internal_count=21600 1939 1130 809 19661 10285
is_linear=0
shrinkage=0.035


Tree=115
num_leaves=7
num_cat=0
split_feature=8 9 3 3 10 6
split_gain=365.363 47.9493 46.5088 23.6616 16.8054 20.4039
threshold=1.0000000180025095e-35 29.015000000000004 0.87837969732492682 -1.0000000180025095e-35 255.41952380952387 0.68301270189221941
decision_type=2 2 2 2 2 2
left_child=1 3 -3 -1 -2 -6
right_child=4 2 -4 -5 5 -7
leaf_value=-0.00080642602852688068 -0.0031081705972461474 -0.00080642602852688068 0.0006721526416247082 -0.00080642602852688068 0.018230574910739393 -0.10111171709604633
leaf_weight=274 14539 1007 123 535 4408 714
leaf_count=274 14539 1007 123 535 4408 714
internal_value=-0.00136915 -0.0158601 -0.0205172 -0.00933765 6.0701e-05 0.0017845
internal_weight=21600 1939 1130 809 19661 5122
internal_count=21600 1939 1130 809 19661 5122
is_linear=0
shrinkage=0.035


Tree=116
num_leaves=7
num_cat=0
split_feature=8 9 3 3 6 3
split_gain=364.465 47.9493 46.5088 23.6616 16.2742 36.0849
threshold=1.0000000180025095e-35 29.015000000000004 0.87837969732492682 -1.0000000180025095e-35 -0.93301270189221908 -1.0000000180025095e-35
decision_type=2 2 2 2 2 2
left_child=1 3 -3 -1 5 -2
right_child=4 2 -4 -5 -6 -7
leaf_value=-0.00077820111752843985 0.032374951567314549 -0.00077820111752843985 0.00064862729916783659 -0.00077820111752843985 0.0028588499585448239 -0.0045639645842164523
leaf_weight=274 733 1007 123 535 17644 1284
leaf_count=274 733 1007 123 535 17644 1284
internal_value=-0.00138697 -0.0158601 -0.0205172 -0.00933765 4.11201e-05 -0.00293632
internal_weight=21600 1939 1130 809 19661 2017
internal_count=21600 1939 1130 809 19661 2017
is_linear=0
shrinkage=0.035


Tree=117
num_leaves=7
num_cat=0
split_feature=8 9 3 3 6 3
split_gain=363.812 47.9493 46.5088 23.6616 16.4985 35.4718
threshold=1.0000000180025095e-35 29.015000000000004 0.87837969732492682 -1.0000000180025095e-35 -0.93301270189221908 1.0000000180025095e-35
decision_type=2 2 2 2 2 2
left_child=1 3 -3 -1 5 -2
right_child=4 2 -4 -5 -6 -7
leaf_value=-0.00075096407841494437 0.015454915426501705 -0.00075096407841494437 0.00062592534369696699 -0.00075096407841494437 0.0027587902099957492 -0.0044042258237688764
leaf_weight=274 1021 1007 123 535 17644 996
leaf_count=274 1021 1007 123 535 17644 996
internal_value=-0.00139994 -0.0158601 -0.0205172 -0.00933765 2.68794e-05 -0.00297101
internal_weight=21600 1939 1130 809 19661 2017
internal_count=21600 1939 1130 809 19661 2017
is_linear=0
shrinkage=0.035


Tree=118
num_leaves=7
num_cat=0
split_feature=8 9 3 3 6 3
split_gain=362.417 48.3228 46.5088 23.4179 16.7441 35.7818
threshold=1.0000000180025095e-35 29.015000000000004 0.87837969732492682 -1.0000000180025095e-35 -0.93301270189221908 -1.0000000180025095e-35
decision_type=2 2 2 2 2 2
left_child=1 3 -3 -1 5 -2
right_child=4 2 -4 -5 -6 -7
leaf_value=-0.00072468033567042137 0.030700906222530976 -0.00072468033567042137 0.00060401795666756861 -0.00072468033567042137 0.0026622325526458892 -0.0042500779199369657
leaf_weight=274 733 1007 123 535 17644 1284
leaf_count=274 733 1007 123 535 17644 1284
internal_value=-0.00140966 -0.015842 -0.0205172 -0.00929444 1.44188e-05 -0.0030057
internal_weight=21600 1939 1130 809 19661 2017
internal_count=21600 1939 1130 809 19661 2017
is_linear=0
shrinkage=0.035


Tree=119
num_leaves=7
num_cat=0
split_feature=8 9 3 3 6 3
split_gain=362.173 48.3228 46.5088 23.4179 16.3032 35.4718
threshold=1.0000000180025095e-35 29.015000000000004 0.87837969732492682 -1.0000000180025095e-35 -0.93301270189221908 1.0000000180025095e-35
decision_type=2 2 2 2 2 2
left_child=1 3 -3 -1 5 -2
right_child=4 2 -4 -5 -6 -7
leaf_value=-0.00069931652392195667 0.015062746113771938 -0.00069931652392195667 0.00058287732818419703 -0.00069931652392195667 0.0025690544133032908 -0.0041013251927391721
leaf_weight=274 1021 1007 123 535 17644 996
leaf_count=274 1021 1007 123 535 17644 996
internal_value=-0.00141452 -0.015842 -0.0205172 -0.00929444 9.07856e-06 -0.00297101
internal_weight=21600 1939 1130 809 19661 2017
internal_count=21600 1939 1130 809 19661 2017
is_linear=0
shrinkage=0.035


end of trees

feature_importances:
dow_sin=292
lag_2d=138
lag_7d=121
month_sin=112
month_cos=32
same_slot_mean_2_8d=22
dow_cos=3

parameters:
[boosting: gbdt]
[objective: quantile]
[metric: quantile]
[tree_learner: serial]
[device_type: cpu]
[data_sample_strategy: bagging]
[data: ]
[valid: ]
[num_iterations: 120]
[learning_rate: 0.035]
[num_leaves: 7]
[num_threads: 1]
[seed: 20260901]
[deterministic: 1]
[force_col_wise: 0]
[force_row_wise: 0]
[histogram_pool_size: -1]
[max_depth: 3]
[min_data_in_leaf: 12]
[min_sum_hessian_in_leaf: 0.001]
[bagging_fraction: 1]
[pos_bagging_fraction: 1]
[neg_bagging_fraction: 1]
[bagging_freq: 0]
[bagging_seed: 12992]
[bagging_by_query: 0]
[feature_fraction: 1]
[feature_fraction_bynode: 1]
[feature_fraction_seed: 30141]
[extra_trees: 0]
[extra_seed: 31421]
[early_stopping_round: 0]
[early_stopping_min_delta: 0]
[first_metric_only: 0]
[max_delta_step: 0]
[lambda_l1: 0]
[lambda_l2: 1]
[linear_lambda: 0]
[min_gain_to_split: 0]
[drop_rate: 0.1]
[max_drop: 50]
[skip_drop: 0.5]
[xgboost_dart_mode: 0]
[uniform_drop: 0]
[drop_seed: 11049]
[top_rate: 0.2]
[other_rate: 0.1]
[min_data_per_group: 100]
[max_cat_threshold: 32]
[cat_l2: 10]
[cat_smooth: 10]
[max_cat_to_onehot: 4]
[top_k: 20]
[monotone_constraints: ]
[monotone_constraints_method: basic]
[monotone_penalty: 0]
[feature_contri: ]
[forcedsplits_filename: ]
[refit_decay_rate: 0.9]
[cegb_tradeoff: 1]
[cegb_penalty_split: 0]
[cegb_penalty_feature_lazy: ]
[cegb_penalty_feature_coupled: ]
[path_smooth: 0]
[interaction_constraints: ]
[verbosity: -1]
[saved_feature_importance_type: 0]
[use_quantized_grad: 0]
[num_grad_quant_bins: 4]
[quant_train_renew_leaf: 0]
[stochastic_rounding: 1]
[linear_tree: 0]
[max_bin: 255]
[max_bin_by_feature: ]
[min_data_in_bin: 3]
[bin_construct_sample_cnt: 200000]
[data_random_seed: 5023]
[is_enable_sparse: 1]
[enable_bundle: 1]
[use_missing: 1]
[zero_as_missing: 0]
[feature_pre_filter: 1]
[pre_partition: 0]
[two_round: 0]
[header: 0]
[label_column: ]
[weight_column: ]
[group_column: ]
[ignore_column: ]
[categorical_feature: ]
[forcedbins_filename: ]
[precise_float_parser: 0]
[parser_config_file: ]
[objective_seed: 6921]
[num_class: 1]
[is_unbalance: 0]
[scale_pos_weight: 1]
[sigmoid: 1]
[boost_from_average: 1]
[reg_sqrt: 0]
[alpha: 0.1]
[fair_c: 1]
[poisson_max_delta_step: 0.7]
[tweedie_variance_power: 1.5]
[lambdarank_truncation_level: 30]
[lambdarank_norm: 1]
[label_gain: ]
[lambdarank_position_bias_regularization: 0]
[eval_at: ]
[multi_error_top_k: 1]
[auc_mu_weights: ]
[num_machines: 1]
[local_listen_port: 12400]
[time_out: 120]
[machine_list_filename: ]
[machines: ]
[gpu_platform_id: -1]
[gpu_device_id: -1]
[gpu_use_dp: 0]
[num_gpu: 1]

end of parameters

pandas_categorical:[]
