tree
version=v4
num_class=1
num_tree_per_iteration=1
label_index=0
max_feature_idx=11
objective=quantile
feature_names=slot slot_sin slot_cos dow_sin dow_cos weekend month_sin month_cos lag_2d lag_7d same_slot_mean_2_8d same_slot_std_2_8d
feature_infos=[0:95] [-1:1] [-1:1] [-0.97492791218182362:0.97492791218182362] [-0.90096886790241903:1] [0:1] [-1:0.8660254037844386] [-0.86602540378443882:1] [0:512] [0:512] [0:428.55428571428575] [0:198.38685062112893]
tree_sizes=743 787 785 787 790 793 790 790 788 788 794 791 786 783 788 789 784 787 789 787 791 792 790 793 795 792 805 791 792 799 804 792 794 795 791 783 797 779 798 788 788 787 788 789 788 789 787 786 790 782 791 787 788 788 797 786 806 786 801 786 786 776 785 788 789 788 800 788 785 786 791 789 793 789 786 786 791 786 791 788 788 801 801 789 799 790 792 798 797 784 791 797 794 796 793 787 795 786 783 784 794 788 786 789 800 795 783 794 795 796 794 795 796 794 788 784 784 798 797 798

Tree=0
num_leaves=7
num_cat=0
split_feature=10 7 8 8 7 6
split_gain=868.72 114.588 77.3442 64.1488 59.1125 49.8289
threshold=169.80611111111111 -0.25000000000000028 15.310555555555558 57.218333333333341 0.6830127018922193 1.0000000180025095e-35
decision_type=2 2 2 2 2 2
left_child=1 -1 -3 4 -2 -5
right_child=3 2 -4 5 -6 -7
leaf_value=5.0236975967884065 5.0755525636672978 4.8854040694236751 5.0565431833267214 5.082357025146484 5.0284361064434053 5.0736467623710633
leaf_weight=4126 416 1893 4467 7270 482 2850
leaf_count=4126 416 1893 4467 7270 482 2850
internal_value=5.06259 5.05538 5.05833 5.06946 5.06049 5.07025
internal_weight=21504 10486 6360 11018 898 10120
internal_count=21504 10486 6360 11018 898 10120
is_linear=0
shrinkage=1


Tree=1
num_leaves=7
num_cat=0
split_feature=10 7 8 8 7 6
split_gain=813.327 117.17 63.4149 62.1119 57.8346 50.7118
threshold=168.44642857142858 -0.25000000000000028 4.5088888888888903 57.218333333333341 0.6830127018922193 1.0000000180025095e-35
decision_type=2 2 2 2 2 2
left_child=1 -1 -3 4 -2 -5
right_child=3 2 -4 5 -6 -7
leaf_value=-0.037535888522863395 0.012484611344337449 -0.17098914242982866 -0.0064350880384445256 0.019036230087280288 -0.032811604410409936 0.010571145570278167
leaf_weight=4125 423 1820 4457 7301 484 2894
leaf_count=4125 423 1820 4457 7301 484 2894
internal_value=4.71983e-05 -0.00698452 -0.0039722 0.00663559 -0.00213932 0.00741639
internal_weight=21504 10402 6277 11102 907 10195
internal_count=21504 10402 6277 11102 907 10195
is_linear=0
shrinkage=0.035


Tree=2
num_leaves=7
num_cat=0
split_feature=10 7 8 7 6 3
split_gain=758.202 119.921 60.2626 57.2961 51.4563 50.5489
threshold=168.44642857142858 -0.25000000000000028 57.218333333333341 0.6830127018922193 0.68301270189221941 1.0000000180025095e-35
decision_type=2 2 2 2 2 2
left_child=1 -1 3 -2 -3 -4
right_child=2 4 5 -5 -6 -7
leaf_value=-0.03622213242456318 0.012047649947285636 -0.01667860757291317 0.011935602483749391 -0.031663198256045577 0.0074001561504602447 0.019713267145156862
leaf_weight=4125 423 5329 5946 484 948 4249
leaf_count=4125 423 5329 5946 484 948 4249
internal_value=0.000104162 -0.00668509 0.00646537 -0.00217786 -0.0036377 0.00723445
internal_weight=21504 10402 11102 907 6277 10195
internal_count=21504 10402 11102 907 6277 10195
is_linear=0
shrinkage=0.035


Tree=3
num_leaves=7
num_cat=0
split_feature=10 7 8 7 8 3
split_gain=713.913 118.501 58.0091 55.9953 50.8244 50.521
threshold=169.80611111111111 -0.25000000000000028 57.218333333333341 0.6830127018922193 53.010555555555563 1.0000000180025095e-35
decision_type=2 2 2 2 2 2
left_child=1 -1 3 -2 -3 -4
right_child=2 4 5 -5 -6 -7
leaf_value=-0.034954357789703461 0.011645525370059607 -0.13172873228585419 0.011530740536832812 -0.030706608612463628 -0.0036995292166441553 0.019081703896844385
leaf_weight=4126 416 2429 5911 482 3931 4209
leaf_count=4126 416 2429 5911 482 3931 4209
internal_value=0.000122065 -0.00641461 0.00634313 -0.0021802 -0.00341692 0.00709959
internal_weight=21504 10486 11018 898 6360 10120
internal_count=21504 10486 11018 898 6360 10120
is_linear=0
shrinkage=0.035


Tree=4
num_leaves=7
num_cat=0
split_feature=10 7 8 7 4 6
split_gain=666.086 122.354 55.422 54.0846 52.7385 50.7617
threshold=169.80611111111111 -0.25000000000000028 57.218333333333341 0.6830127018922193 -0.22252093395631442 1.0000000180025095e-35
decision_type=2 2 2 2 2 2
left_child=1 -1 3 -2 -3 -4
right_child=2 4 5 -5 -6 -7
leaf_value=-0.033730955267063836 0.011237931982107506 0.0017496104395901171 0.01737214681248327 -0.029631877311027392 -0.020228504403778415 0.0093798334695980416
leaf_weight=4126 416 2688 7270 482 3672 2850
leaf_count=4126 416 2688 7270 482 3672 2850
internal_value=0.000219716 -0.00609421 0.00622879 -0.00210234 -0.00304826 0.00696818
internal_weight=21504 10486 11018 898 6360 10120
internal_count=21504 10486 11018 898 6360 10120
is_linear=0
shrinkage=0.035


Tree=5
num_leaves=7
num_cat=0
split_feature=10 9 6 10 3 6
split_gain=631.773 99.0251 88.5908 64.087 45.2532 44.9951
threshold=141.63126984126987 1.0000000180025095e-35 0.68301270189221941 193.83404761904765 1.0000000180025095e-35 1.0000000180025095e-35
decision_type=2 2 2 2 2 2
left_child=1 4 -3 -2 -1 -5
right_child=3 2 -4 5 -6 -7
leaf_value=0.0095333624977903646 0.0016112348948484191 -0.031883684344160695 0.011022353492988845 0.016921697567909358 -0.052225911508099535 0.0079035869318259643
leaf_weight=981 3024 6679 466 7044 680 2630
leaf_count=981 3024 6679 466 7044 680 2630
internal_value=0.000169263 -0.00703418 -0.00882347 0.00516497 0.000663357 0.00655504
internal_weight=21504 8806 7145 12698 1661 9674
internal_count=21504 8806 7145 12698 1661 9674
is_linear=0
shrinkage=0.035


Tree=6
num_leaves=7
num_cat=0
split_feature=10 9 6 10 3 6
split_gain=609.209 92.3431 71.3394 70.2027 43.3711 43.09
threshold=136.97698412698415 1.0000000180025095e-35 0.68301270189221941 203.88904761904763 1.0000000180025095e-35 1.0000000180025095e-35
decision_type=2 2 2 2 2 2
left_child=1 4 -3 -2 -1 -5
right_child=3 2 -4 5 -6 -7
leaf_value=0.009141916451908233 0.0021217271448727318 -0.031392586114923911 0.010282030739988098 0.016848083201174015 -0.052224556757949729 0.0081489398123854133
leaf_weight=971 3948 6517 403 6590 663 2412
leaf_count=971 3948 6517 403 6590 663 2412
internal_value=0.000149733 -0.00709819 -0.00886505 0.00493746 0.000385321 0.0066439
internal_weight=21504 8554 6920 12950 1634 9002
internal_count=21504 8554 6920 12950 1634 9002
is_linear=0
shrinkage=0.035


Tree=7
num_leaves=7
num_cat=0
split_feature=10 7 8 7 3 4
split_gain=562.389 99.725 49.5953 51.6191 51.231 47.5351
threshold=169.80611111111111 -0.25000000000000028 57.218333333333341 0.6830127018922193 1.0000000180025095e-35 -0.22252093395631442
decision_type=2 2 2 2 2 2
left_child=1 -1 3 -2 -4 -3
right_child=2 5 4 -5 -6 -7
leaf_value=-0.031015332407771077 0.010241767471894463 0.0020403739043546557 0.0096703322807100596 -0.028837565494188085 0.017148769827104792 -0.018420860913450226
leaf_weight=4126 416 2688 5911 482 4209 3672
leaf_count=4126 416 2688 5911 482 4209 3672
internal_value=0.000218089 -0.00558358 0.00573963 -0.00214127 0.00643909 -0.00283367
internal_weight=21504 10486 11018 898 10120 6360
internal_count=21504 10486 11018 898 10120 6360
is_linear=0
shrinkage=0.035


Tree=8
num_leaves=7
num_cat=0
split_feature=10 7 8 7 3 6
split_gain=516.204 93.8369 46.9043 49.2801 47.7448 43.4702
threshold=169.80611111111111 -0.25000000000000028 57.218333333333341 0.6830127018922193 1.0000000180025095e-35 0.68301270189221941
decision_type=2 2 2 2 2 2
left_child=1 -1 3 -2 -4 -3
right_child=2 5 4 -5 -6 -7
leaf_value=-0.029929795773499104 0.009883305610378151 -0.012720963566402352 0.0093318706508851972 -0.027828250701891516 0.01654856288315612 0.0085349198373366793
leaf_weight=4126 416 5387 5911 482 4209 973
leaf_count=4126 416 5387 5911 482 4209 973
internal_value=0.000271797 -0.00528655 0.00556176 -0.00210234 0.00624197 -0.00261909
internal_weight=21504 10486 11018 898 10120 6360
internal_count=21504 10486 11018 898 10120 6360
is_linear=0
shrinkage=0.035


Tree=9
num_leaves=7
num_cat=0
split_feature=10 7 8 7 3 6
split_gain=480.668 83.4292 43.3565 47.5565 46.0787 41.9011
threshold=169.80611111111111 -0.25000000000000028 57.218333333333341 0.6830127018922193 1.0000000180025095e-35 0.68301270189221941
decision_type=2 2 2 2 2 2
left_child=1 -1 3 -2 -4 -3
right_child=2 5 4 -5 -6 -7
leaf_value=-0.028882252921426647 0.0095373899140149144 -0.012275729841578263 0.0090052551781042173 -0.026854261927325308 0.015969363182245649 0.0082361976430298835
leaf_weight=4126 416 5387 5911 482 4209 973
leaf_count=4126 416 5387 5911 482 4209 973
internal_value=0.000317368 -0.00504625 0.005422 -0.00194661 0.00607598 -0.00253105
internal_weight=21504 10486 11018 898 10120 6360
internal_count=21504 10486 11018 898 10120 6360
is_linear=0
shrinkage=0.035


Tree=10
num_leaves=7
num_cat=0
split_feature=10 7 3 4 6 8
split_gain=459.172 78.6354 42.8917 42.2892 41.801 50.2961
threshold=169.80611111111111 -0.25000000000000028 0.6078576107927941 -0.22252093395631442 1.0000000180025095e-35 45.064444444444455
decision_type=2 2 2 2 2 2
left_child=1 2 -1 -3 5 -2
right_child=4 3 -4 -5 -6 -7
leaf_value=-0.03225208180996042 -0.017972823953510884 0.0026827312451227939 -0.0074210562095270664 -0.017074456663546629 0.005545611368660195 0.014319172046431105
leaf_weight=2975 440 2688 1151 3672 3182 7396
leaf_count=2975 440 2688 1151 3672 3182 7396
internal_value=0.000362939 -0.00487937 -0.00864187 -0.00243751 0.00535212 0.00672579
internal_weight=21504 10486 4126 6360 11018 7836
internal_count=21504 10486 4126 6360 11018 7836
is_linear=0
shrinkage=0.035


Tree=11
num_leaves=7
num_cat=0
split_feature=10 9 10 6 3 6
split_gain=433.441 74.5524 63.2358 53.5437 46.1153 37.7632
threshold=133.04690476190478 1.0000000180025095e-35 203.88904761904763 0.68301270189221941 1.0000000180025095e-35 1.0000000180025095e-35
decision_type=2 2 2 2 2 2
left_child=1 4 -2 -3 -1 -4
right_child=2 3 5 -5 -6 -7
leaf_value=0.010255516043277383 0.0016972824024959279 -0.02743564116783373 0.01439015736533489 0.011277213060950869 -0.050135362994719837 0.0064667594726695171
leaf_weight=967 4200 6335 6590 352 648 2412
leaf_count=967 4200 6335 6590 352 648 2412
internal_value=0.000372704 -0.00589305 0.00431303 -0.0075228 0.000855507 0.00596746
internal_weight=21504 8302 13202 6687 1615 9002
internal_count=21504 8302 13202 6687 1615 9002
is_linear=0
shrinkage=0.035


Tree=12
num_leaves=7
num_cat=0
split_feature=10 9 10 6 3 9
split_gain=407.007 68.4572 58.0785 50.2235 42.4643 38.2606
threshold=133.04690476190478 1.0000000180025095e-35 203.88904761904763 0.68301270189221941 1.0000000180025095e-35 447.56333333333339
decision_type=2 2 2 2 2 2
left_child=1 4 -2 -3 -1 -4
right_child=2 3 5 -5 -6 -7
leaf_value=0.0098965729817626757 0.0016378775184085637 -0.026475393726959541 0.012076800503591577 0.010882510603817589 -0.048380625289904645 0.017663226761678735
leaf_weight=967 4200 6335 8603 352 648 399
leaf_count=967 4200 6335 8603 352 648 399
internal_value=0.000330388 -0.0057413 0.00414868 -0.00730301 0.000725557 0.0057342
internal_weight=21504 8302 13202 6687 1615 9002
internal_count=21504 8302 13202 6687 1615 9002
is_linear=0
shrinkage=0.035


Tree=13
num_leaves=7
num_cat=0
split_feature=10 9 10 6 9 3
split_gain=376.663 73.383 55.0642 47.8026 39.338 33.8475
threshold=133.04690476190478 1.0000000180025095e-35 203.88904761904763 0.68301270189221941 447.56333333333339 1.0000000180025095e-35
decision_type=2 2 2 2 2 2
left_child=1 5 -2 -3 -4 -1
right_child=2 3 4 -5 -6 -7
leaf_value=0.0095501929274009762 0.0015805518052642588 -0.025548754946515942 0.011654112485965862 0.010501622732683976 0.017045013825019988 -0.04668730340475797
leaf_weight=967 4200 6335 8603 352 399 648
leaf_count=967 4200 6335 8603 352 399 648
internal_value=0.000369449 -0.00547152 0.00404264 -0.00708844 0.00558647 0.0012237
internal_weight=21504 8302 13202 6687 9002 1615
internal_count=21504 8302 13202 6687 9002 1615
is_linear=0
shrinkage=0.035


Tree=14
num_leaves=7
num_cat=0
split_feature=10 9 6 9 7 3
split_gain=353.484 70.4481 60.0448 44.7936 42.4389 29.821
threshold=141.63126984126987 1.0000000180025095e-35 0.68301270189221941 439.67222222222227 0.93301270189221952 -0.60785761079279388
decision_type=2 2 2 2 2 2
left_child=1 5 -3 4 -2 -1
right_child=3 2 -4 -5 -6 -7
leaf_value=0.0092192656903990911 0.006169892417136392 -0.023790309784374221 0.0098788682840981659 0.015689193909090914 0.014052648915273018 -0.0093759616364859303
leaf_weight=406 9318 6679 466 560 2820 1255
leaf_count=406 9318 6679 466 560 2820 1255
internal_value=0.000380842 -0.00500738 -0.00651658 0.00411765 0.0036704 0.00148466
internal_weight=21504 8806 7145 12698 12138 1661
internal_count=21504 8806 7145 12698 12138 1661
is_linear=0
shrinkage=0.035


Tree=15
num_leaves=7
num_cat=0
split_feature=10 9 6 8 3 7
split_gain=327.3 59.7721 80.0187 41.1765 53.1156 46.8736
threshold=176.28674603174605 1.0000000180025095e-35 0.68301270189221941 57.218333333333341 1.0000000180025095e-35 0.6830127018922193
decision_type=2 2 2 2 2 2
left_child=1 -1 -3 5 -5 -2
right_child=3 2 -4 4 -6 -7
leaf_value=0.0051121772240782098 0.0083173359839620754 -0.017556992986027052 0.0073672258771381094 0.0070806936240929248 0.014317197809113736 -0.028616893137797174
leaf_weight=1839 384 7957 1110 5737 4023 454
leaf_count=1839 384 7957 1110 5737 4023 454
internal_value=0.00043455 -0.00382186 -0.0049887 0.00481461 0.00545385 -0.00262813
internal_weight=21504 10906 9067 10598 9760 838
internal_count=21504 10906 9067 10598 9760 838
is_linear=0
shrinkage=0.035


Tree=16
num_leaves=7
num_cat=0
split_feature=10 9 6 10 9 3
split_gain=308.97 58.6902 48.3069 48.145 41.6112 31.3689
threshold=131.79587301587307 1.0000000180025095e-35 -0.93301270189221908 203.88904761904763 447.56333333333339 1.0000000180025095e-35
decision_type=2 2 2 2 2 2
left_child=1 5 -3 -2 -5 -1
right_child=3 2 -4 4 -6 -7
leaf_value=0.0087175733972394125 0.0016385771372936799 -0.15054212980364348 -0.015645270581453163 0.010559669832379456 0.015523932182168318 -0.045286306284465526
leaf_weight=967 4284 603 6004 8603 399 644
leaf_count=967 4284 603 6004 8603 399 644
internal_value=0.00044106 -0.00489293 -0.00635328 0.0037405 0.00519382 0.00109646
internal_weight=21504 8218 6607 13286 9002 1611
internal_count=21504 8218 6607 13286 9002 1611
is_linear=0
shrinkage=0.035


Tree=17
num_leaves=7
num_cat=0
split_feature=10 9 6 9 7 3
split_gain=291.987 56.8032 50.0049 48.0237 44.2602 30.1286
threshold=131.79587301587307 1.0000000180025095e-35 -0.93301270189221908 439.67222222222227 0.93301270189221952 1.0000000180025095e-35
decision_type=2 2 2 2 2 2
left_child=1 5 -3 4 -2 -1
right_child=3 2 -4 -5 -6 -7
leaf_value=0.0084124583283360192 0.0051692540341028576 -0.14527315526051596 -0.015097686111102295 0.014201831955134265 0.01306952556499121 -0.043701285564509237
leaf_weight=967 9891 603 6004 560 2835 644
leaf_count=967 9891 603 6004 560 2835 644
internal_value=0.000432923 -0.0047524 -0.00618909 0.0036404 0.00319832 0.00113989
internal_weight=21504 8218 6607 13286 12726 1611
internal_count=21504 8218 6607 13286 12726 1611
is_linear=0
shrinkage=0.035


Tree=18
num_leaves=7
num_cat=0
split_feature=10 9 6 9 7 3
split_gain=276.872 55.0115 50.6182 46.8516 42.8003 30.1286
threshold=131.79587301587307 1.0000000180025095e-35 -0.93301270189221908 439.67222222222227 0.93301270189221952 1.0000000180025095e-35
decision_type=2 2 2 2 2 2
left_child=1 5 -3 4 -2 -1
right_child=3 2 -4 -5 -6 -7
leaf_value=0.0081180222868442575 0.004988330142909266 -0.14018859482639789 -0.014569267097213722 0.013704767836704573 0.012612092170216515 -0.042171740569751412
leaf_weight=967 9891 603 6004 560 2835 644
leaf_count=967 9891 603 6004 560 2835 644
internal_value=0.000390607 -0.00465872 -0.00607256 0.00351396 0.00307732 0.00113989
internal_weight=21504 8218 6607 13286 12726 1611
internal_count=21504 8218 6607 13286 12726 1611
is_linear=0
shrinkage=0.035


Tree=19
num_leaves=7
num_cat=0
split_feature=10 6 9 9 8 11
split_gain=263.978 51.6224 69.1913 37.9561 37.5829 22.0165
threshold=176.28674603174605 0.68301270189221941 1.0000000180025095e-35 447.56333333333339 59.873333333333342 74.189397310921109
decision_type=2 2 2 2 2 2
left_child=1 2 -1 4 -2 -3
right_child=3 5 -4 -5 -6 -7
leaf_value=0.0052481613167748888 -0.0070739952405362867 0.0146061539850475 -0.015918213731935027 0.013748984565275341 0.0098313406007963806 0.0017010205038231032
leaf_weight=1839 818 347 7957 411 9369 763
leaf_count=1839 818 347 7957 411 9369 763
internal_value=0.000388979 -0.00343357 -0.00424416 0.00432258 0.00390091 0.00371737
internal_weight=21504 10906 9796 10598 10187 1110
internal_count=21504 10906 9796 10598 10187 1110
is_linear=0
shrinkage=0.035


Tree=20
num_leaves=7
num_cat=0
split_feature=10 9 6 9 7 3
split_gain=251.119 49.9046 54.5382 44.7913 42.6895 31.0799
threshold=128.51428571428576 1.0000000180025095e-35 -0.93301270189221908 439.67222222222227 0.93301270189221952 1.0000000180025095e-35
decision_type=2 2 2 2 2 2
left_child=1 5 -3 4 -2 -1
right_child=3 2 -4 -5 -6 -7
leaf_value=0.007649822006805241 0.0045577153416082351 -0.13472485652685623 -0.014469968780633577 0.012806644731650378 0.011930006531483586 -0.043294165156660798
leaf_weight=963 10135 570 5808 560 2843 625
leaf_count=963 10135 570 5808 560 2843 625
internal_value=0.000392234 -0.00453809 -0.00592021 0.00329345 0.00287464 0.00101322
internal_weight=21504 7966 6378 13538 12978 1588
internal_count=21504 7966 6378 13538 12978 1588
is_linear=0
shrinkage=0.035


Tree=21
num_leaves=7
num_cat=0
split_feature=10 9 6 3 8 10
split_gain=237.799 47.3158 63.8545 38.4315 62.566 33.2203
threshold=176.28674603174605 1.0000000180025095e-35 0.68301270189221941 1.0000000180025095e-35 62.475555555555566 365.20007936507938
decision_type=2 2 2 2 2 2
left_child=1 -1 -3 5 -5 -2
right_child=3 2 -4 4 -6 -7
leaf_value=0.0049129296007027895 0.0038713806483793392 -0.014949923250062011 0.0067642280687908859 -0.015612493938454272 0.012414187808437626 0.016088632293257077
leaf_weight=1839 5892 7957 1110 517 3987 202
leaf_count=1839 5892 7957 1110 517 3987 202
internal_value=0.000364566 -0.0032635 -0.00430167 0.00409803 0.00654939 0.00228548
internal_weight=21504 10906 9067 10598 4504 6094
internal_count=21504 10906 9067 10598 4504 6094
is_linear=0
shrinkage=0.035


Tree=22
num_leaves=7
num_cat=0
split_feature=10 9 6 9 7 3
split_gain=228.245 45.3511 57.5384 40.514 40.6403 29.6379
threshold=128.51428571428576 1.0000000180025095e-35 -0.93301270189221908 439.67222222222227 0.93301270189221952 -0.60785761079279388
decision_type=2 2 2 2 2 2
left_child=1 5 -3 4 -2 -1
right_child=3 2 -4 -5 -6 -7
leaf_value=0.0072106013456077461 0.0042651979336384427 -0.1294862392346641 -0.013455543076313249 0.011946941464978095 0.011195919705782634 -0.011760041287071971
leaf_weight=406 10135 570 5808 560 2843 1182
leaf_count=406 10135 570 5808 560 2843 1182
internal_value=0.000377587 -0.00432283 -0.00564038 0.00314351 0.0027452 0.000969163
internal_weight=21504 7966 6378 13538 12978 1588
internal_count=21504 7966 6378 13538 12978 1588
is_linear=0
shrinkage=0.035


Tree=23
num_leaves=7
num_cat=0
split_feature=10 9 6 10 3 3
split_gain=215.62 45.1613 59.9647 38.7936 35.7679 30.5693
threshold=127.49650793650795 1.0000000180025095e-35 -0.93301270189221908 203.88904761904763 1.0000000180025095e-35 1.0000000180025095e-35
decision_type=2 2 2 2 2 2
left_child=1 5 -3 -2 -5 -1
right_child=3 2 -4 4 -6 -7
leaf_value=0.0071806647325985302 0.0010782052444504298 -0.12495422086145086 -0.01313994392699896 0.0061192654639818074 0.011661257884584383 -0.041578131571357008
leaf_weight=960 4620 562 5747 5276 3726 613
leaf_count=960 4620 562 5747 5276 3726 613
internal_value=0.000358056 -0.00424902 -0.00557171 0.00302393 0.00436188 0.00105623
internal_weight=21504 7882 6309 13622 9002 1573
internal_count=21504 7882 6309 13622 9002 1573
is_linear=0
shrinkage=0.035


Tree=24
num_leaves=7
num_cat=0
split_feature=10 9 6 10 3 3
split_gain=207.593 42.9936 61.0075 37.0474 35.3032 28.2337
threshold=127.49650793650795 1.0000000180025095e-35 -0.93301270189221908 203.88904761904763 1.0000000180025095e-35 1.0000000180025095e-35
decision_type=2 2 2 2 2 2
left_child=1 5 -3 -2 -5 -1
right_child=3 2 -4 4 -6 -7
leaf_value=0.0069293414669575754 0.0010404680608946638 -0.12058082313130009 -0.012680045889554009 0.005905091172742457 0.011253113858623941 -0.040122896966359518
leaf_weight=960 4620 562 5747 5276 3726 613
leaf_count=960 4620 562 5747 5276 3726 613
internal_value=0.000333643 -0.00418686 -0.00547742 0.00294942 0.00425691 0.000989517
internal_weight=21504 7882 6309 13622 9002 1573
internal_count=21504 7882 6309 13622 9002 1573
is_linear=0
shrinkage=0.035


Tree=25
num_leaves=7
num_cat=0
split_feature=10 9 6 9 7 3
split_gain=195.139 38.3177 62.6313 36.7516 37.2068 28.7644
threshold=126.51476190476193 1.0000000180025095e-35 -0.93301270189221908 435.03722222222228 0.93301270189221952 1.0000000180025095e-35
decision_type=2 2 2 2 2 2
left_child=1 5 -3 4 -2 -1
right_child=3 2 -4 -5 -6 -7
leaf_value=0.0066185589568599421 0.003565631752300305 -0.11636049432170459 -0.012278733544672581 0.011273842758207359 0.010364831468408881 -0.039952552386349205
leaf_weight=952 10239 554 5691 631 2836 601
leaf_count=952 10239 554 5691 631 2836 601
internal_value=0.000345036 -0.00407488 -0.00529819 0.00285985 0.00246119 0.000844595
internal_weight=21504 7798 6245 13706 13075 1553
internal_count=21504 7798 6245 13706 13075 1553
is_linear=0
shrinkage=0.035


Tree=26
num_leaves=7
num_cat=0
split_feature=10 4 6 9 3 8
split_gain=183.273 44.7729 60.9109 34.8007 31.9272 59.4251
threshold=169.80611111111111 1.0000000180025095e-35 -1.0000000180025095e-35 1.0000000180025095e-35 1.0000000180025095e-35 77.006111111111125
decision_type=2 2 2 2 2 2
left_child=1 2 -1 -3 -2 -6
right_child=4 3 -4 -5 5 -7
leaf_value=-0.012947287073787277 0.0041550495293242798 0.0038100535804249064 0.0087583962795909232 -0.018417203149650539 -0.0097462526011520903 0.010886384592999449
leaf_weight=4464 6281 774 1418 3830 678 4059
leaf_count=4464 6281 774 1418 3830 678 4059
internal_value=0.000348291 -0.00296367 -0.000939997 -0.00554832 0.00350032 0.00566959
internal_weight=21504 10486 5882 4604 11018 4737
internal_count=21504 10486 5882 4604 11018 4737
is_linear=0
shrinkage=0.035


Tree=27
num_leaves=7
num_cat=0
split_feature=10 4 9 3 8 10
split_gain=170.784 42.823 37.2111 35.3912 56.258 34.7454
threshold=176.28674603174605 0.81174490092936691 1.0000000180025095e-35 1.0000000180025095e-35 62.475555555555566 365.20007936507938
decision_type=2 2 2 2 2 2
left_child=1 -1 -3 5 -5 -2
right_child=3 2 -4 4 -6 -7
leaf_value=-0.0043961608864779445 0.0026420774270435503 0.0094987376956800831 -0.027865415644583835 -0.015801019859588171 0.010538910217663134 0.014392457894578766
leaf_weight=9277 5892 274 1355 517 3987 202
leaf_count=9277 5892 274 1355 517 3987 202
internal_value=0.000372704 -0.00270193 -0.00793405 0.00353665 0.00588901 0.00179737
internal_weight=21504 10906 1629 10598 4504 6094
internal_count=21504 10906 1629 10598 4504 6094
is_linear=0
shrinkage=0.035


Tree=28
num_leaves=7
num_cat=0
split_feature=10 9 4 9 7 11
split_gain=162.155 35.7596 36.194 32.9563 33.8457 16.5381
threshold=126.51476190476193 130.3977777777778 1.0000000180025095e-35 435.03722222222228 0.93301270189221952 58.3998669410012
decision_type=2 2 2 2 2 2
left_child=1 2 -1 4 -2 -3
right_child=3 5 -4 -5 -6 -7
leaf_value=-0.00033452188211282599 0.0032400341894310227 -0.0019123179599650798 -0.017139172529777334 0.010145804417321368 0.0095733076026992409 -0.040830633990343423
leaf_weight=3380 10239 241 3100 631 2836 1077
leaf_count=3380 10239 241 3100 631 2836 1077
internal_value=0.000340153 -0.00368893 -0.00261919 0.0026326 0.00225509 -0.00894238
internal_weight=21504 7798 6480 13706 13075 1318
internal_count=21504 7798 6480 13706 13075 1318
is_linear=0
shrinkage=0.035


Tree=29
num_leaves=7
num_cat=0
split_feature=7 6 7 9 3 4
split_gain=150.8 66.2484 55.5257 48.5571 56.2159 44.4138
threshold=1.0000000180025095e-35 -0.6830127018922193 0.93301270189221952 1.0000000180025095e-35 -1.0000000180025095e-35 1.0000000180025095e-35
decision_type=2 2 2 2 2 2
left_child=3 5 -3 4 -1 -2
right_child=1 2 -4 -5 -6 -7
leaf_value=0.020834939087886153 0.010355707002030888 -0.00063107170631326653 0.0092509090157124278 -0.015492297058054385 -0.035046837006322114 0.012183937359647101
leaf_weight=374 1728 8544 2976 6062 668 1152
leaf_count=374 1728 8544 2976 6062 668 1152
internal_value=0.000349919 0.00240851 0.00122125 -0.00382266 0.00315436 0.0071555
internal_weight=21504 14400 11520 7104 1042 2880
internal_count=21504 14400 11520 7104 1042 2880
is_linear=0
shrinkage=0.035


Tree=30
num_leaves=7
num_cat=0
split_feature=10 4 6 9 3 8
split_gain=145.235 44.5141 61.0761 32.5104 30.4412 53.7553
threshold=168.44642857142858 1.0000000180025095e-35 -1.0000000180025095e-35 1.0000000180025095e-35 1.0000000180025095e-35 78.241666666666674
decision_type=2 2 2 2 2 2
left_child=1 2 -1 -3 -2 -6
right_child=4 3 -4 -5 5 -7
leaf_value=-0.011642012326396124 0.0034738944688131527 0.0042530458636501336 0.008639513816426905 -0.016675849226353803 -0.0081960830345068746 0.0098826822962511923
leaf_weight=4447 6319 774 1392 3789 696 4087
leaf_count=4447 6319 774 1392 3789 696 4087
internal_value=0.000380842 -0.0025906 -0.000566353 -0.00518021 0.00316491 0.00527122
internal_weight=21504 10402 5839 4563 11102 4783
internal_count=21504 10402 5839 4563 11102 4783
is_linear=0
shrinkage=0.035


Tree=31
num_leaves=7
num_cat=0
split_feature=10 9 6 10 7 6
split_gain=138.061 33.4923 70.6889 32.1117 29.5827 28.987
threshold=127.49650793650795 1.0000000180025095e-35 -0.93301270189221908 372.22809523809525 0.93301270189221952 -1.0000000180025095e-35
decision_type=2 2 2 2 2 2
left_child=1 -1 -3 4 -2 -5
right_child=3 2 -4 5 -6 -7
leaf_value=0.0029566028827253147 0.0031287624641548263 -0.10976365312068395 -0.0096898892546012239 0.013920849421816773 0.0089307150716250207 -0.013884901720569533
leaf_weight=1573 10354 562 5747 296 2936 36
leaf_count=1573 10354 562 5747 296 2936 36
internal_value=0.000374332 -0.00331219 -0.00445127 0.00250752 0.00223836 0.0132432
internal_weight=21504 7882 6309 13622 13290 332
internal_count=21504 7882 6309 13622 13290 332
is_linear=0
shrinkage=0.035


Tree=32
num_leaves=7
num_cat=0
split_feature=10 4 9 3 9 10
split_gain=129.152 45.1134 37.0599 32.6433 55.3735 36.3621
threshold=176.28674603174605 0.81174490092936691 1.0000000180025095e-35 1.0000000180025095e-35 254.32388888888892 365.20007936507938
decision_type=2 2 2 2 2 2
left_child=1 -1 -3 5 -5 -2
right_child=3 2 -4 4 -6 -7
leaf_value=-0.0034207508576861215 0.0018549060736010683 0.010184680837723168 -0.025084122256285271 0.011439853280431419 0.0046376181658433543 0.012498364869902528
leaf_weight=9277 5892 274 1355 1730 2774 202
leaf_count=9277 5892 274 1355 1730 2774 202
internal_value=0.000388979 -0.00228477 -0.00765491 0.00314039 0.00539956 0.00147006
internal_weight=21504 10906 1629 10598 4504 6094
internal_count=21504 10906 1629 10598 4504 6094
is_linear=0
shrinkage=0.035


Tree=33
num_leaves=7
num_cat=0
split_feature=7 6 4 7 9 3
split_gain=124.941 58.8718 44.6231 43.9205 42.3508 52.6276
threshold=1.0000000180025095e-35 -0.6830127018922193 1.0000000180025095e-35 0.93301270189221952 1.0000000180025095e-35 0.6078576107927941
decision_type=2 2 2 2 2 2
left_child=4 2 -2 -3 5 -1
right_child=1 3 -4 -5 -6 -7
leaf_value=0.016952681651216401 0.0094021829656753125 -0.00050041131102805062 0.01121937496307761 0.0080457848285628297 -0.014006655425769175 -0.1354091385975783
leaf_weight=637 1728 8544 1152 2976 6062 405
leaf_count=637 1728 8544 1152 2976 6062 405
internal_value=0.000369449 0.00224325 0.00671815 0.00112403 -0.00342857 0.00308725
internal_weight=21504 14400 2880 11520 7104 1042
internal_count=21504 14400 2880 11520 7104 1042
is_linear=0
shrinkage=0.035


Tree=34
num_leaves=7
num_cat=0
split_feature=10 4 9 10 6 7
split_gain=119.125 33.9016 39.2938 33.2013 28.987 23.8953
threshold=126.51476190476193 1.0000000180025095e-35 212.00111111111116 372.22809523809525 -1.0000000180025095e-35 0.93301270189221952
decision_type=2 2 2 2 2 2
left_child=1 2 -1 5 -5 -2
right_child=3 -3 -4 4 -6 -7
leaf_value=0.00038896249901836382 0.0029678688340712923 -0.017199281771974044 -0.039614787153767095 0.012867539550538269 -0.013842849265153842 0.0081368370075511412
leaf_weight=3876 10437 3416 506 296 36 2937
leaf_count=3876 10437 3416 506 296 36 2937
internal_value=0.000361311 -0.00309206 -0.00105407 0.00232618 0.0132432 0.00205421
internal_weight=21504 7798 4382 13706 332 13374
internal_count=21504 7798 4382 13706 332 13374
is_linear=0
shrinkage=0.035


Tree=35
num_leaves=7
num_cat=0
split_feature=10 10 4 9 6 8
split_gain=111.64 33.5108 31.348 37.4598 28.987 27.7236
threshold=127.49650793650795 372.22809523809525 1.0000000180025095e-35 212.00111111111116 -1.0000000180025095e-35 176.96222222222227
decision_type=2 2 2 2 2 2
left_child=2 -2 3 -1 -3 -4
right_child=1 4 5 -5 -6 -7
leaf_value=0.00037534881155272261 0.0043346651267823647 0.012417175666269424 -0.023122344007432873 -0.037655959566964416 -0.013358349540873463 0.00081562838558430395
leaf_weight=3916 13290 296 2746 518 36 702
leaf_count=3916 13290 296 2746 518 36 702
internal_value=0.000358056 0.0022763 -0.002957 -0.00101015 0.0132432 -0.00545955
internal_weight=21504 13622 7882 4434 332 3448
internal_count=21504 13622 7882 4434 332 3448
is_linear=0
shrinkage=0.035


Tree=36
num_leaves=7
num_cat=0
split_feature=7 7 7 9 3 3
split_gain=107.354 54.8385 59.7286 40.1676 50.2648 49.3217
threshold=1.0000000180025095e-35 0.6830127018922193 0.93301270189221952 1.0000000180025095e-35 0.87837969732492682 -1.0000000180025095e-35
decision_type=2 2 2 2 2 2
left_child=3 -2 -3 5 -5 -1
right_child=1 2 -4 4 -6 -7
leaf_value=0.019931262940566082 0.0081468236365554829 -0.0042006245030152935 0.0073276797848614702 -0.017033263699681878 0.0065865398626935483 -0.033938145123263062
leaf_weight=374 5760 5664 2976 5194 868 668
leaf_count=374 5760 5664 2976 5194 868 668
internal_value=0.000362939 0.00209985 0.000336188 -0.00315764 -0.00424872 0.00318792
internal_weight=21504 14400 8640 7104 6062 1042
internal_count=21504 14400 8640 7104 6062 1042
is_linear=0
shrinkage=0.035


Tree=37
num_leaves=7
num_cat=0
split_feature=10 10 4 10 9 6
split_gain=101.92 34.0144 30.1662 37.9701 32.6339 28.987
threshold=126.51476190476193 372.22809523809525 0.81174490092936691 74.485793650793667 172.0688888888894 -1.0000000180025095e-35
decision_type=2 2 2 2 2 2
left_child=2 -2 4 -4 -1 -3
right_child=1 5 3 -5 -6 -7
leaf_value=-0.0024312852735320157 0.00409435909992338 0.011697435690670561 -0.071187785542379242 -0.0084437890544025469 -0.031239379835434435 -0.013147276099413029
leaf_weight=5815 13374 296 562 604 817 36
leaf_count=5815 13374 296 562 604 817 36
internal_value=0.000375959 0.0021934 -0.00281831 -0.00800771 -0.00190487 0.0132432
internal_weight=21504 13706 7798 1166 6632 332
internal_count=21504 13706 7798 1166 6632 332
is_linear=0
shrinkage=0.035


Tree=38
num_leaves=7
num_cat=0
split_feature=10 4 9 9 10 3
split_gain=96.4348 42.6914 37.3494 33.2001 31.437 30.4351
threshold=168.44642857142858 0.81174490092936691 1.0000000180025095e-35 212.00111111111116 372.22809523809525 1.0000000180025095e-35
decision_type=2 2 2 2 2 2
left_child=1 3 -3 -1 5 -2
right_child=4 2 -4 -5 -6 -7
leaf_value=-0.00064038803743377232 0.0015358475511206839 0.011067626469353994 -0.022755211528546052 -0.018696667072797945 0.010160710819923586 0.0068179489555541921
leaf_weight=7572 6145 273 1300 1257 332 4625
leaf_count=7572 6145 273 1300 1257 332 4625
internal_value=0.000382469 -0.00203883 -0.00734911 -0.00109202 0.00265109 0.00232337
internal_weight=21504 10402 1573 8829 11102 10770
internal_count=21504 10402 1573 8829 11102 10770
is_linear=0
shrinkage=0.035


Tree=39
num_leaves=7
num_cat=0
split_feature=7 7 7 10 9 3
split_gain=95.195 55.0406 52.9104 37.9851 36.6548 48.4654
threshold=1.0000000180025095e-35 0.6830127018922193 0.93301270189221952 372.22809523809525 1.0000000180025095e-35 0.6078576107927941
decision_type=2 2 2 2 2 2
left_child=4 3 -3 -2 5 -1
right_child=1 2 -4 -5 -6 -7
leaf_value=0.016712423639758868 0.0073874802742643119 -0.0039359239106998819 0.0068330135052637256 0.010932400562799748 -0.012156213594016462 -0.12851788938606659
leaf_weight=637 5464 5664 2976 296 6062 405
leaf_count=637 5464 5664 2976 296 6062 405
internal_value=0.000374332 0.00200993 0.000243027 0.00465978 -0.00294089 0.00312081
internal_weight=21504 14400 8640 5760 7104 1042
internal_count=21504 14400 8640 5760 7104 1042
is_linear=0
shrinkage=0.035


Tree=40
num_leaves=7
num_cat=0
split_feature=10 10 9 4 6 8
split_gain=90.8666 34.9927 31.3144 35.5333 28.987 26.297
threshold=120.73230158730161 372.22809523809525 122.0127777777778 1.0000000180025095e-35 -1.0000000180025095e-35 44.006666666666675
decision_type=2 2 2 2 2 2
left_child=2 5 3 -1 -3 -2
right_child=1 4 -4 -5 -6 -7
leaf_value=0.0016413452073395574 -0.014194881200224356 0.010549766543101772 -0.026578997710786773 -0.012656950828523295 -0.013281901787315153 0.0044647555577878098
leaf_weight=3200 1172 296 1294 2884 36 12622
leaf_count=3200 1172 296 1294 2884 36 12622
internal_value=0.000387352 0.00203157 -0.00276054 -0.0017083 0.0132432 0.00176078
internal_weight=21504 14126 7378 6084 332 13794
internal_count=21504 14126 7378 6084 332 13794
is_linear=0
shrinkage=0.035


Tree=41
num_leaves=7
num_cat=0
split_feature=7 7 7 10 9 3
split_gain=86.3549 54.036 45.5529 36.4047 34.7975 52.6323
threshold=1.0000000180025095e-35 0.6830127018922193 0.93301270189221952 372.22809523809525 1.9327777777777779 -1.0000000180025095e-35
decision_type=2 2 2 2 2 2
left_child=4 3 -3 -2 5 -1
right_child=1 2 -4 -5 -6 -7
leaf_value=0.01894482664943084 0.0070214224688917035 -0.0036968354173114019 0.0064375915880569281 0.010180524714093201 -0.0115788164028243 -0.028635574236079972
leaf_weight=393 5464 5664 2976 296 5999 712
leaf_count=393 5464 5664 2976 296 5999 712
internal_value=0.000379214 0.00193702 0.000186321 0.00456258 -0.00277833 0.00292722
internal_weight=21504 14400 8640 5760 7104 1105
internal_count=21504 14400 8640 5760 7104 1105
is_linear=0
shrinkage=0.035


Tree=42
num_leaves=7
num_cat=0
split_feature=10 4 10 11 10 6
split_gain=80.5893 31.2389 33.7831 33.6957 29.8774 27.1606
threshold=120.73230158730161 0.81174490092936691 71.703095238095258 49.727811085223443 372.22809523809525 -1.0000000180025095e-35
decision_type=2 2 2 2 2 2
left_child=1 3 -3 -1 -2 -6
right_child=4 2 -4 -5 5 -7
leaf_value=0.0059992827486121678 0.0034376560982893193 -0.066626061316009122 -0.0065964497284847082 -0.014823354590726711 0.0098242063490999246 -0.013042350930341111
leaf_weight=1815 13794 526 577 4460 296 36
leaf_count=1815 13794 526 577 4460 296 36
internal_value=0.000388979 -0.00257555 -0.00800498 -0.00162006 0.00193742 0.0122973
internal_weight=21504 7378 1103 6275 14126 332
internal_count=21504 7378 1103 6275 14126 332
is_linear=0
shrinkage=0.035


Tree=43
num_leaves=7
num_cat=0
split_feature=7 7 8 9 3 3
split_gain=75.2269 52.0543 42.925 33.4125 50.4471 47.7925
threshold=1.0000000180025095e-35 0.6830127018922193 43.002777777777787 1.9327777777777779 -1.0000000180025095e-35 0.87837969732492682
decision_type=2 2 2 2 2 2
left_child=3 -2 -3 4 -1 -5
right_child=1 2 -4 5 -6 -7
leaf_value=0.018557912697566608 0.0069310338936488421 -0.037332454952138869 0.0023382836864897639 -0.014537054164746014 -0.027402453397320222 0.0073951136906376391
leaf_weight=393 5760 1406 7234 5137 712 862
leaf_count=393 5760 1406 7234 5137 712 862
internal_value=0.000410137 0.00186411 0.000145816 -0.00253695 0.0030538 -0.00356708
internal_weight=21504 14400 8640 7104 1105 5999
internal_count=21504 14400 8640 7104 1105 5999
is_linear=0
shrinkage=0.035


Tree=44
num_leaves=7
num_cat=0
split_feature=10 4 9 10 6 9
split_gain=73.9545 32.8457 41.2439 28.2826 26.9613 26.8773
threshold=138.66341269841271 1.0000000180025095e-35 212.00111111111116 372.22809523809525 -1.0000000180025095e-35 48.798888888888889
decision_type=2 2 2 2 2 2
left_child=1 2 -1 5 -5 -2
right_child=3 -3 -4 4 -6 -7
leaf_value=0.0020119480835724302 0.016018698948334485 -0.012474509052554296 -0.028347953830284874 0.0092377729406037373 -0.012667708576806295 0.0026492177595827029
leaf_weight=4247 771 3757 634 296 36 11763
leaf_count=4247 771 3757 634 296 36 11763
internal_value=0.000442688 -0.00206216 -0.000168476 0.00212443 0.0121922 0.0018568
internal_weight=21504 8638 4881 12866 332 12534
internal_count=21504 8638 4881 12866 332 12534
is_linear=0
shrinkage=0.035


Tree=45
num_leaves=7
num_cat=0
split_feature=10 9 4 10 6 8
split_gain=70.5163 29.5578 29.3165 28.958 26.7628 24.4536
threshold=120.73230158730161 122.0127777777778 1.0000000180025095e-35 372.22809523809525 -1.0000000180025095e-35 44.006666666666675
decision_type=2 2 2 2 2 2
left_child=1 2 -1 5 -5 -2
right_child=3 -3 -4 4 -6 -7
leaf_value=0.0017993745601972201 -0.013247122823157939 -0.02380809318555353 -0.010624820134248276 0.0089144508876826088 -0.012224338776618066 0.003872859377915339
leaf_weight=3200 1172 1294 2884 296 36 12622
leaf_count=3200 1172 1294 2884 296 36 12622
internal_value=0.000439433 -0.00233365 -0.00131142 0.00188787 0.0120871 0.00164154
internal_weight=21504 7378 6084 14126 332 13794
internal_count=21504 7378 6084 14126 332 13794
is_linear=0
shrinkage=0.035


Tree=46
num_leaves=7
num_cat=0
split_feature=8 7 9 4 3 9
split_gain=67.9158 59.6185 31.8307 38.7801 30.4144 26.5748
threshold=1.0000000180025095e-35 -0.25000000000000028 3.0111111111111115 -0.22252093395631442 0.6078576107927941 435.03722222222228
decision_type=2 2 2 2 2 2
left_child=2 4 3 -1 -2 -3
right_child=1 5 -4 -5 -6 -7
leaf_value=0.031217637219626736 -0.014797049087942084 0.0030839362243442817 -0.097364806131252105 -0.12101693738605027 0.0060971388967039622 0.0071862380969343036
leaf_weight=275 2891 14947 1433 231 1119 608
leaf_count=275 2891 14947 1433 231 1119 608
internal_value=0.00042804 0.00104735 -0.0058183 0.00172584 -0.00275742 0.00202832
internal_weight=21504 19565 1939 506 4010 15555
internal_count=21504 19565 1939 506 4010 15555
is_linear=0
shrinkage=0.035


Tree=47
num_leaves=7
num_cat=0
split_feature=8 7 3 9 4 9
split_gain=64.1553 56.6132 83.4222 30.4757 38.7801 27.7194
threshold=1.0000000180025095e-35 -0.68301270189221952 1.0000000180025095e-35 3.0111111111111115 -0.22252093395631442 435.03722222222228
decision_type=2 2 2 2 2 2
left_child=3 2 -2 4 -1 -3
right_child=1 5 -4 -5 -6 -7
leaf_value=0.030125019916939787 -0.051688092630213414 0.0022806282272826374 0.010970756890907726 -0.09395703791665827 -0.11678134457753851 0.0069347197635416108
leaf_weight=275 672 17709 576 1433 231 608
leaf_count=275 672 17709 576 1433 231 608
internal_value=0.00041502 0.00101694 -0.00619295 -0.00565593 0.00172584 0.00150849
internal_weight=21504 19565 1248 1939 506 18317
internal_count=21504 19565 1248 1939 506 18317
is_linear=0
shrinkage=0.035


Tree=48
num_leaves=7
num_cat=0
split_feature=7 7 3 9 3 3
split_gain=61.9696 43.594 39.3574 32.6651 58.6675 46.3564
threshold=1.0000000180025095e-35 0.6830127018922193 1.0000000180025095e-35 7.9955555555555566 0.6078576107927941 0.6078576107927941
decision_type=2 2 2 2 2 2
left_child=3 -2 -3 4 -1 -5
right_child=1 2 -4 5 -6 -7
leaf_value=0.015482779809859348 0.0061903195860764345 -0.0034605055367076701 0.0048850198581724532 -0.01435897435781899 -0.079508424709723108 0.0045001909165826737
leaf_weight=860 5760 4896 3744 4132 512 1600
leaf_count=860 5760 4896 3744 4132 512 1600
internal_value=0.000374332 0.00169398 0.000121514 -0.00230049 0.00254916 -0.00346154
internal_weight=21504 14400 8640 7104 1372 5732
internal_count=21504 14400 8640 7104 1372 5732
is_linear=0
shrinkage=0.035


Tree=49
num_leaves=7
num_cat=0
split_feature=8 7 4 10 11 11
split_gain=59.0601 64.4949 44.997 30.7475 26.7964 22.7286
threshold=43.002777777777787 -0.68301270189221952 0.81174490092936691 61.828412698412698 150.21617474191927 48.757191419025908
decision_type=2 2 2 2 2 2
left_child=2 5 3 -1 -3 -2
right_child=1 4 -4 -5 -6 -7
leaf_value=0.0055160363194201902 0.0025492763765259953 0.002459763662705945 -0.061191793085854242 -0.018654135410514406 0.013890882448649508 -0.043797540220552808
leaf_weight=1874 43 15439 533 2360 738 517
leaf_count=1874 43 15439 533 2360 738 517
internal_value=0.000393862 0.00137277 -0.00304268 -0.00183471 0.00177726 -0.0102941
internal_weight=21504 16737 4767 4234 16177 560
internal_count=21504 16737 4767 4234 16177 560
is_linear=0
shrinkage=0.035


Tree=50
num_leaves=7
num_cat=0
split_feature=8 7 3 10 4 3
split_gain=58.4318 53.4835 81.5995 30.6785 42.7811 31.0405
threshold=1.0000000180025095e-35 -0.68301270189221952 1.0000000180025095e-35 65.902222222222235 -0.22252093395631442 1.0000000180025095e-35
decision_type=2 2 2 2 2 2
left_child=3 2 -2 4 -1 -5
right_child=1 -3 -4 5 -6 -7
leaf_value=0.032599317952837943 -0.047928680344629361 0.0024539344922392516 0.011476538326259013 -0.098248496718692249 -0.084173451802346227 -0.010661023049906794
leaf_weight=343 672 18317 576 529 704 363
leaf_count=343 672 18317 576 529 704 363
internal_value=0.00040851 0.000982955 -0.00602482 -0.00538531 -0.00131918 -0.0101512
internal_weight=21504 19565 1248 1939 1047 892
internal_count=21504 19565 1248 1939 1047 892
is_linear=0
shrinkage=0.035


Tree=51
num_leaves=7
num_cat=0
split_feature=8 7 3 10 6 3
split_gain=55.6264 52.352 77.0898 31.0644 42.6616 30.4263
threshold=1.0000000180025095e-35 -0.68301270189221952 1.0000000180025095e-35 65.902222222222235 -0.6830127018922193 1.0000000180025095e-35
decision_type=2 2 2 2 2 2
left_child=3 2 -2 4 -1 -5
right_child=1 -3 -4 5 -6 -7
leaf_value=-0.081227380989264117 -0.046251176532567335 0.00236804678501088 0.011074859484839942 -0.094809799333538017 0.033889017221299611 -0.010287887243160061
leaf_weight=606 672 18317 576 529 441 363
leaf_count=606 672 18317 576 529 441 363
internal_value=0.000375959 0.000936446 -0.0059968 -0.00527706 -0.00118559 -0.0100728
internal_weight=21504 19565 1248 1939 1047 892
internal_count=21504 19565 1248 1939 1047 892
is_linear=0
shrinkage=0.035


Tree=52
num_leaves=7
num_cat=0
split_feature=10 9 8 7 4 3
split_gain=52.583 29.7519 29.6852 58.3055 27.4613 22.2869
threshold=115.57428571428575 122.0127777777778 44.006666666666675 0.6830127018922193 0.81174490092936691 1.0000000180025095e-35
decision_type=2 2 2 2 2 2
left_child=1 4 3 -2 -1 -4
right_child=2 -3 5 -5 -6 -7
leaf_value=-0.00017205242061472782 0.0046606947511534718 -0.022871837828695271 0.0014170306671559543 -0.1294185607149605 -0.023393304413357137 0.0053895334965860372
leaf_weight=4846 757 1154 7639 511 958 5639
leaf_count=4846 757 1154 7639 511 958 5639
internal_value=0.000359684 -0.00214255 0.00155668 -0.00355792 -0.00112145 0.00204533
internal_weight=21504 6958 14546 1268 5804 13278
internal_count=21504 6958 14546 1268 5804 13278
is_linear=0
shrinkage=0.035


Tree=53
num_leaves=7
num_cat=0
split_feature=8 7 3 9 4 8
split_gain=50.4864 48.5345 73.008 34.0918 29.091 20.3624
threshold=1.0000000180025095e-35 -0.68301270189221952 1.0000000180025095e-35 29.015000000000004 -0.22252093395631442 362.01333333333338
decision_type=2 2 2 2 2 2
left_child=3 2 -2 4 -1 -3
right_child=1 5 -4 -5 -6 -7
leaf_value=0.028896593106662607 -0.043916065139122218 0.0015114628358750728 0.010693261237592068 -0.083073774917589244 -0.064754637027726283 0.0070986075483645689
leaf_weight=317 672 15900 576 1130 492 2417
leaf_count=317 672 15900 576 1130 492 2417
internal_value=0.000397117 0.000931079 -0.0057446 -0.0049884 0.000496914 0.0013862
internal_weight=21504 19565 1248 1939 809 18317
internal_count=21504 19565 1248 1939 809 18317
is_linear=0
shrinkage=0.035


Tree=54
num_leaves=7
num_cat=0
split_feature=10 9 7 3 8 3
split_gain=49.7882 39.6074 26.396 67.0176 34.0948 23.4608
threshold=193.83404761904765 66.172222222222231 -0.68301270189221952 1.0000000180025095e-35 1.0000000180025095e-35 1.0000000180025095e-35
decision_type=2 2 2 2 2 2
left_child=2 -2 3 -1 -4 -3
right_child=1 5 4 -5 -6 -7
leaf_value=-0.042379002859252946 0.013904276625208644 0.0003543182415458146 -0.079047945939735534 0.010318997094276337 0.00059898065029436516 0.0049375090776452414
leaf_weight=672 474 5374 1899 576 8683 3826
leaf_count=672 474 5374 1899 576 8683 3826
internal_value=0.000366194 0.00222842 -0.00115671 -0.00596878 -0.00058868 0.00171938
internal_weight=21504 9674 11830 1248 10582 9200
internal_count=21504 9674 11830 1248 10582 9200
is_linear=0
shrinkage=0.035


Tree=55
num_leaves=7
num_cat=0
split_feature=7 7 7 9 3 3
split_gain=48.0928 38.1602 37.5007 26.7826 52.6449 39.6617
threshold=1.0000000180025095e-35 0.6830127018922193 0.93301270189221952 7.9955555555555566 0.6078576107927941 0.87837969732492682
decision_type=2 2 2 2 2 2
left_child=3 -2 -3 4 -1 -5
right_child=1 2 -4 5 -6 -7
leaf_value=0.014831403352285763 0.0055821013741262811 -0.0035030431796435483 0.0048933318140298226 -0.01254080490252025 -0.073351537987582538 0.0070267045965651193
leaf_weight=860 5760 5664 2976 4883 512 849
leaf_count=860 5760 5664 2976 4883 512 849
internal_value=0.000361311 0.00152385 5.26559e-05 -0.00199507 0.00239621 -0.0030464
internal_weight=21504 14400 8640 7104 1372 5732
internal_count=21504 14400 8640 7104 1372 5732
is_linear=0
shrinkage=0.035


Tree=56
num_leaves=7
num_cat=0
split_feature=10 4 6 9 9 3
split_gain=43.607 28.3091 46.0027 29.2072 24.2895 41.3728
threshold=169.80611111111111 1.0000000180025095e-35 -1.0000000180025095e-35 27.006666666666671 254.32388888888892 1.0000000180025095e-35
decision_type=2 2 2 2 2 2
left_child=1 2 -1 -3 5 -2
right_child=4 3 -4 -5 -6 -7
leaf_value=-0.0048415993792989935 0.0032081289489099079 0.00051884768054291544 0.0082888878427453544 -0.012384545244220464 0.00050445747260528871 0.0077910249569091098
leaf_weight=4464 3186 1788 1418 2816 5935 1897
leaf_count=4464 3186 1788 1418 2816 5935 1897
internal_value=0.000387352 -0.00122819 0.000380758 -0.00328339 0.00192486 0.00370033
internal_weight=21504 10486 5882 4604 11018 5083
internal_count=21504 10486 5882 4604 11018 5083
is_linear=0
shrinkage=0.035


Tree=57
num_leaves=7
num_cat=0
split_feature=8 7 3 9 4 3
split_gain=43.4345 44.6284 68.5302 36.4106 25.9981 20.0909
threshold=1.0000000180025095e-35 -0.68301270189221952 1.0000000180025095e-35 29.015000000000004 -0.22252093395631442 0.87837969732492682
decision_type=2 2 2 2 2 2
left_child=3 2 -2 4 -1 -5
right_child=1 -3 -4 5 -6 -7
leaf_value=0.030302247316765622 -0.040401669015732181 0.0021078454582792007 0.010447798798773654 -0.08073976034642881 -0.05849573002020448 0.030778742583045131
leaf_weight=317 672 18317 576 1007 492 123
leaf_count=317 672 18317 576 1007 492 123
internal_value=0.000385724 0.000880993 -0.00552042 -0.00460954 0.00105864 -0.0086649
internal_weight=21504 19565 1248 1939 809 1130
internal_count=21504 19565 1248 1939 809 1130
is_linear=0
shrinkage=0.035


Tree=58
num_leaves=7
num_cat=0
split_feature=10 9 4 6 9 3
split_gain=42.1727 41.0752 26.1089 37.1693 23.4396 20.8334
threshold=193.83404761904765 66.172222222222231 1.0000000180025095e-35 -1.0000000180025095e-35 7.9955555555555566 1.0000000180025095e-35
decision_type=2 2 2 2 2 2
left_child=2 -2 3 -1 -4 -3
right_child=1 5 4 -5 -6 -7
leaf_value=-0.0041900978202415303 0.012978692675238912 0.00019746425882584574 0.0031429617227432143 0.0063306751010501925 -0.0099401195995435301 0.0044612655121799554
leaf_weight=4824 474 5374 1170 1876 3960 3826
leaf_count=4824 474 5374 1170 1876 3960 3826
internal_value=0.000333643 0.00204755 -0.00106796 0.00037084 -0.00294679 0.00152918
internal_weight=21504 9674 11830 6700 5130 9200
internal_count=21504 9674 11830 6700 5130 9200
is_linear=0
shrinkage=0.035


Tree=59
num_leaves=7
num_cat=0
split_feature=8 7 3 9 4 3
split_gain=41.1078 46.3067 63.2155 35.4896 25.9981 19.72
threshold=1.0000000180025095e-35 -0.68301270189221952 1.0000000180025095e-35 29.015000000000004 -0.22252093395631442 0.87837969732492682
decision_type=2 2 2 2 2 2
left_child=3 2 -2 4 -1 -5
right_child=1 -3 -4 5 -6 -7
leaf_value=0.029388322084387283 -0.038726641770056358 0.0020271450149404661 0.010228779264525008 -0.07756596454831978 -0.056100475283513307 0.029848140016347013
leaf_weight=317 672 18317 576 1007 492 123
leaf_count=317 672 18317 576 1007 492 123
internal_value=0.000322251 0.000804073 -0.00571657 -0.00453737 0.00105864 -0.00854111
internal_weight=21504 19565 1248 1939 809 1130
internal_count=21504 19565 1248 1939 809 1130
is_linear=0
shrinkage=0.035


Tree=60
num_leaves=7
num_cat=0
split_feature=10 4 11 9 9 10
split_gain=40.1178 25.2828 32.8832 26.7304 24.4432 25.311
threshold=169.80611111111111 0.81174490092936691 70.730720464415569 212.00111111111116 50.006666666666675 220.11460317460322
decision_type=2 2 2 2 2 2
left_child=1 3 -3 -1 5 -2
right_child=4 2 -4 -5 -6 -7
leaf_value=0.00051051359096917939 0.006872391293687519 -0.036826167234295035 -0.0026821536207456689 -0.010561028823211336 0.0021454255707948435 0.013154675930779281
leaf_weight=7624 236 670 915 1277 10540 242
leaf_count=7624 236 670 915 1277 10540 242
internal_value=0.000291328 -0.00125822 -0.00532945 -0.000532745 0.00176604 0.00949896
internal_weight=21504 10486 1585 8901 11018 478
internal_count=21504 10486 1585 8901 11018 478
is_linear=0
shrinkage=0.035


Tree=61
num_leaves=7
num_cat=0
split_feature=10 9 4 9 9 7
split_gain=38.6507 24.968 20.4828 20.4431 31.4608 24.8529
threshold=115.57428571428575 122.0127777777778 0.81174490092936691 260.65833333333336 418.87 0.93301270189221952
decision_type=2 2 2 2 2 2
left_child=1 2 -1 5 -5 -2
right_child=3 -3 -4 4 -6 -7
leaf_value=4.9122494930327057e-05 0.0029796802918270098 -0.019231836982107942 -0.021000576728812153 -0.0020490209750263677 0.0055978836195338041 0.0084429983928290941
leaf_weight=4846 6742 1154 958 5485 848 1471
leaf_count=4846 6742 1154 958 5485 848 1471
internal_value=0.000299465 -0.00184581 -0.000910422 0.0013257 -0.000168535 0.00247778
internal_weight=21504 6958 5804 14546 6333 8213
internal_count=21504 6958 5804 14546 6333 8213
is_linear=0
shrinkage=0.035


Tree=62
num_leaves=7
num_cat=0
split_feature=8 7 3 9 4 3
split_gain=37.874 44.2552 59.7933 33.5657 29.6926 23.0055
threshold=1.0000000180025095e-35 -0.68301270189221952 1.0000000180025095e-35 20.786666666666672 -0.22252093395631442 0.87837969732492682
decision_type=2 2 2 2 2 2
left_child=3 2 -2 4 -1 -5
right_child=1 -3 -4 5 -6 -7
leaf_value=0.029470386776026029 -0.036926587542161299 0.001954121277071539 0.009851184727260166 -0.074764360242251526 -0.072644783222147402 0.026136892031767056
leaf_weight=292 672 18317 576 1096 407 144
leaf_count=292 672 18317 576 1096 407 144
internal_value=0.000307603 0.000770086 -0.00560448 -0.00435696 0.001775 -0.00781225
internal_weight=21504 19565 1248 1939 699 1240
internal_count=21504 19565 1248 1939 699 1240
is_linear=0
shrinkage=0.035


Tree=63
num_leaves=7
num_cat=0
split_feature=7 3 8 9 9 8
split_gain=37.0221 56.7941 42.0351 33.2024 20.0416 17.5973
threshold=-0.68301270189221952 1.0000000180025095e-35 1.0000000180025095e-35 28.115000000000006 27.006666666666671 371.97277777777782
decision_type=2 2 2 2 2 2
left_child=1 -1 3 -2 -3 -4
right_child=2 4 5 -5 -6 -7
leaf_value=-0.035634156978185644 0.012304498329529538 0.013151138755162941 0.0012096264525655953 -0.067891064175834029 -0.001687217717258336 0.0063542828843565994
leaf_weight=672 794 150 16196 1145 426 2121
leaf_count=672 794 150 16196 1145 426 2121
internal_value=0.000271797 -0.00557646 0.000632374 -0.00426675 0.002487 0.00115119
internal_weight=21504 1248 20256 1939 576 18317
internal_count=21504 1248 20256 1939 576 18317
is_linear=0
shrinkage=0.035


Tree=64
num_leaves=7
num_cat=0
split_feature=8 7 3 9 4 3
split_gain=35.4963 41.3411 56.0735 32.6725 26.399 18.4785
threshold=1.0000000180025095e-35 -0.68301270189221952 1.0000000180025095e-35 28.115000000000006 -0.22252093395631442 0.87837969732492682
decision_type=2 2 2 2 2 2
left_child=3 2 -2 4 -1 -5
right_child=1 -3 -4 5 -6 -7
leaf_value=0.027179828439455395 -0.034386961483949152 0.0018258765058737671 0.0091621427271155048 -0.069877803197502059 -0.052148793251555504 0.027598288056809389
leaf_weight=313 672 18317 576 1018 481 127
leaf_count=313 672 18317 576 1018 481 127
internal_value=0.000249012 0.000696744 -0.00546437 -0.00426675 0.00118868 -0.00804756
internal_weight=21504 19565 1248 1939 794 1145
internal_count=21504 19565 1248 1939 794 1145
is_linear=0
shrinkage=0.035


Tree=65
num_leaves=7
num_cat=0
split_feature=8 7 3 9 4 3
split_gain=34.3982 39.1778 50.8417 32.0276 26.399 18.2104
threshold=1.0000000180025095e-35 -0.68301270189221952 1.0000000180025095e-35 28.115000000000006 -0.22252093395631442 0.87837969732492682
decision_type=2 2 2 2 2 2
left_child=3 2 -2 4 -1 -5
right_child=1 -3 -4 5 -6 -7
leaf_value=0.026228534444074466 -0.033183417832010932 0.0017619708281681979 0.0088414677316664674 -0.067432080085589499 -0.050323585487751066 0.026632347974821061
leaf_weight=313 672 18317 576 1018 481 127
leaf_count=313 672 18317 576 1018 481 127
internal_value=0.000232737 0.00067349 -0.00532426 -0.00421263 0.00118868 -0.00795593
internal_weight=21504 19565 1248 1939 794 1145
internal_count=21504 19565 1248 1939 794 1145
is_linear=0
shrinkage=0.035


Tree=66
num_leaves=7
num_cat=0
split_feature=10 9 4 6 8 3
split_gain=33.8112 43.0423 23.1938 31.0253 22.755 18.282
threshold=193.83404761904765 66.172222222222231 1.0000000180025095e-35 -1.0000000180025095e-35 17.304444444444449 1.0000000180025095e-35
decision_type=2 2 2 2 2 2
left_child=2 -2 3 -1 -4 -3
right_child=1 5 4 -5 -6 -7
leaf_value=-0.0034109714456134468 0.011596114842249495 -0.00024818480492790675 -0.051609953022283016 0.0057366409276198233 -0.0029372565173789414 0.0040182120420661294
leaf_weight=4824 474 5374 1183 1876 3947 3826
leaf_count=4824 474 5374 1183 1876 3947 3826
internal_value=0.000201814 0.00173643 -0.00105317 0.00030294 -0.00282401 0.00120585
internal_weight=21504 9674 11830 6700 5130 9200
internal_count=21504 9674 11830 6700 5130 9200
is_linear=0
shrinkage=0.035


Tree=67
num_leaves=7
num_cat=0
split_feature=8 7 3 9 4 3
split_gain=33.1956 37.0878 48.5652 32.6479 25.0825 18.2104
threshold=1.0000000180025095e-35 -0.68301270189221952 1.0000000180025095e-35 28.115000000000006 -0.22252093395631442 0.87837969732492682
decision_type=2 2 2 2 2 2
left_child=3 2 -2 4 -1 -5
right_child=1 -3 -4 5 -6 -7
leaf_value=0.02542991973912833 -0.031655030442039191 0.0017001274888204733 0.0086514003616546212 -0.06326560892681396 -0.048442875995083304 0.025819599796298793
leaf_weight=313 672 18317 576 1018 481 127
leaf_count=313 672 18317 576 1018 481 127
internal_value=0.000190421 0.000623403 -0.00521217 -0.00417655 0.00127673 -0.00795593
internal_weight=21504 19565 1248 1939 794 1145
internal_count=21504 19565 1248 1939 794 1145
is_linear=0
shrinkage=0.035


Tree=68
num_leaves=7
num_cat=0
split_feature=8 7 3 9 4 3
split_gain=33.0495 35.6693 45.1596 32.337 23.9298 18.2104
threshold=1.0000000180025095e-35 -0.68301270189221952 1.0000000180025095e-35 28.115000000000006 -0.22252093395631442 0.87837969732492682
decision_type=2 2 2 2 2 2
left_child=3 2 -2 4 -1 -5
right_child=1 -3 -4 5 -6 -7
leaf_value=0.024539872548258838 -0.03054710437656781 0.001640623026711743 0.0083486013489967141 -0.061051312614375464 -0.046747375335255387 0.024915913803428339
leaf_weight=313 672 18317 576 1018 481 127
leaf_count=313 672 18317 576 1018 481 127
internal_value=0.000162753 0.000594782 -0.0051281 -0.00419459 0.0012327 -0.00795593
internal_weight=21504 19565 1248 1939 794 1145
internal_count=21504 19565 1248 1939 794 1145
is_linear=0
shrinkage=0.035


Tree=69
num_leaves=7
num_cat=0
split_feature=8 7 3 9 4 3
split_gain=32.0652 34.5339 44.4587 32.9602 23.3731 18.2104
threshold=1.0000000180025095e-35 -0.68301270189221952 1.0000000180025095e-35 28.115000000000006 -0.22252093395631442 0.87837969732492682
decision_type=2 2 2 2 2 2
left_child=3 2 -2 4 -1 -5
right_child=1 -3 -4 5 -6 -7
leaf_value=0.023680977009069796 -0.02947795572338794 0.00158320122077682 0.0080564003017818166 -0.05891451667287232 -0.045111217198521458 0.024043856820308341
leaf_weight=313 672 18317 576 1018 481 127
leaf_count=313 672 18317 576 1018 481 127
internal_value=0.000133457 0.000559005 -0.00507206 -0.00415851 0.00132075 -0.00795593
internal_weight=21504 19565 1248 1939 794 1145
internal_count=21504 19565 1248 1939 794 1145
is_linear=0
shrinkage=0.035


Tree=70
num_leaves=7
num_cat=0
split_feature=10 9 4 6 8 10
split_gain=31.6076 43.5482 21.2577 26.4558 22.1751 16.6331
threshold=193.83404761904765 66.172222222222231 1.0000000180025095e-35 -1.0000000180025095e-35 17.304444444444449 220.11460317460322
decision_type=2 2 2 2 2 2
left_child=2 5 3 -1 -4 -2
right_child=1 -3 4 -5 -6 -7
leaf_value=-0.0037852034212786205 0.0061151331992485023 0.0015969762115354549 -0.044585544805485169 0.0053635201843822717 -0.0028368470645531189 0.011257149375066359
leaf_weight=4824 158 9200 1183 1876 3947 316
leaf_count=4824 158 9200 1183 1876 3947 316
internal_value=0.00011881 0.00160258 -0.00109458 0.000203701 -0.0027899 0.0119368
internal_weight=21504 9674 11830 6700 5130 474
internal_count=21504 9674 11830 6700 5130 474
is_linear=0
shrinkage=0.035


Tree=71
num_leaves=7
num_cat=0
split_feature=8 9 7 3 4 3
split_gain=31.2136 33.9062 33.0653 41.5963 22.5503 18.2104
threshold=1.0000000180025095e-35 28.115000000000006 -0.68301270189221952 1.0000000180025095e-35 -0.22252093395631442 0.87837969732492682
decision_type=2 2 2 2 2 2
left_child=1 4 3 -2 -1 -3
right_child=2 5 -4 -5 -6 -7
leaf_value=0.022984624933497105 -0.028296745640652224 -0.055662282515947209 0.0015096298853116297 0.0079344966594442051 -0.04339984247682846 0.023334803951342301
leaf_weight=313 672 1018 18317 576 481 127
leaf_count=313 672 1018 18317 576 481 127
internal_value=0.000130202 -0.00410438 0.000550061 -0.00495997 0.00145283 -0.00795593
internal_weight=21504 1939 19565 1248 794 1145
internal_count=21504 1939 19565 1248 794 1145
is_linear=0
shrinkage=0.035


Tree=72
num_leaves=7
num_cat=0
split_feature=8 9 7 3 4 8
split_gain=30.4228 34.0037 32.7868 40.1452 22.2793 17.4382
threshold=1.0000000180025095e-35 28.115000000000006 -0.68301270189221952 1.0000000180025095e-35 -0.22252093395631442 371.97277777777782
decision_type=2 2 2 2 2 2
left_child=1 4 3 -2 -1 -4
right_child=2 -3 5 -5 -6 -7
leaf_value=0.022180163060824706 -0.027306359543229387 -0.050530847468337553 0.00087604637282333818 0.0076567892763636678 -0.041880847990139469 0.0056041152070103678
leaf_weight=313 672 1145 16196 576 481 2121
leaf_count=313 672 1145 16196 576 481 2121
internal_value=0.000112299 -0.0040683 0.000526807 -0.00495997 0.00149686 0.00090089
internal_weight=21504 1939 19565 1248 794 18317
internal_count=21504 1939 19565 1248 794 18317
is_linear=0
shrinkage=0.035


Tree=73
num_leaves=7
num_cat=0
split_feature=8 9 7 3 4 3
split_gain=29.3137 33.3457 31.7618 38.7745 22.2793 17.856
threshold=1.0000000180025095e-35 28.115000000000006 -0.68301270189221952 1.0000000180025095e-35 -0.22252093395631442 0.87837969732492682
decision_type=2 2 2 2 2 2
left_child=1 4 3 -2 -1 -3
right_child=2 5 -4 -5 -6 -7
leaf_value=0.021403857353695835 -0.026350636959216366 -0.051945522966497244 0.0014147707708059266 0.0073888016516909533 -0.040415018310484593 0.024286665474437138
leaf_weight=313 672 1018 18317 576 481 127
leaf_count=313 672 1018 18317 576 481 127
internal_value=8.95141e-05 -0.00401418 0.000496397 -0.00490392 0.00149686 -0.00783377
internal_weight=21504 1939 19565 1248 794 1145
internal_count=21504 1939 19565 1248 794 1145
is_linear=0
shrinkage=0.035


Tree=74
num_leaves=7
num_cat=0
split_feature=8 9 7 3 4 3
split_gain=28.5017 32.9106 31.1198 37.0544 21.5999 17.68
threshold=1.0000000180025095e-35 28.115000000000006 -0.68301270189221952 1.0000000180025095e-35 -0.22252093395631442 0.87837969732492682
decision_type=2 2 2 2 2 2
left_child=1 4 3 -2 -1 -3
right_child=2 5 -4 -5 -6 -7
leaf_value=0.020654722346316479 -0.025428364665643792 -0.050127429662669837 0.0013652537938277211 0.0071301935938817848 -0.03900049266961763 0.023436632182831846
leaf_weight=313 672 1018 18317 576 481 127
leaf_count=313 672 1018 18317 576 481 127
internal_value=6.83562e-05 -0.00397809 0.000469565 -0.0048759 0.00149686 -0.00777269
internal_weight=21504 1939 19565 1248 794 1145
internal_count=21504 1939 19565 1248 794 1145
is_linear=0
shrinkage=0.035


Tree=75
num_leaves=7
num_cat=0
split_feature=10 9 4 11 9 10
split_gain=27.482 43.6175 19.2387 25.5412 20.9106 16.901
threshold=193.83404761904765 66.172222222222231 1.0000000180025095e-35 48.757191419025908 27.006666666666671 220.11460317460322
decision_type=2 2 2 2 2 2
left_child=2 5 3 -1 -4 -2
right_child=1 -3 4 -5 -6 -7
leaf_value=0.011911583495274708 0.0055548215992813838 0.0013480952271374958 0.00082500202156796218 -0.0018336896697837936 -0.009490236024814587 0.010682349618142127
leaf_weight=1322 158 9200 1860 5378 3270 316
leaf_count=1322 158 9200 1860 5378 3270 316
internal_value=6.34736e-05 0.00144703 -0.00106796 0.000167139 -0.00268076 0.0117895
internal_weight=21504 9674 11830 6700 5130 474
internal_count=21504 9674 11830 6700 5130 474
is_linear=0
shrinkage=0.035


Tree=76
num_leaves=7
num_cat=0
split_feature=10 9 10 9 6 3
split_gain=27.463 24.3633 26.7587 20.0378 39.2699 15.965
threshold=169.80611111111111 50.006666666666675 220.11460317460322 7.9955555555555566 -0.93301270189221908 1.0000000180025095e-35
decision_type=2 2 2 2 2 2
left_child=3 2 -2 -1 -5 -3
right_child=1 5 -4 4 -6 -7
leaf_value=0.0037847157276137372 0.0032708589688455274 -0.00055570900279438683 0.010747777047466012 -0.04512553532648246 -0.0018780024460672486 0.0030789797958477518
leaf_weight=2208 236 6064 242 1005 7273 4476
leaf_count=2208 236 6064 242 1005 7273 4476
internal_value=4.71983e-05 0.00126736 0.00898747 -0.00123486 -0.002025 0.000916422
internal_weight=21504 11018 478 10486 8278 10540
internal_count=21504 11018 478 10486 8278 10540
is_linear=0
shrinkage=0.035


Tree=77
num_leaves=7
num_cat=0
split_feature=8 9 7 3 4 3
split_gain=27.2022 33.103 30.1214 35.0627 21.0711 16.728
threshold=1.0000000180025095e-35 28.115000000000006 -0.68301270189221952 1.0000000180025095e-35 -0.22252093395631442 0.87837969732492682
decision_type=2 2 2 2 2 2
left_child=1 4 3 -2 -1 -3
right_child=2 5 -4 -5 -6 -7
leaf_value=0.019459145759557379 -0.024353019725628412 -0.04672939674960707 0.001292506013798116 0.0070309295652394551 -0.038184845898982106 0.022265174719710481
leaf_weight=313 672 1018 18317 576 481 127
leaf_count=313 672 1018 18317 576 481 127
internal_value=4.71983e-05 -0.00390593 0.000439155 -0.00481986 0.00158491 -0.00771161
internal_weight=21504 1939 19565 1248 794 1145
internal_count=21504 1939 19565 1248 794 1145
is_linear=0
shrinkage=0.035


Tree=78
num_leaves=7
num_cat=0
split_feature=8 9 7 3 4 8
split_gain=26.5085 34.2718 27.0875 31.8952 20.2902 16.595
threshold=1.0000000180025095e-35 28.115000000000006 -0.68301270189221952 0.87837969732492682 -0.22252093395631442 371.97277777777782
decision_type=2 2 2 2 2 2
left_child=1 4 3 -2 -1 -4
right_child=2 -3 5 -5 -6 -7
leaf_value=0.018778075657972862 -0.021407083288950458 -0.041910612703819322 0.00070236087472211664 0.011038443671921893 -0.036848376292517727 0.005110575399337223
leaf_weight=313 1056 1145 16196 192 481 2121
leaf_count=313 1056 1145 16196 192 481 2121
internal_value=3.25506e-05 -0.00386985 0.000419478 -0.00456765 0.00171698 0.000759499
internal_weight=21504 1939 19565 1248 794 18317
internal_count=21504 1939 19565 1248 794 18317
is_linear=0
shrinkage=0.035


Tree=79
num_leaves=7
num_cat=0
split_feature=8 9 7 3 4 3
split_gain=26.0882 33.5143 25.4171 32.1306 19.2548 17.4178
threshold=1.0000000180025095e-35 28.115000000000006 -0.68301270189221952 1.0000000180025095e-35 -0.22252093395631442 0.87837969732492682
decision_type=2 2 2 2 2 2
left_child=1 4 3 -2 -1 -3
right_child=2 5 -4 -5 -6 -7
leaf_value=0.018120843009943825 -0.022751416120118158 -0.04362699641873715 0.0012199160520935282 0.0074885013993271571 -0.035558683122279611 0.022952765049154285
leaf_weight=313 672 1018 18317 576 481 127
leaf_count=313 672 1018 18317 576 481 127
internal_value=1.95303e-05 -0.0038518 0.000403378 -0.00442754 0.00167296 -0.00768106
internal_weight=21504 1939 19565 1248 794 1145
internal_count=21504 1939 19565 1248 794 1145
is_linear=0
shrinkage=0.035


Tree=80
num_leaves=7
num_cat=0
split_feature=8 9 7 3 4 3
split_gain=24.9313 35.3357 24.5895 31.5398 18.0193 16.728
threshold=1.0000000180025095e-35 28.115000000000006 -0.68301270189221952 1.0000000180025095e-35 -0.22252093395631442 0.87837969732492682
decision_type=2 2 2 2 2 2
left_child=1 4 3 -2 -1 -3
right_child=2 5 -4 -5 -6 -7
leaf_value=0.017486613504595776 -0.021955116555914016 -0.042100051544081349 0.0011772189902702524 0.0072264038503507162 -0.034314129212999825 0.022149418272433882
leaf_weight=313 672 1018 18317 576 481 127
leaf_count=313 672 1018 18317 576 481 127
internal_value=4.88259e-06 -0.00377964 0.000380124 -0.0043715 0.00189308 -0.00771161
internal_weight=21504 1939 19565 1248 794 1145
internal_count=21504 1939 19565 1248 794 1145
is_linear=0
shrinkage=0.035


Tree=81
num_leaves=7
num_cat=0
split_feature=8 11 7 8 9 7
split_gain=24.1299 27.128 27.7963 18.6684 37.8734 20.2523
threshold=366.88388888888898 55.282240367790344 1.0000000180025095e-35 1.0000000180025095e-35 28.115000000000006 -0.68301270189221952
decision_type=2 2 2 2 2 2
left_child=3 -2 -3 4 -1 -5
right_child=1 2 -4 5 -6 -7
leaf_value=0.0085586234652535158 -0.012134545094434285 -0.0054222158973112359 0.0066850683684752579 -0.015999401934415604 -0.037443294580487001 0.00057896286863189821
leaf_weight=794 148 191 1930 1248 1145 16048
leaf_count=794 148 191 1930 1248 1145 16048
internal_value=-1.30202e-05 0.00339978 0.00441211 -0.000415757 -0.00367139 -5.05868e-05
internal_weight=21504 2269 2121 19235 1939 17296
internal_count=21504 2269 2121 19235 1939 17296
is_linear=0
shrinkage=0.035


Tree=82
num_leaves=7
num_cat=0
split_feature=8 9 11 7 9 3
split_gain=24.5468 35.3357 22.3237 27.0039 21.892 18.2881
threshold=1.0000000180025095e-35 28.115000000000006 118.93953934363962 -0.68301270189221952 219.10944444444445 -1.0000000180025095e-35
decision_type=2 2 2 2 2 2
left_child=1 5 3 -2 -4 -1
right_child=2 -3 4 -5 -6 -7
leaf_value=0.017856613145301712 -0.017372153283899017 -0.036132779270169953 0.0082064912388581726 0.00028206075704145578 -0.00022790092109833629 -0.047246484358664478
leaf_weight=267 1054 1145 2067 14732 1712 527
leaf_count=267 1054 1145 2067 14732 1712 527
internal_value=-2.44129e-05 -0.00377964 0.000347925 -0.000230569 0.00276389 0.00189308
internal_weight=21504 1939 19565 15786 3779 794
internal_count=21504 1939 19565 15786 3779 794
is_linear=0
shrinkage=0.035


Tree=83
num_leaves=7
num_cat=0
split_feature=8 9 7 3 4 3
split_gain=23.7396 35.7606 21.3242 29.8963 18.1492 17.4178
threshold=1.0000000180025095e-35 28.115000000000006 -0.68301270189221952 1.0000000180025095e-35 -0.22252093395631442 0.87837969732492682
decision_type=2 2 2 2 2 2
left_child=1 4 3 -2 -1 -3
right_child=2 5 -4 -5 -6 -7
leaf_value=0.01668492357822152 -0.02001868304381603 -0.038051387155265508 0.0010799182155396547 0.0077595801963643756 -0.031759059559275438 0.023949351217671687
leaf_weight=313 672 1018 18317 576 481 127
leaf_count=313 672 1018 18317 576 481 127
internal_value=-3.25506e-05 -0.00372552 0.000333614 -0.00409127 0.00198113 -0.00768106
internal_weight=21504 1939 19565 1248 794 1145
internal_count=21504 1939 19565 1248 794 1145
is_linear=0
shrinkage=0.035


Tree=84
num_leaves=7
num_cat=0
split_feature=8 9 11 7 3 9
split_gain=22.6775 37.0768 21.2538 25.8242 20.2489 20.234
threshold=1.0000000180025095e-35 28.115000000000006 118.93953934363962 -0.68301270189221952 -1.0000000180025095e-35 219.10944444444445
decision_type=2 2 2 2 2 2
left_child=1 4 3 -2 -1 -4
right_child=2 -3 5 -5 -6 -7
leaf_value=0.016647659359978393 -0.016136531369240058 -0.03353633344527971 0.0078814669079542467 0.00023439149300110709 -0.044481290321536589 -0.00023318825461423833
leaf_weight=267 1054 1145 2067 14732 527 1712
leaf_count=267 1054 1145 2067 14732 527 1712
internal_value=-4.39433e-05 -0.00365335 0.000313937 -0.000250523 0.00215723 0.0026713
internal_weight=21504 1939 19565 15786 794 3779
internal_count=21504 1939 19565 15786 794 3779
is_linear=0
shrinkage=0.035


Tree=85
num_leaves=7
num_cat=0
split_feature=8 9 7 3 4 3
split_gain=23.5326 35.4352 20.4484 29.9443 17.7771 17.4178
threshold=1.0000000180025095e-35 28.115000000000006 -0.68301270189221952 1.0000000180025095e-35 -0.22252093395631442 0.87837969732492682
decision_type=2 2 2 2 2 2
left_child=1 4 3 -2 -1 -3
right_child=2 5 -4 -5 -6 -7
leaf_value=0.016064991282379162 -0.018808693492022119 -0.035545816934246431 0.0010011175077400971 0.0075293740579624267 -0.029090647313447016 0.02428489559563796
leaf_weight=313 672 1018 18317 576 481 127
leaf_count=313 672 1018 18317 576 481 127
internal_value=-6.67287e-05 -0.00374356 0.000297838 -0.00403523 0.00193711 -0.00768106
internal_weight=21504 1939 19565 1248 794 1145
internal_count=21504 1939 19565 1248 794 1145
is_linear=0
shrinkage=0.035


Tree=86
num_leaves=7
num_cat=0
split_feature=8 9 7 3 3 3
split_gain=21.8233 37.7439 20.759 29.2789 19.1347 17.4178
threshold=1.0000000180025095e-35 28.115000000000006 -0.68301270189221952 1.0000000180025095e-35 -1.0000000180025095e-35 0.87837969732492682
decision_type=2 2 2 2 2 2
left_child=1 4 3 -2 -1 -3
right_child=2 5 -4 -5 -6 -7
leaf_value=0.015868360001518787 -0.01815038921980135 -0.034301713341547808 0.00096607839496919655 0.007265845965933747 -0.041906272504312156 0.023434924249790635
leaf_weight=267 672 1018 18317 576 527 127
leaf_count=267 672 1018 18317 576 527 127
internal_value=-7.64938e-05 -0.00361727 0.000274583 -0.00409127 0.00224528 -0.00768106
internal_weight=21504 1939 19565 1248 794 1145
internal_count=21504 1939 19565 1248 794 1145
is_linear=0
shrinkage=0.035


Tree=87
num_leaves=7
num_cat=0
split_feature=8 9 11 7 9 3
split_gain=22.9512 36.3148 20.299 24.5229 19.3669 17.0209
threshold=1.0000000180025095e-35 28.115000000000006 118.93953934363962 -0.68301270189221952 219.10944444444445 -1.0000000180025095e-35
decision_type=2 2 2 2 2 2
left_child=1 5 3 -2 -4 -1
right_child=2 -3 4 -5 -6 -7
leaf_value=0.015312967401465635 -0.014678949232854614 -0.029917898215042125 0.007536763709581039 0.00015733593415125037 -0.000293878522297546 -0.040439552966661227
leaf_weight=267 1054 1145 2067 14732 1712 527
leaf_count=267 1054 1145 2067 14732 1712 527
internal_value=-9.43967e-05 -0.00372552 0.000265639 -0.000285995 0.00256944 0.00202516
internal_weight=21504 1939 19565 15786 3779 794
internal_count=21504 1939 19565 15786 3779 794
is_linear=0
shrinkage=0.035


Tree=88
num_leaves=7
num_cat=0
split_feature=8 9 11 7 10 3
split_gain=23.8743 34.1487 19.3572 23.6058 19.1624 17.4178
threshold=1.0000000180025095e-35 28.115000000000006 118.93953934363962 -0.68301270189221952 271.52373015873019 0.87837969732492682
decision_type=2 2 2 2 2 2
left_child=1 -1 3 -2 -4 -3
right_child=2 5 4 -5 -6 -7
leaf_value=0.0065796877143102298 -0.014165186009704706 -0.032054026937067159 0.0016602429394482645 0.0001518291764559532 0.0078110260245093073 0.023661828338574446
leaf_weight=794 1054 1018 3010 14732 769 127
leaf_count=794 1054 1018 3010 14732 769 127
internal_value=-0.000112299 -0.00381572 0.000254906 -0.000283778 0.00250463 -0.00768106
internal_weight=21504 1939 19565 15786 3779 1145
internal_count=21504 1939 19565 15786 3779 1145
is_linear=0
shrinkage=0.035


Tree=89
num_leaves=7
num_cat=0
split_feature=8 9 10 9 3 4
split_gain=23.8324 34.1487 19.4092 26.5088 17.4178 15.8041
threshold=1.0000000180025095e-35 28.115000000000006 91.549682539682564 146.57333333333335 0.87837969732492682 0.81174490092936691
decision_type=2 2 2 2 2 2
left_child=1 5 3 -2 -3 -1
right_child=2 4 -4 -5 -6 -7
leaf_value=0.012154071602199862 -0.0025759960732187363 -0.030932135994269808 0.001173322880033998 -0.02844751304449647 0.022833664346724344 -0.079817354294993162
leaf_weight=720 3569 1018 15766 230 127 74
leaf_count=720 3569 1018 15766 230 127 74
internal_value=-0.000115555 -0.00381572 0.000251329 -0.00199408 -0.00768106 0.00176101
internal_weight=21504 1939 19565 3799 1145 794
internal_count=21504 1939 19565 3799 1145 794
is_linear=0
shrinkage=0.035


Tree=90
num_leaves=7
num_cat=0
split_feature=8 9 11 7 10 3
split_gain=24.1726 33.5143 18.75 22.3631 19.169 16.6428
threshold=1.0000000180025095e-35 28.115000000000006 118.93953934363962 -0.68301270189221952 271.52373015873019 0.87837969732492682
decision_type=2 2 2 2 2 2
left_child=1 -1 3 -2 -4 -3
right_child=2 5 4 -5 -6 -7
leaf_value=0.0059240061382324037 -0.013588947729115371 -0.029849511234470362 0.0015678342156573023 0.00012189787190793224 0.00749657381285029 0.022034486094588995
leaf_weight=794 1054 1018 3010 14732 769 127
leaf_count=794 1054 1018 3010 14732 769 127
internal_value=-0.00012532 -0.0038518 0.000244174 -0.000285995 0.00245833 -0.00768106
internal_weight=21504 1939 19565 15786 3779 1145
internal_count=21504 1939 19565 15786 3779 1145
is_linear=0
shrinkage=0.035


Tree=91
num_leaves=7
num_cat=0
split_feature=8 9 11 7 10 3
split_gain=24.6216 33.4175 18.5634 21.5074 19.2412 15.9686
threshold=1.0000000180025095e-35 28.115000000000006 118.93953934363962 -0.68301270189221952 271.52373015873019 0.87837969732492682
decision_type=2 2 2 2 2 2
left_child=1 -1 3 -2 -4 -3
right_child=2 5 4 -5 -6 -7
leaf_value=0.0057166659233942691 -0.013113334558596326 -0.028804778341263902 0.001512960018109304 0.00011763144639116875 0.0072341937294005294 0.021263279081278376
leaf_weight=794 1054 1018 3010 14732 769 127
leaf_count=794 1054 1018 3010 14732 769 127
internal_value=-0.000126947 -0.00388789 0.000245962 -0.000281561 0.00244907 -0.00771161
internal_weight=21504 1939 19565 15786 3779 1145
internal_count=21504 1939 19565 15786 3779 1145
is_linear=0
shrinkage=0.035


Tree=92
num_leaves=7
num_cat=0
split_feature=8 9 11 7 10 10
split_gain=25.3354 33.0067 18.009 19.8842 18.7522 15.9973
threshold=1.0000000180025095e-35 28.115000000000006 118.93953934363962 -0.68301270189221952 271.52373015873019 176.28674603174605
decision_type=2 2 2 2 2 2
left_child=1 -1 3 -2 -4 -3
right_child=2 5 4 -5 -6 -7
leaf_value=0.0055165826160754701 -0.012654367849045446 -0.026178393140310691 0.0014600064174754748 0.00011351434576746479 0.0069809969488714967 0.042584847298479597
leaf_weight=794 1054 1075 3010 14732 769 70
leaf_count=794 1054 1075 3010 14732 769 70
internal_value=-0.000126947 -0.00394201 0.000251329 -0.000268259 0.0024213 -0.00774215
internal_weight=21504 1939 19565 15786 3779 1145
internal_count=21504 1939 19565 15786 3779 1145
is_linear=0
shrinkage=0.035


Tree=93
num_leaves=7
num_cat=0
split_feature=8 9 11 6 10 3
split_gain=25.2922 32.4784 16.7277 26.5083 25.8338 15.9686
threshold=1.0000000180025095e-35 28.115000000000006 106.19735483122601 0.68301270189221941 350.34238095238101 0.87837969732492682
decision_type=2 2 2 2 2 2
left_child=1 -1 3 -2 -4 -3
right_child=2 5 4 -5 -6 -7
leaf_value=0.0053235022245128284 -0.0015816853732234738 -0.026880367339408791 0.0022478120605490971 0.0063989906081938002 0.0090645967729390264 0.021435308073344511
leaf_weight=794 11465 1018 6151 1823 126 127
leaf_count=794 11465 1018 6151 1823 126 127
internal_value=-0.000130202 -0.00394201 0.000247751 -0.00045564 0.00173662 -0.00771161
internal_weight=21504 1939 19565 13288 6277 1145
internal_count=21504 1939 19565 13288 6277 1145
is_linear=0
shrinkage=0.035


Tree=94
num_leaves=7
num_cat=0
split_feature=8 9 11 10 6 10
split_gain=25.7733 32.3831 16.0284 25.9261 25.4902 15.9973
threshold=1.0000000180025095e-35 28.115000000000006 106.19735483122601 350.34238095238101 0.68301270189221941 176.28674603174605
decision_type=2 2 2 2 2 2
left_child=1 -1 4 -4 -2 -3
right_child=2 5 3 -5 -6 -7
leaf_value=0.005137179646654895 -0.0015263263851606414 -0.024497341067860393 0.0021691386384298772 0.0087473358858861615 0.006175025936907024 0.042035190499912126
leaf_weight=794 11465 1075 6151 126 1823 70
leaf_count=794 11465 1075 6151 126 1823 70
internal_value=-0.000130202 -0.00397809 0.000251329 0.00170874 -0.000437204 -0.00774215
internal_weight=21504 1939 19565 6277 13288 1145
internal_count=21504 1939 19565 6277 13288 1145
is_linear=0
shrinkage=0.035


Tree=95
num_leaves=7
num_cat=0
split_feature=8 9 3 10 6 4
split_gain=26.149 31.2471 15.9686 15.8357 26.2653 15.1458
threshold=1.0000000180025095e-35 28.115000000000006 0.87837969732492682 91.549682539682564 -0.93301270189221908 -0.22252093395631442
decision_type=2 2 2 2 2 2
left_child=1 5 -3 4 -2 -1
right_child=3 2 -4 -5 -6 -7
leaf_value=0.014408751727258846 0.014831576666230483 -0.025082147545154369 0.02154247922815257 0.0010540475708341159 -0.0054911764753998588 -0.026812680121280595
leaf_weight=313 209 1018 127 15766 3590 481
leaf_count=313 209 1018 127 15766 3590 481
internal_value=-0.00013834 -0.00401418 -0.00771161 0.000245962 -0.00178224 0.00132075
internal_weight=21504 1939 1145 19565 3799 794
internal_count=21504 1939 1145 19565 3799 794
is_linear=0
shrinkage=0.035


Tree=96
num_leaves=7
num_cat=0
split_feature=8 9 10 11 9 8
split_gain=25.7733 31.8598 15.9369 15.3489 19.5399 18.2986
threshold=1.0000000180025095e-35 28.115000000000006 176.28674603174605 118.93953934363962 219.10944444444445 414.68388888888893
decision_type=2 2 2 2 2 2
left_child=1 -1 -3 5 -5 -2
right_child=3 2 -4 4 -6 -7
leaf_value=0.0045632322757847158 -0.0006739367439189015 -0.022762058966404874 0.041441833996495606 0.0065474512322746042 -0.00079057636993138292 0.0080203447959911692
leaf_weight=794 15416 1075 70 2067 1712 370
leaf_count=794 15416 1075 70 2067 1712 370
internal_value=-0.000130202 -0.00397809 -0.00771161 0.000251329 0.00225463 -0.000228352
internal_weight=21504 1939 1145 19565 3779 15786
internal_count=21504 1939 1145 19565 3779 15786
is_linear=0
shrinkage=0.035


Tree=97
num_leaves=7
num_cat=0
split_feature=8 9 3 4 11 10
split_gain=25.9717 31.0362 15.8853 14.9093 14.1634 26.2227
threshold=1.0000000180025095e-35 28.115000000000006 0.87837969732492682 0.81174490092936691 106.19735483122601 350.34238095238101
decision_type=2 2 2 2 2 2
left_child=1 3 -3 -1 -2 -6
right_child=4 2 -4 -5 5 -7
leaf_value=0.010935888920524925 -0.00064870266301798375 -0.023407600317249797 0.021585164518991402 -0.077211643999286483 0.0020355858308781995 0.0081273388343123913
leaf_weight=720 13288 1018 127 74 6151 126
leaf_count=720 13288 1018 127 74 6151 126
internal_value=-0.000133457 -0.00399613 -0.00768106 0.00132075 0.00024954 0.00161954
internal_weight=21504 1939 1145 794 19565 6277
internal_count=21504 1939 1145 794 19565 6277
is_linear=0
shrinkage=0.035


Tree=98
num_leaves=7
num_cat=0
split_feature=8 9 10 4 10 9
split_gain=26.5938 30.6404 15.9369 14.7334 13.8861 26.6839
threshold=1.0000000180025095e-35 28.115000000000006 176.28674603174605 0.81174490092936691 91.549682539682564 146.57333333333335
decision_type=2 2 2 2 2 2
left_child=1 3 -3 -1 5 -2
right_child=4 2 -4 -5 -6 -7
leaf_value=0.010553132808306553 -0.0020358383070145439 -0.021146120891476963 0.040810635817722006 -0.074509236459311456 0.0010431639525473925 -0.026084427149021438
leaf_weight=720 3569 1075 70 74 15766 230
leaf_count=720 3569 1075 70 74 15766 230
internal_value=-0.000141595 -0.00405026 -0.00771161 0.0012327 0.000245962 -0.00165329
internal_weight=21504 1939 1145 794 19565 3799
internal_count=21504 1939 1145 794 19565 3799
is_linear=0
shrinkage=0.035


Tree=99
num_leaves=7
num_cat=0
split_feature=8 9 3 4 8 7
split_gain=27.022 29.24 15.8853 14.3848 14.0358 24.2946
threshold=1.0000000180025095e-35 28.115000000000006 0.87837969732492682 0.81174490092936691 366.88388888888898 1.0000000180025095e-35
decision_type=2 2 2 2 2 2
left_child=1 3 -3 -1 -2 -6
right_child=4 2 -4 -5 5 -7
leaf_value=0.010183773160015831 -0.00016983927404884194 -0.021848220074944361 0.021569797992028409 -0.071901413183235549 -0.0061420919929295863 0.004784487769982167
leaf_weight=720 17296 1018 127 74 192 2077
leaf_count=720 17296 1018 127 74 192 2077
internal_value=-0.00016438 -0.00410438 -0.00768106 0.0010566 0.000226285 0.00281388
internal_weight=21504 1939 1145 794 19565 2269
internal_count=21504 1939 1145 794 19565 2269
is_linear=0
shrinkage=0.035


Tree=100
num_leaves=7
num_cat=0
split_feature=8 9 10 4 6 7
split_gain=27.932 28.2728 15.9369 14.0403 13.5042 22.5854
threshold=1.0000000180025095e-35 28.115000000000006 176.28674603174605 0.81174490092936691 -0.6830127018922193 1.0000000180025095e-35
decision_type=2 2 2 2 2 2
left_child=1 3 -3 -1 5 -2
right_child=4 2 -4 -5 -6 -7
leaf_value=0.0098273410994152832 -0.00019985913800582014 -0.020040246836408666 0.040146951266724788 -0.069384863721822301 -0.00080697486612326243 0.0043945655875307233
leaf_weight=720 4779 1075 70 74 11906 2880
leaf_count=720 4779 1075 70 74 11906 2880
internal_value=-0.000188793 -0.00419459 -0.00771161 0.000880503 0.000208397 0.00135477
internal_weight=21504 1939 1145 794 19565 7659
internal_count=21504 1939 1145 794 19565 7659
is_linear=0
shrinkage=0.035


Tree=101
num_leaves=7
num_cat=0
split_feature=8 9 3 4 11 10
split_gain=27.9774 27.784 15.8853 13.9548 13.227 26.5022
threshold=1.0000000180025095e-35 28.115000000000006 0.87837969732492682 0.81174490092936691 106.19735483122601 350.34238095238101
decision_type=2 2 2 2 2 2
left_child=1 3 -3 -1 -2 -6
right_child=4 2 -4 -5 5 -7
leaf_value=0.0094833841609357518 -0.00064098025561303072 -0.020382123733047007 0.020905022600594715 -0.066956393491558519 0.0018778608186272774 0.0074851043692593065
leaf_weight=720 13288 1018 127 74 6151 126
leaf_count=720 13288 1018 127 74 6151 126
internal_value=-0.000185538 -0.00419459 -0.00768106 0.000836478 0.000211975 0.00153592
internal_weight=21504 1939 1145 794 19565 6277
internal_count=21504 1939 1145 794 19565 6277
is_linear=0
shrinkage=0.035


Tree=102
num_leaves=7
num_cat=0
split_feature=8 9 10 4 10 9
split_gain=28.1158 27.9836 15.9369 13.9548 13.1596 26.0292
threshold=1.0000000180025095e-35 28.115000000000006 176.28674603174605 0.81174490092936691 91.549682539682564 146.57333333333335
decision_type=2 2 2 2 2 2
left_child=1 3 -3 -1 5 -2
right_child=4 2 -4 -5 -6 -7
leaf_value=0.0091514657153030036 -0.0019292102129006719 -0.018988282870540076 0.039455182303046059 -0.06461291971935397 0.00097939321225498427 -0.025203008832551613
leaf_weight=720 3569 1075 70 74 15766 230
leaf_count=720 3569 1075 70 74 15766 230
internal_value=-0.000193676 -0.00421263 -0.00771161 0.000836478 0.00020482 -0.00164408
internal_weight=21504 1939 1145 794 19565 3799
internal_count=21504 1939 1145 794 19565 3799
is_linear=0
shrinkage=0.035


Tree=103
num_leaves=7
num_cat=0
split_feature=8 9 3 4 11 10
split_gain=27.8186 27.784 15.8853 13.9548 12.8122 26.6144
threshold=1.0000000180025095e-35 28.115000000000006 0.87837969732492682 0.81174490092936691 106.19735483122601 350.34238095238101
decision_type=2 2 2 2 2 2
left_child=1 3 -3 -1 -2 -6
right_child=4 2 -4 -5 5 -7
leaf_value=0.0088311644152674028 -0.00063062826940128887 -0.019004159501921455 0.020774518991216108 -0.062351467529176592 0.0017778569275463997 0.0071888469539063233
leaf_weight=720 13288 1018 127 74 6151 126
leaf_count=720 13288 1018 127 74 6151 126
internal_value=-0.000196931 -0.00419459 -0.00768106 0.000836478 0.000199453 0.00150247
internal_weight=21504 1939 1145 794 19565 6277
internal_count=21504 1939 1145 794 19565 6277
is_linear=0
shrinkage=0.035


Tree=104
num_leaves=7
num_cat=0
split_feature=8 9 10 6 3 3
split_gain=28.3002 27.6958 15.9369 12.8205 21.316 20.3805
threshold=1.0000000180025095e-35 28.115000000000006 176.28674603174605 -0.6830127018922193 -0.60785761079279388 1.0000000180025095e-35
decision_type=2 2 2 2 2 2
left_child=1 -1 -3 4 -2 -5
right_child=3 2 -4 5 -6 -7
leaf_value=0.0019897038863403772 0.0054982404778672403 -0.017700766802110711 0.038739396505006685 -0.0029880801994315179 0.00019236893006782554 0.0015961944991108147
leaf_weight=794 2188 1075 70 6819 5471 5087
leaf_count=794 2188 1075 70 6819 5471 5087
internal_value=-0.000198558 -0.00423067 -0.00771161 0.000201242 0.00131821 -0.000517343
internal_weight=21504 1939 1145 19565 7659 11906
internal_count=21504 1939 1145 19565 7659 11906
is_linear=0
shrinkage=0.035


Tree=105
num_leaves=7
num_cat=0
split_feature=8 9 3 11 10 6
split_gain=28.2089 27.212 15.8853 12.3733 26.7081 24.3894
threshold=1.0000000180025095e-35 28.115000000000006 0.87837969732492682 106.19735483122601 350.34238095238101 0.68301270189221941
decision_type=2 2 2 2 2 2
left_child=1 -1 -3 5 -5 -2
right_child=3 2 -4 4 -6 -7
leaf_value=0.0019200642503184651 -0.001482570843071125 -0.017719487081280329 0.019158650964669764 0.001692590496658788 0.0069305043979672213 0.0059133805303523169
leaf_weight=794 11465 1018 127 6151 126 1823
leaf_count=794 11465 1018 127 6151 126 1823
internal_value=-0.000205069 -0.00423067 -0.00768106 0.000194087 0.00147459 -0.000410866
internal_weight=21504 1939 1145 19565 6277 13288
internal_count=21504 1939 1145 19565 6277 13288
is_linear=0
shrinkage=0.035


Tree=106
num_leaves=7
num_cat=0
split_feature=8 9 10 4 10 9
split_gain=28.9263 26.3783 16 13.9562 12.2615 26.2826
threshold=1.0000000180025095e-35 29.015000000000004 176.28674603174605 0.81174490092936691 91.549682539682564 146.57333333333335
decision_type=2 2 2 2 2 2
left_child=1 3 -3 -1 5 -2
right_child=4 2 -4 -5 -6 -7
leaf_value=0.0077494183917698693 -0.0017944587990650041 -0.016461057916192023 0.038003699675176257 -0.060306008050438474 0.00089173852646928797 -0.024337786376279404
leaf_weight=733 3569 1060 70 76 15766 230
leaf_count=733 3569 1060 70 76 15766 230
internal_value=-0.000208324 -0.00428479 -0.00773652 0.000540123 0.000195875 -0.00158882
internal_weight=21504 1939 1130 809 19565 3799
internal_count=21504 1939 1130 809 19565 3799
is_linear=0
shrinkage=0.035


Tree=107
num_leaves=7
num_cat=0
split_feature=8 9 10 8 6 6
split_gain=29.1385 25.3639 15.9388 12.1457 33.8041 13.6486
threshold=1.0000000180025095e-35 29.015000000000004 176.28674603174605 409.98000000000008 -0.93301270189221908 -0.6830127018922193
decision_type=2 2 2 2 2 2
left_child=1 -1 -3 5 -5 -2
right_child=3 2 -4 4 -6 -7
leaf_value=0.0017219840448554982 0.0016920942567544375 -0.015884920889125301 0.036673570186545087 -0.0062118910593671837 0.005827283683653187 -0.0011617877237458374
leaf_weight=809 7137 1060 70 126 875 11427
leaf_count=809 7137 1060 70 126 875 11427
internal_value=-0.000229482 -0.00432088 -0.00770557 0.000176199 0.00392964 -2.63938e-05
internal_weight=21504 1939 1130 19565 1001 18564
internal_count=21504 1939 1130 19565 1001 18564
is_linear=0
shrinkage=0.035


Tree=108
num_leaves=7
num_cat=0
split_feature=8 9 10 7 3 9
split_gain=29.1617 25.3639 15.9388 11.7776 32.9837 13.7222
threshold=1.0000000180025095e-35 29.015000000000004 176.28674603174605 -0.68301270189221952 1.0000000180025095e-35 254.32388888888892
decision_type=2 2 2 2 2 2
left_child=1 -1 -3 4 -2 -5
right_child=3 2 -4 5 -6 -7
leaf_value=0.0016617146032855646 -0.015308289072330561 -0.015328948658005917 0.035389995230016014 0.0017599738162225799 0.0069835947543525692 -0.0013499012358313368
leaf_weight=809 672 1060 70 11918 576 6399
leaf_count=809 672 1060 70 11918 576 6399
internal_value=-0.000227854 -0.00432088 -0.00770557 0.000177987 -0.00311049 0.0004022
internal_weight=21504 1939 1130 19565 1248 18317
internal_count=21504 1939 1130 19565 1248 18317
is_linear=0
shrinkage=0.035


Tree=109
num_leaves=7
num_cat=0
split_feature=8 9 3 10 9 9
split_gain=28.8129 25.1709 16.4385 11.5245 26.4097 13.9323
threshold=1.0000000180025095e-35 29.015000000000004 0.87837969732492682 91.549682539682564 146.57333333333335 254.32388888888892
decision_type=2 2 2 2 2 2
left_child=1 -1 -3 4 -2 -5
right_child=3 2 -4 5 -6 -7
leaf_value=0.0016035545921705776 -0.0016504208179309778 -0.015430682572219202 0.019550498489412659 0.0024028248028253076 -0.023154197734572828 -0.00092653562182696723
leaf_weight=809 3569 1007 123 9321 230 6445
leaf_count=809 3569 1007 123 9321 230 6445
internal_value=-0.000234364 -0.00430284 -0.00767462 0.000169043 -0.00156118 0.000586034
internal_weight=21504 1939 1130 19565 3799 15766
internal_count=21504 1939 1130 19565 3799 15766
is_linear=0
shrinkage=0.035


Tree=110
num_leaves=7
num_cat=0
split_feature=8 9 10 8 6 6
split_gain=28.9765 25.3639 15.9388 11.5559 33.3866 13.0465
threshold=1.0000000180025095e-35 29.015000000000004 176.28674603174605 409.98000000000008 -0.93301270189221908 -0.6830127018922193
decision_type=2 2 2 2 2 2
left_child=1 -1 -3 5 -5 -2
right_child=3 2 -4 4 -6 -7
leaf_value=0.0015474301814446046 0.001599205851535035 -0.014252361564948038 0.034691419286993118 -0.0060608365638083368 0.0056314719796601862 -0.0011961729636794695
leaf_weight=809 7137 1060 70 126 875 11427
leaf_count=809 7137 1060 70 126 875 11427
internal_value=-0.000240874 -0.00432088 -0.00770557 0.000163677 0.00382485 -3.39348e-05
internal_weight=21504 1939 1130 19565 1001 18564
internal_count=21504 1939 1130 19565 1001 18564
is_linear=0
shrinkage=0.035


Tree=111
num_leaves=7
num_cat=0
split_feature=8 9 3 8 11 11
split_gain=28.9534 24.9023 16.4385 11.2128 23.7678 12.0547
threshold=1.0000000180025095e-35 29.015000000000004 0.87837969732492682 366.88388888888898 55.282240367790344 20.554716861166614
decision_type=2 2 2 2 2 2
left_child=1 -1 -3 5 -5 -2
right_child=3 2 -4 4 -6 -7
leaf_value=0.0014932701250940418 0.019603476776461549 -0.014391776027418349 0.019365063697056404 -0.012193231125367408 0.0039807294478074297 -0.00036467263225555604
leaf_weight=809 221 1007 123 148 2121 17075
leaf_count=809 221 1007 123 148 2121 17075
internal_value=-0.000242502 -0.00432088 -0.00767462 0.000161888 0.00247467 -0.000141643
internal_weight=21504 1939 1130 19565 2269 17296
internal_count=21504 1939 1130 19565 2269 17296
is_linear=0
shrinkage=0.035


Tree=112
num_leaves=7
num_cat=0
split_feature=8 10 6 3 7 3
split_gain=26.9608 26.1376 60.8408 26.4852 11.1084 31.4481
threshold=1.0000000180025095e-35 72.397142857142867 -0.93301270189221908 1.0000000180025095e-35 -0.68301270189221952 1.0000000180025095e-35
decision_type=2 2 2 2 2 2
left_child=1 2 -1 -3 5 -2
right_child=4 3 -4 -5 -6 -7
leaf_value=-0.013249816749215214 -0.014660104630313682 -0.045435753536118527 0.05132792095400391 -0.027150836950298761 0.00055329759036483407 0.006709699665709082
leaf_weight=581 672 455 569 334 18317 576
leaf_count=581 672 455 569 334 18317 576
internal_value=-0.000222971 -0.00415851 -0.000790617 -0.00906013 0.000167254 -0.00302642
internal_weight=21504 1939 1150 789 19565 1248
internal_count=21504 1939 1150 789 19565 1248
is_linear=0
shrinkage=0.035


Tree=113
num_leaves=7
num_cat=0
split_feature=8 10 6 3 8 6
split_gain=26.1584 24.8413 58.5595 28.2253 11.1634 33.1097
threshold=1.0000000180025095e-35 72.397142857142867 -0.93301270189221908 1.0000000180025095e-35 409.98000000000008 -0.93301270189221908
decision_type=2 2 2 2 2 2
left_child=1 2 -1 -3 -2 -6
right_child=4 3 -4 -5 5 -7
leaf_value=-0.012786073162992682 -3.332638064104776e-05 -0.043845502162354381 0.049531443720613778 -0.026200557657038305 -0.0060073982304110771 0.0052756795140360604
leaf_weight=581 18564 455 569 334 126 875
leaf_count=581 18564 455 569 334 126 875
internal_value=-0.000227854 -0.00410438 -0.000821025 -0.00888291 0.000156522 0.00375499
internal_weight=21504 1939 1150 789 19565 1001
internal_count=21504 1939 1150 789 19565 1001
is_linear=0
shrinkage=0.035


Tree=114
num_leaves=7
num_cat=0
split_feature=8 9 10 4 6 10
split_gain=25.2366 25.551 15.2809 13.8696 10.9602 20.6009
threshold=1.0000000180025095e-35 28.115000000000006 176.28674603174605 0.81174490092936691 -0.6830127018922193 271.52373015873019
decision_type=2 2 2 2 2 2
left_child=1 3 -3 -1 5 -2
right_child=4 2 -4 -5 -6 -7
leaf_value=0.0075444826401232798 0.00055495614068243001 -0.012338560602287938 0.035848230584164774 -0.058747208013249543 -0.00079494051479965142 0.004636965354601637
leaf_weight=720 6387 1075 70 74 11906 1272
leaf_count=720 6387 1075 70 74 11906 1272
internal_value=-0.000224599 -0.00403222 -0.00737565 0.000792453 0.000152944 0.0011857
internal_weight=21504 1939 1145 794 19565 7659
internal_count=21504 1939 1145 794 19565 7659
is_linear=0
shrinkage=0.035


Tree=115
num_leaves=7
num_cat=0
split_feature=8 10 6 3 11 8
split_gain=21.3728 28.0113 53.0487 28.3828 11.0121 16.5486
threshold=1.0000000180025095e-35 74.485793650793667 -0.93301270189221908 1.0000000180025095e-35 156.35915687938123 30.724444444444448
decision_type=2 2 2 2 2 2
left_child=1 2 -1 -3 -2 -6
right_child=4 3 -4 -5 5 -7
leaf_value=-0.011906710981207859 -8.3620326420774673e-06 -0.042355306476427011 0.045552774925426837 -0.024851688517961885 -0.019853867707034685 0.007553313117648495
leaf_weight=591 18929 430 595 323 72 564
leaf_count=591 18929 430 595 323 72 564
internal_value=-0.000203441 -0.00370747 -0.000353833 -0.0089821 0.000144 0.00467033
internal_weight=21504 1939 1186 753 19565 636
internal_count=21504 1939 1186 753 19565 636
is_linear=0
shrinkage=0.035


Tree=116
num_leaves=7
num_cat=0
split_feature=8 9 11 11 7 11
split_gain=13.7079 21.5107 32.6768 19.7308 25.6518 14.4779
threshold=56.001666666666672 27.006666666666671 58.963372488541403 150.21617474191927 1.0000000180025095e-35 67.53089487721887
decision_type=2 2 2 2 2 2
left_child=1 5 -3 -2 -5 -1
right_child=3 2 -4 4 -6 -7
leaf_value=-0.0035863781307163703 0.00018453062275537225 0.0057645674885071687 -0.0082427626770917219 -0.0046660549295672298 0.007728770286882459 0.011563168631071459
leaf_weight=1217 15161 813 2843 191 543 736
leaf_count=1217 15161 813 2843 191 543 736
internal_value=-0.00012532 -0.00161275 -0.00319661 0.000399629 0.006 0.00135235
internal_weight=21504 5609 3656 15895 734 1953
internal_count=21504 5609 3656 15895 734 1953
is_linear=0
shrinkage=0.035


Tree=117
num_leaves=7
num_cat=0
split_feature=8 9 11 11 7 10
split_gain=13.242 19.3096 31.2278 17.9553 43.9912 16.2345
threshold=56.001666666666672 27.006666666666671 58.963372488541403 128.21386979265421 1.0000000180025095e-35 91.549682539682564
decision_type=2 2 2 2 2 2
left_child=1 -1 -3 5 -5 -2
right_child=3 2 -4 4 -6 -7
leaf_value=0.0022763102162207407 -0.005902350102102499 0.0055628076264094255 -0.007954265983393511 -0.0057486125919644108 0.0062216132919720732 0.00051516850475840986
leaf_weight=1953 1687 813 2843 584 1420 12204
leaf_count=1953 1687 813 2843 584 1420 12204
internal_value=-0.00013834 -0.00160027 -0.0031009 0.000377611 0.00347382 -6.92845e-05
internal_weight=21504 5609 3656 15895 2004 13891
internal_count=21504 5609 3656 15895 2004 13891
is_linear=0
shrinkage=0.035


Tree=118
num_leaves=7
num_cat=0
split_feature=8 10 6 3 11 10
split_gain=20.6786 27.2854 48.3226 27.3795 10.6822 16.1728
threshold=1.0000000180025095e-35 72.397142857142867 -0.93301270189221908 1.0000000180025095e-35 20.554716861166614 90.531269841269861
decision_type=2 2 2 2 2 2
left_child=1 2 -1 -3 -2 -6
right_child=4 3 -4 -5 5 -7
leaf_value=-0.010923080093748601 0.018706424272090929 -0.039829728235799972 0.046310362805584621 -0.023414983416716235 -0.0039662221079289307 0.0007629630431337087
leaf_weight=581 223 455 569 334 3516 15826
leaf_count=581 223 455 569 334 3516 15826
internal_value=-0.000206696 -0.00365335 -0.000212858 -0.00866139 0.000135056 4.70454e-05
internal_weight=21504 1939 1150 789 19565 19342
internal_count=21504 1939 1150 789 19565 19342
is_linear=0
shrinkage=0.035


Tree=119
num_leaves=7
num_cat=0
split_feature=8 6 11 6 3 11
split_gain=11.4271 32.2858 11.7705 9.24058 23.4948 23.1784
threshold=409.98000000000008 -0.93301270189221908 51.336795432467248 -0.6830127018922193 1.0000000180025095e-35 115.02198343542402
decision_type=2 2 2 2 2 2
left_child=3 -2 -3 5 -5 -1
right_child=1 2 -4 4 -6 -7
leaf_value=-0.00035110295618406509 -0.0056623394852635348 -0.0094800592379623225 0.0050771867317739002 -0.0040674166550563285 0.0013475777802388757 0.0065022930228005541
leaf_weight=6754 126 26 849 6996 5293 1460
leaf_count=6754 126 26 849 6996 5293 1460
internal_value=-0.000104162 0.00354541 0.00593322 -0.000282506 -0.000889951 0.000626293
internal_weight=21504 1001 875 20503 12289 8214
internal_count=21504 1001 875 20503 12289 8214
is_linear=0
shrinkage=0.035


end of trees

feature_importances:
lag_7d=137
dow_sin=119
same_slot_mean_2_8d=116
lag_2d=100
month_cos=91
month_sin=64
dow_cos=60
same_slot_std_2_8d=33

parameters:
[boosting: gbdt]
[objective: quantile]
[metric: quantile]
[tree_learner: serial]
[device_type: cpu]
[data_sample_strategy: bagging]
[data: ]
[valid: ]
[num_iterations: 120]
[learning_rate: 0.035]
[num_leaves: 7]
[num_threads: 1]
[seed: 20260901]
[deterministic: 1]
[force_col_wise: 0]
[force_row_wise: 0]
[histogram_pool_size: -1]
[max_depth: 3]
[min_data_in_leaf: 12]
[min_sum_hessian_in_leaf: 0.001]
[bagging_fraction: 1]
[pos_bagging_fraction: 1]
[neg_bagging_fraction: 1]
[bagging_freq: 0]
[bagging_seed: 12992]
[bagging_by_query: 0]
[feature_fraction: 1]
[feature_fraction_bynode: 1]
[feature_fraction_seed: 30141]
[extra_trees: 0]
[extra_seed: 31421]
[early_stopping_round: 0]
[early_stopping_min_delta: 0]
[first_metric_only: 0]
[max_delta_step: 0]
[lambda_l1: 0]
[lambda_l2: 1]
[linear_lambda: 0]
[min_gain_to_split: 0]
[drop_rate: 0.1]
[max_drop: 50]
[skip_drop: 0.5]
[xgboost_dart_mode: 0]
[uniform_drop: 0]
[drop_seed: 11049]
[top_rate: 0.2]
[other_rate: 0.1]
[min_data_per_group: 100]
[max_cat_threshold: 32]
[cat_l2: 10]
[cat_smooth: 10]
[max_cat_to_onehot: 4]
[top_k: 20]
[monotone_constraints: ]
[monotone_constraints_method: basic]
[monotone_penalty: 0]
[feature_contri: ]
[forcedsplits_filename: ]
[refit_decay_rate: 0.9]
[cegb_tradeoff: 1]
[cegb_penalty_split: 0]
[cegb_penalty_feature_lazy: ]
[cegb_penalty_feature_coupled: ]
[path_smooth: 0]
[interaction_constraints: ]
[verbosity: -1]
[saved_feature_importance_type: 0]
[use_quantized_grad: 0]
[num_grad_quant_bins: 4]
[quant_train_renew_leaf: 0]
[stochastic_rounding: 1]
[linear_tree: 0]
[max_bin: 255]
[max_bin_by_feature: ]
[min_data_in_bin: 3]
[bin_construct_sample_cnt: 200000]
[data_random_seed: 5023]
[is_enable_sparse: 1]
[enable_bundle: 1]
[use_missing: 1]
[zero_as_missing: 0]
[feature_pre_filter: 1]
[pre_partition: 0]
[two_round: 0]
[header: 0]
[label_column: ]
[weight_column: ]
[group_column: ]
[ignore_column: ]
[categorical_feature: ]
[forcedbins_filename: ]
[precise_float_parser: 0]
[parser_config_file: ]
[objective_seed: 6921]
[num_class: 1]
[is_unbalance: 0]
[scale_pos_weight: 1]
[sigmoid: 1]
[boost_from_average: 1]
[reg_sqrt: 0]
[alpha: 0.5]
[fair_c: 1]
[poisson_max_delta_step: 0.7]
[tweedie_variance_power: 1.5]
[lambdarank_truncation_level: 30]
[lambdarank_norm: 1]
[label_gain: ]
[lambdarank_position_bias_regularization: 0]
[eval_at: ]
[multi_error_top_k: 1]
[auc_mu_weights: ]
[num_machines: 1]
[local_listen_port: 12400]
[time_out: 120]
[machine_list_filename: ]
[machines: ]
[gpu_platform_id: -1]
[gpu_device_id: -1]
[gpu_use_dp: 0]
[num_gpu: 1]

end of parameters

pandas_categorical:[]
