tree
version=v4
num_class=1
num_tree_per_iteration=1
label_index=0
max_feature_idx=11
objective=quantile
feature_names=slot slot_sin slot_cos dow_sin dow_cos weekend month_sin month_cos lag_2d lag_7d same_slot_mean_2_8d same_slot_std_2_8d
feature_infos=[0:95] [-1:1] [-1:1] [-0.97492791218182362:0.97492791218182362] [-0.90096886790241903:1] [0:1] [-1:0.8660254037844386] [-0.86602540378443882:1] [0:512] [0:512] [0:428.55428571428575] [0:198.38685062112893]
tree_sizes=727 773 775 789 790 791 790 783 785 789 792 792 791 780 795 788 777 785 780 783 791 789 783 787 782 785 792 787 785 789 790 776 775 774 778 774 776 783 769 792 798 800 773 800 768 795 778 779 773 775 771 788 786 798 801 802 801 793 805 803 792 796 796 794 789 795 793 797 801 796 797 795 796 795 800 802 797 796 798 798 801 796 793 799 798 800 790 804 814 794 795 801 800 787 800 796 817 799 803 803 792 794 801 797 797 796 800 803 793 803 802 789 802 801 798 797 800 810 807 803

Tree=0
num_leaves=7
num_cat=0
split_feature=10 9 9 4 7 9
split_gain=132.161 57.0425 20.6634 11.9911 5.66149 7.10969
threshold=194.59428571428572 45.00222222222223 260.65833333333336 0.81174490092936691 0.93301270189221952 51.280000000000008
decision_type=2 2 2 2 2 2
left_child=4 3 -3 -2 -1 -6
right_child=1 2 -4 -5 5 -7
leaf_value=5.909865269047847 5.9247462248744771 5.9224598761879221 5.9202484477053794 5.9261446213722229 5.9246994141875744 5.9184503350269964
leaf_weight=11707 196 3985 5387 91 53 181
leaf_count=11707 196 3985 5387 91 53 181
internal_value=5.91871 5.92175 5.92128 5.93709 5.91624 5.92163
internal_weight=21600 9659 9372 287 11941 234
internal_count=21600 9659 9372 287 11941 234
is_linear=0
shrinkage=1


Tree=1
num_leaves=7
num_cat=0
split_feature=10 9 9 10 7 9
split_gain=125.764 51.2224 18.7493 15.1916 5.80561 7.17601
threshold=193.24285714285716 45.00222222222223 285.0266666666667 235.29849206349206 0.93301270189221952 51.280000000000008
decision_type=2 2 2 2 2 2
left_child=4 3 -3 -2 -1 -6
right_child=1 2 -4 -5 5 -7
leaf_value=-0.0086179789960921221 0.0062984814603732871 0.003564517885485508 0.0011145966813983145 0.0071329928645890526 0.0058269998927110364 -0.00020898654767105286
leaf_weight=11637 132 4798 4651 162 52 168
leaf_count=11637 132 4798 4651 162 52 168
internal_value=-3.4027e-05 0.002912 0.00246333 0.0172746 -0.00245484 0.00316742
internal_weight=21600 9743 9449 294 11857 220
internal_count=21600 9743 9449 294 11857 220
is_linear=0
shrinkage=0.035


Tree=2
num_leaves=7
num_cat=0
split_feature=10 9 9 10 7 9
split_gain=120.081 47.0741 18.2624 16.63 5.3886 6.54871
threshold=193.24285714285716 44.006666666666675 285.0266666666667 235.29849206349206 0.93301270189221952 51.280000000000008
decision_type=2 2 2 2 2 2
left_child=4 3 -3 -2 -1 -6
right_child=1 2 -4 -5 5 -7
leaf_value=-0.0083163497312288923 0.0062148404937481493 0.0034430667469192459 0.0010755857975493879 0.0068976040982775769 0.0056230548964661606 -0.00020167201850257224
leaf_weight=11637 128 4807 4651 157 52 168
leaf_count=11637 128 4807 4651 157 52 168
internal_value=-4.21285e-05 0.00283657 0.00241326 0.0168269 -0.00240762 0.00300905
internal_weight=21600 9743 9458 285 11857 220
internal_count=21600 9743 9458 285 11857 220
is_linear=0
shrinkage=0.035


Tree=3
num_leaves=7
num_cat=0
split_feature=10 9 10 9 7 4
split_gain=115.179 44.4462 18.8574 17.2542 5.30434 4.91559
threshold=193.24285714285716 44.006666666666675 235.29849206349206 285.0266666666667 -0.25000000000000028 1.0000000180025095e-35
decision_type=2 2 2 2 2 2
left_child=4 2 -2 -3 -1 -6
right_child=1 3 -4 -5 5 -7
leaf_value=-0.017788296719034837 0.0059973210764669577 0.0033225594107770822 0.0066561879548378625 0.0010379402946351624 -0.0016762407716950946 -0.0072749790144399961
leaf_weight=4128 128 4807 157 4651 4382 3347
leaf_count=4128 128 4807 157 4651 4382 3347
internal_value=-7.61547e-05 0.00274317 0.0163374 0.00233185 -0.00239286 -0.00185142
internal_weight=21600 9743 285 9458 11857 7729
internal_count=21600 9743 285 9458 11857 7729
is_linear=0
shrinkage=0.035


Tree=4
num_leaves=7
num_cat=0
split_feature=10 9 3 9 7 4
split_gain=108.965 40.556 19.2576 15.5458 5.46016 5.03501
threshold=193.24285714285716 44.006666666666675 -1.0000000180025095e-35 285.0266666666667 -0.25000000000000028 1.0000000180025095e-35
decision_type=2 2 2 2 2 2
left_child=4 2 -2 -3 -1 -6
right_child=1 3 -4 -5 5 -7
leaf_value=-0.017165706333868627 -0.00010026347945674637 0.0032062698313998841 0.0064413959784829274 0.0010016123843229298 -0.0016175723446857761 -0.007020354748934597
leaf_weight=4128 64 4807 221 4651 4382 3347
leaf_count=4128 64 4807 221 4651 4382 3347
internal_value=-0.000124764 0.00261746 0.0156031 0.00222455 -0.0023781 -0.00182878
internal_weight=21600 9743 285 9458 11857 7729
internal_count=21600 9743 285 9458 11857 7729
is_linear=0
shrinkage=0.035


Tree=5
num_leaves=7
num_cat=0
split_feature=10 9 3 9 7 4
split_gain=105.049 39.4168 18.7043 15.485 5.68622 5.3381
threshold=193.24285714285716 44.006666666666675 -1.0000000180025095e-35 285.0266666666667 -0.25000000000000028 1.0000000180025095e-35
decision_type=2 2 2 2 2 2
left_child=4 2 -2 -3 -1 -6
right_child=1 3 -4 -5 5 -7
leaf_value=-0.016564906612183208 -9.6754257675762362e-05 0.003094050387300902 0.0062159471192360363 0.00096655595087161497 -0.0015609573126217715 -0.0067746423327218743
leaf_weight=4128 64 4807 221 4651 4382 3347
leaf_count=4128 64 4807 221 4651 4382 3347
internal_value=-0.000136106 0.00255639 0.0153584 0.00216904 -0.00234858 -0.00178803
internal_weight=21600 9743 285 9458 11857 7729
internal_count=21600 9743 285 9458 11857 7729
is_linear=0
shrinkage=0.035


Tree=6
num_leaves=7
num_cat=0
split_feature=10 9 4 6 7 4
split_gain=98.7443 38.4904 18.6476 14.8037 5.83596 5.34495
threshold=193.24285714285716 44.006666666666675 0.81174490092936691 1.0000000180025095e-35 -0.25000000000000028 1.0000000180025095e-35
decision_type=2 2 2 2 2 2
left_child=4 2 -2 -3 -1 -6
right_child=1 3 -4 -5 5 -7
leaf_value=-0.015985134880756792 0.0047381525134316113 0.0026465307957998178 0.006075739030247807 -0.00027477670566109505 -0.0015063238066800146 -0.0065375298510765983
leaf_weight=4128 194 6797 91 2661 4382 3347
leaf_count=4128 194 6797 91 2661 4382 3347
internal_value=-0.000147448 0.002463 0.0151136 0.00208024 -0.0022925 -0.00172465
internal_weight=21600 9743 285 9458 11857 7729
internal_count=21600 9743 285 9458 11857 7729
is_linear=0
shrinkage=0.035


Tree=7
num_leaves=7
num_cat=0
split_feature=10 11 9 2 10 3
split_gain=91.135 36.9705 28.3526 13.7058 6.5034 8.29895
threshold=195.82579365079371 141.06029445388285 244.60611111111112 0.60876142900872032 121.19071428571429 0.87837969732492682
decision_type=2 2 2 2 2 2
left_child=4 3 -3 -2 -1 -6
right_child=1 2 -4 -5 5 -7
leaf_value=-0.01022117869234293 0.0023608144367435781 0.0057981717917872768 0.0024301405311654592 -0.0011048030795006111 -0.0033903379531639152 0.0028315411890591814
leaf_weight=7404 6664 474 505 1932 3789 832
leaf_count=7404 6664 474 505 1932 3789 832
internal_value=-0.000199297 0.00234832 0.00878928 0.00161382 -0.00222788 -0.00119721
internal_weight=21600 9575 979 8596 12025 4621
internal_count=21600 9575 979 8596 12025 4621
is_linear=0
shrinkage=0.035


Tree=8
num_leaves=7
num_cat=0
split_feature=10 11 8 2 10 3
split_gain=85.9589 36.6268 18.0827 13.2167 7.90908 6.91225
threshold=205.7557142857143 145.09970928193255 62.475555555555566 0.60876142900872032 121.19071428571429 0.87837969732492682
decision_type=2 2 2 2 2 2
left_child=4 3 -3 -2 -1 -6
right_child=1 2 -4 -5 5 -7
leaf_value=-0.00986343743811092 0.0024141850872952991 -0.015160645603969847 0.0055828018096352322 -0.00096541147576470932 -0.0024560480083393637 0.0027373147507829825
leaf_weight=7404 6365 104 611 1822 4334 960
leaf_count=7404 6365 104 611 1822 4334 960
internal_value=-0.000231703 0.00240514 0.00999651 0.00174102 -0.00208032 -0.00104703
internal_weight=21600 8902 715 8187 12698 5294
internal_count=21600 8902 715 8187 12698 5294
is_linear=0
shrinkage=0.035


Tree=9
num_leaves=7
num_cat=0
split_feature=10 11 9 2 7 4
split_gain=80.2408 34.3393 21.2248 11.3474 6.19506 5.3871
threshold=193.24285714285716 145.09970928193255 219.10944444444445 0.60876142900872032 -0.25000000000000028 1.0000000180025095e-35
decision_type=2 2 2 2 2 2
left_child=4 3 -3 -2 -1 -6
right_child=1 2 -4 -5 5 -7
leaf_value=-0.014722693595364411 0.002218285194821157 0.0053348006223687353 0.0023791878643620824 -0.00095065432952480501 -0.0010071768177709328 -0.0059616401423465207
leaf_weight=4128 6865 406 452 2020 4382 3347
leaf_count=4128 6865 406 452 2020 4382 3347
internal_value=-0.00026735 0.00208585 0.00876833 0.00143962 -0.002201 -0.00161598
internal_weight=21600 9743 858 8885 11857 7729
internal_count=21600 9743 858 8885 11857 7729
is_linear=0
shrinkage=0.035


Tree=10
num_leaves=7
num_cat=0
split_feature=10 11 8 2 7 4
split_gain=75.732 35.4592 17.1769 10.6672 7.74109 5.24393
threshold=205.7557142857143 145.09970928193255 62.475555555555566 0.60876142900872032 -0.25000000000000028 1.0000000180025095e-35
decision_type=2 2 2 2 2 2
left_child=4 3 -3 -2 -1 -6
right_child=1 2 -4 -5 5 -7
leaf_value=-0.014207399319526665 0.0022520486274211961 -0.014713294583083554 0.0052006857245150955 -0.0008983491725795701 -0.00094510937596918425 -0.0050870922642225931
leaf_weight=4128 6365 104 611 1822 4947 3623
leaf_count=4128 6365 104 611 1822 4947 3623
internal_value=-0.000290034 0.00218499 0.00965433 0.00153157 -0.0020252 -0.00142516
internal_weight=21600 8902 715 8187 12698 8570
internal_count=21600 8902 715 8187 12698 8570
is_linear=0
shrinkage=0.035


Tree=11
num_leaves=7
num_cat=0
split_feature=10 11 9 2 7 4
split_gain=70.9853 35.5183 19.6628 9.15478 5.70983 4.90437
threshold=193.24285714285716 145.09970928193255 219.10944444444445 0.60876142900872032 -0.25000000000000028 1.0000000180025095e-35
decision_type=2 2 2 2 2 2
left_child=4 3 -3 -2 -1 -6
right_child=1 2 -4 -5 5 -7
leaf_value=-0.013710140343343233 0.0020618235110426461 0.0049776229671130564 0.0021148753834845605 -0.00088593920695115194 -0.000938846800990033 -0.0055749345081166097
leaf_weight=4128 6865 406 452 2020 4382 3347
leaf_count=4128 6865 406 452 2020 4382 3347
internal_value=-0.000281932 0.00193139 0.00872759 0.00127419 -0.00210065 -0.001539
internal_weight=21600 9743 858 8885 11857 7729
internal_count=21600 9743 858 8885 11857 7729
is_linear=0
shrinkage=0.035


Tree=12
num_leaves=7
num_cat=0
split_feature=10 11 9 9 7 4
split_gain=68.0793 35.2304 19.03 8.56912 5.94091 4.69302
threshold=193.24285714285716 145.09970928193255 219.10944444444445 270.35277777777782 -0.25000000000000028 1.0000000180025095e-35
decision_type=2 2 2 2 2 2
left_child=4 3 -3 -2 -1 -6
right_child=1 2 -4 -5 5 -7
leaf_value=-0.013230285431326233 0.0022355105352595485 0.0048034061632641085 0.0020408547450626014 0.00027615318135946549 -0.00090598716295538716 -0.0053798118003325355
leaf_weight=4128 4101 406 452 4784 4382 3347
leaf_count=4128 4101 406 452 4784 4382 3347
internal_value=-0.000290034 0.00187751 0.0086461 0.00122299 -0.00207113 -0.00149825
internal_weight=21600 9743 858 8885 11857 7729
internal_count=21600 9743 858 8885 11857 7729
is_linear=0
shrinkage=0.035


Tree=13
num_leaves=7
num_cat=0
split_feature=10 11 8 7 3 9
split_gain=62.5627 35.8063 15.5549 9.6544 9.56135 7.40299
threshold=205.7557142857143 145.09970928193255 40.025000000000006 0.93301270189221952 1.0000000180025095e-35 51.280000000000008
decision_type=2 2 2 2 2 2
left_child=3 4 -3 -1 -2 -5
right_child=1 2 -4 5 -6 -7
leaf_value=-0.0051489892040680781 0.00048806973737421333 -0.014547009185292815 0.0046581510519758101 0.0051619191506759744 0.0022509390038905419 0.00056031457760273606
leaf_weight=12345 4814 98 617 63 3373 290
leaf_count=12345 4814 98 617 63 3373 290
internal_value=-0.000296515 0.00195305 0.0094588 -0.00187361 0.00129647 0.00382627
internal_weight=21600 8902 715 12698 8187 353
internal_count=21600 8902 715 12698 8187 353
is_linear=0
shrinkage=0.035


Tree=14
num_leaves=7
num_cat=0
split_feature=10 11 9 2 7 4
split_gain=60.9122 33.5533 18.1033 8.2452 6.79646 3.53738
threshold=193.24285714285716 145.09970928193255 242.87444444444449 0.60876142900872032 -0.25000000000000028 1.0000000180025095e-35
decision_type=2 2 2 2 2 2
left_child=4 3 -3 -2 -1 -6
right_child=1 2 -4 -5 5 -7
leaf_value=-0.012587010819087415 0.0018633773673163952 0.0045257243872142408 0.0017319957175077792 -0.00088384674821261153 -0.00073097775587746983 -0.0050113037651785194
leaf_weight=4128 6865 432 426 2020 4382 3347
leaf_count=4128 6865 432 426 2020 4382 3347
internal_value=-0.000294895 0.00175539 0.00836088 0.00111664 -0.00197963 -0.00136695
internal_weight=21600 9743 858 8885 11857 7729
internal_count=21600 9743 858 8885 11857 7729
is_linear=0
shrinkage=0.035


Tree=15
num_leaves=7
num_cat=0
split_feature=10 11 9 9 7 7
split_gain=58.4723 32.7542 17.8215 8.15305 6.77948 3.41156
threshold=193.24285714285716 145.09970928193255 242.87444444444449 270.35277777777782 -0.25000000000000028 0.6830127018922193
decision_type=2 2 2 2 2 2
left_child=4 3 -3 -2 -1 -6
right_child=1 2 -4 -5 5 -7
leaf_value=-0.012146465440419344 0.0020268147361021385 0.0043673240336617397 0.0016713758673950016 0.0001403376971998416 -0.0006677214496300048 -0.0051361105712288014
leaf_weight=4128 4101 432 426 4784 3991 3738
leaf_count=4128 4101 432 426 4784 3991 3738
internal_value=-0.000296515 0.00171228 0.00823865 0.00108119 -0.00194717 -0.00133525
internal_weight=21600 9743 858 8885 11857 7729
internal_count=21600 9743 858 8885 11857 7729
is_linear=0
shrinkage=0.035


Tree=16
num_leaves=7
num_cat=0
split_feature=10 9 4 8 7 9
split_gain=54.1795 30.3222 25.2187 12.0178 6.76213 5.24455
threshold=185.52912698412703 44.006666666666675 0.81174490092936691 447.09833333333341 0.93301270189221952 51.280000000000008
decision_type=2 2 2 2 2 2
left_child=4 2 -2 -3 -1 -6
right_child=1 3 -4 -5 5 -7
leaf_value=-0.0052964227532432996 0.0036472588113186481 0.0012057585220290835 0.0050184324403109897 0.0032043276728696227 0.0053927681089102559 0.00027438785723200799
leaf_weight=11269 217 9474 91 381 47 121
leaf_count=11269 217 9474 91 381 47 121
internal_value=-0.000286793 0.00157266 0.0123689 0.00123402 -0.00193911 0.00501183
internal_weight=21600 10163 308 9855 11437 168
internal_count=21600 10163 308 9855 11437 168
is_linear=0
shrinkage=0.035


Tree=17
num_leaves=7
num_cat=0
split_feature=10 9 4 8 7 3
split_gain=52.1797 29.2717 25.9716 11.7834 6.33406 3.61749
threshold=185.52912698412703 44.006666666666675 0.81174490092936691 447.09833333333341 -0.25000000000000028 0.87837969732492682
decision_type=2 2 2 2 2 2
left_child=4 2 -2 -3 -1 -6
right_child=1 3 -4 -5 5 -7
leaf_value=-0.011535964353641154 0.003519604752922483 0.0011635569737580731 0.0048427873049001098 0.0030921762043191908 -0.0031187863650475704 0.00083729390802846483
leaf_weight=4128 217 9474 91 381 6227 1082
leaf_count=4128 217 9474 91 381 6227 1082
internal_value=-0.000290034 0.00153478 0.0121424 0.00120206 -0.00191157 -0.00129227
internal_weight=21600 10163 308 9855 11437 7309
internal_count=21600 10163 308 9855 11437 7309
is_linear=0
shrinkage=0.035


Tree=18
num_leaves=7
num_cat=0
split_feature=10 11 8 8 10 7
split_gain=50.1875 30.6454 13.1375 9.0756 9.05604 5.10254
threshold=205.7557142857143 145.09970928193255 62.475555555555566 11.188888888888892 119.97301587301588 0.93301270189221952
decision_type=2 2 2 2 2 2
left_child=4 3 -3 -2 -1 -6
right_child=1 2 -4 -5 5 -7
leaf_value=-0.0075561817732185737 0.0051378585532458462 -0.014116450372916119 0.0038693250014011941 0.0012934842415805604 -0.0015665534104875641 0.0026707970930895399
leaf_weight=7320 19 104 611 8168 5027 351
leaf_count=7320 19 104 611 8168 5027 351
internal_value=-0.000281932 0.0017329 0.00867668 0.00112549 -0.00169446 -0.000603831
internal_weight=21600 8902 715 8187 12698 5378
internal_count=21600 8902 715 8187 12698 5378
is_linear=0
shrinkage=0.035


Tree=19
num_leaves=7
num_cat=0
split_feature=10 9 4 8 7 7
split_gain=47.1083 28.352 26.7354 11.9927 6.56737 4.27521
threshold=185.52912698412703 44.006666666666675 0.81174490092936691 447.09833333333341 -0.25000000000000028 0.6830127018922193
decision_type=2 2 2 2 2 2
left_child=4 2 -2 -3 -1 -6
right_child=1 3 -4 -5 5 -7
leaf_value=-0.010867739239201068 0.0034510376689456117 0.0010656440631627304 0.0046280178007732748 0.0029386780887126966 -0.00027429082119491801 -0.00478257538928069
leaf_weight=4128 217 9474 91 381 3701 3608
leaf_count=4128 217 9474 91 381 3701 3608
internal_value=-0.000257628 0.00147624 0.0119159 0.00114879 -0.00179835 -0.00116778
internal_weight=21600 10163 308 9855 11437 7309
internal_count=21600 10163 308 9855 11437 7309
is_linear=0
shrinkage=0.035


Tree=20
num_leaves=7
num_cat=0
split_feature=10 11 2 3 7 7
split_gain=45.0357 29.7974 13.0416 9.42111 8.50245 5.37381
threshold=208.18595238095239 145.09970928193255 -0.32143946530316164 1.0000000180025095e-35 -0.25000000000000028 0.93301270189221952
decision_type=2 2 2 2 2 2
left_child=4 3 -3 -2 -1 -6
right_child=1 2 -4 -5 5 -7
leaf_value=-0.010487368365829043 0.0001836685281481007 0.0048641056635255935 0.001828811915863069 0.0019243799753582505 -0.0018296866837752583 0.0025212794499514324
leaf_weight=4128 4732 191 511 3300 8350 388
leaf_count=4128 4732 191 511 3300 8350 388
internal_value=-0.000246286 0.0016933 0.00860313 0.00108838 -0.00156299 -0.000944388
internal_weight=21600 8734 702 8032 12866 8738
internal_count=21600 8734 702 8032 12866 8738
is_linear=0
shrinkage=0.035


Tree=21
num_leaves=7
num_cat=0
split_feature=10 9 4 8 7 4
split_gain=43.4405 27.9626 27.1213 11.0805 6.61439 4.19339
threshold=185.52912698412703 44.006666666666675 0.81174490092936691 447.09833333333341 -0.25000000000000028 1.0000000180025095e-35
decision_type=2 2 2 2 2 2
left_child=4 2 -2 -3 -1 -6
right_child=1 3 -4 -5 5 -7
leaf_value=-0.010120310473025033 0.0033937997208337658 0.0010068585580847635 0.0044596087792610111 0.0027684710564702055 -0.00024309831855285122 -0.004548627714609595
leaf_weight=4128 217 9474 91 381 4134 3175
leaf_count=4128 217 9474 91 381 4134 3175
internal_value=-0.000230083 0.00143492 0.0118026 0.00110973 -0.00170961 -0.00107681
internal_weight=21600 10163 308 9855 11437 7309
internal_count=21600 10163 308 9855 11437 7309
is_linear=0
shrinkage=0.035


Tree=22
num_leaves=7
num_cat=0
split_feature=10 11 2 8 10 9
split_gain=42.3223 28.1575 13.2688 9.13508 8.97052 5.32085
threshold=208.18595238095239 145.09970928193255 -0.32143946530316164 11.188888888888892 121.19071428571429 36.007222222222232
decision_type=2 2 2 2 2 2
left_child=4 3 -3 -2 -1 -6
right_child=1 2 -4 -5 5 -7
leaf_value=-0.0067009186927872661 0.0048181426130010528 0.0046586219107795307 0.0017295634492749026 0.0011087829419271294 0.0032732669902250213 -0.0013675935734292714
leaf_weight=7404 19 191 511 8013 642 4820
leaf_count=7404 19 191 511 8013 642 4820
internal_value=-0.000243045 0.00163721 0.0083542 0.00104917 -0.00151947 -0.000443347
internal_weight=21600 8734 702 8032 12866 5462
internal_count=21600 8734 702 8032 12866 5462
is_linear=0
shrinkage=0.035


Tree=23
num_leaves=7
num_cat=0
split_feature=10 11 2 8 7 7
split_gain=40.024 26.4704 13.7697 8.56553 8.26933 5.12839
threshold=204.70587301587304 145.09970928193255 -0.32143946530316164 11.188888888888892 -0.25000000000000028 0.6830127018922193
decision_type=2 2 2 2 2 2
left_child=4 3 -3 -2 -1 -6
right_child=1 2 -4 -5 5 -7
leaf_value=-0.0095315674522216173 0.0046226750556452936 0.0044955701439022373 0.0016021529101275657 0.0010458924728430088 -3.1778711812956884e-05 -0.0034946134279891993
leaf_weight=4128 20 191 534 8241 4493 3993
leaf_count=4128 20 191 534 8241 4493 3993
internal_value=-0.00021388 0.00157105 0.00797865 0.00100781 -0.00148545 -0.000860258
internal_weight=21600 8986 725 8261 12614 8486
internal_count=21600 8986 725 8261 12614 8486
is_linear=0
shrinkage=0.035


Tree=24
num_leaves=7
num_cat=0
split_feature=10 9 4 8 6 11
split_gain=37.3694 22.652 31.1292 10.9758 7.22522 9.20628
threshold=185.52912698412703 44.006666666666675 0.81174490092936691 447.09833333333341 0.68301270189221941 73.90552124000375
decision_type=2 2 2 2 2 2
left_child=4 2 -2 -3 -1 -6
right_child=1 3 -4 -5 5 -7
leaf_value=-0.0050180146438518385 0.0031617048291798081 0.00089165764797440093 0.0042281088324699302 0.0025961609299768275 0.0021267220814833298 -0.00060620111919383222
leaf_weight=10121 217 9474 91 381 360 956
leaf_count=10121 217 9474 91 381 360 956
internal_value=-0.000205778 0.0013385 0.0106699 0.00104581 -0.00157803 0.000861047
internal_weight=21600 10163 308 9855 11437 1316
internal_count=21600 10163 308 9855 11437 1316
is_linear=0
shrinkage=0.035


Tree=25
num_leaves=7
num_cat=0
split_feature=10 11 2 8 7 7
split_gain=34.4067 23.2101 15.2566 9.19257 8.68374 6.22772
threshold=208.18595238095239 145.09970928193255 -0.32143946530316164 11.188888888888892 -0.25000000000000028 0.93301270189221952
decision_type=2 2 2 2 2 2
left_child=4 3 -3 -2 -1 -6
right_child=1 2 -4 -5 5 -7
leaf_value=-0.0090223320788590227 0.004456505976919327 0.0043070171711865517 0.0015817453590167175 0.0010011414132710592 -0.0015157414423051304 0.0025689711143431016
leaf_weight=4128 19 191 511 8013 8350 388
leaf_count=4128 19 191 511 8013 8350 388
internal_value=-0.000186335 0.00150899 0.0076074 0.000975102 -0.00133722 -0.000712096
internal_weight=21600 8734 702 8032 12866 8738
internal_count=21600 8734 702 8032 12866 8738
is_linear=0
shrinkage=0.035


Tree=26
num_leaves=7
num_cat=0
split_feature=10 11 2 8 7 4
split_gain=32.6839 21.8439 16.3678 8.6308 8.2321 5.38834
threshold=204.70587301587304 145.09970928193255 -0.32143946530316164 11.188888888888892 -0.25000000000000028 1.0000000180025095e-35
decision_type=2 2 2 2 2 2
left_child=4 3 -3 -2 -1 -6
right_child=1 2 -4 -5 5 -7
leaf_value=-0.0087065504560989437 0.0042736957018264191 0.0041562715701950071 0.0014595084530284064 0.00093467675401941468 4.9580524793366725e-05 -0.0033736565267343315
leaf_weight=4128 20 191 534 8241 4885 3601
leaf_count=4128 20 191 534 8241 4885 3601
internal_value=-0.000178233 0.00143474 0.00725551 0.000923081 -0.00132731 -0.000703547
internal_weight=21600 8986 725 8261 12614 8486
internal_count=21600 8986 725 8261 12614 8486
is_linear=0
shrinkage=0.035


Tree=27
num_leaves=7
num_cat=0
split_feature=10 11 2 8 7 7
split_gain=31.1055 21.9431 16.1758 9.24344 8.14263 5.00326
threshold=208.18595238095239 145.09970928193255 -0.32143946530316164 11.188888888888892 -0.25000000000000028 0.6830127018922193
decision_type=2 2 2 2 2 2
left_child=4 3 -3 -2 -1 -6
right_child=1 2 -4 -5 5 -7
leaf_value=-0.0084018211901354927 0.004150948918163231 0.0040108020652381889 0.0014753014755951189 0.0009333877774159112 0.0001165392613832328 -0.0030558919641957704
leaf_weight=4128 19 191 511 8013 4662 4076
leaf_count=4128 19 191 511 8013 4662 4076
internal_value=-0.000183094 0.00142885 0.00735846 0.000909746 -0.00127738 -0.000672046
internal_weight=21600 8734 702 8032 12866 8738
internal_count=21600 8734 702 8032 12866 8738
is_linear=0
shrinkage=0.035


Tree=28
num_leaves=7
num_cat=0
split_feature=10 8 11 6 11 4
split_gain=27.1449 16.9404 13.0729 10.3984 5.93591 5.44278
threshold=121.19071428571429 430.99111111111114 152.14707704141992 1.0000000180025095e-35 9.8366950160346835 -0.56174490092936669
decision_type=2 2 2 2 2 2
left_child=4 3 -3 -2 5 -1
right_child=1 2 -4 -5 -6 -7
leaf_value=0.010777774832469583 0.0012759286661198699 0.0023217564505313413 0.002711385764639918 -0.0013647512134393441 -0.0065071652022040596 -0.003008863161892581
leaf_weight=190 8796 500 184 4716 7084 130
leaf_count=190 8796 500 184 4716 7084 130
internal_value=-0.0001037 0.00079235 0.00616204 0.000520091 -0.00182161 0.00283489
internal_weight=21600 14196 684 13512 7404 320
internal_count=21600 14196 684 13512 7404 320
is_linear=0
shrinkage=0.035


Tree=29
num_leaves=7
num_cat=0
split_feature=10 11 2 8 7 9
split_gain=25.9549 21.652 15.8686 9.28763 6.74892 7.32241
threshold=208.18595238095239 145.09970928193255 -0.32143946530316164 11.188888888888892 0.93301270189221952 1.0000000180025095e-35
decision_type=2 2 2 2 2 2
left_child=4 3 -3 -2 5 -1
right_child=1 2 -4 -5 -6 -7
leaf_value=0.00049176470610631025 0.0039610082027133429 0.0038257664896406587 0.0013790084206351107 0.0008719864036607867 0.0025935163401310545 -0.0048241960644657793
leaf_weight=1911 19 191 511 8013 388 10567
leaf_count=1911 19 191 511 8013 388 10567
internal_value=-0.0001037 0.00136875 0.00725889 0.000853105 -0.00110329 -0.00124473
internal_weight=21600 8734 702 8032 12866 12478
internal_count=21600 8734 702 8032 12866 12478
is_linear=0
shrinkage=0.035


Tree=30
num_leaves=7
num_cat=0
split_feature=10 11 8 9 6 1
split_gain=25.2954 15.9504 17.0598 5.50347 4.88918 18.121
threshold=121.19071428571429 140.1431597610985 24.008888888888894 1.0000000180025095e-35 0.68301270189221941 -0.35206144883412566
decision_type=2 2 2 2 2 2
left_child=4 3 -3 -2 -1 -6
right_child=1 2 -4 -5 5 -7
leaf_value=-0.0059555001173767115 0.0075930343460278412 -0.015418036249669247 0.002883691566820357 0.00023184248873047599 0.0026533382551357488 -0.0013124112891777352
leaf_weight=7203 275 290 1177 12454 41 160
leaf_count=7203 275 290 1177 12454 41 160
internal_value=-9.23577e-05 0.000772627 0.00422718 0.000374194 -0.00175071 0.00362129
internal_weight=21600 14196 1467 12729 7404 201
internal_count=21600 14196 1467 12729 7404 201
is_linear=0
shrinkage=0.035


Tree=31
num_leaves=7
num_cat=0
split_feature=8 10 9 10 10 6
split_gain=23.5108 18.8516 13.209 16.5837 14.8252 8.4941
threshold=430.99111111111114 121.19071428571429 55.832222222222228 372.10857142857145 235.29849206349206 1.0000000180025095e-35
decision_type=2 2 2 2 2 2
left_child=1 -1 4 -4 -2 -3
right_child=2 5 3 -5 -6 -7
leaf_value=-0.0052470461691767195 0.0021376146945008127 0.0012017559602339578 0.0011109166135283507 0.0024520375007371078 0.0024358544462681087 -0.0013072696598095456
leaf_weight=7376 62 8796 535 64 51 4716
leaf_count=7376 62 8796 535 64 51 4716
internal_value=-7.45344e-05 -0.000287856 0.00617531 0.00408917 0.0171009 0.00048901
internal_weight=21600 20888 712 599 113 13512
internal_count=21600 20888 712 599 113 13512
is_linear=0
shrinkage=0.035


Tree=32
num_leaves=7
num_cat=0
split_feature=8 10 9 10 10 9
split_gain=23.2192 15.5504 13.209 16.5837 14.8252 8.35324
threshold=430.99111111111114 121.19071428571429 55.832222222222228 372.10857142857145 235.29849206349206 270.35277777777782
decision_type=2 2 2 2 2 2
left_child=1 -1 4 -4 -2 -3
right_child=2 5 3 -5 -6 -7
leaf_value=-0.0050633995532555348 0.0020627981801932807 0.0012721910553178343 0.0010720345320548736 0.0023662161882112946 0.0023505995406487394 -0.00083821554026475742
leaf_weight=7376 62 7818 535 64 51 5694
leaf_count=7376 62 7818 535 64 51 5694
internal_value=-3.56473e-05 -0.000247643 0.00617531 0.00408917 0.0171009 0.000457929
internal_weight=21600 20888 712 599 113 13512
internal_count=21600 20888 712 599 113 13512
is_linear=0
shrinkage=0.035


Tree=33
num_leaves=7
num_cat=0
split_feature=8 10 9 10 10 9
split_gain=23.1587 14.514 13.209 16.5837 14.8252 7.90345
threshold=430.99111111111114 121.19071428571429 55.832222222222228 372.10857142857145 235.29849206349206 270.35277777777782
decision_type=2 2 2 2 2 2
left_child=1 -1 4 -4 -2 -3
right_child=2 5 3 -5 -6 -7
leaf_value=-0.0048861805688916035 0.0019906002438865081 0.0012276643683817217 0.0010345133234329425 0.0022833986216238868 0.0022683285567260251 -0.00080887799635549491
leaf_weight=7376 62 7818 535 64 51 5694
leaf_count=7376 62 7818 535 64 51 5694
internal_value=-2.75459e-05 -0.000239266 0.00617531 0.00408917 0.0171009 0.000442388
internal_weight=21600 20888 712 599 113 13512
internal_count=21600 20888 712 599 113 13512
is_linear=0
shrinkage=0.035


Tree=34
num_leaves=7
num_cat=0
split_feature=8 10 9 10 10 6
split_gain=22.1075 13.4319 12.8259 16.8167 15.4984 7.8977
threshold=430.99111111111114 121.19071428571429 55.832222222222228 372.10857142857145 235.29849206349206 1.0000000180025095e-35
decision_type=2 2 2 2 2 2
left_child=1 -1 4 -4 -2 -3
right_child=2 5 3 -5 -6 -7
leaf_value=-0.0047151642489804066 0.0019209292353504718 0.0011259608604385265 0.00099830535711277718 0.0022034796698670481 0.0021889370572406234 -0.0012587072408435465
leaf_weight=7376 62 8796 535 64 51 4716
leaf_count=7376 62 8796 535 64 51 4716
internal_value=-3.24067e-05 -0.000239266 0.00602805 0.0039725 0.0167939 0.000416487
internal_weight=21600 20888 712 599 113 13512
internal_count=21600 20888 712 599 113 13512
is_linear=0
shrinkage=0.035


Tree=35
num_leaves=7
num_cat=0
split_feature=8 9 10 10 10 9
split_gain=21.2925 13.0619 17.0514 15.4984 12.3425 10.433
threshold=430.99111111111114 55.832222222222228 372.10857142857145 235.29849206349206 185.52912698412703 285.0266666666667
decision_type=2 2 2 2 2 2
left_child=4 3 -3 -2 -1 -6
right_child=1 2 -4 -5 5 -7
leaf_value=-0.0026020409477669052 0.0018536967121132166 0.0009633646696138227 0.0021263578814216988 0.0021123242602371886 0.0017535288895597835 -0.00069529097323571814
leaf_weight=11387 62 535 64 51 5036 4465
leaf_count=11387 62 535 64 51 5036 4465
internal_value=-1.78241e-05 0.00592987 0.00385583 0.0167939 -0.000220835 0.000710534
internal_weight=21600 712 599 113 20888 9501
internal_count=21600 712 599 113 20888 9501
is_linear=0
shrinkage=0.035


Tree=36
num_leaves=7
num_cat=0
split_feature=8 9 10 10 10 9
split_gain=20.584 13.3 17.2876 15.4984 11.8818 7.90721
threshold=430.99111111111114 55.832222222222228 372.10857142857145 235.29849206349206 121.19071428571429 1.0000000180025095e-35
decision_type=2 2 2 2 2 2
left_child=4 3 -3 -2 5 -1
right_child=1 2 -4 -5 -6 -7
leaf_value=0.00075406067040278751 0.0017888173271892462 0.00092964690617732893 0.0020519353555719325 0.0020383929111289015 0.00041434473972116863 -0.0069052192748418149
leaf_weight=1482 62 535 64 51 13512 5894
leaf_count=1482 62 535 64 51 13512 5894
internal_value=-1.62038e-05 0.0058317 0.00373917 0.0167939 -0.000215808 -0.00134553
internal_weight=21600 712 599 113 20888 7376
internal_count=21600 712 599 113 20888 7376
is_linear=0
shrinkage=0.035


Tree=37
num_leaves=7
num_cat=0
split_feature=8 9 10 10 7 6
split_gain=19.9548 13.5402 17.5254 15.4984 11.3311 6.61796
threshold=430.99111111111114 55.832222222222228 372.10857142857145 235.29849206349206 -0.25000000000000028 1.0000000180025095e-35
decision_type=2 2 2 2 2 2
left_child=4 3 -3 -2 -1 -6
right_child=1 2 -4 -5 5 -7
leaf_value=-0.0066001629069498483 0.0017262087207376179 0.00089710926446110958 0.0019801176181268999 0.0019670491592393802 0.00076039051843523235 -0.0013284786927592618
leaf_weight=4128 62 535 64 51 11214 5546
leaf_count=4128 62 535 64 51 11214 5546
internal_value=-2.43053e-05 0.00573352 0.0036225 0.0167939 -0.000220835 0.000183759
internal_weight=21600 712 599 113 20888 16760
internal_count=21600 712 599 113 20888 16760
is_linear=0
shrinkage=0.035


Tree=38
num_leaves=7
num_cat=0
split_feature=8 9 10 10 10 9
split_gain=19.7755 13.5402 17.5254 15.4984 10.5567 9.686
threshold=430.99111111111114 55.832222222222228 372.10857142857145 235.29849206349206 208.18595238095239 285.0266666666667
decision_type=2 2 2 2 2 2
left_child=4 3 -3 -2 -1 -6
right_child=1 2 -4 -5 5 -7
leaf_value=-0.0019336634706912765 0.001665791415511814 0.0008657104402049838 0.0019108135014924434 0.001898202438666017 0.0017424678614029719 -0.00054824861652192887
leaf_weight=12767 62 535 64 51 4034 4087
leaf_count=12767 62 535 64 51 4034 4087
internal_value=1.61946e-06 0.00573352 0.0036225 0.0167939 -0.000194026 0.000792476
internal_weight=21600 712 599 113 20888 8121
internal_count=21600 712 599 113 20888 8121
is_linear=0
shrinkage=0.035


Tree=39
num_leaves=7
num_cat=0
split_feature=11 8 7 10 8 9
split_gain=18.4212 15.7155 11.6182 8.56374 10.1152 10.062
threshold=141.06029445388285 24.008888888888894 1.0000000180025095e-35 214.05873015873016 11.188888888888892 1.0000000180025095e-35
decision_type=2 2 2 2 2 2
left_child=3 -2 -3 5 -5 -1
right_child=1 2 -4 4 -6 -7
leaf_value=0.001207311416106001 -0.01591064407627724 -0.0017335244968794195 0.0029520501947492496 0.0035086503455413589 0.0006072165312783007 -0.0033606192240823777
leaf_weight=1711 311 307 886 18 7526 10841
leaf_count=1711 311 307 886 18 7526 10841
internal_value=-8.34426e-10 0.00373488 0.00556072 -0.000279694 0.000652219 -0.0008398
internal_weight=21600 1504 1193 20096 7544 12552
internal_count=21600 1504 1193 20096 7544 12552
is_linear=0
shrinkage=0.035


Tree=40
num_leaves=7
num_cat=0
split_feature=11 6 7 7 3 8
split_gain=16.049 16.4999 30.5809 8.77388 6.86011 5.46235
threshold=141.06029445388285 -0.6830127018922193 1.0000000180025095e-35 -0.25000000000000028 1.0000000180025095e-35 8.0066666666666695
decision_type=2 2 2 2 2 2
left_child=3 2 -2 5 -5 -1
right_child=1 -3 -4 4 -6 -7
leaf_value=0.0014202859619909748 -0.0026354219850469544 -0.00012062363968635207 0.0039414926894562946 -0.00079629232297582684 0.00093032289341928324 -0.0067118761321252373
leaf_weight=491 365 682 457 9142 6855 3608
leaf_count=491 365 682 457 9142 6855 3608
internal_value=1.62021e-05 0.00350232 0.0068384 -0.000244863 0.000125359 -0.00168939
internal_weight=21600 1504 822 20096 15997 4099
internal_count=21600 1504 822 20096 15997 4099
is_linear=0
shrinkage=0.035


Tree=41
num_leaves=7
num_cat=0
split_feature=11 6 7 7 3 8
split_gain=15.8504 16.3098 30.2377 8.36398 6.34414 5.35515
threshold=141.06029445388285 -0.6830127018922193 1.0000000180025095e-35 -0.25000000000000028 1.0000000180025095e-35 8.0066666666666695
decision_type=2 2 2 2 2 2
left_child=3 2 -2 5 -5 -1
right_child=1 -3 -4 4 -6 -7
leaf_value=0.0013705759533212758 -0.0025431822155703226 -0.00011640181229732607 0.0038035404453253155 -0.00076842209167167226 0.00089776159214961858 -0.0064769604675008544
leaf_weight=491 365 682 457 9142 6855 3608
leaf_count=491 365 682 457 9142 6855 3608
internal_value=1.45818e-05 0.00347907 0.00679587 -0.000244863 0.000116607 -0.00165524
internal_weight=21600 1504 822 20096 15997 4099
internal_count=21600 1504 822 20096 15997 4099
is_linear=0
shrinkage=0.035


Tree=42
num_leaves=7
num_cat=0
split_feature=8 9 10 10 10 6
split_gain=15.2097 14.4919 14.7031 12.8401 9.8257 9.72172
threshold=430.99111111111114 55.832222222222228 235.29849206349206 372.10857142857145 121.19071428571429 0.68301270189221941
decision_type=2 2 2 2 2 2
left_child=4 2 -2 -3 5 -1
right_child=1 3 -4 -5 -6 -7
leaf_value=-0.0044853329415759239 0.0016006584941203042 0.00074814038571623391 0.0014573674367790979 0.0017586994933505554 0.00040387293471026605 0.0031786193024978229
leaf_weight=7175 62 535 51 64 13512 201
leaf_count=7175 62 535 51 64 13512 201
internal_value=1.94427e-05 0.00504628 0.0164868 0.00286417 -0.000152138 -0.00117948
internal_weight=21600 712 113 599 20888 7376
internal_count=21600 712 113 599 20888 7376
is_linear=0
shrinkage=0.035


Tree=43
num_leaves=7
num_cat=0
split_feature=11 6 7 7 3 8
split_gain=14.8617 15.3759 28.5507 7.30661 5.73846 5.28451
threshold=141.06029445388285 -0.6830127018922193 1.0000000180025095e-35 -0.25000000000000028 1.0000000180025095e-35 8.0066666666666695
decision_type=2 2 2 2 2 2
left_child=3 2 -2 5 -5 -1
right_child=1 -3 -4 4 -6 -7
leaf_value=0.0014795924479101786 -0.0024164681095148956 -0.00013774128601815508 0.0036442316162388624 -0.00073577026300069811 0.00085809488107243376 -0.0060932801981831691
leaf_weight=491 365 682 457 9142 6855 3608
leaf_count=491 365 682 457 9142 6855 3608
internal_value=8.10064e-06 0.00336279 0.00658323 -0.000243122 9.47298e-05 -0.00156134
internal_weight=21600 1504 822 20096 15997 4099
internal_count=21600 1504 822 20096 15997 4099
is_linear=0
shrinkage=0.035


Tree=44
num_leaves=7
num_cat=0
split_feature=8 9 10 10 10 6
split_gain=14.6791 14.7423 14.7031 13.0451 8.39264 8.67888
threshold=430.99111111111114 55.832222222222228 235.29849206349206 372.10857142857145 121.19071428571429 0.68301270189221941
decision_type=2 2 2 2 2 2
left_child=4 2 -2 -3 5 -1
right_child=1 3 -4 -5 -6 -7
leaf_value=-0.004224478112001398 0.001629211830659112 0.00073514908938885357 0.00127881146992348 0.0016671116902457241 0.00041024686834518673 0.0030931195861154362
leaf_weight=7175 62 535 51 64 13512 201
leaf_count=7175 62 535 51 64 13512 201
internal_value=9.72094e-06 0.00494811 0.0164868 0.0027475 -0.00015884 -0.00110831
internal_weight=21600 712 113 599 20888 7376
internal_count=21600 712 113 599 20888 7376
is_linear=0
shrinkage=0.035


Tree=45
num_leaves=7
num_cat=0
split_feature=11 8 7 7 9 8
split_gain=14.1595 13.2116 8.27602 7.05744 5.61561 5.09838
threshold=145.09970928193255 21.935000000000006 1.0000000180025095e-35 -0.25000000000000028 1.0000000180025095e-35 8.0066666666666695
decision_type=2 2 2 2 2 2
left_child=3 -2 -3 5 -5 -1
right_child=1 2 -4 4 -6 -7
leaf_value=0.0015756634461533726 -0.015702205364416577 9.2342852689939481e-05 0.0017926527714206234 0.00143024220185276 -7.0708708430484714e-05 -0.0057321586573267254
leaf_weight=491 262 256 734 1627 14604 3626
leaf_count=491 262 256 734 1627 14604 3626
internal_value=1.45818e-05 0.0036257 0.00547427 -0.000207775 0.000120533 -0.00150182
internal_weight=21600 1252 990 20348 16231 4117
internal_count=21600 1252 990 20348 16231 4117
is_linear=0
shrinkage=0.035


Tree=46
num_leaves=7
num_cat=0
split_feature=8 9 10 10 7 9
split_gain=13.6462 14.4616 13.9287 13.3555 7.48599 5.7116
threshold=430.99111111111114 55.832222222222228 235.29849206349206 372.10857142857145 -0.25000000000000028 317.75333333333339
decision_type=2 2 2 2 2 2
left_child=4 2 -2 -3 -1 -6
right_child=1 3 -4 -5 5 -7
leaf_value=-0.0050923321553653228 0.0015689574167419009 0.00067276391530037688 0.0011713102214764295 0.0016112375858821928 0.00060087400276017072 -0.0011031483365752969
leaf_weight=4128 62 535 51 64 12803 3957
leaf_count=4128 62 535 51 64 12803 3957
internal_value=-9.72261e-06 0.00475175 0.0161798 0.0025725 -0.000172245 0.000156613
internal_weight=21600 712 113 599 20888 16760
internal_count=21600 712 113 599 20888 16760
is_linear=0
shrinkage=0.035


Tree=47
num_leaves=7
num_cat=0
split_feature=8 9 10 10 10 9
split_gain=12.7882 14.8375 13.9287 10.9108 7.28239 7.96292
threshold=430.99111111111114 55.832222222222228 235.29849206349206 372.10857142857145 121.19071428571429 1.0000000180025095e-35
decision_type=2 2 2 2 2 2
left_child=4 2 -2 -3 5 -1
right_child=1 3 -4 -5 -6 -7
leaf_value=0.0010407484841353698 0.0015140439071559266 0.00064921717826485665 0.0011303143637247583 0.0015548442703763189 0.00037066246546841057 -0.0050772604479987085
leaf_weight=1482 62 535 51 64 13512 5894
leaf_count=1482 62 535 51 64 13512 5894
internal_value=-4.86172e-06 0.00460449 0.0161798 0.0023975 -0.000162191 -0.00104663
internal_weight=21600 712 113 599 20888 7376
internal_count=21600 712 113 599 20888 7376
is_linear=0
shrinkage=0.035


Tree=48
num_leaves=7
num_cat=0
split_feature=8 9 10 10 10 6
split_gain=11.9841 15.2182 13.9287 10.333 6.45268 9.24091
threshold=430.99111111111114 55.832222222222228 235.29849206349206 372.10857142857145 121.19071428571429 0.68301270189221941
decision_type=2 2 2 2 2 2
left_child=4 2 -2 -3 5 -1
right_child=1 3 -4 -5 -6 -7
leaf_value=-0.003720623227837022 0.0014610523704054535 0.00062649457702558769 0.0010907533609943788 0.0015004247209131629 0.00035768927917701436 0.0031440087309798108
leaf_weight=7175 62 535 51 64 13512 201
leaf_count=7175 62 535 51 64 13512 201
internal_value=-4.86172e-06 0.00445722 0.0161798 0.0022225 -0.000157165 -0.000989699
internal_weight=21600 712 113 599 20888 7376
internal_count=21600 712 113 599 20888 7376
is_linear=0
shrinkage=0.035


Tree=49
num_leaves=7
num_cat=0
split_feature=8 9 10 9 7 9
split_gain=11.437 15.4747 13.9287 9.01065 6.194 5.47859
threshold=430.99111111111114 55.832222222222228 235.29849206349206 442.14888888888896 -0.25000000000000028 317.75333333333339
decision_type=2 2 2 2 2 2
left_child=4 2 -2 -3 -1 -6
right_child=1 3 -4 -5 5 -7
leaf_value=-0.0046061746012732926 0.0014099155374412533 0.00016777386135091764 0.001052576993359571 0.0033474120274620935 0.00056834278787371354 -0.0010900304558577446
leaf_weight=4128 62 519 51 80 12803 3957
leaf_count=4128 62 519 51 80 12803 3957
internal_value=-8.34426e-10 0.00435905 0.0161798 0.00210583 -0.000148787 0.000150348
internal_weight=21600 712 113 599 20888 16760
internal_count=21600 712 113 599 20888 16760
is_linear=0
shrinkage=0.035


Tree=50
num_leaves=7
num_cat=0
split_feature=8 9 10 9 10 6
split_gain=11.3945 15.4747 13.9287 9.01065 6.12823 7.8974
threshold=430.99111111111114 55.832222222222228 235.29849206349206 442.14888888888896 121.19071428571429 0.68301270189221941
decision_type=2 2 2 2 2 2
left_child=4 2 -2 -3 5 -1
right_child=1 3 -4 -5 -6 -7
leaf_value=-0.0035783879114831101 0.0013605684936308117 0.00016190177620362388 0.001015736798591993 0.0032302526065009344 0.00033812885804722782 0.0030140764278199141
leaf_weight=7175 62 519 51 80 13512 201
leaf_count=7175 62 519 51 80 13512 201
internal_value=8.10064e-06 0.00435905 0.0161798 0.00210583 -0.00014041 -0.000951743
internal_weight=21600 712 113 599 20888 7376
internal_count=21600 712 113 599 20888 7376
is_linear=0
shrinkage=0.035


Tree=51
num_leaves=7
num_cat=0
split_feature=8 9 10 9 3 10
split_gain=10.7735 20.3471 14.3125 6.78104 12.5291 8.72092
threshold=387.00388888888898 38.506666666666675 223.06460317460321 1.0000000180025095e-35 0.87837969732492682 119.97301587301588
decision_type=2 2 2 2 2 2
left_child=3 2 -2 4 -1 -5
right_child=1 -3 -4 5 -6 -7
leaf_value=0.00069891410217057465 0.0013358346239712483 0.0010255868210887976 0.0023633904073191775 -0.0045273972279465374 0.0069831531644681108 8.6753029011489026e-05
leaf_weight=1588 65 1442 74 5818 284 12329
leaf_count=1588 65 1442 74 5818 284 12329
internal_value=4.86005e-06 0.0027854 0.015525 -0.000214861 0.00179018 -0.000421783
internal_weight=21600 1581 139 20019 1872 18147
internal_count=21600 1581 139 20019 1872 18147
is_linear=0
shrinkage=0.035


Tree=52
num_leaves=7
num_cat=0
split_feature=8 9 10 9 3 10
split_gain=9.76942 19.191 13.1462 6.46116 12.2143 8.22518
threshold=387.00388888888898 38.506666666666675 223.06460317460321 1.0000000180025095e-35 0.87837969732492682 164.81428571428575
decision_type=2 2 2 2 2 2
left_child=3 2 -2 4 -1 -5
right_child=1 -3 -4 5 -6 -7
leaf_value=0.00067445210859459976 0.0012890804121322664 0.00098969128235068668 0.0022806717430630193 -0.0036489165027004862 0.0067387428037117402 0.00029538772322300799
leaf_weight=1588 65 1442 74 8356 284 9791
leaf_count=1588 65 1442 74 8356 284 9791
internal_value=4.86005e-06 0.00265265 0.015025 -0.000204371 0.0017528 -0.000406354
internal_weight=21600 1581 139 20019 1872 18147
internal_count=21600 1581 139 20019 1872 18147
is_linear=0
shrinkage=0.035


Tree=53
num_leaves=7
num_cat=0
split_feature=11 6 7 9 3 8
split_gain=8.80264 16.8679 24.4695 7.15148 9.75323 8.98967
threshold=141.06029445388285 -0.6830127018922193 1.0000000180025095e-35 1.0000000180025095e-35 0.87837969732492682 245.97888888888892
decision_type=2 2 2 2 2 2
left_child=3 2 -2 4 -1 -5
right_child=1 -3 -4 5 -6 -7
leaf_value=0.0010137779913268455 -0.0024090281609661242 -0.0003147527253992788 0.0030843293770432419 -0.0019572331565165064 0.0065036044449080831 0.0005962094228592564
leaf_weight=1460 365 682 457 12076 251 6309
leaf_count=1460 365 682 457 12076 251 6309
internal_value=-9.72261e-06 0.00257209 0.00594532 -0.000203066 0.00196057 -0.000404521
internal_weight=21600 1504 822 20096 1711 18385
internal_count=21600 1504 822 20096 1711 18385
is_linear=0
shrinkage=0.035


Tree=54
num_leaves=7
num_cat=0
split_feature=11 6 7 6 11 6
split_gain=8.03442 15.3232 21.7033 5.71667 34.3343 11.5898
threshold=141.06029445388285 -0.6830127018922193 1.0000000180025095e-35 0.68301270189221941 88.147941573424546 1.0000000180025095e-35
decision_type=2 2 2 2 2 2
left_child=3 2 -2 5 -5 -1
right_child=1 -3 -4 4 -6 -7
leaf_value=-7.0629239656550468e-05 -0.0023247121753323103 -0.00030373638001028884 0.002976377848846727 0.003583025009502886 -0.0031148480880591111 -0.0049254364416450131
leaf_weight=14572 365 682 457 1092 1781 2651
leaf_count=14572 365 682 457 1092 1781 2651
internal_value=-3.4027e-05 0.00243256 0.00564763 -0.00021874 0.00122634 -0.000459853
internal_weight=21600 1504 822 20096 2873 17223
internal_count=21600 1504 822 20096 2873 17223
is_linear=0
shrinkage=0.035


Tree=55
num_leaves=7
num_cat=0
split_feature=10 2 11 9 6 3
split_gain=8.05686 9.39441 13.7318 8.21381 8.41757 7.57725
threshold=214.05873015873016 0.60876142900872032 145.09970928193255 1.0000000180025095e-35 0.68301270189221941 0.87837969732492682
decision_type=2 2 2 2 2 2
left_child=3 2 -2 5 -5 -1
right_child=1 -3 -4 4 -6 -7
leaf_value=0.00082047343727862211 0.00096170165508353118 -0.0012003973994010764 0.0012804160480619099 -0.003170313632221854 0.00091739593302270477 0.0062783601904321624
leaf_weight=1636 6003 1854 457 9558 1812 280
leaf_count=1636 6003 1854 457 9558 1812 280
internal_value=-4.37488e-05 0.000810703 0.00144095 -0.000578461 -0.000935714 0.00154095
internal_weight=21600 8314 6460 13286 11370 1916
internal_count=21600 8314 6460 13286 11370 1916
is_linear=0
shrinkage=0.035


Tree=56
num_leaves=7
num_cat=0
split_feature=11 6 7 3 6 6
split_gain=7.76537 14.9579 21.1273 5.1421 15.0537 7.06802
threshold=141.06029445388285 -0.6830127018922193 1.0000000180025095e-35 1.0000000180025095e-35 0.68301270189221941 1.0000000180025095e-35
decision_type=2 2 2 2 2 2
left_child=3 2 -2 4 -1 -5
right_child=1 -3 -4 5 -6 -7
leaf_value=-0.00201660480068143 -0.0021882585032236132 -0.00025713893883567822 0.002922867687850697 0.0010836081863028059 0.0019364399742356193 -0.0023425767539900348
leaf_weight=9805 365 682 457 6302 1721 2268
leaf_count=9805 365 682 457 6302 1721 2268
internal_value=-3.88879e-05 0.00238605 0.00556258 -0.000220482 -0.000703219 0.000428771
internal_weight=21600 1504 822 20096 11526 8570
internal_count=21600 1504 822 20096 11526 8570
is_linear=0
shrinkage=0.035


Tree=57
num_leaves=7
num_cat=0
split_feature=11 6 7 11 10 4
split_gain=7.5966 13.9917 20.2778 5.5776 6.91098 5.27384
threshold=141.06029445388285 -0.6830127018922193 1.0000000180025095e-35 9.8366950160346835 112.61047619047621 -0.56174490092936669
decision_type=2 2 2 2 2 2
left_child=3 2 -2 5 -5 -1
right_child=1 -3 -4 4 -6 -7
leaf_value=0.011543348441837834 -0.0021116694556107883 -0.00024813907597642017 0.0028205673187759353 -0.0031600297762554956 0.00016945608871090758 -0.0014777165266270798
leaf_weight=190 365 682 457 6340 13436 130
leaf_count=190 365 682 457 6340 13436 130
internal_value=-3.56473e-05 0.00236279 0.00543499 -0.000215257 -0.000289529 0.00436137
internal_weight=21600 1504 822 20096 19776 320
internal_count=21600 1504 822 20096 19776 320
is_linear=0
shrinkage=0.035


Tree=58
num_leaves=7
num_cat=0
split_feature=10 6 3 9 9 6
split_gain=6.65757 8.08728 14.3844 10.3428 6.65459 8.88617
threshold=185.52912698412703 0.68301270189221941 -0.8783796973249266 1.0000000180025095e-35 285.0266666666667 1.0000000180025095e-35
decision_type=2 2 2 2 2 2
left_child=1 3 -3 -1 5 -2
right_child=4 2 -4 -5 -6 -7
leaf_value=0.0010224476293757771 0.0014683555620318206 0.002302472213776672 0.00071693177628327385 -0.0038559956270472358 -0.00028230890856339845 -0.0012283372527576125
leaf_weight=1880 3892 221 1095 8241 4751 1520
leaf_count=1880 3892 221 1095 8241 4751 1520
internal_value=-5.023e-05 -0.000629438 0.00195064 -0.000965077 0.000601583 0.00144061
internal_weight=21600 11437 1316 10121 10163 5412
internal_count=21600 11437 1316 10121 10163 5412
is_linear=0
shrinkage=0.035


Tree=59
num_leaves=7
num_cat=0
split_feature=10 2 9 9 6 3
split_gain=5.73256 8.29364 8.50334 6.91056 7.00469 6.5085
threshold=214.05873015873016 0.60876142900872032 293.23333333333341 1.0000000180025095e-35 0.68301270189221941 0.87837969732492682
decision_type=2 2 2 2 2 2
left_child=3 2 -2 5 -5 -1
right_child=1 -3 -4 4 -6 -7
leaf_value=0.00074164310250940868 0.0017532043827527073 -0.0011839749345960496 -2.1169801847573667e-05 -0.0028999095168088999 0.00083665769425637308 0.0059789746671133868
leaf_weight=1636 3269 1854 3191 9558 1812 280
leaf_count=1636 3269 1854 3191 9558 1812 280
internal_value=-6.15721e-05 0.000659169 0.00125135 -0.000512607 -0.000840296 0.0014314
internal_weight=21600 8314 6460 13286 11370 1916
internal_count=21600 8314 6460 13286 11370 1916
is_linear=0
shrinkage=0.035


Tree=60
num_leaves=7
num_cat=0
split_feature=10 6 1 11 6 11
split_gain=5.57932 8.32433 25.3714 6.8614 5.28053 12.8414
threshold=119.97301587301588 0.68301270189221941 -0.2901292552028415 9.8366950160346835 1.0000000180025095e-35 86.2790409504005
decision_type=2 2 2 2 2 2
left_child=1 3 -3 -1 -2 -6
right_child=4 2 -4 -5 5 -7
leaf_value=0.0021638299976219424 0.00072087915433750828 0.0035841635340207213 -0.00028488877380838159 -0.0030243318373381119 0.0017927602066336223 -0.0033336301832776923
leaf_weight=320 9411 40 147 6813 1634 3235
leaf_count=320 9411 40 147 6813 1634 3235
internal_value=-9.88389e-05 -0.000884443 0.00638564 -0.0010759 0.000303899 -0.000631726
internal_weight=21600 7320 187 7133 14280 4869
internal_count=21600 7320 187 7133 14280 4869
is_linear=0
shrinkage=0.035


Tree=61
num_leaves=7
num_cat=0
split_feature=10 6 1 9 6 11
split_gain=4.90423 8.01421 25.4333 6.16204 4.85016 11.8955
threshold=121.19071428571429 0.68301270189221941 -0.2901292552028415 7.9955555555555566 1.0000000180025095e-35 86.2790409504005
decision_type=2 2 2 2 2 2
left_child=1 3 -3 -1 -2 -6
right_child=4 2 -4 -5 5 -7
leaf_value=0.00067532067298506696 0.00069697061404634664 0.0035125608325512442 -0.00036511816336282923 -0.0045356370424105945 0.0017210518833771229 -0.0032107538520761997
leaf_weight=1861 9362 44 157 5342 1604 3230
leaf_count=1861 9362 44 157 5342 1604 3230
internal_value=-9.88389e-05 -0.000829035 0.00604703 -0.00102172 0.000282031 -0.000618201
internal_weight=21600 7404 201 7203 14196 4834
internal_count=21600 7404 201 7203 14196 4834
is_linear=0
shrinkage=0.035


Tree=62
num_leaves=7
num_cat=0
split_feature=10 6 1 9 6 11
split_gain=4.56858 7.71269 23.9992 6.02361 4.15166 11.954
threshold=119.97301587301588 0.68301270189221941 -0.2901292552028415 7.9955555555555566 1.0000000180025095e-35 88.147941573424546
decision_type=2 2 2 2 2 2
left_child=1 3 -3 -1 -2 -6
right_child=4 2 -4 -5 5 -7
leaf_value=0.00065602418667570111 0.00067125441244408012 0.0033357781811907076 -0.00026213853100739309 -0.004408322508475674 0.0013787580109198721 -0.0033429139974611782
leaf_weight=1851 9411 40 147 5282 1779 3090
leaf_count=1851 9411 40 147 5282 1779 3090
internal_value=-8.74968e-05 -0.000798389 0.00619947 -0.000982689 0.000276941 -0.00055267
internal_weight=21600 7320 187 7133 14280 4869
internal_count=21600 7320 187 7133 14280 4869
is_linear=0
shrinkage=0.035


Tree=63
num_leaves=7
num_cat=0
split_feature=10 6 1 11 6 4
split_gain=4.52294 7.3488 22.6652 5.79357 3.50237 10.8099
threshold=119.97301587301588 0.68301270189221941 -0.2901292552028415 9.8366950160346835 1.0000000180025095e-35 -0.22252093395631442
decision_type=2 2 2 2 2 2
left_child=1 3 -3 -1 -2 -6
right_child=4 2 -4 -5 5 -7
leaf_value=0.0020414988776170252 0.00064776050800855248 0.0032190259448490414 -0.00025296368242213701 -0.002696963891375255 0.0012463276115069323 -0.004021064436985502
leaf_weight=320 9411 40 147 6813 2056 2813
leaf_count=320 9411 40 147 6813 2056 2813
internal_value=-0.000110181 -0.000817512 0.0060133 -0.000997408 0.000252432 -0.000509549
internal_weight=21600 7320 187 7133 14280 4869
internal_count=21600 7320 187 7133 14280 4869
is_linear=0
shrinkage=0.035


Tree=64
num_leaves=7
num_cat=0
split_feature=7 3 10 2 10 6
split_gain=4.375 10.5511 17.514 3.61473 4.66626 2.377
threshold=-0.68301270189221952 0.87837969732492682 51.531587301587301 0.60876142900872032 216.98087301587307 0.68301270189221941
decision_type=2 2 2 2 2 2
left_child=1 -1 -3 4 -2 -5
right_child=3 2 -4 5 -6 -7
leaf_value=-0.026258733413054573 -0.00036416259558034694 0.0038454223689291726 -0.013507495073804599 -0.0012878678844851065 0.00085982263752945598 0.00057150207084757747
leaf_weight=1056 8074 73 119 5068 6342 868
leaf_count=1056 8074 73 119 5068 6342 868
internal_value=-0.000113422 -0.0021241 0.00540414 9.97313e-06 0.000309287 -0.000716861
internal_weight=21600 1248 192 20352 14416 5936
internal_count=21600 1248 192 20352 14416 5936
is_linear=0
shrinkage=0.035


Tree=65
num_leaves=7
num_cat=0
split_feature=7 3 10 2 10 11
split_gain=4.23307 10.9856 17.0434 3.4888 4.3248 2.17798
threshold=-0.68301270189221952 0.87837969732492682 51.531587301587301 0.60876142900872032 216.98087301587307 63.658650617299756
decision_type=2 2 2 2 2 2
left_child=1 -1 -3 4 -2 -5
right_child=3 2 -4 5 -6 -7
leaf_value=-0.025339677743597678 -0.00035141690473504975 0.0037108325860166487 -0.013034732746221432 -0.0030688528433392747 0.0008297288452159123 -0.00025522348608408163
leaf_weight=1056 8074 73 119 1455 6342 4481
leaf_count=1056 8074 73 119 1455 6342 4481
internal_value=-0.000118282 -0.00209608 0.00558549 3.09453e-06 0.000297148 -0.000710966
internal_weight=21600 1248 192 20352 14416 5936
internal_count=21600 1248 192 20352 14416 5936
is_linear=0
shrinkage=0.035


Tree=66
num_leaves=7
num_cat=0
split_feature=7 3 10 10 8 1
split_gain=4.10031 11.429 16.579 3.48551 4.9493 3.40151
threshold=-0.68301270189221952 0.87837969732492682 51.531587301587301 1.0000000180025095e-35 1.0000000180025095e-35 -0.35206144883412566
decision_type=2 2 2 2 2 2
left_child=1 -1 -3 5 -5 -2
right_child=3 2 -4 4 -6 -7
leaf_value=-0.024452789022571749 -2.9345769188382501e-05 0.003580953445506057 -0.012578517100103688 -0.010954504235021166 0.00013401409026960872 0.014054372618687944
leaf_weight=1056 123 73 119 1704 18413 112
leaf_count=1056 123 73 119 1704 18413 112
internal_value=-0.000121523 -0.00206806 0.00576684 -2.06441e-06 -5.1671e-05 0.00422669
internal_weight=21600 1248 192 20352 20117 235
internal_count=21600 1248 192 20352 20117 235
is_linear=0
shrinkage=0.035


Tree=67
num_leaves=7
num_cat=0
split_feature=3 6 11 11 0 8
split_gain=4.15929 10.5203 25.7665 8.04099 6.19675 6.61698
threshold=1.0000000180025095e-35 0.68301270189221941 88.147941573424546 138.25616321504461 31.500000000000004 8.0066666666666695
decision_type=2 2 2 2 2 2
left_child=1 3 -3 -1 -2 -6
right_child=4 2 -4 -5 5 -7
leaf_value=-0.0018976756757469772 -0.00090597595533642211 0.0034024686430784599 -0.001326913647642615 0.0015882265034597844 0.0050753044661085997 0.00069902679986837124
leaf_weight=9682 3072 696 1128 878 887 5257
leaf_count=9682 3072 696 1128 878 887 5257
internal_value=-0.000124764 -0.000543723 0.00191014 -0.000967712 0.000438211 0.0010799
internal_weight=21600 12384 1824 10560 9216 6144
internal_count=21600 12384 1824 10560 9216 6144
is_linear=0
shrinkage=0.035


Tree=68
num_leaves=7
num_cat=0
split_feature=9 8 3 11 11 7
split_gain=4.34245 7.57675 6.8081 15.8306 5.95885 4.46229
threshold=1.0000000180025095e-35 1.0000000180025095e-35 0.87837969732492682 62.780280487877789 9.8366950160346835 -0.68301270189221952
decision_type=2 2 2 2 2 2
left_child=2 -2 4 -4 -1 -3
right_child=1 5 3 -5 -6 -7
leaf_value=0.0075795729496477152 -0.018362201330270285 -0.018956095928143873 -0.068139655353701714 0.005670249739211655 -0.00018335074724552315 7.8171587744969089e-05
leaf_weight=239 1470 1248 116 168 1416 16943
leaf_count=239 1470 1248 116 168 1416 16943
internal_value=-0.000116662 -0.000272532 0.00146314 0.00645965 0.000602354 -7.71501e-05
internal_weight=21600 19661 1939 284 1655 18191
internal_count=21600 19661 1939 284 1655 18191
is_linear=0
shrinkage=0.035


Tree=69
num_leaves=7
num_cat=0
split_feature=7 3 10 2 10 11
split_gain=4.09348 11.429 16.579 3.65392 3.98292 2.00515
threshold=-0.68301270189221952 0.87837969732492682 51.531587301587301 0.60876142900872032 216.98087301587307 63.658650617299756
decision_type=2 2 2 2 2 2
left_child=1 -1 -3 4 -2 -5
right_child=3 2 -4 5 -6 -7
leaf_value=-0.022957943987292083 -0.00029768061200466676 0.0040229189525305964 -0.011443096485678251 -0.0029049791145415375 0.00079377505404952693 -0.0002609877105070131
leaf_weight=1056 8074 73 119 1455 6342 4481
leaf_count=1056 8074 73 119 1455 6342 4481
internal_value=-0.000123143 -0.00206806 0.00576684 -3.78406e-06 0.000297148 -0.000734547
internal_weight=21600 1248 192 20352 14416 5936
internal_count=21600 1248 192 20352 14416 5936
is_linear=0
shrinkage=0.035


Tree=70
num_leaves=7
num_cat=0
split_feature=7 3 10 2 10 11
split_gain=4.07305 11.429 16.579 3.54421 3.83525 2.02616
threshold=-0.68301270189221952 0.87837969732492682 51.531587301587301 0.60876142900872032 214.05873015873016 63.658650617299756
decision_type=2 2 2 2 2 2
left_child=1 -1 -3 4 -2 -5
right_child=3 2 -4 5 -6 -7
leaf_value=-0.022154415947736872 -0.00029196738678359069 0.0038821167891920144 -0.011042588108679521 -0.0028033048455325862 0.00076869062045077478 -0.00025185314063926501
leaf_weight=1056 7956 73 119 1455 6460 4481
leaf_count=1056 7956 73 119 1455 6460 4481
internal_value=-0.000128004 -0.00206806 0.00576684 -8.94301e-06 0.000287438 -0.000728652
internal_weight=21600 1248 192 20352 14416 5936
internal_count=21600 1248 192 20352 14416 5936
is_linear=0
shrinkage=0.035


Tree=71
num_leaves=7
num_cat=0
split_feature=7 3 10 2 10 11
split_gain=4.04588 11.429 16.579 3.47679 3.50128 2.02616
threshold=-0.68301270189221952 0.87837969732492682 51.531587301587301 0.60876142900872032 214.05873015873016 63.658650617299756
decision_type=2 2 2 2 2 2
left_child=1 -1 -3 4 -2 -5
right_child=3 2 -4 5 -6 -7
leaf_value=-0.02137901138956607 -0.00028174852824615657 0.0037462427015703087 -0.010656097524875731 -0.0027051891759389338 0.00074178644873500784 -0.0002430382807168836
leaf_weight=1056 7956 73 119 1455 6460 4481
leaf_count=1056 7956 73 119 1455 6460 4481
internal_value=-0.000134485 -0.00206806 0.00576684 -1.58216e-05 0.000277727 -0.000728652
internal_weight=21600 1248 192 20352 14416 5936
internal_count=21600 1248 192 20352 14416 5936
is_linear=0
shrinkage=0.035


Tree=72
num_leaves=7
num_cat=0
split_feature=3 6 11 11 0 8
split_gain=4.03087 9.49244 25.1215 7.9912 6.25655 7.05095
threshold=1.0000000180025095e-35 0.68301270189221941 88.147941573424546 138.25616321504461 32.500000000000007 8.0066666666666695
decision_type=2 2 2 2 2 2
left_child=1 3 -3 -1 -2 -6
right_child=4 2 -4 -5 5 -7
leaf_value=-0.0018667621759722195 -0.00084129980914692426 0.0032656649213502328 -0.0013374220637764414 0.0014492537459544041 0.0053267958999894706 0.00063136378242767605
leaf_weight=9682 3168 696 1128 878 875 5173
leaf_count=9682 3168 696 1128 878 875 5173
internal_value=-0.000142587 -0.000555027 0.00177589 -0.00095777 0.00041163 0.00107158
internal_weight=21600 12384 1824 10560 9216 6048
internal_count=21600 12384 1824 10560 9216 6048
is_linear=0
shrinkage=0.035


Tree=73
num_leaves=7
num_cat=0
split_feature=7 3 10 2 10 11
split_gain=4.02556 11.429 16.579 3.14714 3.60133 1.8767
threshold=-0.68301270189221952 0.87837969732492682 51.531587301587301 0.60876142900872032 214.05873015873016 63.658650617299756
decision_type=2 2 2 2 2 2
left_child=1 -1 -3 4 -2 -5
right_child=3 2 -4 5 -6 -7
leaf_value=-0.02065284372331622 -0.00024835122336571872 0.0034286863505157065 -0.010253688618184929 -0.0025451708786220677 0.00072868310871742573 -0.00024095825512229636
leaf_weight=1056 7956 73 119 1455 6460 4481
leaf_count=1056 7956 73 119 1455 6460 4481
internal_value=-0.000139346 -0.00206806 0.00576684 -2.09805e-05 0.000258305 -0.000699176
internal_weight=21600 1248 192 20352 14416 5936
internal_count=21600 1248 192 20352 14416 5936
is_linear=0
shrinkage=0.035


Tree=74
num_leaves=7
num_cat=0
split_feature=7 3 10 9 8 3
split_gain=4.13653 10.9856 15.8439 3.22746 7.11108 5.84993
threshold=-0.68301270189221952 0.87837969732492682 51.531587301587301 1.0000000180025095e-35 1.0000000180025095e-35 0.87837969732492682
decision_type=2 2 2 2 2 2
left_child=1 -1 -3 5 -5 -2
right_child=3 2 -4 4 -6 -7
leaf_value=-0.01992999419300015 0.00046613473160941779 0.0033086823282476633 -0.0098948095165484473 -0.017614996436287795 3.6515016616549491e-05 0.0054882485707013736
leaf_weight=1056 1655 73 119 1470 16943 284
leaf_count=1056 1655 73 119 1470 16943 284
internal_value=-0.000140967 -0.00209608 0.00558549 -2.09805e-05 -0.000164034 0.00133685
internal_weight=21600 1248 192 20352 18413 1939
internal_count=21600 1248 192 20352 18413 1939
is_linear=0
shrinkage=0.035


Tree=75
num_leaves=7
num_cat=0
split_feature=7 3 10 2 6 6
split_gain=4.12283 10.9856 15.8439 3.00738 3.36382 1.97329
threshold=-0.68301270189221952 0.87837969732492682 51.531587301587301 0.60876142900872032 1.0000000180025095e-35 0.68301270189221941
decision_type=2 2 2 2 2 2
left_child=1 -1 -3 4 -2 -5
right_child=3 2 -4 5 -6 -7
leaf_value=-0.019232444396245142 0.00054889490160352867 0.0031928784467589915 -0.0095484911834692633 -0.00099210279497844236 -0.0011702863694504743 0.00059993466535682236
leaf_weight=1056 10404 73 119 5068 4012 868
leaf_count=1056 10404 73 119 5068 4012 868
internal_value=-0.000144207 -0.00209608 0.00558549 -2.44198e-05 0.000248595 -0.000687385
internal_weight=21600 1248 192 20352 14416 5936
internal_count=21600 1248 192 20352 14416 5936
is_linear=0
shrinkage=0.035


Tree=76
num_leaves=7
num_cat=0
split_feature=7 3 10 2 10 6
split_gain=4.14339 10.9856 15.8439 2.84257 3.42808 1.91339
threshold=-0.68301270189221952 0.87837969732492682 51.531587301587301 0.60876142900872032 214.05873015873016 0.68301270189221941
decision_type=2 2 2 2 2 2
left_child=1 -1 -3 4 -2 -5
right_child=3 2 -4 5 -6 -7
leaf_value=-0.018559308842376575 -0.00025925507130911021 0.0030811277011224196 -0.0092142939920478294 -0.00095737919715418248 0.0006878342810012415 0.00057893695206933066
leaf_weight=1056 7956 73 119 5068 6460 868
leaf_count=1056 7956 73 119 5068 6460 868
internal_value=-0.000139346 -0.00209608 0.00558549 -1.92609e-05 0.000246167 -0.000663804
internal_weight=21600 1248 192 20352 14416 5936
internal_count=21600 1248 192 20352 14416 5936
is_linear=0
shrinkage=0.035


Tree=77
num_leaves=7
num_cat=0
split_feature=7 3 10 2 10 11
split_gain=4.16602 10.5511 15.3666 2.69925 2.91422 1.89546
threshold=-0.68301270189221952 0.87837969732492682 46.115952380952386 0.60876142900872032 214.05873015873016 63.658650617299756
decision_type=2 2 2 2 2 2
left_child=1 -1 -3 4 -2 -5
right_child=3 2 -4 5 -6 -7
leaf_value=-0.0179097330328934 -0.00025018114381330397 0.0028961586843182733 -0.0016550874958719288 -0.0023891360537272237 0.00066376008116621232 -0.00021543853189820718
leaf_weight=1056 7956 58 134 1455 6460 4481
leaf_count=1056 7956 58 134 1455 6460 4481
internal_value=-0.00016203 -0.0021241 0.00540414 -4.16163e-05 0.000217035 -0.000669699
internal_weight=21600 1248 192 20352 14416 5936
internal_count=21600 1248 192 20352 14416 5936
is_linear=0
shrinkage=0.035


Tree=78
num_leaves=7
num_cat=0
split_feature=7 3 10 9 8 8
split_gain=4.04788 10.9856 15.8439 2.75228 6.47655 5.32611
threshold=-0.68301270189221952 0.87837969732492682 51.531587301587301 1.0000000180025095e-35 1.0000000180025095e-35 227.00111111111116
decision_type=2 2 2 2 2 2
left_child=1 -1 -3 5 -5 -2
right_child=3 2 -4 4 -6 -7
leaf_value=-0.017282892376742132 0.0018295698398487039 0.0028719226776320063 -0.0088338656399706318 -0.016999852615044574 8.7027615967792084e-06 -0.0026225161728922509
leaf_weight=1056 1400 73 119 1470 16943 539
leaf_count=1056 1400 73 119 1470 16943 539
internal_value=-0.00016203 -0.00209608 0.00558549 -4.3336e-05 -0.000175438 0.00121057
internal_weight=21600 1248 192 20352 18413 1939
internal_count=21600 1248 192 20352 18413 1939
is_linear=0
shrinkage=0.035


Tree=79
num_leaves=7
num_cat=0
split_feature=7 3 10 9 8 8
split_gain=4.22125 10.5511 15.3666 2.68476 5.38155 4.64774
threshold=-0.68301270189221952 0.87837969732492682 46.115952380952386 1.0000000180025095e-35 1.0000000180025095e-35 227.00111111111116
decision_type=2 2 2 2 2 2
left_child=1 -1 -3 5 -5 -2
right_child=3 2 -4 4 -6 -7
leaf_value=-0.01667799114355616 0.0017655348954539909 0.0026942758366500287 -0.0015747646507452528 -0.016404857773518012 8.3981649408946504e-06 -0.0025307281068410116
leaf_weight=1056 1400 58 134 1470 16943 539
leaf_count=1056 1400 58 134 1470 16943 539
internal_value=-0.000149068 -0.0021241 0.00540414 -2.78591e-05 -0.000158331 0.00121057
internal_weight=21600 1248 192 20352 18413 1939
internal_count=21600 1248 192 20352 18413 1939
is_linear=0
shrinkage=0.035


Tree=80
num_leaves=7
num_cat=0
split_feature=7 3 10 2 6 10
split_gain=4.09549 10.9856 14.9948 2.60623 2.82815 1.65243
threshold=-0.68301270189221952 0.87837969732492682 46.115952380952386 0.77259657388510627 1.0000000180025095e-35 227.85333333333338
decision_type=2 2 2 2 2 2
left_child=1 -1 -3 4 -2 -5
right_child=3 2 -4 5 -6 -7
leaf_value=-0.016094261453531693 0.00047861737425433317 0.0025999761823672653 -0.0015196478879691731 -0.00034112031510934057 -0.0011191348204342569 -0.0014052299992852264
leaf_weight=1056 11475 58 134 3359 4425 1093
leaf_count=1056 11475 58 134 3359 4425 1093
internal_value=-0.000150688 -0.00209608 0.00558549 -3.12984e-05 0.00017829 -0.0007797
internal_weight=21600 1248 192 20352 15900 4452
internal_count=21600 1248 192 20352 15900 4452
is_linear=0
shrinkage=0.035


Tree=81
num_leaves=7
num_cat=0
split_feature=7 3 11 6 11 6
split_gain=3.76879 11.2663 15.474 2.6496 29.1173 12.2257
threshold=-0.68301270189221952 0.87837969732492682 49.118294284302415 0.68301270189221941 81.145986726452392 1.0000000180025095e-35
decision_type=2 2 2 2 2 2
left_child=1 -1 -3 5 -5 -2
right_child=3 2 -4 4 -6 -7
leaf_value=-0.015530962302658088 0.00027850426354369837 0.002667740510499166 -0.017227696953539456 0.0033373627106600716 -0.0014268799482242266 -0.0042066101083838708
leaf_weight=1056 14688 89 103 806 2170 2688
leaf_count=1056 14688 89 103 806 2170 2688
internal_value=-0.000145827 -0.00201201 0.00576684 -3.12984e-05 0.000933489 -0.000196583
internal_weight=21600 1248 192 20352 2976 17376
internal_count=21600 1248 192 20352 2976 17376
is_linear=0
shrinkage=0.035


Tree=82
num_leaves=7
num_cat=0
split_feature=3 6 11 11 0 8
split_gain=3.79863 10.2127 22.6314 7.34118 5.72 5.52922
threshold=1.0000000180025095e-35 0.68301270189221941 88.147941573424546 138.25616321504461 34.500000000000007 8.0066666666666695
decision_type=2 2 2 2 2 2
left_child=1 3 -3 -1 -2 -6
right_child=4 2 -4 -5 5 -7
leaf_value=-0.0018076922772524576 -0.00071198791361126561 0.0031802864860600373 -0.0012496957832714964 0.0013018291603830671 0.0052628919473940265 0.000647398042776155
leaf_weight=9682 3360 696 1128 878 847 5009
leaf_count=9682 3360 696 1128 878 847 5009
internal_value=-0.000126384 -0.000526767 0.00189096 -0.000944514 0.00041163 0.00107205
internal_weight=21600 12384 1824 10560 9216 5856
internal_count=21600 12384 1824 10560 9216 5856
is_linear=0
shrinkage=0.035


Tree=83
num_leaves=7
num_cat=0
split_feature=3 6 11 11 0 6
split_gain=3.64717 9.17298 20.0903 7.18322 5.24096 5.19832
threshold=1.0000000180025095e-35 0.68301270189221941 88.147941573424546 138.25616321504461 34.500000000000007 -0.93301270189221908
decision_type=2 2 2 2 2 2
left_child=1 3 -3 -1 -2 -6
right_child=4 2 -4 -5 5 -7
leaf_value=-0.0017444230475486115 -0.00068706833663487123 0.0030689764590479313 -0.001205956430856994 0.0012562651397696693 0.0053011818738185092 0.00050536657498389745
leaf_weight=9682 3360 696 1128 878 915 4941
leaf_count=9682 3360 696 1128 878 915 4941
internal_value=-0.000123143 -0.000515463 0.00177589 -0.000911373 0.000404035 0.0010362
internal_weight=21600 12384 1824 10560 9216 5856
internal_count=21600 12384 1824 10560 9216 5856
is_linear=0
shrinkage=0.035


Tree=84
num_leaves=7
num_cat=0
split_feature=3 6 11 11 8 7
split_gain=3.58717 7.70167 18.5786 7.02697 5.25988 11.2912
threshold=1.0000000180025095e-35 0.68301270189221941 81.145986726452392 138.25616321504461 50.006666666666675 0.93301270189221952
decision_type=2 2 2 2 2 2
left_child=1 3 -3 -1 5 -2
right_child=4 2 -4 -5 -6 -7
leaf_value=-0.0016833682408844133 0.0019781150549093691 0.0032002832543938709 -0.00057286854380302901 0.0012122958598777404 -8.2473550448201053e-05 0.0050818878977351139
leaf_weight=9682 2625 511 1313 878 6539 52
leaf_count=9682 2625 511 1313 878 6539 52
internal_value=-0.000126384 -0.000515463 0.00158411 -0.000878232 0.000396441 0.00170295
internal_weight=21600 12384 1824 10560 9216 2677
internal_count=21600 12384 1824 10560 9216 2677
is_linear=0
shrinkage=0.035


Tree=85
num_leaves=7
num_cat=0
split_feature=3 6 11 11 0 8
split_gain=3.30996 7.30123 17.0145 6.35903 4.99303 5.36764
threshold=1.0000000180025095e-35 0.68301270189221941 88.147941573424546 138.25616321504461 33.500000000000007 8.0066666666666695
decision_type=2 2 2 2 2 2
left_child=1 3 -3 -1 -2 -6
right_child=4 2 -4 -5 5 -7
leaf_value=-0.0016244503524534461 -0.00074268106888215923 0.0028970089118145713 -0.0011436975567438949 0.0011698655047820211 0.0053351547471309334 0.00055617424020448542
leaf_weight=9682 3264 696 1128 878 860 5092
leaf_count=9682 3264 696 1128 878 860 5092
internal_value=-0.000124764 -0.000498507 0.00154575 -0.000851719 0.000377454 0.000980681
internal_weight=21600 12384 1824 10560 9216 5952
internal_count=21600 12384 1824 10560 9216 5952
is_linear=0
shrinkage=0.035


Tree=86
num_leaves=7
num_cat=0
split_feature=9 10 6 8 11 8
split_gain=3.28785 5.29798 6.67391 4.99385 6.85769 5.52554
threshold=1.0000000180025095e-35 164.81428571428575 0.68301270189221941 227.00111111111116 112.33994843046345 455.93833333333339
decision_type=2 2 2 2 2 2
left_child=3 2 -2 4 -1 -5
right_child=1 -3 -4 5 -6 -7
leaf_value=0.00047349180354209304 -0.0030418044202701966 0.00019888704038650029 0.0011653688341985954 -0.0042430861451506841 0.0049183069389360902 0.0019130893686361585
leaf_weight=986 7496 11295 870 514 414 25
leaf_count=986 7496 11295 870 514 414 25
internal_value=-0.000128004 -0.000263631 -0.000931159 0.00124665 0.00234832 -0.00161389
internal_weight=21600 19661 8366 1939 1400 539
internal_count=21600 19661 8366 1939 1400 539
is_linear=0
shrinkage=0.035


Tree=87
num_leaves=7
num_cat=0
split_feature=3 6 11 6 8 7
split_gain=3.17587 6.27978 16.6975 6.43674 4.72125 9.62226
threshold=1.0000000180025095e-35 0.68301270189221941 82.846255782706393 1.0000000180025095e-35 50.006666666666675 0.93301270189221952
decision_type=2 2 2 2 2 2
left_child=1 3 -3 -1 5 -2
right_child=4 2 -4 -5 -6 -7
leaf_value=-0.00056791185427702818 0.0018522677374460141 0.0029829140259220259 -0.00058619769200102929 -0.0068610552957475094 -9.1245166186880756e-05 0.0048775946764937151
leaf_weight=9024 2625 548 1276 1536 6539 52
leaf_count=9024 2625 548 1276 1536 6539 52
internal_value=-0.000118282 -0.000484377 0.00141151 -0.00081195 0.000373657 0.00161146
internal_weight=21600 12384 1824 10560 9216 2677
internal_count=21600 12384 1824 10560 9216 2677
is_linear=0
shrinkage=0.035


Tree=88
num_leaves=7
num_cat=0
split_feature=3 6 11 6 6 8
split_gain=3.18961 5.94076 15.4305 6.45713 4.66025 6.99899
threshold=1.0000000180025095e-35 0.68301270189221941 82.846255782706393 1.0000000180025095e-35 1.0000000180025095e-35 124.01222222222223
decision_type=2 2 2 2 2 2
left_child=1 3 -3 -1 -2 -6
right_child=4 2 -4 -5 5 -7
leaf_value=-0.00054803493937734238 0.00068393735562966745 0.0028785120350147599 -0.00056568077278100319 -0.0066209183603963533 -0.0069499114771195197 0.0008790537863475553
leaf_weight=9024 6912 548 1276 1536 1180 1124
leaf_count=9024 6912 548 1276 1536 1180 1124
internal_value=-0.000123143 -0.000490029 0.00135397 -0.000808636 0.000369859 -0.000993059
internal_weight=21600 12384 1824 10560 9216 2304
internal_count=21600 12384 1824 10560 9216 2304
is_linear=0
shrinkage=0.035


Tree=89
num_leaves=7
num_cat=0
split_feature=11 4 1 10 2 9
split_gain=3.47073 4.16835 4.81739 3.49766 4.50681 3.99024
threshold=9.8366950160346835 -0.56174490092936669 -0.2901292552028415 185.52912698412703 0.72947329433276265 185.81666666666669
decision_type=2 2 2 2 2 2
left_child=1 2 -1 5 -5 -2
right_child=3 -3 -4 4 -6 -7
leaf_value=-0.00043056855212128851 -0.00039842198838626041 -0.0016545581646646259 0.012074741942319814 0.00056544023825525532 -0.00082583918849474594 -0.0051933599200390847
leaf_weight=78 9123 130 112 8180 1983 1994
leaf_count=78 9123 130 112 8180 1983 1994
internal_value=-0.000123143 0.0034891 0.0067801 -0.000177624 0.000291666 -0.00060663
internal_weight=21600 320 190 21280 10163 11117
internal_count=21600 320 190 21280 10163 11117
is_linear=0
shrinkage=0.035


Tree=90
num_leaves=7
num_cat=0
split_feature=3 10 8 7 8 7
split_gain=3.23036 5.64673 4.97331 4.86322 4.52726 9.69064
threshold=1.0000000180025095e-35 94.284841269841294 409.98000000000008 0.6830127018922193 50.006666666666675 0.93301270189221952
decision_type=2 2 2 2 2 2
left_child=1 2 -1 -3 5 -2
right_child=4 3 -4 -5 -6 -7
leaf_value=-0.0037108446586546244 0.0017611941830058082 0.00055049542410802075 0.0033986787259638711 -0.0010227207577193291 -0.00013086091752755548 0.0046680201842337534
leaf_weight=3066 2625 5310 27 3981 6539 52
leaf_count=3066 2625 5310 27 3981 6539 52
internal_value=-0.000149068 -0.000518289 -0.00181335 -8.70112e-05 0.000347075 0.00155919
internal_weight=21600 12384 3093 9291 9216 2677
internal_count=21600 12384 3093 9291 9216 2677
is_linear=0
shrinkage=0.035


Tree=91
num_leaves=7
num_cat=0
split_feature=7 3 10 6 6 11
split_gain=3.76879 9.74473 14.5278 3.54191 9.24438 3.95804
threshold=-0.68301270189221952 0.87837969732492682 46.115952380952386 1.0000000180025095e-35 0.68301270189221941 89.035651525783933
decision_type=2 2 2 2 2 2
left_child=1 -1 -3 5 -5 -2
right_child=3 2 -4 4 -6 -7
leaf_value=-0.015113357558902481 -0.00050419211119619005 0.0019277515564024308 -0.0012114853795213601 -0.0038179385751915054 0.00051106588290763632 0.00070184065341355169
leaf_weight=1056 7097 58 134 2688 2976 7591
leaf_count=1056 7097 58 134 2688 2976 7591
internal_value=-0.000145827 -0.00201201 0.0052228 -3.12984e-05 -0.000774758 0.000255428
internal_weight=21600 1248 192 20352 5664 14688
internal_count=21600 1248 192 20352 5664 14688
is_linear=0
shrinkage=0.035


Tree=92
num_leaves=7
num_cat=0
split_feature=3 7 7 8 7 10
split_gain=3.15433 5.23531 6.28049 4.60942 9.65642 5.25228
threshold=1.0000000180025095e-35 -0.68301270189221952 0.6830127018922193 50.006666666666675 0.93301270189221952 126.79674603174605
decision_type=2 2 2 2 2 2
left_child=1 -1 -3 4 -2 -5
right_child=3 2 -4 5 -6 -7
leaf_value=-0.040196865138941142 0.0016749879637311211 0.00028425732889396241 -0.0015298124325368277 -0.0040713452527109647 0.004480075054916096 0.00034473341255215911
leaf_weight=672 2625 6816 4896 1275 52 5264
leaf_count=672 2625 6816 4896 1275 52 5264
internal_value=-0.000128004 -0.000492855 -0.000320329 0.000362265 0.00158532 -0.000138609
internal_weight=21600 12384 11712 9216 2677 6539
internal_count=21600 12384 11712 9216 2677 6539
is_linear=0
shrinkage=0.035


Tree=93
num_leaves=7
num_cat=0
split_feature=9 10 6 8 11 8
split_gain=2.98996 4.88067 5.37522 4.68106 7.48951 5.26243
threshold=1.9677777777777778 164.81428571428575 0.68301270189221941 227.00111111111116 108.75532971917742 455.93833333333339
decision_type=2 2 2 2 2 2
left_child=3 2 -2 4 -1 -5
right_child=1 -3 -4 5 -6 -7
leaf_value=0.00027517230830728325 -0.0027314066701527237 0.00016576213894331705 0.0009548753678719112 -0.0041311694609817871 0.0047073167788409982 0.0017085432743500519
leaf_weight=1028 7427 11287 869 526 437 26
leaf_count=1028 7427 11287 869 526 437 26
internal_value=-0.000132865 -0.000265039 -0.000909486 0.0011499 0.00218451 -0.00159494
internal_weight=21600 19583 8296 2017 1465 552
internal_count=21600 19583 8296 2017 1465 552
is_linear=0
shrinkage=0.035


Tree=94
num_leaves=7
num_cat=0
split_feature=3 7 7 0 6 10
split_gain=2.9619 5.27482 5.97193 4.73409 4.91063 1.75489
threshold=1.0000000180025095e-35 -0.68301270189221952 0.6830127018922193 32.500000000000007 -0.93301270189221908 71.110158730158744
decision_type=2 2 2 2 2 2
left_child=1 -1 -3 5 -5 -2
right_child=3 2 -4 4 -6 -7
leaf_value=-0.038694375625622876 0.0010288131080336781 0.00026531099486524877 -0.001501009684904839 0.0046392479750331844 0.0003781465902537931 -0.0011375046094287409
leaf_weight=672 627 6816 4896 945 5103 2541
leaf_count=672 627 6816 4896 945 5103 2541
internal_value=-0.000128004 -0.000481551 -0.000308376 0.000347075 0.000921143 -0.000748817
internal_weight=21600 12384 11712 9216 6048 3168
internal_count=21600 12384 11712 9216 6048 3168
is_linear=0
shrinkage=0.035


Tree=95
num_leaves=7
num_cat=0
split_feature=9 8 8 11 8 6
split_gain=2.88735 4.64359 4.41001 7.36437 5.21855 2.90351
threshold=1.9677777777777778 1.0000000180025095e-35 227.00111111111116 108.75532971917742 455.93833333333339 1.0000000180025095e-35
decision_type=2 2 2 2 2 2
left_child=2 -2 3 -1 -4 -3
right_child=1 5 4 -5 -6 -7
leaf_value=0.000255718794341111 -0.015938276102485317 0.00021788643888915959 -0.0039713157561578694 0.0043801870124553855 0.0016394583749275294 -0.00082627096787482243
leaf_weight=1028 1460 12460 526 437 26 5663
leaf_count=1028 1460 12460 526 437 26 5663
internal_value=-0.000128004 -0.00025789 0.00113256 0.00213677 -0.00153165 -0.000104862
internal_weight=21600 19583 2017 1465 552 18123
internal_count=21600 19583 2017 1465 552 18123
is_linear=0
shrinkage=0.035


Tree=96
num_leaves=7
num_cat=0
split_feature=3 7 7 0 6 8
split_gain=2.91474 5.28472 5.91877 4.50091 4.83654 3.49495
threshold=1.0000000180025095e-35 -0.68301270189221952 0.6830127018922193 33.500000000000007 -0.93301270189221908 459.46944444444449
decision_type=2 2 2 2 2 2
left_child=1 -1 -3 5 -5 -2
right_child=3 2 -4 4 -6 -7
leaf_value=-0.037347698504087222 -0.00079965751629438892 0.00026497075317185009 -0.0014301778665279108 0.0044084825801791894 0.00039111093212011223 0.0020635236644866947
leaf_weight=672 3251 6816 4896 930 5022 12.999999999999998
leaf_count=672 3251 6816 4896 930 5022 13
internal_value=-0.000128004 -0.000478725 -0.000305388 0.000343278 0.000916008 -0.000701073
internal_weight=21600 12384 11712 9216 5952 3264
internal_count=21600 12384 11712 9216 5952 3264
is_linear=0
shrinkage=0.035


Tree=97
num_leaves=7
num_cat=0
split_feature=3 7 7 8 7 7
split_gain=2.84193 5.15283 5.61934 4.52726 8.84601 4.82414
threshold=1.0000000180025095e-35 -0.68301270189221952 0.6830127018922193 50.006666666666675 0.93301270189221952 -0.25000000000000028
decision_type=2 2 2 2 2 2
left_child=1 -1 -3 4 -2 -5
right_child=3 2 -4 5 -6 -7
leaf_value=-0.03604052905644417 0.0016000505347219952 0.00025569677681084175 -0.0013801216411994388 -0.0085200634271075226 0.0042829207144867978 0.00015320154788181023
leaf_weight=672 2625 6816 4896 666 52 5873
leaf_count=672 2625 6816 4896 666 52 5873
internal_value=-0.000118282 -0.000464595 -0.000293435 0.000347075 0.00155919 -0.000149313
internal_weight=21600 12384 11712 9216 2677 6539
internal_count=21600 12384 11712 9216 2677 6539
is_linear=0
shrinkage=0.035


Tree=98
num_leaves=7
num_cat=0
split_feature=10 9 4 2 9 7
split_gain=2.8376 5.16089 5.05619 3.55244 4.61191 2.07275
threshold=185.52912698412703 185.81666666666669 1.0000000180025095e-35 0.88144907265856365 285.0266666666667 0.93301270189221952
decision_type=2 2 2 2 2 2
left_child=1 2 -1 4 -2 -3
right_child=3 5 -4 -5 -6 -7
leaf_value=0.00054247075131776546 0.0010028539236125783 -0.0068393022189001014 -0.0019101613515423901 -0.0011202025616142163 -0.00035581918948823066 0.00076700035272552847
leaf_weight=4966 4695 1921 4477 1243 4225 73
leaf_count=4966 4695 1921 4477 1243 4225 73
internal_value=-0.000116662 -0.000494799 -0.000153061 0.000308883 0.000553188 -0.00211228
internal_weight=21600 11437 9443 10163 8920 1994
internal_count=21600 11437 9443 10163 8920 1994
is_linear=0
shrinkage=0.035


Tree=99
num_leaves=7
num_cat=0
split_feature=7 10 3 6 6 9
split_gain=2.80035 9.65853 13.9218 3.37402 8.28361 3.44375
threshold=-0.68301270189221952 46.115952380952386 0.87837969732492682 1.0000000180025095e-35 0.68301270189221941 317.75333333333339
decision_type=2 2 2 2 2 2
left_child=1 2 -1 5 -5 -2
right_child=3 -3 -4 4 -6 -7
leaf_value=-0.0047268696812143097 0.00047699576407223449 -0.013180387618152309 0.0017877166229974773 -0.0034935579519880041 0.00051525045650257638 -0.00073651584902364477
leaf_weight=124 11576 1066 58 2688 2976 3112
leaf_count=124 11576 1066 58 2688 2976 3112
internal_value=-0.000123143 -0.00173179 0.00569945 -2.44198e-05 -0.000750045 0.000255428
internal_weight=21600 1248 182 20352 5664 14688
internal_count=21600 1248 182 20352 5664 14688
is_linear=0
shrinkage=0.035


Tree=100
num_leaves=7
num_cat=0
split_feature=9 8 8 11 8 8
split_gain=2.59025 4.63132 4.23954 7.31748 4.86611 2.89335
threshold=1.9677777777777778 1.0000000180025095e-35 227.00111111111116 109.8214208108257 468.73333333333341 8.0066666666666695
decision_type=2 2 2 2 2 2
left_child=2 -2 3 -1 -4 -3
right_child=1 5 4 -5 -6 -7
leaf_value=0.00019234151889947705 -0.015261413153977828 0.0014624922079056724 -0.0035040447215702211 0.0040315401944986595 0.0017747208030533302 -0.00015510440232931083
leaf_weight=1033 1460 550 532 432 20 17573
leaf_count=1033 1460 550 532 432 20 17573
internal_value=-0.000113422 -0.000236444 0.00108052 0.00206514 -0.00153165 -8.36192e-05
internal_weight=21600 19583 2017 1465 552 18123
internal_count=21600 19583 2017 1465 552 18123
is_linear=0
shrinkage=0.035


Tree=101
num_leaves=7
num_cat=0
split_feature=9 10 6 11 8 8
split_gain=2.74805 4.30718 4.88965 3.69293 3.33055 4.5576
threshold=1.9677777777777778 164.81428571428575 0.68301270189221941 80.767926288890337 468.73333333333341 227.00111111111116
decision_type=2 2 2 2 2 2
left_child=4 2 -2 -3 5 -1
right_child=1 3 -4 -5 -6 -7
leaf_value=0.0010072951554549459 -0.0025159189584689329 0.0010630114432943279 0.00095949504539265685 -0.00011709343985035812 0.0017126055749464764 -0.0033814031563152726
leaf_weight=1465 7427 2656 869 8631 20 532
leaf_count=1465 7427 2656 869 8631 20 532
internal_value=-9.72186e-05 -0.000223934 -0.000829337 0.000221075 0.00113256 0.000986235
internal_weight=21600 19583 8296 11287 2017 1997
internal_count=21600 19583 8296 11287 2017 1997
is_linear=0
shrinkage=0.035


Tree=102
num_leaves=7
num_cat=0
split_feature=9 10 8 8 8 11
split_gain=2.70636 4.8694 4.24575 3.54687 2.96224 1.75545
threshold=1.0000000180025095e-35 235.29849206349206 1.0000000180025095e-35 227.00111111111116 87.89500000000001 24.025275524350729
decision_type=2 2 2 2 2 2
left_child=1 3 5 -1 -4 -2
right_child=2 -3 4 -5 -6 -7
leaf_value=0.00097343999569953063 0.0039517659878832269 0.00029858699460307724 0.00075005317128718245 -0.0036316854299776051 -0.00029067125197774438 -0.014992363978081623
leaf_weight=1400 55 18 5115 521 13076 1415
leaf_count=1400 55 18 5115 521 13076 1415
internal_value=-9.07374e-05 0.00115644 -0.000213789 0.000981529 -6.75305e-05 -0.00202243
internal_weight=21600 1939 19661 1921 18191 1470
internal_count=21600 1939 19661 1921 18191 1470
is_linear=0
shrinkage=0.035


Tree=103
num_leaves=7
num_cat=0
split_feature=9 10 10 6 11 8
split_gain=2.64946 4.8794 4.05691 4.30196 3.64414 3.30554
threshold=1.0000000180025095e-35 235.29849206349206 164.81428571428575 0.68301270189221941 80.767926288890337 227.00111111111116
decision_type=2 2 2 2 2 2
left_child=1 5 3 -2 -4 -1
right_child=2 -3 4 -5 -6 -7
leaf_value=0.00093936959585004661 -0.00241759189033803 0.00028813644979197031 0.0010359795365982522 0.0009302095453958681 -9.6796980763413001e-05 -0.0035045764399283734
leaf_weight=1400 7496 18 2656 870 8639 521
leaf_count=1400 7496 18 2656 870 8639 521
internal_value=-9.55983e-05 0.0011384 -0.000217349 -0.000801483 0.000215341 0.000963319
internal_weight=21600 1939 19661 8366 11295 1921
internal_count=21600 1939 19661 8366 11295 1921
is_linear=0
shrinkage=0.035


Tree=104
num_leaves=7
num_cat=0
split_feature=9 10 8 8 8 11
split_gain=2.60017 4.89039 3.99279 3.46645 2.75488 1.76889
threshold=1.9677777777777778 235.29849206349206 1.0000000180025095e-35 227.00111111111116 87.89500000000001 24.025275524350729
decision_type=2 2 2 2 2 2
left_child=1 3 5 -1 -4 -2
right_child=2 -3 4 -5 -6 -7
leaf_value=0.00090509148930979061 0.0039030132664668129 0.00027805167404924337 0.00073427227538763967 -0.003416234642005678 -0.00027710986251553506 -0.014806237773027581
leaf_weight=1465 54 18 5077 534 13046 1406
leaf_count=1465 54 18 5077 534 13046 1406
internal_value=-8.10156e-05 0.00111521 -0.000204275 0.000946749 -6.23767e-05 -0.00196441
internal_weight=21600 2017 19583 1999 18123 1460
internal_count=21600 2017 19583 1999 18123 1460
is_linear=0
shrinkage=0.035


Tree=105
num_leaves=7
num_cat=0
split_feature=8 3 6 9 6 11
split_gain=2.60338 5.03382 31.1151 3.54989 3.93018 3.0693
threshold=387.00388888888898 -0.8783796973249266 0.68301270189221941 321.44055555555559 1.0000000180025095e-35 150.18403788005091
decision_type=2 2 2 2 2 2
left_child=3 2 -2 4 -1 -3
right_child=1 5 -4 -5 -6 -7
leaf_value=0.00029523696779626559 0.00070638645848999048 -0.00055267792147636234 0.007030101221448452 -0.0011051493212300338 -0.00092207644487852288 0.00078442545489846194
leaf_weight=12121 291 975 48 3532 4366 267
leaf_count=12121 291 975 48 3532 4366 267
internal_value=-8.58765e-05 0.00128097 0.00505441 -0.000193882 2.18636e-05 0.000247787
internal_weight=21600 1581 339 20019 16487 1242
internal_count=21600 1581 339 20019 16487 1242
is_linear=0
shrinkage=0.035


Tree=106
num_leaves=7
num_cat=0
split_feature=7 3 11 6 4 9
split_gain=2.51908 9.66706 14.8739 2.92449 8.33024 3.33683
threshold=-0.68301270189221952 0.87837969732492682 49.118294284302415 1.0000000180025095e-35 -0.22252093395631442 293.23333333333341
decision_type=2 2 2 2 2 2
left_child=1 -1 -3 5 -5 -2
right_child=3 2 -4 4 -6 -7
leaf_value=-0.01162123413900024 0.00048150967650048484 0.0019431110036323897 -0.016113865308911662 0.00063277332663429046 -0.003894593440718071 -0.00056297568811592596
leaf_weight=1056 10992 89 103 2400 3264 3696
leaf_count=1056 10992 89 103 2400 3264 3696
internal_value=-9.3978e-05 -0.0016197 0.00558549 -3.44764e-07 -0.000675906 0.000260194
internal_weight=21600 1248 192 20352 5664 14688
internal_count=21600 1248 192 20352 5664 14688
is_linear=0
shrinkage=0.035


Tree=107
num_leaves=7
num_cat=0
split_feature=3 7 8 0 6 10
split_gain=2.2959 4.99945 4.45796 4.26331 4.66399 1.92483
threshold=1.0000000180025095e-35 -0.68301270189221952 1.0266666666666668 32.500000000000007 -0.93301270189221908 71.110158730158744
decision_type=2 2 2 2 2 2
left_child=1 -1 -3 5 -5 -2
right_child=3 2 -4 4 -6 -7
leaf_value=-0.033646486320742082 0.0026488728550790124 -0.010025837114919122 -1.7381085261144335e-05 0.0041562134263638468 0.0003974017704094202 -0.0010695922625109479
leaf_weight=672 627 1162 10550 945 5103 2541
leaf_count=672 627 1162 10550 945 5103 2541
internal_value=-9.3978e-05 -0.000405249 -0.000236661 0.000324291 0.000869068 -0.000715684
internal_weight=21600 12384 11712 9216 6048 3168
internal_count=21600 12384 11712 9216 6048 3168
is_linear=0
shrinkage=0.035


Tree=108
num_leaves=7
num_cat=0
split_feature=11 4 10 9 2 8
split_gain=2.62063 2.79876 2.63942 5.13388 3.23351 1.13481
threshold=9.8366950160346835 -0.22252093395631442 185.52912698412703 187.37944444444449 0.72947329433276265 1.0266666666666668
decision_type=2 2 2 2 2 2
left_child=1 5 3 -2 -4 -1
right_child=2 -3 4 -5 -6 -7
leaf_value=0.0066660816003069664 -0.00015920870565539603 -0.094892645553995902 0.0004918823916286565 -0.0043057329533330007 -0.00075520392194565369 0.00030566034215148366
leaf_weight=216 9151 80 8180 1966 1983 24
leaf_count=216 9151 80 8180 1966 1983 24
internal_value=-8.58765e-05 0.00305296 -0.000133218 -0.000505892 0.000274448 0.00493776
internal_weight=21600 320 21280 11117 10163 240
internal_count=21600 320 21280 11117 10163 240
is_linear=0
shrinkage=0.035


Tree=109
num_leaves=7
num_cat=0
split_feature=7 3 11 6 4 9
split_gain=2.27956 9.4431 13.9673 2.70594 7.55482 3.16522
threshold=-0.68301270189221952 0.87837969732492682 44.287272187039754 1.0000000180025095e-35 -0.22252093395631442 293.23333333333341
decision_type=2 2 2 2 2 2
left_child=1 -1 -3 5 -5 -2
right_child=3 2 -4 4 -6 -7
leaf_value=-0.010615931815739074 0.00047165067416477793 0.003138664925268177 -0.00020181900404976644 0.00062680987246401519 -0.0037377643223386985 -0.00056036487008256854
leaf_weight=1056 10992 55 137 2400 3264 3696
leaf_count=1056 10992 55 137 2400 3264 3696
internal_value=-8.42562e-05 -0.00153563 0.00558549 4.81418e-06 -0.000645014 0.000255428
internal_weight=21600 1248 192 20352 5664 14688
internal_count=21600 1248 192 20352 5664 14688
is_linear=0
shrinkage=0.035


Tree=110
num_leaves=7
num_cat=0
split_feature=3 7 8 8 7 7
split_gain=2.24285 4.67912 4.35079 4.30961 8.91158 4.7876
threshold=1.0000000180025095e-35 -0.68301270189221952 21.935000000000006 50.006666666666675 0.93301270189221952 -0.25000000000000028
decision_type=2 2 2 2 2 2
left_child=1 -1 -3 4 -2 -5
right_child=3 2 -4 5 -6 -7
leaf_value=-0.032077214224653566 0.0018120154099068126 -0.0068213937370890775 2.0746631583382237e-05 -0.0081697850164723692 0.0039770020508594749 0.00011356714735995106
leaf_weight=672 2625 1562 10150 666 52 5873
leaf_count=672 2625 1562 10150 666 52 5873
internal_value=-8.91171e-05 -0.000396771 -0.000233673 0.000324291 0.00150691 -0.000160016
internal_weight=21600 12384 11712 9216 2677 6539
internal_count=21600 12384 11712 9216 2677 6539
is_linear=0
shrinkage=0.035


Tree=111
num_leaves=7
num_cat=0
split_feature=11 3 10 9 2 8
split_gain=2.81707 2.76758 2.70167 4.94335 3.03896 1.15707
threshold=9.8366950160346835 0.6078576107927941 185.52912698412703 187.37944444444449 0.72947329433276265 1.0266666666666668
decision_type=2 2 2 2 2 2
left_child=1 5 3 -2 -4 -1
right_child=2 -3 4 -5 -6 -7
leaf_value=0.006172805467806749 -0.00015505711997724966 -0.13644654929750125 0.00047749753578201756 -0.0041809454956601728 -0.0006757497884817286 0.00054049486778224415
leaf_weight=223 9151 70 8180 1966 1983 27
leaf_count=223 9151 70 8180 1966 1983 27
internal_value=-9.23577e-05 0.00316199 -0.000141442 -0.000518484 0.000271005 0.00488048
internal_weight=21600 320 21280 11117 10163 250
internal_count=21600 320 21280 11117 10163 250
is_linear=0
shrinkage=0.035


Tree=112
num_leaves=7
num_cat=0
split_feature=7 3 11 6 4 9
split_gain=2.19738 8.89591 13.8063 2.45479 7.39041 3.01429
threshold=-0.68301270189221952 0.87837969732492682 41.31165679426622 1.0000000180025095e-35 -0.22252093395631442 293.23333333333341
decision_type=2 2 2 2 2 2
left_child=1 -1 -3 5 -5 -2
right_child=3 2 -4 4 -6 -7
leaf_value=-0.010203315992499148 0.0004653648633413497 0.0035673938496027582 0.00014572751301313459 0.00060949624184678279 -0.0036102131261190901 -0.00054534010918807943
leaf_weight=1056 10992 39 153 2400 3264 3696
leaf_count=1056 10992 39 153 2400 3264 3696
internal_value=-8.26359e-05 -0.00150761 0.00540414 4.81418e-06 -0.000614123 0.000243515
internal_weight=21600 1248 192 20352 5664 14688
internal_count=21600 1248 192 20352 5664 14688
is_linear=0
shrinkage=0.035


Tree=113
num_leaves=7
num_cat=0
split_feature=7 3 11 6 4 9
split_gain=2.39598 7.75046 13.312 2.13361 7.14474 2.60156
threshold=-0.68301270189221952 0.87837969732492682 41.31165679426622 1.0000000180025095e-35 -0.22252093395631442 317.75333333333339
decision_type=2 2 2 2 2 2
left_child=1 -1 -3 5 -5 -2
right_child=3 2 -4 4 -6 -7
leaf_value=-0.0098461999327616664 0.00043771278077706696 0.0034425350648666525 0.00014062705005767162 0.00058816387338215235 -0.0034838556667049067 -0.00062802803304440335
leaf_weight=1056 11576 39 153 2400 3264 3112
leaf_count=1056 11576 39 153 2400 3264 3112
internal_value=-0.0001037 -0.00159167 0.0048601 -1.23823e-05 -0.000589409 0.000210156
internal_weight=21600 1248 192 20352 5664 14688
internal_count=21600 1248 192 20352 5664 14688
is_linear=0
shrinkage=0.035


Tree=114
num_leaves=7
num_cat=0
split_feature=7 10 3 6 6 11
split_gain=2.82296 7.11 8.31612 2.14116 6.94381 2.53065
threshold=-0.68301270189221952 43.487539682539683 0.87837969732492682 1.0000000180025095e-35 0.68301270189221941 89.035651525783933
decision_type=2 2 2 2 2 2
left_child=1 2 -1 5 -5 -2
right_child=3 -3 -4 4 -6 -7
leaf_value=-0.0013359667693579704 -0.00036988023670577965 -0.010083683492877421 0.0014185305421454998 -0.0030448760345989159 0.00053823891632448734 0.00062757621183719202
leaf_weight=96 7097 1107 45 2688 2976 7591
leaf_count=96 7097 1107 45 2688 2976 7591
internal_value=-0.000116662 -0.00173179 0.00564437 -1.75412e-05 -0.000595588 0.000205391
internal_weight=21600 1248 141 20352 5664 14688
internal_count=21600 1248 141 20352 5664 14688
is_linear=0
shrinkage=0.035


Tree=115
num_leaves=7
num_cat=0
split_feature=3 6 11 11 8 7
split_gain=2.16605 4.64549 15.8768 4.86152 3.9401 9.01037
threshold=1.0000000180025095e-35 0.68301270189221941 82.846255782706393 138.25616321504461 50.006666666666675 0.93301270189221952
decision_type=2 2 2 2 2 2
left_child=1 3 -3 -1 5 -2
right_child=4 2 -4 -5 -6 -7
leaf_value=-0.0013164473860664632 0.0020385188207067122 0.0028545840626516533 -0.00072744466325179067 0.00097321222972995359 -9.356148966322309e-05 0.0037715580950830403
leaf_weight=9682 2625 548 1276 878 6539 52
leaf_count=9682 2625 548 1276 878 6539 52
internal_value=-0.000108561 -0.000410901 0.00121973 -0.000692644 0.00029771 0.00142849
internal_weight=21600 12384 1824 10560 9216 2677
internal_count=21600 12384 1824 10560 9216 2677
is_linear=0
shrinkage=0.035


Tree=116
num_leaves=7
num_cat=0
split_feature=7 3 11 6 4 9
split_gain=2.01975 8.36505 11.8541 1.96426 7.08397 2.5156
threshold=-0.68301270189221952 0.87837969732492682 79.814742838520047 1.0000000180025095e-35 -0.22252093395631442 317.75333333333339
decision_type=2 2 2 2 2 2
left_child=1 -1 -3 5 -5 -2
right_child=3 2 -4 4 -6 -7
leaf_value=-0.0093350491434229226 0.00041952290267526383 0.0013843645176159971 -0.01593907603048407 0.00055161873025035143 -0.0033415653097489196 -0.00059894198391345882
leaf_weight=1056 11576 96 96 2400 3264 3112
leaf_count=1056 11576 96 96 2400 3264 3112
internal_value=-0.000113422 -0.00147958 0.0052228 -2.95788e-05 -0.000583231 0.000183946
internal_weight=21600 1248 192 20352 5664 14688
internal_count=21600 1248 192 20352 5664 14688
is_linear=0
shrinkage=0.035


Tree=117
num_leaves=7
num_cat=0
split_feature=3 6 11 6 0 6
split_gain=2.05153 4.32343 15.0351 4.58738 3.81182 3.9355
threshold=1.0000000180025095e-35 0.68301270189221941 82.846255782706393 1.0000000180025095e-35 32.500000000000007 -0.93301270189221908
decision_type=2 2 2 2 2 2
left_child=1 3 -3 -1 -2 -6
right_child=4 2 -4 -5 5 -7
leaf_value=-0.00035438497202592613 -0.00081942245448216272 0.0027353669649000665 -0.00072129075559676634 -0.0054784864208845593 0.0037949774241430494 0.00035758961224194709
leaf_weight=9024 3168 548 1276 1536 945 5103
leaf_count=9024 3168 548 1276 1536 945 5103
internal_value=-0.000116662 -0.000410901 0.00116219 -0.000682701 0.000278723 0.000793849
internal_weight=21600 12384 1824 10560 9216 6048
internal_count=21600 12384 1824 10560 9216 6048
is_linear=0
shrinkage=0.035


Tree=118
num_leaves=7
num_cat=0
split_feature=11 4 8 10 9 11
split_gain=1.97336 2.43246 3.48052 2.16866 5.47345 2.6723
threshold=9.8366950160346835 -0.56174490092936669 1.0266666666666668 179.0800793650794 187.37944444444449 80.767926288890337
decision_type=2 2 2 2 2 2
left_child=1 2 -1 4 -2 -5
right_child=3 -3 -4 5 -6 -7
leaf_value=0.008713290139767866 -0.00015808635674824628 -0.001046345007563856 0.00054671146908999554 0.00083312559931503108 -0.0053026352932883962 -7.4916579391572154e-05
leaf_weight=175 8947 130 14.999999999999998 2471 1833 8029
leaf_count=175 8947 130 15 2471 1833 8029
internal_value=-0.00010694 0.00261682 0.00513089 -0.00014802 -0.000496708 0.000209979
internal_weight=21600 320 190 21280 10780 10500
internal_count=21600 320 190 21280 10780 10500
is_linear=0
shrinkage=0.035


Tree=119
num_leaves=7
num_cat=0
split_feature=3 7 8 8 7 7
split_gain=2.11507 4.19642 3.95135 3.86111 9.01037 4.47185
threshold=1.0000000180025095e-35 -0.68301270189221952 1.0266666666666668 50.006666666666675 0.93301270189221952 -0.25000000000000028
decision_type=2 2 2 2 2 2
left_child=1 -1 -3 4 -2 -5
right_child=3 2 -4 5 -6 -7
leaf_value=-0.029455198837544175 0.0018824483252351466 -0.009419251813416853 -9.1966504594377902e-06 -0.0073678910723758177 0.0036149767040117406 7.8424475657770909e-05
leaf_weight=672 2625 1162 10550 666 52 5873
leaf_count=672 2625 1162 10550 666 52 5873
internal_value=-9.23577e-05 -0.000391119 -0.000236661 0.000309102 0.00142849 -0.000149313
internal_weight=21600 12384 11712 9216 2677 6539
internal_count=21600 12384 11712 9216 2677 6539
is_linear=0
shrinkage=0.035


end of trees

feature_importances:
same_slot_mean_2_8d=134
lag_7d=98
month_cos=95
lag_2d=92
same_slot_std_2_8d=86
month_sin=78
dow_sin=62
dow_cos=30
slot_cos=29
slot=9
slot_sin=7

parameters:
[boosting: gbdt]
[objective: quantile]
[metric: quantile]
[tree_learner: serial]
[device_type: cpu]
[data_sample_strategy: bagging]
[data: ]
[valid: ]
[num_iterations: 120]
[learning_rate: 0.035]
[num_leaves: 7]
[num_threads: 1]
[seed: 20260901]
[deterministic: 1]
[force_col_wise: 0]
[force_row_wise: 0]
[histogram_pool_size: -1]
[max_depth: 3]
[min_data_in_leaf: 12]
[min_sum_hessian_in_leaf: 0.001]
[bagging_fraction: 1]
[pos_bagging_fraction: 1]
[neg_bagging_fraction: 1]
[bagging_freq: 0]
[bagging_seed: 12992]
[bagging_by_query: 0]
[feature_fraction: 1]
[feature_fraction_bynode: 1]
[feature_fraction_seed: 30141]
[extra_trees: 0]
[extra_seed: 31421]
[early_stopping_round: 0]
[early_stopping_min_delta: 0]
[first_metric_only: 0]
[max_delta_step: 0]
[lambda_l1: 0]
[lambda_l2: 1]
[linear_lambda: 0]
[min_gain_to_split: 0]
[drop_rate: 0.1]
[max_drop: 50]
[skip_drop: 0.5]
[xgboost_dart_mode: 0]
[uniform_drop: 0]
[drop_seed: 11049]
[top_rate: 0.2]
[other_rate: 0.1]
[min_data_per_group: 100]
[max_cat_threshold: 32]
[cat_l2: 10]
[cat_smooth: 10]
[max_cat_to_onehot: 4]
[top_k: 20]
[monotone_constraints: ]
[monotone_constraints_method: basic]
[monotone_penalty: 0]
[feature_contri: ]
[forcedsplits_filename: ]
[refit_decay_rate: 0.9]
[cegb_tradeoff: 1]
[cegb_penalty_split: 0]
[cegb_penalty_feature_lazy: ]
[cegb_penalty_feature_coupled: ]
[path_smooth: 0]
[interaction_constraints: ]
[verbosity: -1]
[saved_feature_importance_type: 0]
[use_quantized_grad: 0]
[num_grad_quant_bins: 4]
[quant_train_renew_leaf: 0]
[stochastic_rounding: 1]
[linear_tree: 0]
[max_bin: 255]
[max_bin_by_feature: ]
[min_data_in_bin: 3]
[bin_construct_sample_cnt: 200000]
[data_random_seed: 5023]
[is_enable_sparse: 1]
[enable_bundle: 1]
[use_missing: 1]
[zero_as_missing: 0]
[feature_pre_filter: 1]
[pre_partition: 0]
[two_round: 0]
[header: 0]
[label_column: ]
[weight_column: ]
[group_column: ]
[ignore_column: ]
[categorical_feature: ]
[forcedbins_filename: ]
[precise_float_parser: 0]
[parser_config_file: ]
[objective_seed: 6921]
[num_class: 1]
[is_unbalance: 0]
[scale_pos_weight: 1]
[sigmoid: 1]
[boost_from_average: 1]
[reg_sqrt: 0]
[alpha: 0.9]
[fair_c: 1]
[poisson_max_delta_step: 0.7]
[tweedie_variance_power: 1.5]
[lambdarank_truncation_level: 30]
[lambdarank_norm: 1]
[label_gain: ]
[lambdarank_position_bias_regularization: 0]
[eval_at: ]
[multi_error_top_k: 1]
[auc_mu_weights: ]
[num_machines: 1]
[local_listen_port: 12400]
[time_out: 120]
[machine_list_filename: ]
[machines: ]
[gpu_platform_id: -1]
[gpu_device_id: -1]
[gpu_use_dp: 0]
[num_gpu: 1]

end of parameters

pandas_categorical:[]
