tree
version=v4
num_class=1
num_tree_per_iteration=1
label_index=0
max_feature_idx=11
objective=quantile
feature_names=slot slot_sin slot_cos dow_sin dow_cos weekend month_sin month_cos lag_2d lag_7d same_slot_mean_2_8d same_slot_std_2_8d
feature_infos=[0:95] [-1:1] [-1:1] [-0.97492791218182362:0.97492791218182362] [-0.90096886790241903:1] [0:1] [-1:0.8660254037844386] [-0.86602540378443882:1] [0:512] [0:512] [0:428.55428571428575] [0:198.38685062112893]
tree_sizes=748 793 791 793 786 787 793 791 793 792 794 788 790 792 793 792 793 792 791 794 790 795 794 793 790 793 792 795 791 793 792 790 793 795 791 792 793 792 793 790 792 794 792 792 793 797 797 796 796 797 799 795 797 799 797 800 796 795 797 799 796 798 794 799 797 796 797 799 797 799 799 794 799 798 800 797 799 800 800 791 795 800 795 795 797 801 794 793 796 799 797 799 801 798 800 801 791 794 797 793 801 799 794 799 802 798 802 798 797 805 804 807 803 804 803 803 801 802 803 801

Tree=0
num_leaves=7
num_cat=0
split_feature=8 9 3 6 7 3
split_gain=448.215 44.0894 48.1084 31.9404 39.0969 26.6854
threshold=1.0000000180025095e-35 29.015000000000004 0.87837969732492682 -1.0000000180025095e-35 0.6830127018922193 -1.0000000180025095e-35
decision_type=2 2 2 2 2 2
left_child=1 5 -3 4 -2 -1
right_child=3 2 -4 -5 -6 -7
leaf_value=1.3377740621566772 1.4183645415306092 1.3377740621566772 1.4267358295239818 1.480839728158418 1.3377740621566772 1.3377740621566772
leaf_weight=274 8907 1007 123 8544 2114 535
leaf_count=274 8907 1007 123 8544 2114 535
internal_value=1.38623 1.37018 1.36572 1.38782 1.38657 1.37644
internal_weight=21504 1939 1130 19565 11021 809
internal_count=21504 1939 1130 19565 11021 809
is_linear=0
shrinkage=1


Tree=1
num_leaves=7
num_cat=0
split_feature=8 9 3 6 7 3
split_gain=448.034 44.0894 48.1084 31.9198 39.0389 26.6854
threshold=1.0000000180025095e-35 29.015000000000004 0.87837969732492682 -1.0000000180025095e-35 0.6830127018922193 -1.0000000180025095e-35
decision_type=2 2 2 2 2 2
left_child=1 5 -3 4 -2 -1
right_child=3 2 -4 -5 -6 -7
leaf_value=-0.046822092175483707 0.030947720420360567 -0.046822092175483707 0.039026013333965263 0.091236275516196161 -0.046822092175483707 -0.046822092175483707
leaf_weight=274 8907 1007 123 8544 2114 535
leaf_count=274 8907 1007 123 8544 2114 535
internal_value=-6.93326e-05 -0.0161126 -0.0205791 0.00152139 0.000276583 -0.00985617
internal_weight=21504 1939 1130 19565 11021 809
internal_count=21504 1939 1130 19565 11021 809
is_linear=0
shrinkage=0.035


Tree=2
num_leaves=7
num_cat=0
split_feature=8 9 3 6 3 3
split_gain=447.943 44.0894 48.1084 32.0656 50.5296 26.6854
threshold=1.0000000180025095e-35 29.015000000000004 0.87837969732492682 -0.93301270189221908 1.0000000180025095e-35 -1.0000000180025095e-35
decision_type=2 2 2 2 2 2
left_child=1 5 -3 4 -2 -1
right_child=3 2 -4 -5 -6 -7
leaf_value=-0.045183318949341779 0.084766926089304723 -0.045183318949341779 0.037660102867276474 0.056436372126256427 -0.050725929168283945 -0.045183318949341779
leaf_weight=274 1021 1007 123 17548 996 535
leaf_count=274 1021 1007 123 17548 996 535
internal_value=-7.09601e-05 -0.0161126 -0.0205791 0.0015196 -0.00265882 -0.00985617
internal_weight=21504 1939 1130 19565 2017 809
internal_count=21504 1939 1130 19565 2017 809
is_linear=0
shrinkage=0.035


Tree=3
num_leaves=7
num_cat=0
split_feature=8 9 3 6 7 3
split_gain=448.125 44.0894 48.1084 31.8487 39.0969 26.6854
threshold=1.0000000180025095e-35 29.015000000000004 0.87837969732492682 -1.0000000180025095e-35 0.6830127018922193 -1.0000000180025095e-35
decision_type=2 2 2 2 2 2
left_child=1 5 -3 4 -2 -1
right_child=3 2 -4 -5 -6 -7
leaf_value=-0.043601902786114817 0.027889277181228973 -0.043601902786114817 0.036341999266921797 0.086067732848710318 -0.047158591973760752 -0.043601902786114817
leaf_weight=274 8907 1007 123 8544 2114 535
leaf_count=274 8907 1007 123 8544 2114 535
internal_value=-6.77051e-05 -0.0161126 -0.0205791 0.00152318 0.000279759 -0.00985617
internal_weight=21504 1939 1130 19565 11021 809
internal_count=21504 1939 1130 19565 11021 809
is_linear=0
shrinkage=0.035


Tree=4
num_leaves=7
num_cat=0
split_feature=8 9 3 6 3 3
split_gain=447.761 44.0894 48.1084 32.0107 50.5296 26.6854
threshold=1.0000000180025095e-35 29.015000000000004 0.87837969732492682 -0.93301270189221908 1.0000000180025095e-35 -1.0000000180025095e-35
decision_type=2 2 2 2 2 2
left_child=1 5 -3 4 -2 -1
right_child=3 2 -4 -5 -6 -7
leaf_value=-0.0420758361886008 0.080823958974836047 -0.0420758361886008 0.035070029292579533 0.053654425271352377 -0.049926646348737017 -0.0420758361886008
leaf_weight=274 1021 1007 123 17548 996 535
leaf_count=274 1021 1007 123 17548 996 535
internal_value=-7.42152e-05 -0.0161126 -0.0205791 0.00151602 -0.00265882 -0.00985617
internal_weight=21504 1939 1130 19565 2017 809
internal_count=21504 1939 1130 19565 2017 809
is_linear=0
shrinkage=0.035


Tree=5
num_leaves=7
num_cat=0
split_feature=8 9 3 6 3 3
split_gain=445.295 44.8073 48.1084 32.8886 46.2112 26.1688
threshold=1.0000000180025095e-35 29.015000000000004 0.87837969732492682 -0.93301270189221908 1.0000000180025095e-35 -1.0000000180025095e-35
decision_type=2 2 2 2 2 2
left_child=1 5 -3 4 -2 -1
right_child=3 2 -4 -5 -6 -7
leaf_value=-0.04060318192199977 0.077995120410716781 -0.04060318192199977 0.033842578267339246 0.051776520386855041 -0.048179213726531216 -0.04060318192199977
leaf_weight=274 1021 1007 123 17548 996 535
leaf_count=274 1021 1007 123 17548 996 535
internal_value=-8.23528e-05 -0.0160765 -0.0205791 0.0015035 -0.0027282 -0.00976975
internal_weight=21504 1939 1130 19565 2017 809
internal_count=21504 1939 1130 19565 2017 809
is_linear=0
shrinkage=0.035


Tree=6
num_leaves=7
num_cat=0
split_feature=8 9 3 6 7 3
split_gain=438.681 45.8949 48.1084 34.6038 36.7093 25.4034
threshold=1.0000000180025095e-35 29.015000000000004 0.87837969732492682 -1.0000000180025095e-35 0.6830127018922193 -1.0000000180025095e-35
decision_type=2 2 2 2 2 2
left_child=1 5 -3 4 -2 -1
right_child=3 2 -4 -5 -6 -7
leaf_value=-0.039182070554729775 0.023223069381848701 -0.039182070554729775 0.032658088027982375 0.079365279100968189 -0.049198124352716387 -0.039182070554729775
leaf_weight=274 8907 1007 123 8544 2114 535
leaf_count=274 8907 1007 123 8544 2114 535
internal_value=-0.000147454 -0.0160224 -0.0205791 0.00142658 0.000130512 -0.00964012
internal_weight=21504 1939 1130 19565 11021 809
internal_count=21504 1939 1130 19565 11021 809
is_linear=0
shrinkage=0.035


Tree=7
num_leaves=7
num_cat=0
split_feature=8 9 3 6 7 3
split_gain=438.502 45.8949 48.1084 34.7521 36.3048 25.4034
threshold=1.0000000180025095e-35 29.015000000000004 0.87837969732492682 -1.0000000180025095e-35 0.6830127018922193 -1.0000000180025095e-35
decision_type=2 2 2 2 2 2
left_child=1 5 -3 4 -2 -1
right_child=3 2 -4 -5 -6 -7
leaf_value=-0.037810698085314225 0.022410261953483994 -0.037810698085314225 0.031515054947002991 0.076587494332434294 -0.047476190000371316 -0.037810698085314225
leaf_weight=274 8907 1007 123 8544 2114 535
leaf_count=274 8907 1007 123 8544 2114 535
internal_value=-0.000150709 -0.0160224 -0.0205791 0.001423 0.000124161 -0.00964012
internal_weight=21504 1939 1130 19565 11021 809
internal_count=21504 1939 1130 19565 11021 809
is_linear=0
shrinkage=0.035


Tree=8
num_leaves=7
num_cat=0
split_feature=8 9 3 6 7 3
split_gain=438.052 45.8949 48.1084 34.9535 36.0814 25.4034
threshold=1.0000000180025095e-35 29.015000000000004 0.87837969732492682 -1.0000000180025095e-35 0.6830127018922193 -1.0000000180025095e-35
decision_type=2 2 2 2 2 2
left_child=1 5 -3 4 -2 -1
right_child=3 2 -4 -5 -6 -7
leaf_value=-0.036487323652328235 0.021625902785112054 -0.036487323652328235 0.030412028023857889 0.073906932030799108 -0.045814523350358322 -0.036487323652328235
leaf_weight=274 8907 1007 123 8544 2114 535
leaf_count=274 8907 1007 123 8544 2114 535
internal_value=-0.000158847 -0.0160224 -0.0205791 0.00141406 0.000111459 -0.00964012
internal_weight=21504 1939 1130 19565 11021 809
internal_count=21504 1939 1130 19565 11021 809
is_linear=0
shrinkage=0.035


Tree=9
num_leaves=7
num_cat=0
split_feature=8 9 3 6 7 3
split_gain=436.787 46.2603 48.1084 35.0809 35.9144 25.1508
threshold=1.0000000180025095e-35 29.015000000000004 0.87837969732492682 -1.0000000180025095e-35 0.6830127018922193 -1.0000000180025095e-35
decision_type=2 2 2 2 2 2
left_child=1 5 -3 4 -2 -1
right_child=3 2 -4 -5 -6 -7
leaf_value=-0.035210267324496745 0.020868996187633132 -0.035210267324496745 0.029347607043022868 0.071320189409721124 -0.044211015033095775 -0.035210267324496745
leaf_weight=274 8907 1007 123 8544 2114 535
leaf_count=274 8907 1007 123 8544 2114 535
internal_value=-0.000163729 -0.0160044 -0.0205791 0.0014069 0.000101933 -0.00959691
internal_weight=21504 1939 1130 19565 11021 809
internal_count=21504 1939 1130 19565 11021 809
is_linear=0
shrinkage=0.035


Tree=10
num_leaves=7
num_cat=0
split_feature=8 9 3 6 7 3
split_gain=436.338 46.2603 48.1084 35.2833 35.6922 25.1508
threshold=1.0000000180025095e-35 29.015000000000004 0.87837969732492682 -1.0000000180025095e-35 0.6830127018922193 -1.0000000180025095e-35
decision_type=2 2 2 2 2 2
left_child=1 5 -3 4 -2 -1
right_child=3 2 -4 -5 -6 -7
leaf_value=-0.033977907968139362 0.020138581321065972 -0.033977907968139362 0.028320440796517063 0.068823982780380891 -0.042663629506937417 -0.033977907968139362
leaf_weight=274 8907 1007 123 8544 2114 535
leaf_count=274 8907 1007 123 8544 2114 535
internal_value=-0.000171867 -0.0160044 -0.0205791 0.00139796 8.92308e-05 -0.00959691
internal_weight=21504 1939 1130 19565 11021 809
internal_count=21504 1939 1130 19565 11021 809
is_linear=0
shrinkage=0.035


Tree=11
num_leaves=7
num_cat=0
split_feature=8 9 3 6 7 3
split_gain=435.076 46.6272 48.1084 35.4114 35.526 24.8994
threshold=1.0000000180025095e-35 29.015000000000004 0.87837969732492682 -1.0000000180025095e-35 0.6830127018922193 -1.0000000180025095e-35
decision_type=2 2 2 2 2 2
left_child=1 5 -3 4 -2 -1
right_child=3 2 -4 -5 -6 -7
leaf_value=-0.03278868118925448 0.019433730974828665 -0.03278868118925448 0.027329225368638969 0.06641514338306756 -0.041170402474194609 -0.03278868118925448
leaf_weight=274 8907 1007 123 8544 2114 535
leaf_count=274 8907 1007 123 8544 2114 535
internal_value=-0.000176749 -0.0159863 -0.0205791 0.00139081 7.97044e-05 -0.0095537
internal_weight=21504 1939 1130 19565 11021 809
internal_count=21504 1939 1130 19565 11021 809
is_linear=0
shrinkage=0.035


Tree=12
num_leaves=7
num_cat=0
split_feature=8 9 3 6 7 3
split_gain=434.807 46.6272 48.1084 35.2931 35.1832 24.8994
threshold=1.0000000180025095e-35 29.015000000000004 0.87837969732492682 -1.0000000180025095e-35 0.6830127018922193 -1.0000000180025095e-35
decision_type=2 2 2 2 2 2
left_child=1 5 -3 4 -2 -1
right_child=3 2 -4 -5 -6 -7
leaf_value=-0.031641077347630574 0.01875355039070966 -0.031641077347630574 0.026372702480736605 0.064090613364660196 -0.0397294383875978 -0.031641077347630574
leaf_weight=274 8907 1007 123 8544 2114 535
leaf_count=274 8907 1007 123 8544 2114 535
internal_value=-0.000181632 -0.0159863 -0.0205791 0.00138544 7.65289e-05 -0.0095537
internal_weight=21504 1939 1130 19565 11021 809
internal_count=21504 1939 1130 19565 11021 809
is_linear=0
shrinkage=0.035


Tree=13
num_leaves=7
num_cat=0
split_feature=8 9 3 6 3 3
split_gain=435.703 46.6272 48.1084 34.0377 46.2479 24.8994
threshold=1.0000000180025095e-35 29.015000000000004 0.87837969732492682 -0.93301270189221908 1.0000000180025095e-35 -1.0000000180025095e-35
decision_type=2 2 2 2 2 2
left_child=1 5 -3 4 -2 -1
right_child=3 2 -4 -5 -6 -7
leaf_value=-0.030533639640463503 0.070139397941527806 -0.030533639640463503 0.025449657893910824 0.042204393807448788 -0.051618834500916512 -0.030533639640463503
leaf_weight=274 1021 1007 123 17548 996 535
leaf_count=274 1021 1007 123 17548 996 535
internal_value=-0.000165357 -0.0159863 -0.0205791 0.00140333 -0.00290164 -0.0095537
internal_weight=21504 1939 1130 19565 2017 809
internal_count=21504 1939 1130 19565 2017 809
is_linear=0
shrinkage=0.035


Tree=14
num_leaves=7
num_cat=0
split_feature=8 9 3 6 7 3
split_gain=432.125 46.6272 48.1084 35.1395 34.3078 24.8994
threshold=1.0000000180025095e-35 29.015000000000004 0.87837969732492682 -1.0000000180025095e-35 0.6830127018922193 -1.0000000180025095e-35
decision_type=2 2 2 2 2 2
left_child=1 5 -3 4 -2 -1
right_child=3 2 -4 -5 -6 -7
leaf_value=-0.029464962253047282 0.016620022343774112 -0.029464962253047282 0.024558919867623947 0.060370288113636379 -0.039816061827292581 -0.029464962253047282
leaf_weight=274 8907 1007 123 8544 2114 535
leaf_count=274 8907 1007 123 8544 2114 535
internal_value=-0.000230458 -0.0159863 -0.0205791 0.00133177 2.57214e-05 -0.0095537
internal_weight=21504 1939 1130 19565 11021 809
internal_count=21504 1939 1130 19565 11021 809
is_linear=0
shrinkage=0.035


Tree=15
num_leaves=7
num_cat=0
split_feature=8 9 3 6 3 3
split_gain=434.449 46.6272 48.1084 33.6429 46.2479 24.8994
threshold=1.0000000180025095e-35 29.015000000000004 0.87837969732492682 -0.93301270189221908 1.0000000180025095e-35 -1.0000000180025095e-35
decision_type=2 2 2 2 2 2
left_child=1 5 -3 4 -2 -1
right_child=3 2 -4 -5 -6 -7
leaf_value=-0.028433688574190624 0.067102818231542238 -0.028433688574190624 0.023699357672257112 0.039009341352676703 -0.050393876075416517 -0.028433688574190624
leaf_weight=274 1021 1007 123 17548 996 535
leaf_count=274 1021 1007 123 17548 996 535
internal_value=-0.000188142 -0.0159863 -0.0205791 0.00137828 -0.00290164 -0.0095537
internal_weight=21504 1939 1130 19565 2017 809
internal_count=21504 1939 1130 19565 2017 809
is_linear=0
shrinkage=0.035


Tree=16
num_leaves=7
num_cat=0
split_feature=8 9 3 6 7 3
split_gain=430.868 46.9955 48.1084 35.4386 34.0907 24.6494
threshold=1.0000000180025095e-35 29.015000000000004 0.87837969732492682 -1.0000000180025095e-35 0.6830127018922193 -1.0000000180025095e-35
decision_type=2 2 2 2 2 2
left_child=1 5 -3 4 -2 -1
right_child=3 2 -4 -5 -6 -7
leaf_value=-0.027438509474093955 0.014672994614398339 -0.027438509474093955 0.022869880153728112 0.056892001082315416 -0.039787826610681018 -0.027438509474093955
leaf_weight=274 8907 1007 123 8544 2114 535
leaf_count=274 8907 1007 123 8544 2114 535
internal_value=-0.00023534 -0.0159683 -0.0205791 0.00132462 1.30195e-05 -0.00951049
internal_weight=21504 1939 1130 19565 11021 809
internal_count=21504 1939 1130 19565 11021 809
is_linear=0
shrinkage=0.035


Tree=17
num_leaves=7
num_cat=0
split_feature=8 9 3 6 7 3
split_gain=433.01 46.9955 48.1084 33.4956 28.3647 24.6494
threshold=1.0000000180025095e-35 29.015000000000004 0.87837969732492682 -1.0000000180025095e-35 0.6830127018922193 -1.0000000180025095e-35
decision_type=2 2 2 2 2 2
left_child=1 5 -3 4 -2 -1
right_child=3 2 -4 -5 -6 -7
leaf_value=-0.026478161642500664 0.014159439802894394 -0.026478161642500664 0.022069434348347627 0.054900781044434369 -0.038395252679307185 -0.026478161642500664
leaf_weight=274 8907 1007 123 8544 2114 535
leaf_count=274 8907 1007 123 8544 2114 535
internal_value=-0.00019628 -0.0159683 -0.0205791 0.00136755 9.24062e-05 -0.00951049
internal_weight=21504 1939 1130 19565 11021 809
internal_count=21504 1939 1130 19565 11021 809
is_linear=0
shrinkage=0.035


Tree=18
num_leaves=7
num_cat=0
split_feature=8 9 3 6 7 3
split_gain=432.832 46.9955 48.1084 33.6415 28.2659 24.6494
threshold=1.0000000180025095e-35 29.015000000000004 0.87837969732492682 -1.0000000180025095e-35 0.6830127018922193 -1.0000000180025095e-35
decision_type=2 2 2 2 2 2
left_child=1 5 -3 4 -2 -1
right_child=3 2 -4 -5 -6 -7
leaf_value=-0.02555142598501314 0.013663859409793092 -0.02555142598501314 0.021297004146155461 0.052979253707879169 -0.037051418835531431 -0.02555142598501314
leaf_weight=274 8907 1007 123 8544 2114 535
leaf_count=274 8907 1007 123 8544 2114 535
internal_value=-0.000199535 -0.0159683 -0.0205791 0.00136397 8.60553e-05 -0.00951049
internal_weight=21504 1939 1130 19565 11021 809
internal_count=21504 1939 1130 19565 11021 809
is_linear=0
shrinkage=0.035


Tree=19
num_leaves=7
num_cat=0
split_feature=8 9 3 6 7 3
split_gain=431.574 47.3652 48.1084 33.5992 28.1673 24.4005
threshold=1.0000000180025095e-35 29.015000000000004 0.87837969732492682 -1.0000000180025095e-35 0.6830127018922193 -1.0000000180025095e-35
decision_type=2 2 2 2 2 2
left_child=1 5 -3 4 -2 -1
right_child=3 2 -4 -5 -6 -7
leaf_value=-0.024657126075537678 0.013185624330450334 -0.024657126075537678 0.020551609001040017 0.051124979828103392 -0.035754619176287826 -0.024657126075537678
leaf_weight=274 8907 1007 123 8544 2114 535
leaf_count=274 8907 1007 123 8544 2114 535
internal_value=-0.000204417 -0.0159503 -0.0205791 0.00135682 7.97044e-05 -0.00946728
internal_weight=21504 1939 1130 19565 11021 809
internal_count=21504 1939 1130 19565 11021 809
is_linear=0
shrinkage=0.035


Tree=20
num_leaves=7
num_cat=0
split_feature=8 9 3 6 3 3
split_gain=431.128 47.3652 48.1084 33.4379 45.9493 24.4005
threshold=1.0000000180025095e-35 29.015000000000004 0.87837969732492682 -0.93301270189221908 1.0000000180025095e-35 -1.0000000180025095e-35
decision_type=2 2 2 2 2 2
left_child=1 5 -3 4 -2 -1
right_child=3 2 -4 -5 -6 -7
leaf_value=-0.02379412666289386 0.062805352457924485 -0.02379412666289386 0.019832302686003618 0.033585453620056001 -0.050578957548290705 -0.02379412666289386
leaf_weight=274 1021 1007 123 17548 996 535
leaf_count=274 1021 1007 123 17548 996 535
internal_value=-0.000212555 -0.0159503 -0.0205791 0.00134787 -0.00291898 -0.00946728
internal_weight=21504 1939 1130 19565 2017 809
internal_count=21504 1939 1130 19565 2017 809
is_linear=0
shrinkage=0.035


Tree=21
num_leaves=7
num_cat=0
split_feature=8 9 3 6 10 3
split_gain=423.751 47.1011 47.9644 38.4525 26.4494 24.4005
threshold=1.0000000180025095e-35 29.015000000000004 0.87837969732492682 -1.0000000180025095e-35 254.91563492063494 -1.0000000180025095e-35
decision_type=2 2 2 2 2 2
left_child=1 5 -3 4 -2 -1
right_child=3 2 -4 -5 -6 -7
leaf_value=-0.022961332229692575 -0.03567869838181971 -0.022961332229692575 0.019138172091993488 0.048160114657417812 0.092786646674213713 -0.022961332229692575
leaf_weight=274 8726 1007 123 8544 2295 535
leaf_count=274 8726 1007 123 8544 2295 535
internal_value=-0.000329737 -0.0159322 -0.0205482 0.00121729 -0.000148929 -0.00946728
internal_weight=21504 1939 1130 19565 11021 809
internal_count=21504 1939 1130 19565 11021 809
is_linear=0
shrinkage=0.035


Tree=22
num_leaves=7
num_cat=0
split_feature=8 9 3 6 7 3
split_gain=429.784 47.1011 47.9644 32.8295 29.6783 24.4005
threshold=1.0000000180025095e-35 29.015000000000004 0.87837969732492682 -1.0000000180025095e-35 0.6830127018922193 -1.0000000180025095e-35
decision_type=2 2 2 2 2 2
left_child=1 5 -3 4 -2 -1
right_child=3 2 -4 -5 -6 -7
leaf_value=-0.022157685601653338 0.012797391045546311 -0.022157685601653338 0.018468336068773718 0.046474510644408183 -0.034429943938456019 -0.022157685601653338
leaf_weight=274 8907 1007 123 8544 2114 535
leaf_count=274 8907 1007 123 8544 2114 535
internal_value=-0.000219065 -0.0159322 -0.0205482 0.00133893 7.65289e-05 -0.00946728
internal_weight=21504 1939 1130 19565 11021 809
internal_count=21504 1939 1130 19565 11021 809
is_linear=0
shrinkage=0.035


Tree=23
num_leaves=7
num_cat=0
split_feature=8 9 3 6 10 3
split_gain=423.84 47.1011 47.9644 37.4867 26.1488 24.4005
threshold=1.0000000180025095e-35 29.015000000000004 0.87837969732492682 -1.0000000180025095e-35 254.91563492063494 -1.0000000180025095e-35
decision_type=2 2 2 2 2 2
left_child=1 5 -3 4 -2 -1
right_child=3 2 -4 -5 -6 -7
leaf_value=-0.021382166605595471 -0.033224895900610056 -0.021382166605595471 0.01782194430636664 0.044847902771853902 0.089545850819791495 -0.021382166605595471
leaf_weight=274 8726 1007 123 8544 2295 535
leaf_count=274 8726 1007 123 8544 2295 535
internal_value=-0.00032811 -0.0159322 -0.0205482 0.00121908 -0.000129876 -0.00946728
internal_weight=21504 1939 1130 19565 11021 809
internal_count=21504 1939 1130 19565 11021 809
is_linear=0
shrinkage=0.035


Tree=24
num_leaves=7
num_cat=0
split_feature=8 9 3 6 7 3
split_gain=428.531 47.4712 47.9644 32.4584 29.6783 24.153
threshold=1.0000000180025095e-35 29.015000000000004 0.87837969732492682 -1.0000000180025095e-35 0.6830127018922193 -1.0000000180025095e-35
decision_type=2 2 2 2 2 2
left_child=1 5 -3 4 -2 -1
right_child=3 2 -4 -5 -6 -7
leaf_value=-0.02063379077439963 0.013512353715473543 -0.02063379077439963 0.017198176255643814 0.043278226174839014 -0.032062024544088706 -0.02063379077439963
leaf_weight=274 8907 1007 123 8544 2114 535
leaf_count=274 8907 1007 123 8544 2114 535
internal_value=-0.000223948 -0.0159142 -0.0205482 0.00133177 7.65289e-05 -0.00942407
internal_weight=21504 1939 1130 19565 11021 809
internal_count=21504 1939 1130 19565 11021 809
is_linear=0
shrinkage=0.035


Tree=25
num_leaves=7
num_cat=0
split_feature=8 9 3 6 7 3
split_gain=427.191 47.2068 47.8206 31.9975 29.6783 24.153
threshold=1.0000000180025095e-35 29.015000000000004 0.87837969732492682 -1.0000000180025095e-35 0.6830127018922193 -1.0000000180025095e-35
decision_type=2 2 2 2 2 2
left_child=1 5 -3 4 -2 -1
right_child=3 2 -4 -5 -6 -7
leaf_value=-0.019911608097295641 0.013039421335431968 -0.019911608097295641 0.016596240086696277 0.041763488258719637 -0.030939853685045603 -0.019911608097295641
leaf_weight=274 8907 1007 123 8544 2114 535
leaf_count=274 8907 1007 123 8544 2114 535
internal_value=-0.000230458 -0.0158961 -0.0205172 0.00132283 7.65289e-05 -0.00942407
internal_weight=21504 1939 1130 19565 11021 809
internal_count=21504 1939 1130 19565 11021 809
is_linear=0
shrinkage=0.035


Tree=26
num_leaves=7
num_cat=0
split_feature=8 9 3 6 7 3
split_gain=426.925 47.2068 47.8206 31.7226 29.6783 24.153
threshold=1.0000000180025095e-35 29.015000000000004 0.87837969732492682 -1.0000000180025095e-35 0.6830127018922193 -1.0000000180025095e-35
decision_type=2 2 2 2 2 2
left_child=1 5 -3 4 -2 -1
right_child=3 2 -4 -5 -6 -7
leaf_value=-0.019214701813890296 0.012583041588691852 -0.019214701813890296 0.016015371683661912 0.040301766169664452 -0.029856958806069006 -0.019214701813890296
leaf_weight=274 8907 1007 123 8544 2114 535
leaf_count=274 8907 1007 123 8544 2114 535
internal_value=-0.00023534 -0.0158961 -0.0205172 0.00131746 7.65289e-05 -0.00942407
internal_weight=21504 1939 1130 19565 11021 809
internal_count=21504 1939 1130 19565 11021 809
is_linear=0
shrinkage=0.035


Tree=27
num_leaves=7
num_cat=0
split_feature=8 9 3 6 10 3
split_gain=418.537 47.2068 47.8206 33.9505 26.2488 24.153
threshold=1.0000000180025095e-35 29.015000000000004 0.87837969732492682 -1.0000000180025095e-35 254.91563492063494 -1.0000000180025095e-35
decision_type=2 2 2 2 2 2
left_child=1 5 -3 4 -2 -1
right_child=3 2 -4 -5 -6 -7
leaf_value=-0.018542187250404133 -0.028811965247856591 -0.018542187250404133 0.015454833674733742 0.038891204353726193 0.086996637228464457 -0.018542187250404133
leaf_weight=274 8726 1007 123 8544 2295 535
leaf_count=274 8726 1007 123 8544 2295 535
internal_value=-0.000389956 -0.0158961 -0.0205172 0.00114753 -0.000136227 -0.00942407
internal_weight=21504 1939 1130 19565 11021 809
internal_count=21504 1939 1130 19565 11021 809
is_linear=0
shrinkage=0.035


Tree=28
num_leaves=7
num_cat=0
split_feature=8 9 3 6 3 3
split_gain=423.913 47.2068 47.8206 30.7071 44.4349 24.153
threshold=1.0000000180025095e-35 29.015000000000004 0.87837969732492682 -0.93301270189221908 1.0000000180025095e-35 -1.0000000180025095e-35
decision_type=2 2 2 2 2 2
left_child=1 5 -3 4 -2 -1
right_child=3 2 -4 -5 -6 -7
leaf_value=-0.017893210696639988 0.062209582436477125 -0.017893210696639988 0.01491391449611806 0.029219508200261118 -0.047206276719520525 -0.017893210696639988
leaf_weight=274 1021 1007 123 17548 996 535
leaf_count=274 1021 1007 123 17548 996 535
internal_value=-0.000290676 -0.0158961 -0.0205172 0.00125664 -0.00283226 -0.00942407
internal_weight=21504 1939 1130 19565 2017 809
internal_count=21504 1939 1130 19565 2017 809
is_linear=0
shrinkage=0.035


Tree=29
num_leaves=7
num_cat=0
split_feature=8 9 3 6 7 3
split_gain=416.343 47.2068 47.8206 32.6066 26.1017 24.153
threshold=1.0000000180025095e-35 29.015000000000004 0.87837969732492682 -1.0000000180025095e-35 0.6830127018922193 -1.0000000180025095e-35
decision_type=2 2 2 2 2 2
left_child=1 5 -3 4 -2 -1
right_child=3 2 -4 -5 -6 -7
leaf_value=-0.017266948322257593 0.012128371129753483 -0.017266948322257593 0.014391927488753934 0.036507329414336619 -0.028826229251190751 -0.017266948322257593
leaf_weight=274 8907 1007 123 8544 2114 535
leaf_count=274 8907 1007 123 8544 2114 535
internal_value=-0.000430644 -0.0158961 -0.0205172 0.00110281 -0.00015528 -0.00942407
internal_weight=21504 1939 1130 19565 11021 809
internal_count=21504 1939 1130 19565 11021 809
is_linear=0
shrinkage=0.035


Tree=30
num_leaves=7
num_cat=0
split_feature=8 9 3 6 7 3
split_gain=415.905 47.2068 47.8206 32.1446 25.8551 24.153
threshold=1.0000000180025095e-35 29.015000000000004 0.87837969732492682 -1.0000000180025095e-35 0.6830127018922193 -1.0000000180025095e-35
decision_type=2 2 2 2 2 2
left_child=1 5 -3 4 -2 -1
right_child=3 2 -4 -5 -6 -7
leaf_value=-0.016662605130978576 0.01170387814021211 -0.016662605130978576 0.013888210026647542 0.035229572884834845 -0.027817311227399076 -0.016662605130978576
leaf_weight=274 8907 1007 123 8544 2114 535
leaf_count=274 8907 1007 123 8544 2114 535
internal_value=-0.000438782 -0.0158961 -0.0205172 0.00109386 -0.00015528 -0.00942407
internal_weight=21504 1939 1130 19565 11021 809
internal_count=21504 1939 1130 19565 11021 809
is_linear=0
shrinkage=0.035


Tree=31
num_leaves=7
num_cat=0
split_feature=8 9 3 6 7 3
split_gain=415.73 47.2068 47.8206 31.9607 25.8551 24.153
threshold=1.0000000180025095e-35 29.015000000000004 0.87837969732492682 -1.0000000180025095e-35 0.6830127018922193 -1.0000000180025095e-35
decision_type=2 2 2 2 2 2
left_child=1 5 -3 4 -2 -1
right_child=3 2 -4 -5 -6 -7
leaf_value=-0.016079413951394325 0.011294242405304685 -0.016079413951394325 0.01340212267571487 0.033996537833865623 -0.02684370533444011 -0.016079413951394325
leaf_weight=274 8907 1007 123 8544 2114 535
leaf_count=274 8907 1007 123 8544 2114 535
internal_value=-0.000442037 -0.0158961 -0.0205172 0.00109028 -0.00015528 -0.00942407
internal_weight=21504 1939 1130 19565 11021 809
internal_count=21504 1939 1130 19565 11021 809
is_linear=0
shrinkage=0.035


Tree=32
num_leaves=7
num_cat=0
split_feature=8 9 3 6 7 3
split_gain=414.942 47.2068 47.8206 31.1399 25.8551 24.153
threshold=1.0000000180025095e-35 29.015000000000004 0.87837969732492682 -1.0000000180025095e-35 0.6830127018922193 -1.0000000180025095e-35
decision_type=2 2 2 2 2 2
left_child=1 5 -3 4 -2 -1
right_child=3 2 -4 -5 -6 -7
leaf_value=-0.015516634463095523 0.010898943921119023 -0.015516634463095523 0.012933048382064844 0.032806659009680328 -0.025904175647734704 -0.015516634463095523
leaf_weight=274 8907 1007 123 8544 2114 535
leaf_count=274 8907 1007 123 8544 2114 535
internal_value=-0.000456684 -0.0158961 -0.0205172 0.00107418 -0.00015528 -0.00942407
internal_weight=21504 1939 1130 19565 11021 809
internal_count=21504 1939 1130 19565 11021 809
is_linear=0
shrinkage=0.035


Tree=33
num_leaves=7
num_cat=0
split_feature=8 9 3 6 10 3
split_gain=415.117 47.2068 47.8206 30.5199 26.2989 24.153
threshold=1.0000000180025095e-35 29.015000000000004 0.87837969732492682 -1.0000000180025095e-35 254.91563492063494 -1.0000000180025095e-35
decision_type=2 2 2 2 2 2
left_child=1 5 -3 4 -2 -1
right_child=3 2 -4 -5 -6 -7
leaf_value=-0.014973552256887179 -0.024997529500063988 -0.014973552256887179 0.012480391688692572 0.031658425944341512 0.082363906410573964 -0.014973552256887179
leaf_weight=274 8726 1007 123 8544 2295 535
leaf_count=274 8726 1007 123 8544 2295 535
internal_value=-0.000453429 -0.0158961 -0.0205172 0.00107776 -0.000139403 -0.00942407
internal_weight=21504 1939 1130 19565 11021 809
internal_count=21504 1939 1130 19565 11021 809
is_linear=0
shrinkage=0.035


Tree=34
num_leaves=7
num_cat=0
split_feature=8 9 3 6 7 3
split_gain=414.505 47.2068 47.8206 30.6885 25.8551 24.153
threshold=1.0000000180025095e-35 29.015000000000004 0.87837969732492682 -1.0000000180025095e-35 0.6830127018922193 -1.0000000180025095e-35
decision_type=2 2 2 2 2 2
left_child=1 5 -3 4 -2 -1
right_child=3 2 -4 -5 -6 -7
leaf_value=-0.014449477927896128 0.011392394416382092 -0.014449477927896128 0.01204357797958833 0.030550381036289563 -0.02412261596756175 -0.014449477927896128
leaf_weight=274 8907 1007 123 8544 2114 535
leaf_count=274 8907 1007 123 8544 2114 535
internal_value=-0.000464822 -0.0158961 -0.0205172 0.00106524 -0.00015528 -0.00942407
internal_weight=21504 1939 1130 19565 11021 809
internal_count=21504 1939 1130 19565 11021 809
is_linear=0
shrinkage=0.035


Tree=35
num_leaves=7
num_cat=0
split_feature=8 9 3 6 7 3
split_gain=413.806 47.2068 47.8206 29.9731 25.8551 24.153
threshold=1.0000000180025095e-35 29.015000000000004 0.87837969732492682 -1.0000000180025095e-35 0.6830127018922193 -1.0000000180025095e-35
decision_type=2 2 2 2 2 2
left_child=1 5 -3 4 -2 -1
right_child=3 2 -4 -5 -6 -7
leaf_value=-0.013943746200419764 0.010993660611808721 -0.013943746200419764 0.011622052750302736 0.029481117700019432 -0.02327832440869709 -0.013943746200419764
leaf_weight=274 8907 1007 123 8544 2114 535
leaf_count=274 8907 1007 123 8544 2114 535
internal_value=-0.000477842 -0.0158961 -0.0205172 0.00105093 -0.00015528 -0.00942407
internal_weight=21504 1939 1130 19565 11021 809
internal_count=21504 1939 1130 19565 11021 809
is_linear=0
shrinkage=0.035


Tree=36
num_leaves=7
num_cat=0
split_feature=8 9 3 6 7 3
split_gain=412.933 47.2068 47.8206 29.0906 25.8551 24.153
threshold=1.0000000180025095e-35 29.015000000000004 0.87837969732492682 -1.0000000180025095e-35 0.6830127018922193 -1.0000000180025095e-35
decision_type=2 2 2 2 2 2
left_child=1 5 -3 4 -2 -1
right_child=3 2 -4 -5 -6 -7
leaf_value=-0.013455715083405071 0.010608882490395419 -0.013455715083405071 0.011215280904042136 0.028449278580518746 -0.022463583054392694 -0.013455715083405071
leaf_weight=274 8907 1007 123 8544 2114 535
leaf_count=274 8907 1007 123 8544 2114 535
internal_value=-0.000494118 -0.0158961 -0.0205172 0.00103304 -0.00015528 -0.00942407
internal_weight=21504 1939 1130 19565 11021 809
internal_count=21504 1939 1130 19565 11021 809
is_linear=0
shrinkage=0.035


Tree=37
num_leaves=7
num_cat=0
split_feature=8 9 3 6 10 3
split_gain=412.671 47.2068 47.8206 28.0598 26.2989 24.153
threshold=1.0000000180025095e-35 29.015000000000004 0.87837969732492682 -1.0000000180025095e-35 254.91563492063494 -1.0000000180025095e-35
decision_type=2 2 2 2 2 2
left_child=1 5 -3 4 -2 -1
right_child=3 2 -4 -5 -6 -7
leaf_value=-0.012984765055485892 -0.021677357647488949 -0.012984765055485892 0.010822746072400658 0.027453553830200587 0.079665412959188484 -0.012984765055485892
leaf_weight=274 8726 1007 123 8544 2295 535
leaf_count=274 8726 1007 123 8544 2295 535
internal_value=-0.000499 -0.0158961 -0.0205172 0.00102768 -0.000139403 -0.00942407
internal_weight=21504 1939 1130 19565 11021 809
internal_count=21504 1939 1130 19565 11021 809
is_linear=0
shrinkage=0.035


Tree=38
num_leaves=7
num_cat=0
split_feature=8 9 3 6 7 3
split_gain=411.886 47.2068 47.8206 28.0492 25.8551 24.153
threshold=1.0000000180025095e-35 29.015000000000004 0.87837969732492682 -1.0000000180025095e-35 0.6830127018922193 -1.0000000180025095e-35
decision_type=2 2 2 2 2 2
left_child=1 5 -3 4 -2 -1
right_child=3 2 -4 -5 -6 -7
leaf_value=-0.012530298278543886 0.010996279120893692 -0.012530298278543886 0.010443949959866628 0.026492679446143558 -0.020918650129826837 -0.012530298278543886
leaf_weight=274 8907 1007 123 8544 2114 535
leaf_count=274 8907 1007 123 8544 2114 535
internal_value=-0.000513648 -0.0158961 -0.0205172 0.00101158 -0.00015528 -0.00942407
internal_weight=21504 1939 1130 19565 11021 809
internal_count=21504 1939 1130 19565 11021 809
is_linear=0
shrinkage=0.035


Tree=39
num_leaves=7
num_cat=0
split_feature=8 9 3 6 3 3
split_gain=410.319 47.2068 47.8206 26.6843 44.4349 24.153
threshold=1.0000000180025095e-35 29.015000000000004 0.87837969732492682 -0.93301270189221908 1.0000000180025095e-35 -1.0000000180025095e-35
decision_type=2 2 2 2 2 2
left_child=1 5 -3 4 -2 -1
right_child=3 2 -4 -5 -6 -7
leaf_value=-0.01209173783879485 0.058515285273109383 -0.01209173783879485 0.010078411711271293 0.021722560852541713 -0.047071018812428381 -0.01209173783879485
leaf_weight=274 1021 1007 123 17548 996 535
leaf_count=274 1021 1007 123 17548 996 535
internal_value=-0.000542943 -0.0158961 -0.0205172 0.000979378 -0.00283226 -0.00942407
internal_weight=21504 1939 1130 19565 2017 809
internal_count=21504 1939 1130 19565 2017 809
is_linear=0
shrinkage=0.035


Tree=40
num_leaves=7
num_cat=0
split_feature=8 9 3 6 3 3
split_gain=409.189 47.2068 47.8206 26.3597 44.4349 24.153
threshold=1.0000000180025095e-35 29.015000000000004 0.87837969732492682 -0.93301270189221908 1.0000000180025095e-35 -1.0000000180025095e-35
decision_type=2 2 2 2 2 2
left_child=1 5 -3 4 -2 -1
right_child=3 2 -4 -5 -6 -7
leaf_value=-0.011668527014437029 0.056467250288550548 -0.011668527014437029 0.0097256673013767954 0.02096227122270275 -0.04542353315399339 -0.011668527014437029
leaf_weight=274 1021 1007 123 17548 996 535
leaf_count=274 1021 1007 123 17548 996 535
internal_value=-0.000564101 -0.0158961 -0.0205172 0.000956123 -0.00283226 -0.00942407
internal_weight=21504 1939 1130 19565 2017 809
internal_count=21504 1939 1130 19565 2017 809
is_linear=0
shrinkage=0.035


Tree=41
num_leaves=7
num_cat=0
split_feature=8 9 3 6 3 3
split_gain=408.928 47.2068 47.8206 26.2851 44.4349 24.153
threshold=1.0000000180025095e-35 29.015000000000004 0.87837969732492682 -0.93301270189221908 1.0000000180025095e-35 -1.0000000180025095e-35
decision_type=2 2 2 2 2 2
left_child=1 5 -3 4 -2 -1
right_child=3 2 -4 -5 -6 -7
leaf_value=-0.011260128568931733 0.054490896528451287 -0.011260128568931733 0.0093852689458286068 0.020228591729908148 -0.043833709493603622 -0.011260128568931733
leaf_weight=274 1021 1007 123 17548 996 535
leaf_count=274 1021 1007 123 17548 996 535
internal_value=-0.000568984 -0.0158961 -0.0205172 0.000950757 -0.00283226 -0.00942407
internal_weight=21504 1939 1130 19565 2017 809
internal_count=21504 1939 1130 19565 2017 809
is_linear=0
shrinkage=0.035


Tree=42
num_leaves=7
num_cat=0
split_feature=8 9 3 6 3 3
split_gain=407.54 47.2068 47.8206 26.1287 44.1422 24.153
threshold=1.0000000180025095e-35 29.015000000000004 0.87837969732492682 -0.93301270189221908 1.0000000180025095e-35 -1.0000000180025095e-35
decision_type=2 2 2 2 2 2
left_child=1 5 -3 4 -2 -1
right_child=3 2 -4 -5 -6 -7
leaf_value=-0.010866024069019122 0.052583715149955489 -0.010866024069019122 0.0090567845327246023 0.019520591019361367 -0.042299529661327495 -0.010866024069019122
leaf_weight=274 1021 1007 123 17548 996 535
leaf_count=274 1021 1007 123 17548 996 535
internal_value=-0.000595024 -0.0158961 -0.0205172 0.000922135 -0.0028496 -0.00942407
internal_weight=21504 1939 1130 19565 2017 809
internal_count=21504 1939 1130 19565 2017 809
is_linear=0
shrinkage=0.035


Tree=43
num_leaves=7
num_cat=0
split_feature=8 9 3 6 3 3
split_gain=405.03 47.2068 47.8206 25.6525 43.8505 24.153
threshold=1.0000000180025095e-35 29.015000000000004 0.87837969732492682 -0.93301270189221908 1.0000000180025095e-35 -1.0000000180025095e-35
decision_type=2 2 2 2 2 2
left_child=1 5 -3 4 -2 -1
right_child=3 2 -4 -5 -6 -7
leaf_value=-0.010485713226603454 0.050743285119707042 -0.010485713226603454 0.0087397970740792363 0.018837370333683715 -0.040819046123181026 -0.010485713226603454
leaf_weight=274 1021 1007 123 17548 996 535
leaf_count=274 1021 1007 123 17548 996 535
internal_value=-0.000642223 -0.0158961 -0.0205172 0.00087026 -0.00286695 -0.00942407
internal_weight=21504 1939 1130 19565 2017 809
internal_count=21504 1939 1130 19565 2017 809
is_linear=0
shrinkage=0.035


Tree=44
num_leaves=7
num_cat=0
split_feature=8 9 3 6 3 3
split_gain=404.339 47.2068 47.8206 25.4565 43.8505 24.153
threshold=1.0000000180025095e-35 29.015000000000004 0.87837969732492682 -0.93301270189221908 1.0000000180025095e-35 -1.0000000180025095e-35
decision_type=2 2 2 2 2 2
left_child=1 5 -3 4 -2 -1
right_child=3 2 -4 -5 -6 -7
leaf_value=-0.010118713263672334 0.048967270140517292 -0.010118713263672334 0.008433904176486472 0.018178062372004786 -0.039390379508869693 -0.010118713263672334
leaf_weight=274 1021 1007 123 17548 996 535
leaf_count=274 1021 1007 123 17548 996 535
internal_value=-0.000655243 -0.0158961 -0.0205172 0.000855949 -0.00286695 -0.00942407
internal_weight=21504 1939 1130 19565 2017 809
internal_count=21504 1939 1130 19565 2017 809
is_linear=0
shrinkage=0.035


Tree=45
num_leaves=7
num_cat=0
split_feature=8 9 3 6 3 3
split_gain=403.303 47.2068 47.8206 25.1638 43.2629 24.153
threshold=1.0000000180025095e-35 29.015000000000004 0.87837969732492682 -0.93301270189221908 1.0000000180025095e-35 -1.0000000180025095e-35
decision_type=2 2 2 2 2 2
left_child=1 5 -3 4 -2 -1
right_child=3 2 -4 -5 -6 -7
leaf_value=-0.0097645582994438027 0.047253415685599189 -0.0097645582994438027 0.0081387175303094528 0.017541830188984621 -0.038011716226059256 -0.0097645582994438027
leaf_weight=274 1021 1007 123 17548 996 535
leaf_count=274 1021 1007 123 17548 996 535
internal_value=-0.000674773 -0.0158961 -0.0205172 0.000834483 -0.00286695 -0.00942407
internal_weight=21504 1939 1130 19565 2017 809
internal_count=21504 1939 1130 19565 2017 809
is_linear=0
shrinkage=0.035


Tree=46
num_leaves=7
num_cat=0
split_feature=8 9 3 6 3 3
split_gain=403.044 47.2068 47.8206 24.6221 42.6722 24.153
threshold=1.0000000180025095e-35 29.015000000000004 0.87837969732492682 -0.93301270189221908 1.0000000180025095e-35 -1.0000000180025095e-35
decision_type=2 2 2 2 2 2
left_child=1 5 -3 4 -2 -1
right_child=3 2 -4 -5 -6 -7
leaf_value=-0.0094227987589632703 0.045599546136603213 -0.0094227987589632703 0.0078538624167486162 0.016927866132370156 -0.036681306158147187 -0.0094227987589632703
leaf_weight=274 1021 1007 123 17548 996 535
leaf_count=274 1021 1007 123 17548 996 535
internal_value=-0.000679656 -0.0158961 -0.0205172 0.000829117 -0.00283226 -0.00942407
internal_weight=21504 1939 1130 19565 2017 809
internal_count=21504 1939 1130 19565 2017 809
is_linear=0
shrinkage=0.035


Tree=47
num_leaves=7
num_cat=0
split_feature=8 9 3 6 3 3
split_gain=402.01 47.2068 47.8206 24.3343 42.6722 24.153
threshold=1.0000000180025095e-35 29.015000000000004 0.87837969732492682 -0.93301270189221908 1.0000000180025095e-35 -1.0000000180025095e-35
decision_type=2 2 2 2 2 2
left_child=1 5 -3 4 -2 -1
right_child=3 2 -4 -5 -6 -7
leaf_value=-0.0090930008023995552 0.044003562021822103 -0.0090930008023995552 0.0075789772321624167 0.016335390817737199 -0.035397460442612029 -0.0090930008023995552
leaf_weight=274 1021 1007 123 17548 996 535
leaf_count=274 1021 1007 123 17548 996 535
internal_value=-0.000699186 -0.0158961 -0.0205172 0.000807651 -0.00283226 -0.00942407
internal_weight=21504 1939 1130 19565 2017 809
internal_count=21504 1939 1130 19565 2017 809
is_linear=0
shrinkage=0.035


Tree=48
num_leaves=7
num_cat=0
split_feature=8 9 3 3 6 3
split_gain=401.064 47.2068 47.8206 24.153 24.072 42.6722
threshold=1.0000000180025095e-35 29.015000000000004 0.87837969732492682 -1.0000000180025095e-35 -0.93301270189221908 1.0000000180025095e-35
decision_type=2 2 2 2 2 2
left_child=1 3 -3 -1 5 -2
right_child=4 2 -4 -5 -6 -7
leaf_value=-0.0087747457743155705 0.042463437351058335 -0.0087747457743155705 0.0073137130290367334 -0.0087747457743155705 0.015763652139116402 -0.034158549327120605
leaf_weight=274 1021 1007 123 535 17548 996
leaf_count=274 1021 1007 123 535 17548 996
internal_value=-0.000717089 -0.0158961 -0.0205172 -0.00942407 0.000787974 -0.00283226
internal_weight=21504 1939 1130 809 19565 2017
internal_count=21504 1939 1130 809 19565 2017
is_linear=0
shrinkage=0.035


Tree=49
num_leaves=7
num_cat=0
split_feature=8 9 3 3 6 3
split_gain=399.861 47.2068 47.8206 24.153 23.7401 42.6722
threshold=1.0000000180025095e-35 29.015000000000004 0.87837969732492682 -1.0000000180025095e-35 -0.93301270189221908 1.0000000180025095e-35
decision_type=2 2 2 2 2 2
left_child=1 3 -3 -1 5 -2
right_child=4 2 -4 -5 -6 -7
leaf_value=-0.0084676296722145244 0.040977217043771295 -0.0084676296722145244 0.0070577330730204517 -0.0084676296722145244 0.015211924314247335 -0.032963000100671387
leaf_weight=274 1021 1007 123 535 17548 996
leaf_count=274 1021 1007 123 535 17548 996
internal_value=-0.000739874 -0.0158961 -0.0205172 -0.00942407 0.000762931 -0.00283226
internal_weight=21504 1939 1130 809 19565 2017
internal_count=21504 1939 1130 809 19565 2017
is_linear=0
shrinkage=0.035


Tree=50
num_leaves=7
num_cat=0
split_feature=8 9 3 7 8 3
split_gain=389.876 47.2068 47.8206 28.3131 27.6977 24.153
threshold=1.0000000180025095e-35 29.015000000000004 0.87837969732492682 1.0000000180025095e-35 50.006666666666675 -1.0000000180025095e-35
decision_type=2 2 2 2 2 2
left_child=1 5 -3 -2 -5 -1
right_child=3 2 -4 4 -6 -7
leaf_value=-0.0081712626336870164 -0.019253323213432028 -0.0081712626336870164 0.0068107124154647312 -0.027229551264575932 0.024131815018177936 -0.0081712626336870164
leaf_weight=274 6027 1007 123 1092 12446 535
leaf_count=274 6027 1007 123 1092 12446 535
internal_value=-0.000930295 -0.0158961 -0.0205172 0.000553639 0.00144198 -0.00942407
internal_weight=21504 1939 1130 19565 13538 809
internal_count=21504 1939 1130 19565 13538 809
is_linear=0
shrinkage=0.035


Tree=51
num_leaves=7
num_cat=0
split_feature=8 9 3 3 6 3
split_gain=397.289 47.2068 47.8206 24.153 23.0367 42.6722
threshold=1.0000000180025095e-35 29.015000000000004 0.87837969732492682 -1.0000000180025095e-35 -0.93301270189221908 1.0000000180025095e-35
decision_type=2 2 2 2 2 2
left_child=1 3 -3 -1 5 -2
right_child=4 2 -4 -5 -6 -7
leaf_value=-0.0078852684415079699 0.040216880759709424 -0.0078852684415079699 0.0065723374809234696 -0.0078852684415079699 0.014226546027850199 -0.031135428784677767
leaf_weight=274 1021 1007 123 535 17548 996
leaf_count=274 1021 1007 123 535 17548 996
internal_value=-0.0007887 -0.0158961 -0.0205172 -0.00942407 0.000709266 -0.00283226
internal_weight=21504 1939 1130 809 19565 2017
internal_count=21504 1939 1130 809 19565 2017
is_linear=0
shrinkage=0.035


Tree=52
num_leaves=7
num_cat=0
split_feature=8 9 3 3 6 3
split_gain=395.913 47.5773 47.8206 23.9067 23.1229 42.3854
threshold=1.0000000180025095e-35 29.015000000000004 0.87837969732492682 -1.0000000180025095e-35 -0.93301270189221908 1.0000000180025095e-35
decision_type=2 2 2 2 2 2
left_child=1 3 -3 -1 5 -2
right_child=4 2 -4 -5 -6 -7
leaf_value=-0.0076092840460551918 0.038809289933119585 -0.0076092840460551918 0.0063423056690911491 -0.0076092840460551918 0.013728616916875437 -0.030045688777214044
leaf_weight=274 1021 1007 123 535 17548 996
leaf_count=274 1021 1007 123 535 17548 996
internal_value=-0.000796838 -0.0158781 -0.0205172 -0.00938086 0.000698533 -0.0028496
internal_weight=21504 1939 1130 809 19565 2017
internal_count=21504 1939 1130 809 19565 2017
is_linear=0
shrinkage=0.035


Tree=53
num_leaves=7
num_cat=0
split_feature=8 9 3 7 8 3
split_gain=386.823 47.5773 47.8206 27.1698 27.0317 23.9067
threshold=1.0000000180025095e-35 29.015000000000004 0.87837969732492682 1.0000000180025095e-35 50.006666666666675 -1.0000000180025095e-35
decision_type=2 2 2 2 2 2
left_child=1 5 -3 -2 -5 -1
right_child=3 2 -4 4 -6 -7
leaf_value=-0.0073429591044432601 -0.019557887604027307 -0.0073429591044432601 0.0061203249706729638 -0.027254947673381172 0.022308770789476309 -0.0073429591044432601
leaf_weight=274 6027 1007 123 1092 12446 535
leaf_count=274 6027 1007 123 1092 12446 535
internal_value=-0.000970983 -0.0158781 -0.0205172 0.00050713 0.00137735 -0.00938086
internal_weight=21504 1939 1130 19565 13538 809
internal_count=21504 1939 1130 19565 13538 809
is_linear=0
shrinkage=0.035


Tree=54
num_leaves=7
num_cat=0
split_feature=8 9 3 3 6 3
split_gain=395.059 47.5773 47.8206 23.9067 22.8903 42.3854
threshold=1.0000000180025095e-35 29.015000000000004 0.87837969732492682 -1.0000000180025095e-35 -0.93301270189221908 1.0000000180025095e-35
decision_type=2 2 2 2 2 2
left_child=1 3 -3 -1 5 -2
right_child=4 2 -4 -5 -6 -7
leaf_value=-0.0070859555357877455 0.038135490851601367 -0.0070859555357877455 0.0059061135966994036 -0.0070859555357877455 0.012797667340724709 -0.028309563603870599
leaf_weight=274 1021 1007 123 535 17548 996
leaf_count=274 1021 1007 123 535 17548 996
internal_value=-0.000813113 -0.0158781 -0.0205172 -0.00938086 0.000680645 -0.0028496
internal_weight=21504 1939 1130 809 19565 2017
internal_count=21504 1939 1130 809 19565 2017
is_linear=0
shrinkage=0.035


Tree=55
num_leaves=7
num_cat=0
split_feature=8 9 3 10 6 3
split_gain=385.557 47.5773 47.8206 26.4445 27.1589 23.9067
threshold=1.0000000180025095e-35 29.015000000000004 0.87837969732492682 169.80611111111111 1.0000000180025095e-35 -1.0000000180025095e-35
decision_type=2 2 2 2 2 2
left_child=1 5 -3 4 -2 -1
right_child=3 2 -4 -5 -6 -7
leaf_value=-0.0068379470920351742 -0.027318728877735125 -0.0068379470920351742 0.0056993996208149185 0.026463953787708602 0.013844407205805013 -0.0068379470920351742
leaf_weight=274 6247 1007 123 10932 2386 535
leaf_count=274 6247 1007 123 10932 2386 535
internal_value=-0.000995396 -0.0158781 -0.0205172 0.000480298 -0.000967628 -0.00938086
internal_weight=21504 1939 1130 19565 8633 809
internal_count=21504 1939 1130 19565 8633 809
is_linear=0
shrinkage=0.035


Tree=56
num_leaves=7
num_cat=0
split_feature=8 9 3 3 6 3
split_gain=393.694 47.5773 47.8206 23.9067 22.5207 42.3854
threshold=1.0000000180025095e-35 29.015000000000004 0.87837969732492682 -1.0000000180025095e-35 -0.93301270189221908 1.0000000180025095e-35
decision_type=2 2 2 2 2 2
left_child=1 3 -3 -1 5 -2
right_child=4 2 -4 -5 -6 -7
leaf_value=-0.0065986189438139433 0.03775690132143087 -0.0065986189438139433 0.0054999206340863929 -0.0065986189438139433 0.011918534788714547 -0.026362573367014398
leaf_weight=274 1021 1007 123 535 17548 996
leaf_count=274 1021 1007 123 535 17548 996
internal_value=-0.000839154 -0.0158781 -0.0205172 -0.00938086 0.000652024 -0.0028496
internal_weight=21504 1939 1130 809 19565 2017
internal_count=21504 1939 1130 809 19565 2017
is_linear=0
shrinkage=0.035


Tree=57
num_leaves=7
num_cat=0
split_feature=8 9 3 3 6 3
split_gain=394.384 47.8428 46.6506 23.9067 22.4747 42.3854
threshold=1.0000000180025095e-35 29.015000000000004 0.87837969732492682 -1.0000000180025095e-35 -0.93301270189221908 1.0000000180025095e-35
decision_type=2 2 2 2 2 2
left_child=1 3 -3 -1 5 -2
right_child=4 2 -4 -5 -6 -7
leaf_value=-0.0063676672807804558 0.03643540977518079 -0.0063676672807804558 0.0053074234118933757 -0.0063676672807804558 0.01150138607110953 -0.025439883299168891
leaf_weight=274 1021 1007 123 535 17548 996
leaf_count=274 1021 1007 123 535 17548 996
internal_value=-0.000844036 -0.0158961 -0.0205482 -0.00938086 0.000648446 -0.0028496
internal_weight=21504 1939 1130 809 19565 2017
internal_count=21504 1939 1130 809 19565 2017
is_linear=0
shrinkage=0.035


Tree=58
num_leaves=7
num_cat=0
split_feature=8 9 3 10 6 3
split_gain=385.227 47.8428 46.6506 25.6834 27.0527 23.9067
threshold=1.0000000180025095e-35 29.015000000000004 0.87837969732492682 169.80611111111111 -0.93301270189221908 -1.0000000180025095e-35
decision_type=2 2 2 2 2 2
left_child=1 5 -3 4 -2 -1
right_child=3 2 -4 -5 -6 -7
leaf_value=-0.0061447989259531396 -0.024549487383697981 -0.0061447989259531396 0.005121663592477111 0.024167047375143288 -5.0760717161499886e-05 -0.0061447989259531396
leaf_weight=274 982 1007 123 10932 7651 535
leaf_count=274 982 1007 123 10932 7651 535
internal_value=-0.00101981 -0.0158961 -0.0205482 0.000455254 -0.000971682 -0.00938086
internal_weight=21504 1939 1130 19565 8633 809
internal_count=21504 1939 1130 19565 8633 809
is_linear=0
shrinkage=0.035


Tree=59
num_leaves=7
num_cat=0
split_feature=8 9 3 10 6 3
split_gain=385.142 47.8428 46.6506 24.8955 26.1389 23.9067
threshold=1.0000000180025095e-35 29.015000000000004 0.87837969732492682 169.80611111111111 1.0000000180025095e-35 -1.0000000180025095e-35
decision_type=2 2 2 2 2 2
left_child=1 5 -3 4 -2 -1
right_child=3 2 -4 -5 -6 -7
leaf_value=-0.0059297309635447807 -0.023690255325268549 -0.0059297309635447807 0.0049424053667404197 0.023321200717013275 0.012541932348608642 -0.0059297309635447807
leaf_weight=274 6247 1007 123 10932 2386 535
leaf_count=274 6247 1007 123 10932 2386 535
internal_value=-0.00102144 -0.0158961 -0.0205482 0.000453465 -0.000951413 -0.00938086
internal_weight=21504 1939 1130 19565 8633 809
internal_count=21504 1939 1130 19565 8633 809
is_linear=0
shrinkage=0.035


Tree=60
num_leaves=7
num_cat=0
split_feature=8 9 3 3 6 3
split_gain=392.68 47.8428 46.6506 23.9067 21.1439 40.6505
threshold=1.0000000180025095e-35 29.015000000000004 0.87837969732492682 -1.0000000180025095e-35 -0.93301270189221908 1.0000000180025095e-35
decision_type=2 2 2 2 2 2
left_child=1 3 -3 -1 5 -2
right_child=4 2 -4 -5 -6 -7
leaf_value=-0.0057221903798207125 0.036848556335407436 -0.0057221903798207125 0.0047694211789045052 -0.0057221903798207125 0.010767828690958943 -0.022861096388884148
leaf_weight=274 1021 1007 123 535 17548 996
leaf_count=274 1021 1007 123 535 17548 996
internal_value=-0.000876587 -0.0158961 -0.0205482 -0.00938086 0.00061267 -0.00278023
internal_weight=21504 1939 1130 809 19565 2017
internal_count=21504 1939 1130 809 19565 2017
is_linear=0
shrinkage=0.035


Tree=61
num_leaves=7
num_cat=0
split_feature=8 9 3 3 6 3
split_gain=392.425 47.8428 46.6506 23.9067 21.2934 40.3706
threshold=1.0000000180025095e-35 29.015000000000004 0.87837969732492682 -1.0000000180025095e-35 -0.93301270189221908 1.0000000180025095e-35
decision_type=2 2 2 2 2 2
left_child=1 3 -3 -1 5 -2
right_child=4 2 -4 -5 -6 -7
leaf_value=-0.0055219137165269877 0.035558856863668171 -0.0055219137165269877 0.0046024914376428423 -0.0055219137165269877 0.010390954686775379 -0.022060958015273205
leaf_weight=274 1021 1007 123 535 17548 996
leaf_count=274 1021 1007 123 535 17548 996
internal_value=-0.000881469 -0.0158961 -0.0205482 -0.00938086 0.000607304 -0.00279757
internal_weight=21504 1939 1130 809 19565 2017
internal_count=21504 1939 1130 809 19565 2017
is_linear=0
shrinkage=0.035


Tree=62
num_leaves=7
num_cat=0
split_feature=8 9 3 3 6 3
split_gain=391.234 47.8428 46.6506 23.9067 21.4143 39.8137
threshold=1.0000000180025095e-35 29.015000000000004 0.87837969732492682 -1.0000000180025095e-35 -0.93301270189221908 1.0000000180025095e-35
decision_type=2 2 2 2 2 2
left_child=1 3 -3 -1 5 -2
right_child=4 2 -4 -5 -6 -7
leaf_value=-0.005328646736448543 0.034314296873439794 -0.005328646736448543 0.0044414042373253438 -0.005328646736448543 0.010027271272738236 -0.021288824484738643
leaf_weight=274 1021 1007 123 535 17548 996
leaf_count=274 1021 1007 123 535 17548 996
internal_value=-0.000904255 -0.0158961 -0.0205482 -0.00938086 0.00058226 -0.00283226
internal_weight=21504 1939 1130 809 19565 2017
internal_count=21504 1939 1130 809 19565 2017
is_linear=0
shrinkage=0.035


Tree=63
num_leaves=7
num_cat=0
split_feature=8 9 3 10 6 3
split_gain=382.366 47.8428 46.6506 25.6506 28.7209 23.9067
threshold=1.0000000180025095e-35 29.015000000000004 0.87837969732492682 198.85095238095241 1.0000000180025095e-35 -1.0000000180025095e-35
decision_type=2 2 2 2 2 2
left_child=1 5 -3 4 -2 -1
right_child=3 2 -4 -5 -6 -7
leaf_value=-0.0051421441006728437 -0.020543715627772789 -0.0051421441006728437 0.0042859550890189582 0.024610431922124899 0.011687494166554754 -0.0051421441006728437
leaf_weight=274 7215 1007 123 9307 3043 535
leaf_count=274 7215 1007 123 9307 3043 535
internal_value=-0.00107515 -0.0158961 -0.0205482 0.000394434 -0.000812652 -0.00938086
internal_weight=21504 1939 1130 19565 10258 809
internal_count=21504 1939 1130 19565 10258 809
is_linear=0
shrinkage=0.035


Tree=64
num_leaves=7
num_cat=0
split_feature=8 9 3 3 6 3
split_gain=389.622 47.8428 46.6506 23.9067 21.2061 39.5367
threshold=1.0000000180025095e-35 29.015000000000004 0.87837969732492682 -1.0000000180025095e-35 -0.93301270189221908 1.0000000180025095e-35
decision_type=2 2 2 2 2 2
left_child=1 3 -3 -1 5 -2
right_child=4 2 -4 -5 -6 -7
leaf_value=-0.0049621690571492946 0.033832326529841437 -0.0049621690571492946 0.004135946660903298 -0.0049621690571492946 0.0092471531665862423 -0.019824685580800742
leaf_weight=274 1021 1007 123 535 17548 996
leaf_count=274 1021 1007 123 535 17548 996
internal_value=-0.000935178 -0.0158961 -0.0205482 -0.00938086 0.000548273 -0.0028496
internal_weight=21504 1939 1130 809 19565 2017
internal_count=21504 1939 1130 809 19565 2017
is_linear=0
shrinkage=0.035


Tree=65
num_leaves=7
num_cat=0
split_feature=8 9 3 3 6 3
split_gain=388.775 47.8428 46.6506 23.9067 21.4163 38.9855
threshold=1.0000000180025095e-35 29.015000000000004 0.87837969732492682 -1.0000000180025095e-35 -0.93301270189221908 1.0000000180025095e-35
decision_type=2 2 2 2 2 2
left_child=1 3 -3 -1 5 -2
right_child=4 2 -4 -5 -6 -7
leaf_value=-0.004788493140149069 0.032648195101296996 -0.004788493140149069 0.0039911885277716854 -0.004788493140149069 0.0089235028057557206 -0.019130821585472715
leaf_weight=274 1021 1007 123 535 17548 996
leaf_count=274 1021 1007 123 535 17548 996
internal_value=-0.000951453 -0.0158961 -0.0205482 -0.00938086 0.000530384 -0.00288429
internal_weight=21504 1939 1130 809 19565 2017
internal_count=21504 1939 1130 809 19565 2017
is_linear=0
shrinkage=0.035


Tree=66
num_leaves=7
num_cat=0
split_feature=8 9 3 10 6 3
split_gain=379.091 48.2158 46.6506 25.0445 26.9567 23.6616
threshold=1.0000000180025095e-35 29.015000000000004 0.87837969732492682 198.85095238095241 1.0000000180025095e-35 -1.0000000180025095e-35
decision_type=2 2 2 2 2 2
left_child=1 5 -3 4 -2 -1
right_child=3 2 -4 -5 -6 -7
leaf_value=-0.0046208958802438516 -0.01846124282998117 -0.0046208958802438516 0.0038514969292996761 0.023113093845818552 0.010642458911693365 -0.0046208958802438516
leaf_weight=274 7215 1007 123 9307 3043 535
leaf_count=274 7215 1007 123 9307 3043 535
internal_value=-0.00112072 -0.0158781 -0.0205482 0.000342559 -0.00085018 -0.00933765
internal_weight=21504 1939 1130 19565 10258 809
internal_count=21504 1939 1130 19565 10258 809
is_linear=0
shrinkage=0.035


Tree=67
num_leaves=7
num_cat=0
split_feature=8 9 3 3 6 3
split_gain=386.907 48.2158 46.6506 23.6616 21.1479 38.9855
threshold=1.0000000180025095e-35 29.015000000000004 0.87837969732492682 -1.0000000180025095e-35 -0.93301270189221908 1.0000000180025095e-35
decision_type=2 2 2 2 2 2
left_child=1 3 -3 -1 5 -2
right_child=4 2 -4 -5 -6 -7
leaf_value=-0.0044591645244353162 0.032151651771800953 -0.0044591645244353162 0.0037166945367741924 -0.0044591645244353162 0.0084568675753714951 -0.017815099330931828
leaf_weight=274 1021 1007 123 535 17548 996
leaf_count=274 1021 1007 123 535 17548 996
internal_value=-0.000969356 -0.0158781 -0.0205482 -0.00933765 0.000508919 -0.00288429
internal_weight=21504 1939 1130 809 19565 2017
internal_count=21504 1939 1130 809 19565 2017
is_linear=0
shrinkage=0.035


Tree=68
num_leaves=7
num_cat=0
split_feature=8 9 3 3 6 3
split_gain=386.4 48.2158 46.6506 23.6616 21.0143 38.9855
threshold=1.0000000180025095e-35 29.015000000000004 0.87837969732492682 -1.0000000180025095e-35 -0.93301270189221908 1.0000000180025095e-35
decision_type=2 2 2 2 2 2
left_child=1 3 -3 -1 5 -2
right_child=4 2 -4 -5 -6 -7
leaf_value=-0.0043030937660800805 0.031026343959787921 -0.0043030937660800805 0.0035866102279870976 -0.0043030937660800805 0.0081608772102334977 -0.017191570854349213
leaf_weight=274 1021 1007 123 535 17548 996
leaf_count=274 1021 1007 123 535 17548 996
internal_value=-0.000979121 -0.0158781 -0.0205482 -0.00933765 0.000498186 -0.00288429
internal_weight=21504 1939 1130 809 19565 2017
internal_count=21504 1939 1130 809 19565 2017
is_linear=0
shrinkage=0.035


Tree=69
num_leaves=7
num_cat=0
split_feature=8 9 3 8 3 6
split_gain=377.671 48.2158 46.6506 24.4109 23.6616 19.5079
threshold=1.0000000180025095e-35 29.015000000000004 0.87837969732492682 311.94555555555559 -1.0000000180025095e-35 -1.0000000180025095e-35
decision_type=2 2 2 2 2 2
left_child=1 4 -3 5 -1 -2
right_child=3 2 -4 -5 -6 -7
leaf_value=-0.0041524854842672774 -0.016589865874446993 -0.0041524854842672774 0.003461078870007548 0.031391923399891296 -0.0041524854842672774 0.0068818992393937456
leaf_weight=274 8842 1007 123 4500 535 6223
leaf_count=274 8842 1007 123 4500 535 6223
internal_value=-0.00114838 -0.0158781 -0.0205482 0.000312149 -0.00933765 -0.000363567
internal_weight=21504 1939 1130 19565 809 15065
internal_count=21504 1939 1130 19565 809 15065
is_linear=0
shrinkage=0.035


Tree=70
num_leaves=7
num_cat=0
split_feature=8 9 3 3 6 3
split_gain=385.472 48.2158 46.6506 23.6616 20.7706 38.9855
threshold=1.0000000180025095e-35 29.015000000000004 0.87837969732492682 -1.0000000180025095e-35 -0.93301270189221908 1.0000000180025095e-35
decision_type=2 2 2 2 2 2
left_child=1 3 -3 -1 5 -2
right_child=4 2 -4 -5 -6 -7
leaf_value=-0.0040071484923179228 0.028841707154693363 -0.0040071484923179228 0.0033399411095572833 -0.0040071484923179228 0.0076232094918819654 -0.016009220568841347
leaf_weight=274 1021 1007 123 535 17548 996
leaf_count=274 1021 1007 123 535 17548 996
internal_value=-0.000997024 -0.0158781 -0.0205482 -0.00933765 0.000478509 -0.00288429
internal_weight=21504 1939 1130 809 19565 2017
internal_count=21504 1939 1130 809 19565 2017
is_linear=0
shrinkage=0.035


Tree=71
num_leaves=7
num_cat=0
split_feature=8 9 3 3 8 6
split_gain=384.377 48.2158 46.6506 23.6616 20.9505 19.9989
threshold=1.0000000180025095e-35 29.015000000000004 0.87837969732492682 -1.0000000180025095e-35 311.94555555555559 -0.93301270189221908
decision_type=2 2 2 2 2 2
left_child=1 3 -3 -1 5 -2
right_child=4 2 -4 -5 -6 -7
leaf_value=-0.003866898295086795 -0.0154488978489319 -0.003866898295086795 0.003223043170722775 -0.003866898295086795 0.030026393748679239 0.00022492148531305043
leaf_weight=274 1720 1007 123 535 4500 13345
leaf_count=274 1720 1007 123 535 4500 13345
internal_value=-0.00101818 -0.0158781 -0.0205482 -0.00933765 0.000455254 -0.000170749
internal_weight=21504 1939 1130 809 19565 15065
internal_count=21504 1939 1130 809 19565 15065
is_linear=0
shrinkage=0.035


Tree=72
num_leaves=7
num_cat=0
split_feature=8 9 3 3 8 6
split_gain=383.956 48.2158 46.6506 23.6616 20.9738 19.6665
threshold=1.0000000180025095e-35 29.015000000000004 0.87837969732492682 -1.0000000180025095e-35 311.94555555555559 -0.93301270189221908
decision_type=2 2 2 2 2 2
left_child=1 3 -3 -1 5 -2
right_child=4 2 -4 -5 -6 -7
leaf_value=-0.0037315568547587573 -0.014908186424219283 -0.0037315568547587573 0.0031102366597474786 -0.0037315568547587573 0.028975469967475461 0.00021704923332708958
leaf_weight=274 1720 1007 123 535 4500 13345
leaf_count=274 1720 1007 123 535 4500 13345
internal_value=-0.00102632 -0.0158781 -0.0205482 -0.00933765 0.00044631 -0.000180041
internal_weight=21504 1939 1130 809 19565 15065
internal_count=21504 1939 1130 809 19565 15065
is_linear=0
shrinkage=0.035


Tree=73
num_leaves=7
num_cat=0
split_feature=8 9 3 3 8 6
split_gain=383.788 48.2158 46.6506 23.6616 20.7349 19.6665
threshold=1.0000000180025095e-35 29.015000000000004 0.87837969732492682 -1.0000000180025095e-35 311.94555555555559 -0.93301270189221908
decision_type=2 2 2 2 2 2
left_child=1 3 -3 -1 5 -2
right_child=4 2 -4 -5 -6 -7
leaf_value=-0.0036009523648422009 -0.01438639989937161 -0.0036009523648422009 0.0030013783766563232 -0.0036009523648422009 0.027961328518613816 0.0002094525101606487
leaf_weight=274 1720 1007 123 535 4500 13345
leaf_count=274 1720 1007 123 535 4500 13345
internal_value=-0.00102957 -0.0158781 -0.0205482 -0.00933765 0.000442732 -0.000180041
internal_weight=21504 1939 1130 809 19565 15065
internal_count=21504 1939 1130 809 19565 15065
is_linear=0
shrinkage=0.035


Tree=74
num_leaves=7
num_cat=0
split_feature=8 9 3 3 8 6
split_gain=383.451 48.2158 46.6506 23.6616 20.1086 19.4658
threshold=1.0000000180025095e-35 29.015000000000004 0.87837969732492682 -1.0000000180025095e-35 311.94555555555559 -0.93301270189221908
decision_type=2 2 2 2 2 2
left_child=1 3 -3 -1 5 -2
right_child=4 2 -4 -5 -6 -7
leaf_value=-0.0034749190320727237 -0.013882875902893601 -0.0034749190320727237 0.0028963301334733464 -0.0034749190320727237 0.026982682020462327 0.00020212167230502064
leaf_weight=274 1720 1007 123 535 4500 13345
leaf_count=274 1720 1007 123 535 4500 13345
internal_value=-0.00103608 -0.0158781 -0.0205482 -0.00933765 0.000435577 -0.000177718
internal_weight=21504 1939 1130 809 19565 15065
internal_count=21504 1939 1130 809 19565 15065
is_linear=0
shrinkage=0.035


Tree=75
num_leaves=7
num_cat=0
split_feature=8 9 3 3 6 3
split_gain=382.947 48.2158 46.6506 23.6616 19.6936 38.4249
threshold=1.0000000180025095e-35 29.015000000000004 0.87837969732492682 -1.0000000180025095e-35 -0.93301270189221908 1.0000000180025095e-35
decision_type=2 2 2 2 2 2
left_child=1 3 -3 -1 5 -2
right_child=4 2 -4 -5 -6 -7
leaf_value=-0.0033532968659501783 0.027029586226334484 -0.0033532968659501783 0.0027949585788017831 -0.0033532968659501783 0.0071436765230368376 -0.013396975246292325
leaf_weight=274 1021 1007 123 535 17548 996
leaf_count=274 1021 1007 123 535 17548 996
internal_value=-0.00104585 -0.0158781 -0.0205482 -0.00933765 0.000424844 -0.0028496
internal_weight=21504 1939 1130 809 19565 2017
internal_count=21504 1939 1130 809 19565 2017
is_linear=0
shrinkage=0.035


Tree=76
num_leaves=7
num_cat=0
split_feature=8 9 3 3 8 6
split_gain=373.675 48.2158 46.6506 23.6616 23.0933 16.8269
threshold=1.0000000180025095e-35 29.015000000000004 0.87837969732492682 -1.0000000180025095e-35 311.94555555555559 -1.0000000180025095e-35
decision_type=2 2 2 2 2 2
left_child=1 3 -3 -1 5 -2
right_child=4 2 -4 -5 -6 -7
leaf_value=-0.0032359314756419217 -0.012928081112672095 -0.0032359314756419217 0.002697135028543718 -0.0032359314756419217 0.025788259471439846 0.0060943176839541183
leaf_weight=274 8842 1007 123 535 4500 6223
leaf_count=274 8842 1007 123 535 4500 6223
internal_value=-0.00122651 -0.0158781 -0.0205482 -0.00933765 0.000226286 -0.000430937
internal_weight=21504 1939 1130 809 19565 15065
internal_count=21504 1939 1130 809 19565 15065
is_linear=0
shrinkage=0.035


Tree=77
num_leaves=7
num_cat=0
split_feature=8 9 3 3 8 6
split_gain=381.687 48.2158 46.6506 23.6616 19.6157 18.6901
threshold=1.0000000180025095e-35 29.015000000000004 0.87837969732492682 -1.0000000180025095e-35 324.80611111111119 -0.93301270189221908
decision_type=2 2 2 2 2 2
left_child=1 3 -3 -1 5 -2
right_child=4 2 -4 -5 -6 -7
leaf_value=-0.0031226738739944544 -0.012475598273728572 -0.0031226738739944544 0.0026027353025446834 -0.0031226738739944544 0.026908378957931758 0.00037067254961014462
leaf_weight=274 1760 1007 123 535 3975 13830
leaf_count=274 1760 1007 123 535 3975 13830
internal_value=-0.00107026 -0.0158781 -0.0205482 -0.00933765 0.000398012 -0.000161632
internal_weight=21504 1939 1130 809 19565 15590
internal_count=21504 1939 1130 809 19565 15590
is_linear=0
shrinkage=0.035


Tree=78
num_leaves=7
num_cat=0
split_feature=8 9 3 3 8 6
split_gain=381.436 48.2158 46.6506 23.6616 19.5543 18.6407
threshold=1.0000000180025095e-35 29.015000000000004 0.87837969732492682 -1.0000000180025095e-35 324.80611111111119 -0.93301270189221908
decision_type=2 2 2 2 2 2
left_child=1 3 -3 -1 5 -2
right_child=4 2 -4 -5 -6 -7
leaf_value=-0.0030133802884046487 -0.012038952334148072 -0.0030133802884046487 0.0025116395669556217 -0.0030133802884046487 0.025966585694404153 0.00035769901037379514
leaf_weight=274 1760 1007 123 535 3975 13830
leaf_count=274 1760 1007 123 535 3975 13830
internal_value=-0.00107515 -0.0158781 -0.0205482 -0.00933765 0.000392646 -0.000166121
internal_weight=21504 1939 1130 809 19565 15590
internal_count=21504 1939 1130 809 19565 15590
is_linear=0
shrinkage=0.035


Tree=79
num_leaves=7
num_cat=0
split_feature=8 9 3 3 8 6
split_gain=381.436 48.2158 46.6506 23.6616 19.5543 18.6407
threshold=1.0000000180025095e-35 29.015000000000004 0.87837969732492682 -1.0000000180025095e-35 324.80611111111119 -0.93301270189221908
decision_type=2 2 2 2 2 2
left_child=1 3 -3 -1 5 -2
right_child=4 2 -4 -5 -6 -7
leaf_value=-0.002907911978310486 -0.01161758900245289 -0.002907911978310486 0.0024237321821121774 -0.002907911978310486 0.0250577551951 0.00034517954501071401
leaf_weight=274 1760 1007 123 535 3975 13830
leaf_count=274 1760 1007 123 535 3975 13830
internal_value=-0.00107515 -0.0158781 -0.0205482 -0.00933765 0.000392646 -0.000166121
internal_weight=21504 1939 1130 809 19565 15590
internal_count=21504 1939 1130 809 19565 15590
is_linear=0
shrinkage=0.035


Tree=80
num_leaves=7
num_cat=0
split_feature=8 9 3 3 6 3
split_gain=381.017 48.2158 46.6506 23.6616 18.9964 38.1461
threshold=1.0000000180025095e-35 29.015000000000004 0.87837969732492682 -1.0000000180025095e-35 -0.93301270189221908 1.0000000180025095e-35
decision_type=2 2 2 2 2 2
left_child=1 3 -3 -1 5 -2
right_child=4 2 -4 -5 -6 -7
leaf_value=-0.002806135059069619 0.026779842092804013 -0.002806135059069619 0.0023389015557382532 -0.002806135059069619 0.0061521018813812641 -0.011210973387367037
leaf_weight=274 1021 1007 123 535 17548 996
leaf_count=274 1021 1007 123 535 17548 996
internal_value=-0.00108328 -0.0158781 -0.0205482 -0.00933765 0.000383701 -0.00283226
internal_weight=21504 1939 1130 809 19565 2017
internal_count=21504 1939 1130 809 19565 2017
is_linear=0
shrinkage=0.035


Tree=81
num_leaves=7
num_cat=0
split_feature=8 9 3 3 8 6
split_gain=380.598 48.2158 46.6506 23.6616 18.9358 18.5421
threshold=1.0000000180025095e-35 29.015000000000004 0.87837969732492682 -1.0000000180025095e-35 324.80611111111119 -0.93301270189221908
decision_type=2 2 2 2 2 2
left_child=1 3 -3 -1 5 -2
right_child=4 2 -4 -5 -6 -7
leaf_value=-0.0027079203320021822 -0.010818589318809191 -0.0027079203320021822 0.0022570400012874073 -0.0027079203320021822 0.023965410197423171 0.00011777469508699598
leaf_weight=274 1760 1007 123 535 3975 13830
leaf_count=274 1760 1007 123 535 3975 13830
internal_value=-0.00109142 -0.0158781 -0.0205482 -0.00933765 0.000374757 -0.000175101
internal_weight=21504 1939 1130 809 19565 15590
internal_count=21504 1939 1130 809 19565 15590
is_linear=0
shrinkage=0.035


Tree=82
num_leaves=7
num_cat=0
split_feature=8 9 3 3 6 3
split_gain=379.928 48.2158 46.6506 23.6616 18.9266 37.875
threshold=1.0000000180025095e-35 29.015000000000004 0.87837969732492682 -1.0000000180025095e-35 -0.93301270189221908 1.0000000180025095e-35
decision_type=2 2 2 2 2 2
left_child=1 3 -3 -1 5 -2
right_child=4 2 -4 -5 -6 -7
leaf_value=-0.0026131431203821058 0.025003758262646069 -0.0026131431203821058 0.0021780436012423499 -0.0026131431203821058 0.0058985516455064098 -0.01043993869265087
leaf_weight=274 1021 1007 123 535 17548 996
leaf_count=274 1021 1007 123 535 17548 996
internal_value=-0.00110444 -0.0158781 -0.0205482 -0.00933765 0.000360447 -0.0028496
internal_weight=21504 1939 1130 809 19565 2017
internal_count=21504 1939 1130 809 19565 2017
is_linear=0
shrinkage=0.035


Tree=83
num_leaves=7
num_cat=0
split_feature=8 9 3 3 10 6
split_gain=370.941 48.2158 46.6506 23.6616 22.7526 21.917
threshold=1.0000000180025095e-35 29.015000000000004 0.87837969732492682 -1.0000000180025095e-35 198.85095238095241 1.0000000180025095e-35
decision_type=2 2 2 2 2 2
left_child=1 3 -3 -1 5 -2
right_child=4 2 -4 -5 -6 -7
leaf_value=-0.002521683111168732 -0.010074540838408089 -0.002521683111168732 0.002101812075198866 -0.002521683111168732 0.017007126553618135 0.0069958008263390275
leaf_weight=274 7215 1007 123 535 9307 3043
leaf_count=274 7215 1007 123 535 9307 3043
internal_value=-0.00128021 -0.0158781 -0.0205482 -0.00933765 0.000167255 -0.000969588
internal_weight=21504 1939 1130 809 19565 10258
internal_count=21504 1939 1130 809 19565 10258
is_linear=0
shrinkage=0.035


Tree=84
num_leaves=7
num_cat=0
split_feature=8 9 3 3 6 3
split_gain=377.754 48.2158 46.6506 23.6616 18.3822 37.875
threshold=1.0000000180025095e-35 29.015000000000004 0.87837969732492682 -1.0000000180025095e-35 -0.93301270189221908 1.0000000180025095e-35
decision_type=2 2 2 2 2 2
left_child=1 3 -3 -1 5 -2
right_child=4 2 -4 -5 -6 -7
leaf_value=-0.0024334242022778264 0.023533377294076823 -0.0024334242022778264 0.0020282486525669088 -0.0024334242022778264 0.0054312171962380522 -0.0097219319090638065
leaf_weight=274 1021 1007 123 535 17548 996
leaf_count=274 1021 1007 123 535 17548 996
internal_value=-0.00114676 -0.0158781 -0.0205482 -0.00933765 0.000313938 -0.0028496
internal_weight=21504 1939 1130 809 19565 2017
internal_count=21504 1939 1130 809 19565 2017
is_linear=0
shrinkage=0.035


Tree=85
num_leaves=7
num_cat=0
split_feature=8 9 3 3 8 6
split_gain=377.087 48.2158 46.6506 23.6616 18.2517 17.8353
threshold=1.0000000180025095e-35 29.015000000000004 0.87837969732492682 -1.0000000180025095e-35 324.80611111111119 -0.93301270189221908
decision_type=2 2 2 2 2 2
left_child=1 3 -3 -1 5 -2
right_child=4 2 -4 -5 -6 -7
leaf_value=-0.0023482543551981024 -0.0093816642922465738 -0.0023482543551981024 0.0019572599497270594 -0.0023482543551981024 0.022321620555045614 2.1702564570611483e-05
leaf_weight=274 1760 1007 123 535 3975 13830
leaf_count=274 1760 1007 123 535 3975 13830
internal_value=-0.00115978 -0.0158781 -0.0205482 -0.00933765 0.000299627 -0.000240203
internal_weight=21504 1939 1130 809 19565 15590
internal_count=21504 1939 1130 809 19565 15590
is_linear=0
shrinkage=0.035


Tree=86
num_leaves=7
num_cat=0
split_feature=8 9 3 3 6 3
split_gain=376.837 48.2158 46.6506 23.6616 18.1543 37.875
threshold=1.0000000180025095e-35 29.015000000000004 0.87837969732492682 -1.0000000180025095e-35 -0.93301270189221908 1.0000000180025095e-35
decision_type=2 2 2 2 2 2
left_child=1 3 -3 -1 5 -2
right_child=4 2 -4 -5 -6 -7
leaf_value=-0.002266065452766169 0.021928452369357559 -0.002266065452766169 0.0018887558514866123 -0.002266065452766169 0.0050379342757201819 -0.0090533060420179435
leaf_weight=274 1021 1007 123 535 17548 996
leaf_count=274 1021 1007 123 535 17548 996
internal_value=-0.00116466 -0.0158781 -0.0205482 -0.00933765 0.000294261 -0.0028496
internal_weight=21504 1939 1130 809 19565 2017
internal_count=21504 1939 1130 809 19565 2017
is_linear=0
shrinkage=0.035


Tree=87
num_leaves=7
num_cat=0
split_feature=8 9 3 3 10 4
split_gain=367.969 48.2158 46.6506 23.6616 23.4578 20.3148
threshold=1.0000000180025095e-35 29.015000000000004 0.87837969732492682 -1.0000000180025095e-35 198.85095238095241 0.81174490092936691
decision_type=2 2 2 2 2 2
left_child=1 3 -3 -1 5 -2
right_child=4 2 -4 -5 -6 -7
leaf_value=-0.002186753161919353 -0.0074542113729398011 -0.002186753161919353 0.0018226493966845881 -0.002186753161919353 0.015598092960431548 -0.028537943547471408
leaf_weight=274 8703 1007 123 535 9307 1555
leaf_count=274 8703 1007 123 535 9307 1555
internal_value=-0.0013388 -0.0158781 -0.0205482 -0.00933765 0.000102857 -0.00105147
internal_weight=21504 1939 1130 809 19565 10258
internal_count=21504 1939 1130 809 19565 10258
is_linear=0
shrinkage=0.035


Tree=88
num_leaves=7
num_cat=0
split_feature=8 9 3 3 6 3
split_gain=377.421 48.2158 46.6506 23.6616 18.2992 37.875
threshold=1.0000000180025095e-35 29.015000000000004 0.87837969732492682 -1.0000000180025095e-35 -0.93301270189221908 1.0000000180025095e-35
decision_type=2 2 2 2 2 2
left_child=1 3 -3 -1 5 -2
right_child=4 2 -4 -5 -6 -7
leaf_value=-0.0021102168012521755 0.021495666758855746 -0.0021102168012521755 0.0017588566678006258 -0.0021102168012521755 0.004758591830820294 -0.0084755429324944211
leaf_weight=274 1021 1007 123 535 17548 996
leaf_count=274 1021 1007 123 535 17548 996
internal_value=-0.00115327 -0.0158781 -0.0205482 -0.00933765 0.000306782 -0.0028496
internal_weight=21504 1939 1130 809 19565 2017
internal_count=21504 1939 1130 809 19565 2017
is_linear=0
shrinkage=0.035


Tree=89
num_leaves=7
num_cat=0
split_feature=8 9 3 3 6 3
split_gain=375.088 48.2158 46.6506 23.6616 17.9215 37.6048
threshold=1.0000000180025095e-35 29.015000000000004 0.87837969732492682 -1.0000000180025095e-35 -0.93301270189221908 1.0000000180025095e-35
decision_type=2 2 2 2 2 2
left_child=1 3 -3 -1 5 -2
right_child=4 2 -4 -5 -6 -7
leaf_value=-0.0020363592132083496 0.020743318422295789 -0.0020363592132083496 0.0016972966844275962 -0.0020363592132083496 0.0045920411167415876 -0.0081788989298571171
leaf_weight=274 1021 1007 123 535 17548 996
leaf_count=274 1021 1007 123 535 17548 996
internal_value=-0.00119884 -0.0158781 -0.0205482 -0.00933765 0.000256695 -0.00286695
internal_weight=21504 1939 1130 809 19565 2017
internal_count=21504 1939 1130 809 19565 2017
is_linear=0
shrinkage=0.035


Tree=90
num_leaves=7
num_cat=0
split_feature=8 9 3 3 6 3
split_gain=374.755 48.2158 46.6506 23.6616 17.8395 37.6048
threshold=1.0000000180025095e-35 29.015000000000004 0.87837969732492682 -1.0000000180025095e-35 -0.93301270189221908 1.0000000180025095e-35
decision_type=2 2 2 2 2 2
left_child=1 3 -3 -1 5 -2
right_child=4 2 -4 -5 -6 -7
leaf_value=-0.0019650866407460573 0.020017302277515425 -0.0019650866407460573 0.0016378913004726249 -0.0019650866407460573 0.0044313196776556282 -0.007892637467312117
leaf_weight=274 1021 1007 123 535 17548 996
leaf_count=274 1021 1007 123 535 17548 996
internal_value=-0.00120535 -0.0158781 -0.0205482 -0.00933765 0.00024954 -0.00286695
internal_weight=21504 1939 1130 809 19565 2017
internal_count=21504 1939 1130 809 19565 2017
is_linear=0
shrinkage=0.035


Tree=91
num_leaves=7
num_cat=0
split_feature=8 9 3 3 6 3
split_gain=373.841 48.2158 46.6506 23.6616 17.8128 37.3356
threshold=1.0000000180025095e-35 29.015000000000004 0.87837969732492682 -1.0000000180025095e-35 -0.93301270189221908 1.0000000180025095e-35
decision_type=2 2 2 2 2 2
left_child=1 3 -3 -1 5 -2
right_child=4 2 -4 -5 -6 -7
leaf_value=-0.0018963086083199454 0.019316696697802394 -0.0018963086083199454 0.0015805651049560822 -0.0018963086083199454 0.0042762234889376768 -0.0076163951559561939
leaf_weight=274 1021 1007 123 535 17548 996
leaf_count=274 1021 1007 123 535 17548 996
internal_value=-0.00122325 -0.0158781 -0.0205482 -0.00933765 0.000229863 -0.00288429
internal_weight=21504 1939 1130 809 19565 2017
internal_count=21504 1939 1130 809 19565 2017
is_linear=0
shrinkage=0.035


Tree=92
num_leaves=7
num_cat=0
split_feature=8 9 3 3 10 6
split_gain=371.437 48.2158 46.6506 23.6616 18.1197 19.9052
threshold=1.0000000180025095e-35 29.015000000000004 0.87837969732492682 -1.0000000180025095e-35 198.85095238095241 -0.93301270189221908
decision_type=2 2 2 2 2 2
left_child=1 3 -3 -1 5 -2
right_child=4 2 -4 -5 -6 -7
leaf_value=-0.0018299378070287474 -0.0073498213254977272 -0.0018299378070287474 0.0015252453262826118 -0.0018299378070287474 0.014420123542821021 -0.00076593636132257824
leaf_weight=274 1402 1007 123 535 9307 8856
leaf_count=274 1402 1007 123 535 9307 8856
internal_value=-0.00127045 -0.0158781 -0.0205482 -0.00933765 0.000177987 -0.000836534
internal_weight=21504 1939 1130 809 19565 10258
internal_count=21504 1939 1130 809 19565 10258
is_linear=0
shrinkage=0.035


Tree=93
num_leaves=7
num_cat=0
split_feature=8 9 3 3 10 6
split_gain=371.355 48.2158 46.6506 23.6616 17.8134 19.7194
threshold=1.0000000180025095e-35 29.015000000000004 0.87837969732492682 -1.0000000180025095e-35 198.85095238095241 -0.93301270189221908
decision_type=2 2 2 2 2 2
left_child=1 3 -3 -1 5 -2
right_child=4 2 -4 -5 -6 -7
leaf_value=-0.0017658899837827413 -0.0070925775791053072 -0.0017658899837827413 0.0014718617398627278 -0.0017658899837827413 0.013915419218822288 -0.000739128588676287
leaf_weight=274 1402 1007 123 535 9307 8856
leaf_count=274 1402 1007 123 535 9307 8856
internal_value=-0.00127208 -0.0158781 -0.0205482 -0.00933765 0.000176199 -0.00082971
internal_weight=21504 1939 1130 809 19565 10258
internal_count=21504 1939 1130 809 19565 10258
is_linear=0
shrinkage=0.035


Tree=94
num_leaves=7
num_cat=0
split_feature=8 9 3 3 10 6
split_gain=371.189 48.2158 46.6506 23.6616 17.4469 19.2812
threshold=1.0000000180025095e-35 29.015000000000004 0.87837969732492682 -1.0000000180025095e-35 198.85095238095241 -0.93301270189221908
decision_type=2 2 2 2 2 2
left_child=1 3 -3 -1 5 -2
right_child=4 2 -4 -5 -6 -7
leaf_value=-0.0017040838343503452 -0.0068443373638366212 -0.0017040838343503452 0.0014203465789675374 -0.0017040838343503452 0.013428379546163511 -0.0007132590880726123
leaf_weight=274 1402 1007 123 535 9307 8856
leaf_count=274 1402 1007 123 535 9307 8856
internal_value=-0.00127533 -0.0158781 -0.0205482 -0.00933765 0.000172621 -0.000822887
internal_weight=21504 1939 1130 809 19565 10258
internal_count=21504 1939 1130 809 19565 10258
is_linear=0
shrinkage=0.035


Tree=95
num_leaves=7
num_cat=0
split_feature=8 9 3 3 8 6
split_gain=369.371 48.2158 46.6506 23.6616 17.6343 16.3899
threshold=1.0000000180025095e-35 29.015000000000004 0.87837969732492682 -1.0000000180025095e-35 324.80611111111119 -0.93301270189221908
decision_type=2 2 2 2 2 2
left_child=1 3 -3 -1 5 -2
right_child=4 2 -4 -5 -6 -7
leaf_value=-0.0016444409001480831 -0.0066047855561023388 -0.0016444409001480831 0.0013706344487036672 -0.0016444409001480831 0.019178016325853933 7.8166164982569852e-05
leaf_weight=274 1760 1007 123 535 3975 13830
leaf_count=274 1760 1007 123 535 3975 13830
internal_value=-0.00131114 -0.0158781 -0.0205482 -0.00933765 0.000133267 -0.000397344
internal_weight=21504 1939 1130 809 19565 15590
internal_count=21504 1939 1130 809 19565 15590
is_linear=0
shrinkage=0.035


Tree=96
num_leaves=7
num_cat=0
split_feature=8 9 3 3 6 3
split_gain=368.793 48.2158 46.6506 23.6616 17.1658 37.7719
threshold=1.0000000180025095e-35 29.015000000000004 0.87837969732492682 -1.0000000180025095e-35 -0.93301270189221908 -1.0000000180025095e-35
decision_type=2 2 2 2 2 2
left_child=1 3 -3 -1 5 -2
right_child=4 2 -4 -5 -6 -7
leaf_value=-0.0015868854686429 0.044532652515455969 -0.0015868854686429 0.0013226622429990311 -0.0015868854686429 0.0032359998135540829 -0.0063736180616387568
leaf_weight=274 733 1007 123 535 17548 1284
leaf_count=274 733 1007 123 535 17548 1284
internal_value=-0.00132253 -0.0158781 -0.0205482 -0.00933765 0.000120745 -0.00293632
internal_weight=21504 1939 1130 809 19565 2017
internal_count=21504 1939 1130 809 19565 2017
is_linear=0
shrinkage=0.035


Tree=97
num_leaves=7
num_cat=0
split_feature=8 9 3 3 10 6
split_gain=368.299 48.2158 46.6506 23.6616 16.9309 36.6552
threshold=1.0000000180025095e-35 29.015000000000004 0.87837969732492682 -1.0000000180025095e-35 249.91841269841271 0.68301270189221941
decision_type=2 2 2 2 2 2
left_child=1 3 -3 -1 -2 -6
right_child=4 2 -4 -5 5 -7
leaf_value=-0.0015313444772403987 -0.0057014281121323613 -0.0015313444772403987 0.0012763690644940608 -0.0015313444772403987 0.024452004316344721 -0.099415648228828951
leaf_weight=274 14004 1007 123 535 4803 758
leaf_count=274 14004 1007 123 535 4803 758
internal_value=-0.00133229 -0.0158781 -0.0205482 -0.00933765 0.000110012 0.00174371
internal_weight=21504 1939 1130 809 19565 5561
internal_count=21504 1939 1130 809 19565 5561
is_linear=0
shrinkage=0.035


Tree=98
num_leaves=7
num_cat=0
split_feature=8 9 3 3 6 3
split_gain=371.437 48.2158 46.6506 23.6616 17.42 37.3597
threshold=1.0000000180025095e-35 29.015000000000004 0.87837969732492682 -1.0000000180025095e-35 -0.93301270189221908 -1.0000000180025095e-35
decision_type=2 2 2 2 2 2
left_child=1 3 -3 -1 5 -2
right_child=4 2 -4 -5 -6 -7
leaf_value=-0.0014777474205369848 0.043173559661339629 -0.0014777474205369848 0.001231696147236774 -0.0014777474205369848 0.0033331783103774009 -0.0059509914455567678
leaf_weight=274 733 1007 123 535 17548 1284
leaf_count=274 733 1007 123 535 17548 1284
internal_value=-0.00127045 -0.0158781 -0.0205482 -0.00933765 0.000177987 -0.00290164
internal_weight=21504 1939 1130 809 19565 2017
internal_count=21504 1939 1130 809 19565 2017
is_linear=0
shrinkage=0.035


Tree=99
num_leaves=7
num_cat=0
split_feature=8 9 3 3 10 6
split_gain=369.454 48.2158 46.6506 23.6616 17.5601 30.6652
threshold=1.0000000180025095e-35 29.015000000000004 0.87837969732492682 -1.0000000180025095e-35 252.67984126984129 0.68301270189221941
decision_type=2 2 2 2 2 2
left_child=1 3 -3 -1 -2 -6
right_child=4 2 -4 -5 5 -7
leaf_value=-0.0014260262608181903 -0.0050692421382708486 -0.0014260262608181903 0.0011885867820834806 -0.0014260262608181903 0.023445260626280211 -0.10030853327898606
leaf_weight=274 14253 1007 123 535 4577 735
leaf_count=274 14253 1007 123 535 4577 735
internal_value=-0.00130951 -0.0158781 -0.0205482 -0.00933765 0.000135056 0.00185244
internal_weight=21504 1939 1130 809 19565 5312
internal_count=21504 1939 1130 809 19565 5312
is_linear=0
shrinkage=0.035


Tree=100
num_leaves=7
num_cat=0
split_feature=8 9 3 3 8 6
split_gain=372.514 48.2158 46.6506 23.6616 17.9077 17.309
threshold=1.0000000180025095e-35 29.015000000000004 0.87837969732492682 -1.0000000180025095e-35 311.94555555555559 -0.93301270189221908
decision_type=2 2 2 2 2 2
left_child=1 3 -3 -1 5 -2
right_child=4 2 -4 -5 -6 -7
leaf_value=-0.0013761153416895536 -0.0055652832701228016 -0.0013761153416895536 0.0011469862447105639 -0.0013761153416895536 0.016841347386368548 0.00010244553848089312
leaf_weight=274 1720 1007 123 535 4500 13345
leaf_count=274 1720 1007 123 535 4500 13345
internal_value=-0.00124929 -0.0158781 -0.0205482 -0.00933765 0.000201242 -0.000377506
internal_weight=21504 1939 1130 809 19565 15065
internal_count=21504 1939 1130 809 19565 15065
is_linear=0
shrinkage=0.035


Tree=101
num_leaves=7
num_cat=0
split_feature=8 9 3 3 6 3
split_gain=371.437 48.2158 46.6506 23.6616 17.6168 37.5655
threshold=1.0000000180025095e-35 29.015000000000004 0.87837969732492682 -1.0000000180025095e-35 -0.93301270189221908 -1.0000000180025095e-35
decision_type=2 2 2 2 2 2
left_child=1 3 -3 -1 5 -2
right_child=4 2 -4 -5 -6 -7
leaf_value=-0.0013279513047304192 0.042026632486364172 -0.0013279513047304192 0.001106841726145691 -0.0013279513047304192 0.003559519794958884 -0.0053704983556685038
leaf_weight=274 733 1007 123 535 17548 1284
leaf_count=274 733 1007 123 535 17548 1284
internal_value=-0.00127045 -0.0158781 -0.0205482 -0.00933765 0.000177987 -0.00291898
internal_weight=21504 1939 1130 809 19565 2017
internal_count=21504 1939 1130 809 19565 2017
is_linear=0
shrinkage=0.035


Tree=102
num_leaves=7
num_cat=0
split_feature=8 9 3 3 10 6
split_gain=369.288 48.2158 46.6506 23.6616 17.4986 26.3679
threshold=1.0000000180025095e-35 29.015000000000004 0.87837969732492682 -1.0000000180025095e-35 252.67984126984129 0.68301270189221941
decision_type=2 2 2 2 2 2
left_child=1 3 -3 -1 -2 -6
right_child=4 2 -4 -5 5 -7
leaf_value=-0.0012814730090648545 -0.0051825309132201066 -0.0012814730090648545 0.0010681022657305906 -0.0012814730090648545 0.02215270722174421 -0.096925903400891938
leaf_weight=274 14253 1007 123 535 4577 735
leaf_count=274 14253 1007 123 535 4577 735
internal_value=-0.00131276 -0.0158781 -0.0205482 -0.00933765 0.000131478 0.00184585
internal_weight=21504 1939 1130 809 19565 5312
internal_count=21504 1939 1130 809 19565 5312
is_linear=0
shrinkage=0.035


Tree=103
num_leaves=7
num_cat=0
split_feature=8 9 3 3 6 3
split_gain=371.686 48.2158 46.6506 23.6616 17.4808 37.0674
threshold=1.0000000180025095e-35 29.015000000000004 0.87837969732492682 -1.0000000180025095e-35 -0.93301270189221908 1.0000000180025095e-35
decision_type=2 2 2 2 2 2
left_child=1 3 -3 -1 5 -2
right_child=4 2 -4 -5 -6 -7
leaf_value=-0.0012366214537475847 0.016371508365583019 -0.0012366214537475847 0.0010307186864300189 -0.0012366214537475847 0.003566808776749553 -0.0050011423312574027
leaf_weight=274 1021 1007 123 535 17548 996
leaf_count=274 1021 1007 123 535 17548 996
internal_value=-0.00126557 -0.0158781 -0.0205482 -0.00933765 0.000183354 -0.00290164
internal_weight=21504 1939 1130 809 19565 2017
internal_count=21504 1939 1130 809 19565 2017
is_linear=0
shrinkage=0.035


Tree=104
num_leaves=7
num_cat=0
split_feature=8 9 3 3 6 3
split_gain=371.106 48.2158 46.6506 23.6616 17.7329 37.2053
threshold=1.0000000180025095e-35 29.015000000000004 0.87837969732492682 -1.0000000180025095e-35 -0.93301270189221908 -1.0000000180025095e-35
decision_type=2 2 2 2 2 2
left_child=1 3 -3 -1 5 -2
right_child=4 2 -4 -5 -6 -7
leaf_value=-0.0011933397028664192 0.040164086138508734 -0.0011933397028664192 0.00099464353240496855 -0.0011933397028664192 0.0034419704695633118 -0.0048261023496633942
leaf_weight=274 733 1007 123 535 17548 1284
leaf_count=274 733 1007 123 535 17548 1284
internal_value=-0.00127696 -0.0158781 -0.0205482 -0.00933765 0.000170832 -0.00293632
internal_weight=21504 1939 1130 809 19565 2017
internal_count=21504 1939 1130 809 19565 2017
is_linear=0
shrinkage=0.035


Tree=105
num_leaves=7
num_cat=0
split_feature=8 9 3 3 10 4
split_gain=368.292 47.9493 46.5088 23.6616 17.9784 22.354
threshold=1.0000000180025095e-35 29.015000000000004 0.87837969732492682 -1.0000000180025095e-35 252.67984126984129 -0.22252093395631442
decision_type=2 2 2 2 2 2
left_child=1 3 -3 -1 5 -2
right_child=4 2 -4 -5 -6 -7
leaf_value=-0.0011515728132660947 0.015960380084961458 -0.0011515728132660947 0.0009598310087707907 -0.0011515728132660947 0.016007828564008047 -0.0071985328546859259
leaf_weight=274 5950 1007 123 535 5312 8303
leaf_count=274 5950 1007 123 535 5312 8303
internal_value=-0.00131439 -0.0158601 -0.0205172 -0.00933765 0.000127901 -0.000519819
internal_weight=21504 1939 1130 809 19565 14253
internal_count=21504 1939 1130 809 19565 14253
is_linear=0
shrinkage=0.035


Tree=106
num_leaves=7
num_cat=0
split_feature=8 9 3 3 6 3
split_gain=370.107 47.9493 46.5088 23.6616 17.4949 37.0004
threshold=1.0000000180025095e-35 29.015000000000004 0.87837969732492682 -1.0000000180025095e-35 -0.93301270189221908 -1.0000000180025095e-35
decision_type=2 2 2 2 2 2
left_child=1 3 -3 -1 5 -2
right_child=4 2 -4 -5 -6 -7
leaf_value=-0.0011112677648017811 0.038974773618716943 -0.0011112677648017811 0.00092623692346381907 -0.0011112677648017811 0.0032407992918713061 -0.0052158020703988268
leaf_weight=274 733 1007 123 535 17548 1284
leaf_count=274 733 1007 123 535 17548 1284
internal_value=-0.00127859 -0.0158601 -0.0205172 -0.00933765 0.000167255 -0.00291898
internal_weight=21504 1939 1130 809 19565 2017
internal_count=21504 1939 1130 809 19565 2017
is_linear=0
shrinkage=0.035


Tree=107
num_leaves=7
num_cat=0
split_feature=8 9 3 3 6 3
split_gain=369.859 47.9493 46.5088 23.6616 17.2384 37.0674
threshold=1.0000000180025095e-35 29.015000000000004 0.87837969732492682 -1.0000000180025095e-35 -0.93301270189221908 1.0000000180025095e-35
decision_type=2 2 2 2 2 2
left_child=1 3 -3 -1 5 -2
right_child=4 2 -4 -5 -6 -7
leaf_value=-0.001072373393033719 0.015240368786675781 -0.001072373393033719 0.00089381863114258893 -0.001072373393033719 0.0031273713166558117 -0.0050332489979348681
leaf_weight=274 1021 1007 123 535 17548 996
leaf_count=274 1021 1007 123 535 17548 996
internal_value=-0.00128347 -0.0158601 -0.0205172 -0.00933765 0.000161888 -0.00290164
internal_weight=21504 1939 1130 809 19565 2017
internal_count=21504 1939 1130 809 19565 2017
is_linear=0
shrinkage=0.035


Tree=108
num_leaves=7
num_cat=0
split_feature=8 9 3 3 10 4
split_gain=367.88 47.9493 46.5088 23.6616 17.62 22.2605
threshold=1.0000000180025095e-35 29.015000000000004 0.87837969732492682 -1.0000000180025095e-35 252.67984126984129 -0.22252093395631442
decision_type=2 2 2 2 2 2
left_child=1 3 -3 -1 5 -2
right_child=4 2 -4 -5 -6 -7
leaf_value=-0.0010348403242775388 0.015178880810689358 -0.0010348403242775388 0.00086253497905260275 -0.0010348403242775388 0.014908246859089253 -0.0072852847317394298
leaf_weight=274 5950 1007 123 535 5312 8303
leaf_count=274 5950 1007 123 535 5312 8303
internal_value=-0.00132253 -0.0158601 -0.0205172 -0.00933765 0.000118956 -0.000522274
internal_weight=21504 1939 1130 809 19565 14253
internal_count=21504 1939 1130 809 19565 14253
is_linear=0
shrinkage=0.035


Tree=109
num_leaves=7
num_cat=0
split_feature=8 9 3 3 6 3
split_gain=369.859 47.9493 46.5088 23.6616 17.4341 37.0004
threshold=1.0000000180025095e-35 29.015000000000004 0.87837969732492682 -1.0000000180025095e-35 -0.93301270189221908 -1.0000000180025095e-35
decision_type=2 2 2 2 2 2
left_child=1 3 -3 -1 5 -2
right_child=4 2 -4 -5 -6 -7
leaf_value=-0.00099862091292782489 0.037331384959971806 -0.00099862091292782489 0.00083234625478575638 -0.00099862091292782489 0.0028186523790591088 -0.0053883461113812753
leaf_weight=274 733 1007 123 535 17548 1284
leaf_count=274 733 1007 123 535 17548 1284
internal_value=-0.00128347 -0.0158601 -0.0205172 -0.00933765 0.000161888 -0.00291898
internal_weight=21504 1939 1130 809 19565 2017
internal_count=21504 1939 1130 809 19565 2017
is_linear=0
shrinkage=0.035


Tree=110
num_leaves=7
num_cat=0
split_feature=8 9 3 3 6 3
split_gain=369.116 47.9493 46.5088 23.6616 17.4482 36.643
threshold=1.0000000180025095e-35 29.015000000000004 0.87837969732492682 -1.0000000180025095e-35 -0.93301270189221908 -1.0000000180025095e-35
decision_type=2 2 2 2 2 2
left_child=1 3 -3 -1 5 -2
right_child=4 2 -4 -5 -6 -7
leaf_value=-0.00096366918097535103 0.036024786486372799 -0.00096366918097535103 0.00080321413586825774 -0.00096366918097535103 0.0027199995457920364 -0.0051997539974829301
leaf_weight=274 733 1007 123 535 17548 1284
leaf_count=274 733 1007 123 535 17548 1284
internal_value=-0.00129812 -0.0158601 -0.0205172 -0.00933765 0.000145789 -0.00293632
internal_weight=21504 1939 1130 809 19565 2017
internal_count=21504 1939 1130 809 19565 2017
is_linear=0
shrinkage=0.035


Tree=111
num_leaves=7
num_cat=0
split_feature=8 9 3 3 8 6
split_gain=367.797 47.9493 46.5088 23.6616 17.4522 16.7237
threshold=1.0000000180025095e-35 29.015000000000004 0.87837969732492682 -1.0000000180025095e-35 311.94555555555559 -0.93301270189221908
decision_type=2 2 2 2 2 2
left_child=1 3 -3 -1 5 -2
right_child=4 2 -4 -5 -6 -7
leaf_value=-0.00092994075964121384 -0.0034209548606983615 -0.00092994075964121384 0.00077510164111286087 -0.00092994075964121384 0.013793305425291535 -1.4228975056920225e-05
leaf_weight=274 1720 1007 123 535 4500 13345
leaf_count=274 1720 1007 123 535 4500 13345
internal_value=-0.00132416 -0.0158601 -0.0205172 -0.00933765 0.000117168 -0.000454168
internal_weight=21504 1939 1130 809 19565 15065
internal_count=21504 1939 1130 809 19565 15065
is_linear=0
shrinkage=0.035


Tree=112
num_leaves=7
num_cat=0
split_feature=8 9 3 3 6 3
split_gain=366.81 47.9493 46.5088 23.6616 16.8858 36.643
threshold=1.0000000180025095e-35 29.015000000000004 0.87837969732492682 -1.0000000180025095e-35 -0.93301270189221908 -1.0000000180025095e-35
decision_type=2 2 2 2 2 2
left_child=1 3 -3 -1 5 -2
right_child=4 2 -4 -5 -6 -7
leaf_value=-0.00089739283305377126 0.034288446518158919 -0.00089739283305377126 0.00074797308367391185 -0.00089739283305377126 0.0025164599405439274 -0.0048980291874465851
leaf_weight=274 733 1007 123 535 17548 1284
leaf_count=274 733 1007 123 535 17548 1284
internal_value=-0.00134369 -0.0158601 -0.0205172 -0.00933765 9.57019e-05 -0.00293632
internal_weight=21504 1939 1130 809 19565 2017
internal_count=21504 1939 1130 809 19565 2017
is_linear=0
shrinkage=0.035


Tree=113
num_leaves=7
num_cat=0
split_feature=8 9 3 3 6 3
split_gain=365.741 47.9493 46.5088 23.6616 17.0134 35.4718
threshold=1.0000000180025095e-35 29.015000000000004 0.87837969732492682 -1.0000000180025095e-35 -0.93301270189221908 1.0000000180025095e-35
decision_type=2 2 2 2 2 2
left_child=1 3 -3 -1 5 -2
right_child=4 2 -4 -5 -6 -7
leaf_value=-0.00086598408389688931 0.010461757393037919 -0.00086598408389688931 0.00072179402574533262 -0.00086598408389688931 0.0024283838426248931 -0.0047265981658859545
leaf_weight=274 1021 1007 123 535 17548 996
leaf_count=274 1021 1007 123 535 17548 996
internal_value=-0.00136485 -0.0158601 -0.0205172 -0.00933765 7.24472e-05 -0.00297101
internal_weight=21504 1939 1130 809 19565 2017
internal_count=21504 1939 1130 809 19565 2017
is_linear=0
shrinkage=0.035


Tree=114
num_leaves=7
num_cat=0
split_feature=8 9 3 3 6 3
split_gain=365.085 47.9493 46.5088 23.6616 17.242 35.7818
threshold=1.0000000180025095e-35 29.015000000000004 0.87837969732492682 -1.0000000180025095e-35 -0.93301270189221908 -1.0000000180025095e-35
decision_type=2 2 2 2 2 2
left_child=1 3 -3 -1 5 -2
right_child=4 2 -4 -5 -6 -7
leaf_value=-0.00083567464096049812 0.032722189381267024 -0.00083567464096049812 0.00069653123484425322 -0.00083567464096049812 0.0023433904081330216 -0.0045611672300799469
leaf_weight=274 733 1007 123 535 17548 1284
leaf_count=274 733 1007 123 535 17548 1284
internal_value=-0.00137787 -0.0158601 -0.0205172 -0.00933765 5.81367e-05 -0.0030057
internal_weight=21504 1939 1130 809 19565 2017
internal_count=21504 1939 1130 809 19565 2017
is_linear=0
shrinkage=0.035


Tree=115
num_leaves=7
num_cat=0
split_feature=8 9 3 3 6 3
split_gain=364.264 47.9493 46.5088 23.6616 17.0412 35.7818
threshold=1.0000000180025095e-35 29.015000000000004 0.87837969732492682 -1.0000000180025095e-35 -0.93301270189221908 -1.0000000180025095e-35
decision_type=2 2 2 2 2 2
left_child=1 3 -3 -1 5 -2
right_child=4 2 -4 -5 -6 -7
leaf_value=-0.00080642602852688068 0.031576912752922688 -0.00080642602852688068 0.0006721526416247082 -0.00080642602852688068 0.0022613717438483621 -0.0044015263770271484
leaf_weight=274 733 1007 123 535 17548 1284
leaf_count=274 733 1007 123 535 17548 1284
internal_value=-0.00139414 -0.0158601 -0.0205172 -0.00933765 4.02485e-05 -0.0030057
internal_weight=21504 1939 1130 809 19565 2017
internal_count=21504 1939 1130 809 19565 2017
is_linear=0
shrinkage=0.035


Tree=116
num_leaves=7
num_cat=0
split_feature=8 9 3 4 10 3
split_gain=358.143 47.9493 46.5088 24.0942 45.8061 23.6616
threshold=1.0000000180025095e-35 29.015000000000004 0.87837969732492682 0.81174490092936691 67.375476190476192 -1.0000000180025095e-35
decision_type=2 2 2 2 2 2
left_child=1 5 -3 -2 -5 -1
right_child=3 2 -4 4 -6 -7
leaf_value=-0.00077820111752843985 0.0052755074806224425 -0.00077820111752843985 0.00064862729916783659 -0.030096367789810358 -0.006402375842328843 -0.00077820111752843985
leaf_weight=274 16707 1007 123 319 2539 535
leaf_count=274 16707 1007 123 319 2539 535
internal_value=-0.00151621 -0.0158601 -0.0205172 -9.39128e-05 -0.00306296 -0.00933765
internal_weight=21504 1939 1130 19565 2858 809
internal_count=21504 1939 1130 19565 2858 809
is_linear=0
shrinkage=0.035


Tree=117
num_leaves=7
num_cat=0
split_feature=8 9 3 3 10 4
split_gain=364.92 47.9493 46.5088 23.6616 16.6585 21.7715
threshold=1.0000000180025095e-35 29.015000000000004 0.87837969732492682 -1.0000000180025095e-35 252.67984126984129 -0.22252093395631442
decision_type=2 2 2 2 2 2
left_child=1 3 -3 -1 5 -2
right_child=4 2 -4 -5 -6 -7
leaf_value=-0.00075096407841494437 0.013935386209520388 -0.00075096407841494437 0.00062592534369696699 -0.00075096407841494437 0.013322076905815373 -0.0078312358113385994
leaf_weight=274 5950 1007 123 535 5312 8303
leaf_count=274 5950 1007 123 535 5312 8303
internal_value=-0.00138112 -0.0158601 -0.0205172 -0.00933765 5.45591e-05 -0.000568928
internal_weight=21504 1939 1130 809 19565 14253
internal_count=21504 1939 1130 809 19565 14253
is_linear=0
shrinkage=0.035


Tree=118
num_leaves=7
num_cat=0
split_feature=8 9 3 3 6 3
split_gain=364.257 48.3228 46.5088 23.4179 16.6613 35.7342
threshold=1.0000000180025095e-35 29.015000000000004 0.87837969732492682 -1.0000000180025095e-35 -0.93301270189221908 1.0000000180025095e-35
decision_type=2 2 2 2 2 2
left_child=1 3 -3 -1 5 -2
right_child=4 2 -4 -5 -6 -7
leaf_value=-0.00072468033567042137 0.010670102400807031 -0.00072468033567042137 0.00060401795666756861 -0.00072468033567042137 0.0021411509105618391 -0.0049198542329861976
leaf_weight=274 1021 1007 123 535 17548 996
leaf_count=274 1021 1007 123 535 17548 996
internal_value=-0.00137624 -0.015842 -0.0205172 -0.00929444 5.81367e-05 -0.00295367
internal_weight=21504 1939 1130 809 19565 2017
internal_count=21504 1939 1130 809 19565 2017
is_linear=0
shrinkage=0.035


Tree=119
num_leaves=7
num_cat=0
split_feature=8 9 3 3 6 3
split_gain=364.012 48.3228 46.5088 23.4179 16.7941 35.4718
threshold=1.0000000180025095e-35 29.015000000000004 0.87837969732492682 -1.0000000180025095e-35 -0.93301270189221908 1.0000000180025095e-35
decision_type=2 2 2 2 2 2
left_child=1 3 -3 -1 5 -2
right_child=4 2 -4 -5 -6 -7
leaf_value=-0.00069931652392195667 0.01029664881677878 -0.00069931652392195667 0.00058287732818419703 -0.00069931652392195667 0.0020662106286921662 -0.004747659334831681
leaf_weight=274 1021 1007 123 535 17548 996
leaf_count=274 1021 1007 123 535 17548 996
internal_value=-0.00138112 -0.015842 -0.0205172 -0.00929444 5.27702e-05 -0.00297101
internal_weight=21504 1939 1130 809 19565 2017
internal_count=21504 1939 1130 809 19565 2017
is_linear=0
shrinkage=0.035


end of trees

feature_importances:
dow_sin=295
lag_2d=136
lag_7d=120
month_sin=113
month_cos=29
same_slot_mean_2_8d=22
dow_cos=5

parameters:
[boosting: gbdt]
[objective: quantile]
[metric: quantile]
[tree_learner: serial]
[device_type: cpu]
[data_sample_strategy: bagging]
[data: ]
[valid: ]
[num_iterations: 120]
[learning_rate: 0.035]
[num_leaves: 7]
[num_threads: 1]
[seed: 20260901]
[deterministic: 1]
[force_col_wise: 0]
[force_row_wise: 0]
[histogram_pool_size: -1]
[max_depth: 3]
[min_data_in_leaf: 12]
[min_sum_hessian_in_leaf: 0.001]
[bagging_fraction: 1]
[pos_bagging_fraction: 1]
[neg_bagging_fraction: 1]
[bagging_freq: 0]
[bagging_seed: 12992]
[bagging_by_query: 0]
[feature_fraction: 1]
[feature_fraction_bynode: 1]
[feature_fraction_seed: 30141]
[extra_trees: 0]
[extra_seed: 31421]
[early_stopping_round: 0]
[early_stopping_min_delta: 0]
[first_metric_only: 0]
[max_delta_step: 0]
[lambda_l1: 0]
[lambda_l2: 1]
[linear_lambda: 0]
[min_gain_to_split: 0]
[drop_rate: 0.1]
[max_drop: 50]
[skip_drop: 0.5]
[xgboost_dart_mode: 0]
[uniform_drop: 0]
[drop_seed: 11049]
[top_rate: 0.2]
[other_rate: 0.1]
[min_data_per_group: 100]
[max_cat_threshold: 32]
[cat_l2: 10]
[cat_smooth: 10]
[max_cat_to_onehot: 4]
[top_k: 20]
[monotone_constraints: ]
[monotone_constraints_method: basic]
[monotone_penalty: 0]
[feature_contri: ]
[forcedsplits_filename: ]
[refit_decay_rate: 0.9]
[cegb_tradeoff: 1]
[cegb_penalty_split: 0]
[cegb_penalty_feature_lazy: ]
[cegb_penalty_feature_coupled: ]
[path_smooth: 0]
[interaction_constraints: ]
[verbosity: -1]
[saved_feature_importance_type: 0]
[use_quantized_grad: 0]
[num_grad_quant_bins: 4]
[quant_train_renew_leaf: 0]
[stochastic_rounding: 1]
[linear_tree: 0]
[max_bin: 255]
[max_bin_by_feature: ]
[min_data_in_bin: 3]
[bin_construct_sample_cnt: 200000]
[data_random_seed: 5023]
[is_enable_sparse: 1]
[enable_bundle: 1]
[use_missing: 1]
[zero_as_missing: 0]
[feature_pre_filter: 1]
[pre_partition: 0]
[two_round: 0]
[header: 0]
[label_column: ]
[weight_column: ]
[group_column: ]
[ignore_column: ]
[categorical_feature: ]
[forcedbins_filename: ]
[precise_float_parser: 0]
[parser_config_file: ]
[objective_seed: 6921]
[num_class: 1]
[is_unbalance: 0]
[scale_pos_weight: 1]
[sigmoid: 1]
[boost_from_average: 1]
[reg_sqrt: 0]
[alpha: 0.1]
[fair_c: 1]
[poisson_max_delta_step: 0.7]
[tweedie_variance_power: 1.5]
[lambdarank_truncation_level: 30]
[lambdarank_norm: 1]
[label_gain: ]
[lambdarank_position_bias_regularization: 0]
[eval_at: ]
[multi_error_top_k: 1]
[auc_mu_weights: ]
[num_machines: 1]
[local_listen_port: 12400]
[time_out: 120]
[machine_list_filename: ]
[machines: ]
[gpu_platform_id: -1]
[gpu_device_id: -1]
[gpu_use_dp: 0]
[num_gpu: 1]

end of parameters

pandas_categorical:[]
