tree
version=v4
num_class=1
num_tree_per_iteration=1
label_index=0
max_feature_idx=11
objective=quantile
feature_names=slot slot_sin slot_cos dow_sin dow_cos weekend month_sin month_cos lag_2d lag_7d same_slot_mean_2_8d same_slot_std_2_8d
feature_infos=[0:95] [-1:1] [-1:1] [-0.97492791218182362:0.97492791218182362] [-0.90096886790241903:1] [0:1] [-1:0.8660254037844386] [-0.86602540378443882:1] [0:512] [0:512] [0:428.55428571428575] [0:198.38685062112893]
tree_sizes=723 775 777 787 789 796 785 784 787 794 787 791 796 786 790 793 788 786 781 783 782 785 789 780 784 793 780 782 801 792 785 782 778 775 771 772 775 777 800 770 799 776 797 800 793 774 776 789 775 773 775 784 793 797 784 803 793 800 794 798 804 796 793 794 798 803 801 793 801 800 782 794 797 799 801 796 797 794 799 802 798 800 797 793 797 800 800 798 799 803 800 792 786 807 793 799 792 799 795 795 802 802 804 803 788 802 797 792 797 791 802 799 803 788 788 788 788 801 792 799

Tree=0
num_leaves=7
num_cat=0
split_feature=10 9 9 4 7 9
split_gain=131.1 55.7729 19.6817 12.6203 6.05998 7.06093
threshold=193.83404761904765 45.00222222222223 285.00500000000005 0.81174490092936691 0.93301270189221952 51.338333333333345
decision_type=2 2 2 2 2 2
left_child=4 3 -3 -2 -1 -6
right_child=1 2 -4 -5 5 -7
leaf_value=5.9108313334343805 5.925760548114777 5.923416085201425 5.920929199139942 5.9271583271026609 5.9257568776055241 5.9195911473844536
leaf_weight=11607 200 4776 4607 91 52 171
leaf_count=11607 200 4776 4607 91 52 171
internal_value=5.91976 5.92278 5.92231 5.93784 5.91729 5.92299
internal_weight=21504 9674 9383 291 11830 223
internal_count=21504 9674 9383 291 11830 223
is_linear=0
shrinkage=1


Tree=1
num_leaves=7
num_cat=0
split_feature=10 9 9 10 7 9
split_gain=125.035 52.1721 18.2816 14.8661 5.68354 6.43751
threshold=193.83404761904765 45.00222222222223 285.00500000000005 234.95650793650796 0.93301270189221952 51.338333333333345
decision_type=2 2 2 2 2 2
left_child=4 3 -3 -2 -1 -6
right_child=1 2 -4 -5 5 -7
leaf_value=-0.008613161452070665 0.006035201036658347 0.0035311240031278548 0.0011312789537964152 0.0070953635816020421 0.0057899886730827981 -0.00015994099024992716
leaf_weight=11607 128 4776 4607 163 52 171
leaf_count=11607 128 4776 4607 163 52 171
internal_value=-3.32024e-05 0.00291793 0.00246425 0.017488 -0.00244654 0.00307812
internal_weight=21504 9674 9383 291 11830 223
internal_count=21504 9674 9383 291 11830 223
is_linear=0
shrinkage=0.035


Tree=2
num_leaves=7
num_cat=0
split_feature=10 9 9 10 7 9
split_gain=119.353 47.9848 18.1524 16.3322 5.58667 6.43751
threshold=193.83404761904765 44.006666666666675 285.00500000000005 234.95650793650796 0.93301270189221952 51.338333333333345
decision_type=2 2 2 2 2 2
left_child=4 3 -3 -2 -1 -6
right_child=1 2 -4 -5 5 -7
leaf_value=-0.0083117008012481858 0.0061452648151983976 0.0034122936233987925 0.0010916841904135533 0.0068604123138471225 0.005587339069524893 -0.0001543430555911707
leaf_weight=11607 124 4785 4607 158 52 171
leaf_count=11607 124 4785 4607 158 52 171
internal_value=-4.13401e-05 0.00284196 0.00241382 0.0170424 -0.00239921 0.00307812
internal_weight=21504 9674 9392 282 11830 223
internal_count=21504 9674 9392 282 11830 223
is_linear=0
shrinkage=0.035


Tree=3
num_leaves=7
num_cat=0
split_feature=10 9 10 9 7 4
split_gain=113.32 44.6718 18.1462 16.1475 5.39981 4.78832
threshold=193.83404761904765 44.006666666666675 234.95650793650796 285.00500000000005 -0.25000000000000028 1.0000000180025095e-35
decision_type=2 2 2 2 2 2
left_child=4 2 -2 -3 -1 -6
right_child=1 3 -4 -5 5 -7
leaf_value=-0.017822440299153579 0.0059301805466664579 0.0032928633465798465 0.0066202978828624878 0.0010534752437490848 -0.0017122731700912027 -0.007206687064859346
leaf_weight=4128 124 4785 158 4607 4396 3306
leaf_count=4128 124 4785 158 4607 4396 3306
internal_value=-8.69109e-05 0.00272258 0.016424 0.00230948 -0.00238441 -0.00183656
internal_weight=21504 9674 282 9392 11830 7702
internal_count=21504 9674 282 9392 11830 7702
is_linear=0
shrinkage=0.035


Tree=4
num_leaves=7
num_cat=0
split_feature=10 9 3 9 7 4
split_gain=108.67 40.5462 18.5619 15.6849 5.52576 4.8609
threshold=193.83404761904765 44.006666666666675 -1.0000000180025095e-35 285.00500000000005 -0.25000000000000028 1.0000000180025095e-35
decision_type=2 2 2 2 2 2
left_child=4 2 -2 -3 -1 -6
right_child=1 3 -4 -5 5 -7
leaf_value=-0.017198654888683211 -9.3775751627175771e-05 0.0031776131294495437 0.0064105606632621995 0.00101660361021787 -0.0016523436091380047 -0.0069544530175892714
leaf_weight=4128 62 4785 220 4607 4396 3306
leaf_count=4128 62 4785 220 4607 4396 3306
internal_value=-0.000122716 0.00262853 0.015682 0.00223496 -0.00237258 -0.00181838
internal_weight=21504 9674 282 9392 11830 7702
internal_count=21504 9674 282 9392 11830 7702
is_linear=0
shrinkage=0.035


Tree=5
num_leaves=7
num_cat=0
split_feature=10 9 3 2 7 4
split_gain=103.614 40.3627 18.2916 14.611 5.68958 5.06666
threshold=193.83404761904765 44.006666666666675 -1.0000000180025095e-35 0.52778511650980109 -0.25000000000000028 1.0000000180025095e-35
decision_type=2 2 2 2 2 2
left_child=4 2 -2 -3 -1 -6
right_child=1 3 -4 -5 5 -7
leaf_value=-0.016596701967579293 -9.0493600320228792e-05 0.0027903060923412308 0.0061861910400480193 -8.0022294427259958e-05 -0.0015945115828181896 -0.0067110471619736519
leaf_weight=4128 62 6901 220 2491 4396 3306
leaf_count=4128 62 6901 220 2491 4396 3306
internal_value=-0.000152012 0.00253447 0.0155583 0.00214181 -0.00234891 -0.00178658
internal_weight=21504 9674 282 9392 11830 7702
internal_count=21504 9674 282 9392 11830 7702
is_linear=0
shrinkage=0.035


Tree=6
num_leaves=7
num_cat=0
split_feature=10 9 4 8 7 4
split_gain=97.6333 38.6205 18.5295 13.8999 5.84086 5.27727
threshold=193.83404761904765 44.006666666666675 0.81174490092936691 447.09833333333341 -0.25000000000000028 1.0000000180025095e-35
decision_type=2 2 2 2 2 2
left_child=4 2 -2 -3 -1 -6
right_child=1 3 -4 -5 5 -7
leaf_value=-0.016015817398714029 0.0047187717809476755 0.0018888513797164122 0.0060563799106090384 0.0037695893830737154 -0.0015387036774195679 -0.0064761605113045611
leaf_weight=4128 191 9011 91 381 4396 3306
leaf_count=4128 191 9011 91 381 4396 3306
internal_value=-0.00016015 0.00244765 0.0151873 0.00206356 -0.00229271 -0.00172297
internal_weight=21504 9674 282 9392 11830 7702
internal_count=21504 9674 282 9392 11830 7702
is_linear=0
shrinkage=0.035


Tree=7
num_leaves=7
num_cat=0
split_feature=10 11 9 2 10 3
split_gain=91.5019 36.2306 27.9137 13.4754 6.17122 8.19672
threshold=193.83404761904765 141.08301116020962 244.60611111111112 0.60876142900872032 120.73230158730161 0.87837969732492682
decision_type=2 2 2 2 2 2
left_child=4 3 -3 -2 -1 -6
right_child=1 2 -4 -5 5 -7
leaf_value=-0.010250785133178278 0.0023240961119360606 0.0057693652490923911 0.0024535892602522143 -0.0010900857270525694 -0.0034619500857947611 0.00279824476184138
leaf_weight=7378 6708 488 516 1962 3645 807
leaf_count=7378 6708 488 516 1962 3645 807
internal_value=-0.0001927 0.00233189 0.00862288 0.00160247 -0.00225721 -0.00122771
internal_weight=21504 9674 1004 8670 11830 4452
internal_count=21504 9674 1004 8670 11830 4452
is_linear=0
shrinkage=0.035


Tree=8
num_leaves=7
num_cat=0
split_feature=10 11 8 2 10 3
split_gain=85.6796 36.9053 18.6216 12.6525 7.5077 6.74079
threshold=203.88904761904763 145.09970928193255 62.475555555555566 0.60876142900872032 120.73230158730161 0.87837969732492682
decision_type=2 2 2 2 2 2
left_child=4 3 -3 -2 -1 -6
right_child=1 2 -4 -5 5 -7
leaf_value=-0.0098920076535170438 0.0023601883313122854 -0.015281574953327343 0.0055200768465541693 -0.00096612698800329527 -0.0024994954139407909 0.0027314611178840052
leaf_weight=7378 6413 109 629 1851 4193 931
leaf_count=7378 6413 109 629 1851 4193 931
internal_value=-0.000236643 0.00236677 0.00986062 0.00169643 -0.00211125 -0.00108176
internal_weight=21504 9002 738 8264 12502 5124
internal_count=21504 9002 738 8264 12502 5124
is_linear=0
shrinkage=0.035


Tree=9
num_leaves=7
num_cat=0
split_feature=10 11 9 2 7 4
split_gain=78.5298 34.6905 21.2912 10.9619 6.23629 5.14425
threshold=193.83404761904765 145.09970928193255 242.87444444444449 0.60876142900872032 -0.25000000000000028 1.0000000180025095e-35
decision_type=2 2 2 2 2 2
left_child=4 3 -3 -2 -1 -6
right_child=1 2 -4 -5 5 -7
leaf_value=-0.014750266042224706 0.0022075478421582253 0.0053742347548982085 0.0022074897844303232 -0.00093797524694697835 -0.0010337403524019885 -0.0059412358715989601
leaf_weight=4128 6810 431 423 2010 4396 3306
leaf_count=4128 6810 431 423 2010 4396 3306
internal_value=-0.000285469 0.00205333 0.00878479 0.00140063 -0.00219804 -0.00160937
internal_weight=21504 9674 854 8820 11830 7702
internal_count=21504 9674 854 8820 11830 7702
is_linear=0
shrinkage=0.035


Tree=10
num_leaves=7
num_cat=0
split_feature=10 11 8 9 7 4
split_gain=74.9297 35.982 17.7084 10.1708 7.49727 4.79341
threshold=203.88904761904763 145.09970928193255 62.475555555555566 270.39777777777783 -0.25000000000000028 1.0000000180025095e-35
decision_type=2 2 2 2 2 2
left_child=4 3 -3 -2 -1 -6
right_child=1 2 -4 -5 5 -7
leaf_value=-0.014234006730746832 0.0025387689844696085 -0.01487945581329969 0.0051461413719543674 0.00050997279422560827 -0.00099357157554419407 -0.0050949611017758207
leaf_weight=4128 3718 109 629 4546 4847 3527
leaf_count=4128 3718 109 629 4546 4847 3527
internal_value=-0.000305 0.00212962 0.00952909 0.00146775 -0.00205807 -0.001456
internal_weight=21504 9002 738 8264 12502 8374
internal_count=21504 9002 738 8264 12502 8374
is_linear=0
shrinkage=0.035


Tree=11
num_leaves=7
num_cat=0
split_feature=10 11 9 2 7 4
split_gain=70.4641 35.1536 20.0532 9.42017 5.71937 4.9242
threshold=193.83404761904765 145.09970928193255 242.87444444444449 0.60876142900872032 -0.25000000000000028 1.0000000180025095e-35
decision_type=2 2 2 2 2 2
left_child=4 3 -3 -2 -1 -6
right_child=1 2 -4 -5 5 -7
leaf_value=-0.013735816495170697 0.0020679110005117 0.0050060216113049635 0.0019501126939568761 -0.00092299516110174297 -0.00096278443492385794 -0.0055549689775308587
leaf_weight=4128 6810 431 423 2010 4396 3306
leaf_count=4128 6810 431 423 2010 4396 3306
internal_value=-0.000288724 0.00192672 0.00870292 0.0012697 -0.00210042 -0.00153667
internal_weight=21504 9674 854 8820 11830 7702
internal_count=21504 9674 854 8820 11830 7702
is_linear=0
shrinkage=0.035


Tree=12
num_leaves=7
num_cat=0
split_feature=10 11 9 2 7 4
split_gain=66.8412 33.7941 20.3782 8.74435 5.98443 4.55279
threshold=193.83404761904765 145.09970928193255 242.87444444444449 0.60876142900872032 -0.25000000000000028 1.0000000180025095e-35
decision_type=2 2 2 2 2 2
left_child=4 3 -3 -2 -1 -6
right_child=1 2 -4 -5 5 -7
leaf_value=-0.013255062917839726 0.0019955341154937892 0.0048308108549093027 0.0018818587496683748 -0.00089069033046317091 -0.00092908697970153233 -0.0053605450633172685
leaf_weight=4128 6810 431 423 2010 4396 3306
leaf_count=4128 6810 431 423 2010 4396 3306
internal_value=-0.000303372 0.00185437 0.00849824 0.00121018 -0.00206787 -0.00149124
internal_weight=21504 9674 854 8820 11830 7702
internal_count=21504 9674 854 8820 11830 7702
is_linear=0
shrinkage=0.035


Tree=13
num_leaves=7
num_cat=0
split_feature=10 11 8 9 7 7
split_gain=62.6208 35.7592 17.0702 9.14051 7.51558 5.29108
threshold=203.88904761904763 145.09970928193255 62.475555555555566 270.39777777777783 -0.25000000000000028 0.93301270189221952
decision_type=2 2 2 2 2 2
left_child=4 3 -3 -2 -1 -6
right_child=1 2 -4 -5 5 -7
leaf_value=-0.012791135715715331 0.0023291999550042377 -0.014660930510165001 0.0046217372876184819 0.00041603998052690998 -0.0027384301232337344 0.0025219596512829246
leaf_weight=4128 3718 109 629 4546 8041 333
leaf_count=4128 3718 109 629 4546 8041 333
internal_value=-0.000309882 0.00191581 0.00929229 0.00125602 -0.0019125 -0.00130973
internal_weight=21504 9002 738 8264 12502 8374
internal_count=21504 9002 738 8264 12502 8374
is_linear=0
shrinkage=0.035


Tree=14
num_leaves=7
num_cat=0
split_feature=10 11 9 2 7 7
split_gain=60.7129 34.4111 18.2755 7.8451 6.44354 3.6996
threshold=193.83404761904765 145.09970928193255 242.87444444444449 0.60876142900872032 -0.25000000000000028 0.6830127018922193
decision_type=2 2 2 2 2 2
left_child=4 3 -3 -2 -1 -6
right_child=1 2 -4 -5 5 -7
leaf_value=-0.012343445965665301 0.0018627915527400921 0.0044999716699208126 0.0016542328883633142 -0.00086818797761048852 -0.00079277053863526143 -0.0052919185644723175
leaf_weight=4128 6810 431 423 2010 3952 3750
leaf_count=4128 6810 431 423 2010 3952 3750
internal_value=-0.000303372 0.00175307 0.00845731 0.00110305 -0.00198504 -0.00138673
internal_weight=21504 9674 854 8820 11830 7702
internal_count=21504 9674 854 8820 11830 7702
is_linear=0
shrinkage=0.035


Tree=15
num_leaves=7
num_cat=0
split_feature=10 11 8 3 7 7
split_gain=56.8267 29.9611 17.8195 6.97853 5.30075 3.91225
threshold=179.0800793650794 145.09970928193255 30.724444444444448 1.0000000180025095e-35 -0.25000000000000028 0.93301270189221952
decision_type=2 2 2 2 2 2
left_child=4 3 -3 -2 -1 -6
right_child=1 2 -4 -5 5 -7
leaf_value=-0.011911425356867001 0.00033293353881396208 -0.014498505012456957 0.0042762557914580506 0.0019081209495346717 -0.0028345452289885329 0.0036322923426731451
leaf_weight=4128 5496 171 764 3999 6823 123
leaf_count=4128 5496 171 764 3999 6823 123
internal_value=-0.000293607 0.00156025 0.00753472 0.000971198 -0.00203964 -0.00144897
internal_weight=21504 10430 935 9495 11074 6946
internal_count=21504 10430 935 9495 11074 6946
is_linear=0
shrinkage=0.035


Tree=16
num_leaves=7
num_cat=0
split_feature=10 11 9 9 7 3
split_gain=54.4766 28.9079 16.7876 6.75827 5.09719 3.4483
threshold=179.0800793650794 145.09970928193255 219.10944444444445 270.39777777777783 -0.25000000000000028 0.87837969732492682
decision_type=2 2 2 2 2 2
left_child=4 3 -3 -2 -1 -6
right_child=1 2 -4 -5 5 -7
leaf_value=-0.01149452546937667 0.0018345230708915466 0.0041687199423821866 0.0015212948029520829 7.0952640014319002e-05 -0.003458800566787104 0.00063347692545548861
leaf_weight=4128 4585 438 497 4910 5940 1006
leaf_count=4128 4585 438 497 4910 5940 1006
internal_value=-0.00029849 0.00151663 0.00738515 0.000938026 -0.00200804 -0.00142882
internal_weight=21504 10430 935 9495 11074 6946
internal_count=21504 10430 935 9495 11074 6946
is_linear=0
shrinkage=0.035


Tree=17
num_leaves=7
num_cat=0
split_feature=10 11 9 9 10 9
split_gain=53.1635 32.0469 13.5512 8.69806 7.70687 5.14924
threshold=203.88904761904763 145.09970928193255 242.87444444444449 285.00500000000005 119.5973015873016 36.007222222222232
decision_type=2 2 2 2 2 2
left_child=4 3 -3 -2 -1 -6
right_child=1 2 -4 -5 5 -7
leaf_value=-0.0077490628134571577 0.0021098849704999137 0.0040468985107891837 0.0014674742631211816 -4.9689331035955116e-05 0.0020546518099638479 -0.0017076493459350162
leaf_weight=7294 4139 380 358 4125 667 4541
leaf_count=7294 4139 380 358 4125 667 4541
internal_value=-0.000309882 0.00174086 0.00872395 0.00111627 -0.00178653 -0.00075792
internal_weight=21504 9002 738 8264 12502 5208
internal_count=21504 9002 738 8264 12502 5208
is_linear=0
shrinkage=0.035


Tree=18
num_leaves=7
num_cat=0
split_feature=10 11 2 8 10 9
split_gain=49.8486 30.1423 13.0051 9.08323 8.0299 4.85204
threshold=205.22817460317461 145.09970928193255 -0.32143946530316164 11.188888888888892 119.5973015873016 38.506666666666675
decision_type=2 2 2 2 2 2
left_child=4 3 -3 -2 -1 -6
right_child=1 2 -4 -5 5 -7
leaf_value=-0.0074778456149861587 0.005078358442408777 0.0046396502109812684 0.0019974286610695826 0.0012682025574572672 0.0022175015227660433 -0.0016450373841160677
leaf_weight=7294 19 191 530 8178 682 4610
leaf_count=7294 19 191 530 8178 682 4610
internal_value=-0.000282214 0.00171959 0.00857548 0.00111558 -0.00170064 -0.000662574
internal_weight=21504 8918 721 8197 12586 5292
internal_count=21504 8918 721 8197 12586 5292
is_linear=0
shrinkage=0.035


Tree=19
num_leaves=7
num_cat=0
split_feature=10 9 4 8 7 7
split_gain=47.4717 30.965 24.2561 11.7747 6.50006 4.36977
threshold=193.83404761904765 44.006666666666675 0.81174490092936691 447.09833333333341 -0.25000000000000028 0.6830127018922193
decision_type=2 2 2 2 2 2
left_child=4 2 -2 -3 -1 -6
right_child=1 3 -4 -5 5 -7
leaf_value=-0.010559275282952996 0.0032524209757463845 0.0011395147298573207 0.0048037530496891729 0.0030365176724219769 -0.00029144990679968514 -0.0048189219873428476
leaf_weight=4128 191 9011 91 381 3952 3750
leaf_count=4128 191 9011 91 381 3952 3750
internal_value=-0.000264311 0.00155411 0.0129611 0.00121026 -0.00175133 -0.00115046
internal_weight=21504 9674 282 9392 11830 7702
internal_count=21504 9674 282 9392 11830 7702
is_linear=0
shrinkage=0.035


Tree=20
num_leaves=7
num_cat=0
split_feature=10 9 4 8 7 3
split_gain=45.1083 28.8494 26.4692 11.75 6.22677 4.32087
threshold=185.7438888888889 44.006666666666675 0.81174490092936691 447.09833333333341 -0.25000000000000028 0.87837969732492682
decision_type=2 2 2 2 2 2
left_child=4 2 -2 -3 -1 -6
right_child=1 3 -4 -5 5 -7
leaf_value=-0.010189700648049655 0.0031385862431828927 0.001026792276437843 0.0046356216929500519 0.0029302395538872042 -0.0030722126614145715 0.00089812549531027017
leaf_weight=4128 215 9407 91 381 6199 1083
leaf_count=4128 215 9407 91 381 6199 1083
internal_value=-0.000252919 0.00145131 0.0120163 0.00111983 -0.00176058 -0.00114472
internal_weight=21504 10094 306 9788 11410 7282
internal_count=21504 10094 306 9788 11410 7282
is_linear=0
shrinkage=0.035


Tree=21
num_leaves=7
num_cat=0
split_feature=10 11 2 8 7 7
split_gain=42.8128 28.1252 13.5379 9.14934 7.91855 5.67985
threshold=205.22817460317461 145.09970928193255 -0.32143946530316164 11.188888888888892 -0.25000000000000028 0.93301270189221952
decision_type=2 2 2 2 2 2
left_child=4 3 -3 -2 -1 -6
right_child=1 2 -4 -5 5 -7
leaf_value=-0.0098330611253679267 0.0048247951517041629 0.0044014417083766064 0.0018166516248048876 0.0011280413545141257 -0.001904659348437009 0.0026360999665816539
leaf_weight=4128 19 191 530 8178 8110 348
leaf_count=4128 19 191 530 8178 8110 348
internal_value=-0.000241526 0.00161363 0.00823615 0.00103019 -0.00155605 -0.000942547
internal_weight=21504 8918 721 8197 12586 8458
internal_count=21504 8918 721 8197 12586 8458
is_linear=0
shrinkage=0.035


Tree=22
num_leaves=7
num_cat=0
split_feature=10 9 4 8 7 4
split_gain=41.1429 26.1076 28.4321 11.1947 6.47176 4.67577
threshold=185.7438888888889 44.006666666666675 0.81174490092936691 447.09833333333341 -0.25000000000000028 1.0000000180025095e-35
decision_type=2 2 2 2 2 2
left_child=4 2 -2 -3 -1 -6
right_child=1 3 -4 -5 5 -7
leaf_value=-0.0094889039859800354 0.0030952586099540951 0.00095555430234214585 0.0044338934862888117 0.0027881997220931655 -0.00013872147387863356 -0.0046148298158189549
leaf_weight=4128 215 9407 91 381 4141 3141
leaf_count=4128 215 9407 91 381 4141 3141
internal_value=-0.000231761 0.00139584 0.0114463 0.0010805 -0.00167163 -0.0010438
internal_weight=21504 10094 306 9788 11410 7282
internal_count=21504 10094 306 9788 11410 7282
is_linear=0
shrinkage=0.035


Tree=23
num_leaves=7
num_cat=0
split_feature=10 9 4 8 6 11
split_gain=38.9654 25.1835 29.2365 10.6662 6.1818 9.42055
threshold=185.7438888888889 44.006666666666675 0.81174490092936691 447.09833333333341 0.68301270189221941 82.718881560304723
decision_type=2 2 2 2 2 2
left_child=4 2 -2 -3 -1 -6
right_child=1 3 -4 -5 5 -7
leaf_value=-0.005180755249148435 0.0029869245586057061 0.00092210990176017354 0.0042787072142686936 0.0026906127318199148 0.0017766364581451202 -0.0014644605802785549
leaf_weight=10129 215 9407 91 381 493 788
leaf_count=10129 215 9407 91 381 493 788
internal_value=-0.000236643 0.0013473 0.0112182 0.00103759 -0.00163789 0.000652495
internal_weight=21504 10094 306 9788 11410 1281
internal_count=21504 10094 306 9788 11410 1281
is_linear=0
shrinkage=0.035


Tree=24
num_leaves=7
num_cat=0
split_feature=10 11 2 8 7 7
split_gain=35.0858 23.6846 15.2866 9.21567 7.88486 6.03729
threshold=205.22817460317461 145.09970928193255 -0.32143946530316164 11.188888888888892 -0.25000000000000028 0.93301270189221952
decision_type=2 2 2 2 2 2
left_child=4 3 -3 -2 -1 -6
right_child=1 2 -4 -5 5 -7
leaf_value=-0.0089754659127505142 0.0045902090742509661 0.0041816730014398746 0.001663431310215248 0.0010188640116515595 -0.0016795176505931271 0.002552095750628747
leaf_weight=4128 19 191 530 8178 8110 348
leaf_count=4128 19 191 530 8178 8110 348
internal_value=-0.00019921 0.00148021 0.00755748 0.000944803 -0.00138921 -0.000777043
internal_weight=21504 8918 721 8197 12586 8458
internal_count=21504 8918 721 8197 12586 8458
is_linear=0
shrinkage=0.035


Tree=25
num_leaves=7
num_cat=0
split_feature=10 11 2 8 7 4
split_gain=34.0143 23.5953 15.5663 9.20411 8.02773 5.39655
threshold=208.82944444444448 145.09970928193255 -0.32143946530316164 11.188888888888892 -0.25000000000000028 1.0000000180025095e-35
decision_type=2 2 2 2 2 2
left_child=4 3 -3 -2 -1 -6
right_child=1 2 -4 -5 5 -7
leaf_value=-0.0086613246058042451 0.0044295517566521926 0.004035314446389493 0.0017350798159538488 0.00098677481397495769 -2.258379159292279e-05 -0.0033591893562313177
leaf_weight=4128 19 189 505 7953 5091 3619
leaf_count=4128 19 189 505 7953 5091 3619
internal_value=-0.000194328 0.00149983 0.00768489 0.000960491 -0.00133796 -0.000735278
internal_weight=21504 8666 694 7972 12838 8710
internal_count=21504 8666 694 7972 12838 8710
is_linear=0
shrinkage=0.035


Tree=26
num_leaves=7
num_cat=0
split_feature=10 9 4 8 6 11
split_gain=30.3781 21.9108 31.6555 10.4375 6.7882 8.50559
threshold=185.7438888888889 38.506666666666675 0.81174490092936691 447.09833333333341 0.68301270189221941 84.013117223715071
decision_type=2 2 2 2 2 2
left_child=4 2 -2 -3 -1 -6
right_child=1 3 -4 -5 5 -7
leaf_value=-0.0047246511583789279 0.002941394990821156 0.00083381190028830837 0.0040587551028723563 0.0025262439273092733 0.0017606638543225326 -0.001374182332109264
leaf_weight=10129 184 9436 91 383 518 763
leaf_count=10129 184 9436 91 383 518 763
internal_value=-0.000155267 0.00124329 0.0109692 0.000969806 -0.00139252 0.00100741
internal_weight=21504 10094 275 9819 11410 1281
internal_count=21504 10094 275 9819 11410 1281
is_linear=0
shrinkage=0.035


Tree=27
num_leaves=7
num_cat=0
split_feature=10 9 4 8 6 0
split_gain=27.942 20.6208 31.2896 10.2099 7.47087 8.83515
threshold=179.0800793650794 40.940555555555562 0.81174490092936691 447.09833333333341 0.68301270189221941 34.500000000000007
decision_type=2 2 2 2 2 2
left_child=4 2 -2 -3 -1 -6
right_child=1 3 -4 -5 5 -7
leaf_value=-0.0049514231786970848 0.0028384461661424124 0.00077714545017024226 0.0039166986742718238 0.0024378253898534566 -0.0033977779010784357 0.0016553856716267747
leaf_weight=9913 227 9728 94 381 537 624
leaf_count=9913 227 9728 94 381 537 624
internal_value=-0.000138992 0.00116096 0.00988043 0.000883135 -0.00136334 0.00129217
internal_weight=21504 10430 321 10109 11074 1161
internal_count=21504 10430 321 10109 11074 1161
is_linear=0
shrinkage=0.035


Tree=28
num_leaves=7
num_cat=0
split_feature=10 11 8 6 9 6
split_gain=26.8572 18.0168 15.7691 6.79816 6.446 5.94187
threshold=141.63126984126987 141.08301116020962 24.008888888888894 1.0000000180025095e-35 1.0000000180025095e-35 0.68301270189221941
decision_type=2 2 2 2 2 2
left_child=4 3 -3 -2 -1 -6
right_child=1 2 -4 -5 5 -7
leaf_value=0.00044374370232823872 0.0011189849138318684 -0.015335855505290201 0.0027398015009499725 -0.0014123180226120061 -0.0085315393603877868 0.00086524927386806018
leaf_weight=1661 7427 238 1069 3964 6679 466
leaf_count=1661 7427 238 1069 3964 6679 466
internal_value=-0.000122716 0.000907315 0.00479778 0.000460542 -0.00160793 -0.00206444
internal_weight=21504 12698 1307 11391 8806 7145
internal_count=21504 12698 1307 11391 8806 7145
is_linear=0
shrinkage=0.035


Tree=29
num_leaves=7
num_cat=0
split_feature=10 11 6 8 7 9
split_gain=26.1449 21.4858 17.0202 9.32526 6.86246 7.42295
threshold=208.82944444444448 142.43429644653477 -0.6830127018922193 11.188888888888892 0.93301270189221952 1.0000000180025095e-35
decision_type=2 2 2 2 2 2
left_child=4 3 -3 -2 5 -1
right_child=1 2 -4 -5 -6 -7
leaf_value=0.00072886762495747446 0.0041789694659191889 0.0034847996495960942 0.00036332233899561312 0.00080074955340436694 0.0026601349510956807 -0.0047483772353823618
leaf_weight=1912 19 398 383 7866 395 10531
leaf_count=1912 19 398 383 7866 395 10531
internal_value=-0.000130854 0.00135445 0.00688811 0.000805541 -0.0011335 -0.00127777
internal_weight=21504 8666 781 7885 12838 12443
internal_count=21504 8666 781 7885 12838 12443
is_linear=0
shrinkage=0.035


Tree=30
num_leaves=7
num_cat=0
split_feature=10 11 6 8 7 6
split_gain=24.2925 21.6115 17.0202 9.33916 6.12587 6.56492
threshold=208.82944444444448 142.43429644653477 -0.6830127018922193 11.188888888888892 0.93301270189221952 0.68301270189221941
decision_type=2 2 2 2 2 2
left_child=4 3 -3 -2 5 -1
right_child=1 2 -4 -5 -6 -7
leaf_value=-0.0041769442527167929 0.004032705534612005 0.0033628316618602447 0.0003506060571307668 0.00077272331903522186 0.0025670302278073456 0.00043923633449210895
leaf_weight=10799 19 398 383 7866 395 1644
leaf_count=10799 19 398 383 7866 395 1644
internal_value=-9.3421e-05 0.00133829 0.00688811 0.000787788 -0.0010599 -0.0011962
internal_weight=21504 8666 781 7885 12838 12443
internal_count=21504 8666 781 7885 12838 12443
is_linear=0
shrinkage=0.035


Tree=31
num_leaves=7
num_cat=0
split_feature=8 10 11 10 6 3
split_gain=22.984 18.2411 13.4814 19.8281 9.1105 7.45695
threshold=430.99111111111114 120.73230158730161 150.21617474191927 372.22809523809525 1.0000000180025095e-35 0.87837969732492682
decision_type=2 2 2 2 2 2
left_child=1 -1 3 -2 -3 -4
right_child=2 4 5 -5 -6 -7
leaf_value=-0.0052511641792647749 -3.1642246820950961e-06 0.0012200383776037227 0.0029085667745448567 0.0024253253770655284 -0.0013517365984535205 -0.0034219208382136614
leaf_weight=7350 419 8813 200 64 4629 29
leaf_count=7350 419 8813 200 64 4629 29
internal_value=-5.27328e-05 -0.000264609 0.00612623 0.00279855 0.00050197 0.0131022
internal_weight=21504 20792 712 483 13442 229
internal_count=21504 20792 712 483 13442 229
is_linear=0
shrinkage=0.035


Tree=32
num_leaves=7
num_cat=0
split_feature=8 10 9 10 10 6
split_gain=21.4645 16.6526 13.8116 17.1693 14.8252 8.14419
threshold=430.99111111111114 120.73230158730161 55.862777777777787 372.22809523809525 234.95650793650796 1.0000000180025095e-35
decision_type=2 2 2 2 2 2
left_child=1 -1 4 -4 -2 -3
right_child=2 5 3 -5 -6 -7
leaf_value=-0.0050673734329904933 0.002079205039518623 0.0011773370343876066 0.00074540694543275595 0.0023404389888682388 0.0023665741403657943 -0.0013044258175076344
leaf_weight=7350 62 8813 535 64 51 4629
leaf_count=7350 62 8813 535 64 51 4629
internal_value=-4.13401e-05 -0.000246093 0.00592987 0.0037975 0.0171009 0.000486349
internal_weight=21504 20792 712 599 113 13442
internal_count=21504 20792 712 599 113 13442
is_linear=0
shrinkage=0.035


Tree=33
num_leaves=7
num_cat=0
split_feature=8 10 9 10 10 9
split_gain=21.2292 15.718 13.1807 17.1693 15.4984 7.73474
threshold=430.99111111111114 122.95928571428573 55.862777777777787 372.22809523809525 234.95650793650796 270.39777777777783
decision_type=2 2 2 2 2 2
left_child=1 -1 4 -4 -2 -3
right_child=2 5 3 -5 -6 -7
leaf_value=-0.0048325374043765761 0.0020064328631354631 0.0012551698158475679 0.00071931770234259654 0.0022585236242578378 0.0022837440454529915 -0.00080812049682346709
leaf_weight=7518 62 7645 535 64 51 5629
leaf_count=7518 62 7645 535 64 51 5629
internal_value=-5.76153e-05 -0.000261243 0.00588078 0.0037975 0.0167939 0.000462975
internal_weight=21504 20792 712 599 113 13274
internal_count=21504 20792 712 599 113 13274
is_linear=0
shrinkage=0.035


Tree=34
num_leaves=7
num_cat=0
split_feature=8 10 9 10 10 11
split_gain=21.0898 14.2659 13.1807 17.1693 15.4984 7.41226
threshold=430.99111111111114 120.73230158730161 55.862777777777787 372.22809523809525 234.95650793650796 9.816795633955623
decision_type=2 2 2 2 2 2
left_child=1 5 4 -4 -2 -1
right_child=2 -3 3 -5 -6 -7
leaf_value=0.0015028769782721564 0.0019362077129257279 0.00039636941088262218 0.0006941415827605989 0.0021794752974088061 0.0022038130038621343 -0.0054906997039911474
leaf_weight=319 62 13442 535 64 51 7031
leaf_count=319 62 13442 535 64 51 7031
internal_value=-3.8085e-05 -0.000241043 0.00588078 0.0037975 0.0167939 -0.00148075
internal_weight=21504 20792 712 599 113 7350
internal_count=21504 20792 712 599 113 7350
is_linear=0
shrinkage=0.035


Tree=35
num_leaves=7
num_cat=0
split_feature=8 10 9 10 10 11
split_gain=21.0666 13.4779 13.1807 17.1693 15.4984 7.30436
threshold=430.99111111111114 120.73230158730161 55.862777777777787 372.22809523809525 234.95650793650796 9.816795633955623
decision_type=2 2 2 2 2 2
left_child=1 5 4 -4 -2 -1
right_child=2 -3 3 -5 -6 -7
leaf_value=0.0014502762840326168 0.0018684404429733289 0.0003824964815017307 0.00066984662736397011 0.0021031936619995096 0.0021266795487269578 -0.0052985252143514707
leaf_weight=319 62 13442 535 64 51 7031
leaf_count=319 62 13442 535 64 51 7031
internal_value=-3.48299e-05 -0.000237677 0.00588078 0.0037975 0.0167939 -0.00144266
internal_weight=21504 20792 712 599 113 7350
internal_count=21504 20792 712 599 113 7350
is_linear=0
shrinkage=0.035


Tree=36
num_leaves=7
num_cat=0
split_feature=8 9 10 10 10 9
split_gain=20.5922 13.3 17.2876 15.4984 12.2547 7.26913
threshold=430.99111111111114 55.862777777777787 372.22809523809525 234.95650793650796 120.73230158730161 1.0000000180025095e-35
decision_type=2 2 2 2 2 2
left_child=4 3 -3 -2 5 -1
right_child=1 2 -4 -5 -6 -7
leaf_value=0.00080377074273717394 0.0018030450274692518 0.00064640199540622935 0.0020295818838295347 0.002052245764521508 0.00036910910464918348 -0.006697109233298507
leaf_weight=1481 62 535 64 51 13442 5869
leaf_count=1481 62 535 64 51 13442 5869
internal_value=-1.69271e-05 0.0058317 0.00373917 0.0167939 -0.000217478 -0.00136648
internal_weight=21504 712 599 113 20792 7350
internal_count=21504 712 599 113 20792 7350
is_linear=0
shrinkage=0.035


Tree=37
num_leaves=7
num_cat=0
split_feature=8 9 10 10 10 6
split_gain=19.918 13.5402 16.4427 15.4984 11.4904 7.29748
threshold=430.99111111111114 55.862777777777787 372.22809523809525 234.95650793650796 120.73230158730161 1.0000000180025095e-35
decision_type=2 2 2 2 2 2
left_child=4 3 -3 -2 -1 -6
right_child=1 2 -4 -5 5 -7
leaf_value=-0.0042023450436037271 0.0017399384515078182 0.00062377792556700385 0.0019585465178955054 0.0019804171627632533 0.0010651075042540951 -0.0013076547769846356
leaf_weight=7350 62 535 64 51 8813 4629
leaf_count=7350 62 535 64 51 8813 4629
internal_value=-1.85547e-05 0.00573352 0.0036225 0.0167939 -0.000215795 0.00039262
internal_weight=21504 712 599 113 20792 13442
internal_count=21504 712 599 113 20792 13442
is_linear=0
shrinkage=0.035


Tree=38
num_leaves=7
num_cat=0
split_feature=11 8 7 8 9 11
split_gain=18.6061 15.1453 11.5689 8.81877 11.8838 7.1859
threshold=141.08301116020962 24.008888888888894 1.0000000180025095e-35 203.02000000000001 1.0000000180025095e-35 81.333794078421178
decision_type=2 2 2 2 2 2
left_child=3 -2 -3 4 -1 -5
right_child=1 2 -4 5 -6 -7
leaf_value=0.0014837834481340863 -0.015517279630027858 -0.0016962304356389569 0.0028496935127872466 0.0017246500150484036 -0.0026084222210557696 -0.00020561270262241547
leaf_weight=1244 299 307 884 2754 10586 5430
leaf_count=1244 299 307 884 2754 10586 5430
internal_value=7.4858e-06 0.00377934 0.00554656 -0.000273496 -0.000884541 0.000609773
internal_weight=21504 1490 1191 20014 11830 8184
internal_count=21504 1490 1191 20014 11830 8184
is_linear=0
shrinkage=0.035


Tree=39
num_leaves=7
num_cat=0
split_feature=8 9 10 10 10 6
split_gain=17.877 13.5113 15.9586 14.7031 10.1445 7.6239
threshold=430.99111111111114 55.862777777777787 372.22809523809525 234.95650793650796 120.73230158730161 0.68301270189221941
decision_type=2 2 2 2 2 2
left_child=4 3 -3 -2 5 -1
right_child=1 2 -4 -5 -6 -7
leaf_value=-0.0044672140802916706 0.0015952122979752631 0.00060038666519514837 0.0018971938343609553 0.0018113632891189819 0.000351003060751047 0.0026860541081266303
leaf_weight=7153 62 535 64 51 13442 197
leaf_count=7153 62 535 64 51 13442 197
internal_value=-1.0417e-05 0.00543899 0.00333083 0.0164868 -0.000197279 -0.00124269
internal_weight=21504 712 599 113 20792 7350
internal_count=21504 712 599 113 20792 7350
is_linear=0
shrinkage=0.035


Tree=40
num_leaves=7
num_cat=0
split_feature=11 6 7 7 8 3
split_gain=16.7017 15.2922 30.0254 8.05663 7.59358 6.38955
threshold=141.08301116020962 -0.6830127018922193 1.0000000180025095e-35 -0.25000000000000028 409.98000000000008 1.0000000180025095e-35
decision_type=2 2 2 2 2 2
left_child=3 2 -2 -1 -3 -5
right_child=1 4 -4 5 -6 -7
leaf_value=-0.0058738049729601376 -0.0024964110814600731 -0.00087312917101878436 0.0040463978299856108 -0.00077811391942129505 0.00072633746795749412 0.00092989238581666473
leaf_weight=4099 365 600 456 9060 69 6855
leaf_count=4099 365 600 456 9060 69 6855
internal_value=-5.53443e-06 0.00356807 0.00676581 -0.000271747 -0.000360449 8.46624e-05
internal_weight=21504 1490 821 20014 669 15915
internal_count=21504 1490 821 20014 669 15915
is_linear=0
shrinkage=0.035


Tree=41
num_leaves=7
num_cat=0
split_feature=8 9 10 10 10 9
split_gain=16.3029 14.1202 14.7031 12.5356 9.30935 7.80808
threshold=430.99111111111114 55.862777777777787 234.95650793650796 372.22809523809525 120.73230158730161 285.00500000000005
decision_type=2 2 2 2 2 2
left_child=4 2 -2 -3 -1 -6
right_child=1 3 -4 -5 5 -7
leaf_value=-0.0037599516043747261 0.0014941755672206105 0.00059127659286027819 0.0016063416499503273 0.0017982458166547401 0.0010362463184284496 -0.00093357068301897471
leaf_weight=7350 62 535 51 64 8458 4984
leaf_count=7350 62 535 51 64 8458 4984
internal_value=-1.0417e-05 0.00519355 0.0164868 0.00303917 -0.000188862 0.000358773
internal_weight=21504 712 113 599 20792 13442
internal_count=21504 712 113 599 20792 13442
is_linear=0
shrinkage=0.035


Tree=42
num_leaves=7
num_cat=0
split_feature=11 6 7 10 9 8
split_gain=14.9636 15.4597 28.6745 7.44027 10.7831 10.1521
threshold=141.08301116020962 -0.6830127018922193 1.0000000180025095e-35 212.19301587301587 1.0000000180025095e-35 11.188888888888892
decision_type=2 2 2 2 2 2
left_child=3 2 -2 4 -1 -5
right_child=1 -3 -4 5 -6 -7
leaf_value=0.0014297021247637789 -0.0024453053147539721 -0.00014827837872172825 0.0038840792251859926 0.0037155512507097747 -0.0031486222874690661 0.00054261547422415342
leaf_weight=1712 365 669 456 18 10672 7612
leaf_count=1712 365 669 456 18 10672 7612
internal_value=-2.27937e-06 0.00338028 0.0065955 -0.00025426 -0.000783933 0.000605424
internal_weight=21504 1490 821 20014 12384 7630
internal_count=21504 1490 821 20014 12384 7630
is_linear=0
shrinkage=0.035


Tree=43
num_leaves=7
num_cat=0
split_feature=11 6 7 7 3 8
split_gain=14.5227 15.0944 28.0107 7.08074 5.87975 5.68067
threshold=141.08301116020962 -0.6830127018922193 1.0000000180025095e-35 -0.25000000000000028 1.0000000180025095e-35 8.0066666666666695
decision_type=2 2 2 2 2 2
left_child=3 2 -2 5 -5 -1
right_child=1 -3 -4 4 -6 -7
leaf_value=0.0020529273043924782 -0.0023597196287375912 -0.00014308863546645437 0.0037481364523044916 -0.00077028995293934165 0.00085640707656402086 -0.0060792347897237337
leaf_weight=491 365 669 456 9060 6855 3608
leaf_count=491 365 669 456 9060 6855 3608
internal_value=9.75683e-07 0.00333333 0.00651034 -0.000247265 8.68614e-05 -0.00154427
internal_weight=21504 1490 821 20014 15915 4099
internal_count=21504 1490 821 20014 15915 4099
is_linear=0
shrinkage=0.035


Tree=44
num_leaves=7
num_cat=0
split_feature=11 8 2 7 8 3
split_gain=14.2283 12.5486 8.86822 6.95069 5.56866 4.79029
threshold=145.09970928193255 21.935000000000006 -0.32143946530316164 -0.25000000000000028 8.0066666666666695 1.0000000180025095e-35
decision_type=2 2 2 2 2 2
left_child=3 -2 -3 4 -1 -5
right_child=1 2 -4 5 -6 -7
leaf_value=0.0019810748487387466 -0.015157043251416842 0.0026471334606856713 0.0014324680623090604 -0.00061045921460189717 -0.005886815430420347 0.00081530968994121273
leaf_weight=491 251 245 745 9193 3626 6953
leaf_count=491 251 245 745 9193 3626 6953
internal_value=-3.9069e-06 0.00363245 0.00540363 -0.000226782 -0.00151032 0.000100575
internal_weight=21504 1241 990 20263 4117 16146
internal_count=21504 1241 990 20263 4117 16146
is_linear=0
shrinkage=0.035


Tree=45
num_leaves=7
num_cat=0
split_feature=8 9 10 10 10 6
split_gain=13.1867 14.7117 13.9287 11.6983 7.57144 8.08377
threshold=430.99111111111114 55.862777777777787 234.95650793650796 372.22809523809525 120.73230158730161 0.68301270189221941
decision_type=2 2 2 2 2 2
left_child=4 2 -2 -3 5 -1
right_child=1 3 -4 -5 -6 -7
leaf_value=-0.0039802536682264807 0.0015234527510011998 0.00048656466698439012 0.0012328557106292815 0.0016578055846462815 0.0003831866975881804 0.0029094025086003764
leaf_weight=7153 62 535 51 64 13442 197
leaf_count=7153 62 535 51 64 13442 197
internal_value=-2.66923e-05 0.00465358 0.0161798 0.00245583 -0.000187179 -0.00109033
internal_weight=21504 712 113 599 20792 7350
internal_count=21504 712 113 599 20792 7350
is_linear=0
shrinkage=0.035


Tree=46
num_leaves=7
num_cat=0
split_feature=8 9 10 10 7 9
split_gain=12.6303 14.9639 13.9287 10.1507 7.28976 5.74284
threshold=430.99111111111114 55.862777777777787 234.95650793650796 372.22809523809525 -0.25000000000000028 319.19777777777784
decision_type=2 2 2 2 2 2
left_child=4 2 -2 -3 -1 -6
right_child=1 3 -4 -5 5 -7
leaf_value=-0.0050700314561115704 0.00147013190471617 0.00046953490363992517 0.0011897057607572537 0.001599782389183675 0.00053488678785741292 -0.0011417734900307267
leaf_weight=4128 62 535 51 64 12808 3856
leaf_count=4128 62 535 51 64 12808 3856
internal_value=-2.50648e-05 0.0045554 0.0161798 0.00233917 -0.000182129 0.000144074
internal_weight=21504 712 113 599 20792 16664
internal_count=21504 712 113 599 20792 16664
is_linear=0
shrinkage=0.035


Tree=47
num_leaves=7
num_cat=0
split_feature=8 9 10 9 3 10
split_gain=12.3868 20.5806 14.9142 6.06609 12.6284 9.44774
threshold=387.00388888888898 38.506666666666675 222.71769841269844 1.0000000180025095e-35 0.87837969732492682 119.5973015873016
decision_type=2 2 2 2 2 2
left_child=3 2 -2 4 -1 -5
right_child=1 -3 -4 5 -6 -7
leaf_value=0.00073483661784494382 0.0014415633156686304 0.0012546941126318728 0.0023848734450926754 -0.0050707527035324003 0.0073073615288744218 0.00012594977551798477
leaf_weight=1588 65 1442 74 5797 284 12254
leaf_count=1588 65 1442 74 5797 284 12254
internal_value=-1.85547e-05 0.00296239 0.015775 -0.000255246 0.00164068 -0.000451945
internal_weight=21504 1581 139 19923 1872 18051
internal_count=21504 1581 139 19923 1872 18051
is_linear=0
shrinkage=0.035


Tree=48
num_leaves=7
num_cat=0
split_feature=8 9 10 9 10 6
split_gain=11.7705 15.3462 13.9287 8.91404 6.39165 8.27406
threshold=430.99111111111114 55.862777777777787 234.95650793650796 442.14888888888896 120.73230158730161 0.68301270189221941
decision_type=2 2 2 2 2 2
left_child=4 2 -2 -3 5 -1
right_child=1 3 -4 -5 -6 -7
leaf_value=-0.0035677355705005277 0.0013682225720027131 7.7617563886666838e-05 0.0010645954885525068 0.0034313467548312375 0.00034664588345443729 0.0029663287278479801
leaf_weight=7153 62 519 51 80 13442 197
leaf_count=7153 62 519 51 80 13442 197
internal_value=-1.36721e-05 0.00440813 0.0161798 0.00216417 -0.000165297 -0.000995104
internal_weight=21504 712 113 599 20792 7350
internal_count=21504 712 113 599 20792 7350
is_linear=0
shrinkage=0.035


Tree=49
num_leaves=7
num_cat=0
split_feature=8 9 10 9 11 10
split_gain=11.1775 14.8066 13.1753 9.01065 6.26859 8.09715
threshold=430.99111111111114 55.862777777777787 234.95650793650796 442.14888888888896 9.816795633955623 120.73230158730161
decision_type=2 2 2 2 2 2
left_child=4 2 -2 -3 -1 -6
right_child=1 3 -4 -5 5 -7
leaf_value=0.0020717130334938364 0.0013203347819826128 7.490094915064437e-05 0.0010273346464531798 0.0033112496184121514 -0.0035671428970325183 0.0003345132775335236
leaf_weight=319 62 519 51 80 7031 13442
leaf_count=319 62 519 51 80 7031 13442
internal_value=9.75683e-07 0.00430996 0.0158728 0.00210583 -0.000146781 -0.000222747
internal_weight=21504 712 113 599 20792 20473
internal_count=21504 712 113 599 20792 20473
is_linear=0
shrinkage=0.035


Tree=50
num_leaves=7
num_cat=0
split_feature=8 9 10 9 9 3
split_gain=10.4266 14.4006 13.8101 7.81255 6.04986 12.2096
threshold=430.99111111111114 55.862777777777787 234.95650793650796 442.14888888888896 1.0000000180025095e-35 0.87837969732492682
decision_type=2 2 2 2 2 2
left_child=4 2 -2 -3 5 -1
right_child=1 3 -4 -5 -6 -7
leaf_value=0.00083821660088296613 0.0012741230646132308 7.2279415930376001e-05 0.00099137793382731332 0.0031953558817677235 -0.000464896957872611 0.0070277633047292204
leaf_weight=1595 62 519 51 80 18913 284
leaf_count=1595 62 519 51 80 18913 284
internal_value=9.75683e-07 0.00416269 0.0155658 0.00198917 -0.000141731 0.00175186
internal_weight=21504 712 113 599 20792 1879
internal_count=21504 712 113 599 20792 1879
is_linear=0
shrinkage=0.035


Tree=51
num_leaves=7
num_cat=0
split_feature=8 9 10 9 3 10
split_gain=10.1681 19.0539 15.7249 5.71568 10.9303 8.27399
threshold=387.00388888888898 38.506666666666675 222.71769841269844 1.0000000180025095e-35 0.87837969732492682 164.63611111111115
decision_type=2 2 2 2 2 2
left_child=3 2 -2 4 -1 -5
right_child=1 -3 -4 5 -6 -7
leaf_value=0.00080509047783661322 0.0012524147849692869 0.0009849874843183093 0.0022235912483441309 -0.0035383336561100286 0.0067817915890636864 0.00034033547507025477
leaf_weight=1588 65 1442 74 8331 284 9720
leaf_count=1588 65 1442 74 8331 284 9720
internal_value=-3.9069e-06 0.0026969 0.015025 -0.000218356 0.001622 -0.000409291
internal_weight=21504 1581 139 19923 1872 18051
internal_count=21504 1581 139 19923 1872 18051
is_linear=0
shrinkage=0.035


Tree=52
num_leaves=7
num_cat=0
split_feature=8 9 10 9 8 10
split_gain=9.13849 8.29868 22.4498 5.36485 7.42191 7.38278
threshold=378.92888888888893 40.940555555555562 222.71769841269844 1.0000000180025095e-35 227.00111111111116 164.63611111111115
decision_type=2 2 2 2 2 2
left_child=3 2 -2 4 -1 -5
right_child=1 -3 -4 5 -6 -7
leaf_value=0.0018418248225209402 -9.5383999048144618e-05 0.00086008696104751081 0.0018681321337857626 -0.0034103858920798945 -0.0050391962671258034 0.00026920385331283996
leaf_weight=1400 127 1694 78 8328 413 9464
leaf_count=1400 127 1694 78 8328 413 9464
internal_value=-3.15749e-05 0.00228605 0.0089199 -0.000256172 0.00155706 -0.000441017
internal_weight=21504 1899 205 19605 1813 17792
internal_count=21504 1899 205 19605 1813 17792
is_linear=0
shrinkage=0.035


Tree=53
num_leaves=7
num_cat=0
split_feature=10 2 9 9 6 3
split_gain=8.12723 8.13776 13.6381 7.6187 10.0281 7.37715
threshold=209.73698412698414 0.60876142900872032 38.506666666666675 1.0000000180025095e-35 0.68301270189221941 0.87837969732492682
decision_type=2 2 2 2 2 2
left_child=3 2 -2 5 -5 -1
right_child=1 -3 -4 4 -6 -7
leaf_value=0.00077484393035852188 0.001341671016152707 -0.001098654228026264 0.00099104269729050846 -0.0033143881182059556 0.001115204967399462 0.0064801903237229879
leaf_weight=1636 130 1957 6495 9346 1663 277
leaf_count=1636 130 1957 6495 9346 1663 277
internal_value=-4.45951e-05 0.000790282 0.00137602 -0.000599088 -0.000953361 0.00143913
internal_weight=21504 8582 6625 12922 11009 1913
internal_count=21504 8582 6625 12922 11009 1913
is_linear=0
shrinkage=0.035


Tree=54
num_leaves=7
num_cat=0
split_feature=10 11 6 8 6 11
split_gain=8.25446 8.36638 16.9239 9.59144 7.13324 18.34
threshold=209.73698412698414 145.09970928193255 -0.6830127018922193 11.188888888888892 0.68301270189221941 88.057339540029446
decision_type=2 2 2 2 2 2
left_child=4 3 -3 -2 -1 -6
right_child=1 2 -4 -5 5 -7
leaf_value=-0.0019784647398355905 0.0034077739435993772 0.0022120494088395627 -0.00010473406707697431 0.00041002486242239027 0.0032657454320259727 -0.0051715589746515475
leaf_weight=11259 19 359 328 7876 676 987
leaf_count=11259 19 359 328 7876 676 987
internal_value=-5.11052e-05 0.000790282 0.004492 0.000467641 -0.000609921 0.00152915
internal_weight=21504 8582 687 7895 12922 1663
internal_count=21504 8582 687 7895 12922 1663
is_linear=0
shrinkage=0.035


Tree=55
num_leaves=7
num_cat=0
split_feature=11 6 7 6 11 6
split_gain=8.07584 14.8506 22.8321 5.64899 30.4231 11.6412
threshold=141.08301116020962 -0.6830127018922193 1.0000000180025095e-35 0.68301270189221941 88.057339540029446 1.0000000180025095e-35
decision_type=2 2 2 2 2 2
left_child=3 2 -2 5 -5 -1
right_child=1 -3 -4 4 -6 -7
leaf_value=-7.1375516380961415e-05 -0.0022245143098958437 -0.00023036642984083542 0.0031089795666413172 0.0033021840430678177 -0.002813040790337471 -0.0048367458942816547
leaf_weight=14574 365 669 456 1088 1701 2651
leaf_count=14574 365 669 456 1088 1701 2651
internal_value=-2.01822e-05 0.00246479 0.00561618 -0.000205297 0.00125573 -0.00044192
internal_weight=21504 1490 821 20014 2789 17225
internal_count=21504 1490 821 20014 2789 17225
is_linear=0
shrinkage=0.035


Tree=56
num_leaves=7
num_cat=0
split_feature=11 6 7 11 10 4
split_gain=7.42196 13.1966 20.1592 5.09158 6.88872 6.43204
threshold=141.08301116020962 -0.6830127018922193 1.0000000180025095e-35 9.816795633955623 115.57428571428575 -0.56174490092936669
decision_type=2 2 2 2 2 2
left_child=3 2 -2 5 -5 -1
right_child=1 -3 -4 4 -6 -7
leaf_value=0.011887334487324784 -0.0021466563090494833 -0.0002223036047964206 0.0030001652818088735 -0.0030131009876580334 0.00020658449679545961 -0.0017160190981044478
leaf_weight=190 365 669 456 6557 13138 129
leaf_count=190 365 669 456 6557 13138 129
internal_value=-3.48299e-05 0.00234742 0.00531813 -0.000212292 -0.000283434 0.00416719
internal_weight=21504 1490 821 20014 19695 319
internal_count=21504 1490 821 20014 19695 319
is_linear=0
shrinkage=0.035


Tree=57
num_leaves=7
num_cat=0
split_feature=10 9 6 2 9 3
split_gain=6.70416 7.31965 8.36805 7.18022 9.87746 6.75046
threshold=208.82944444444448 1.0000000180025095e-35 0.68301270189221941 0.60876142900872032 293.09500000000008 0.87837969732492682
decision_type=2 2 2 2 2 2
left_child=1 5 -3 4 -2 -1
right_child=3 2 -4 -5 -6 -7
leaf_value=0.0008111457437994787 0.0016810265802046811 -0.0030923545468557142 0.0010764433977389039 -0.0010539667586166751 -0.00012040966746145136 0.006317907627555127
leaf_weight=1636 3458 9282 1644 1979 3229 276
leaf_count=1636 3458 9282 1644 1979 3229 276
internal_value=-4.78502e-05 -0.000555574 -0.00090519 0.00070428 0.00125232 0.00144171
internal_weight=21504 12838 10926 8666 6687 1912
internal_count=21504 12838 10926 8666 6687 1912
is_linear=0
shrinkage=0.035


Tree=58
num_leaves=7
num_cat=0
split_feature=10 6 1 11 6 11
split_gain=6.80771 8.09641 25.5921 6.69946 6.21158 11.528
threshold=120.73230158730161 0.68301270189221941 -0.2901292552028415 9.816795633955623 1.0000000180025095e-35 95.779138653654186
decision_type=2 2 2 2 2 2
left_child=1 3 -3 -1 -2 -6
right_child=4 2 -4 -5 5 -7
leaf_value=0.0019535188995838306 0.00072346461947272089 0.0037731374440817425 -0.00028991300103835553 -0.0032277575456841315 0.00099718666937036291 -0.0040502995630373149
leaf_weight=319 9379 42 155 6862 2265 2482
leaf_count=319 9379 42 155 6862 2265 2482
internal_value=-5.76153e-05 -0.000919231 0.00606313 -0.0011116 0.000392439 -0.000639112
internal_weight=21504 7378 197 7181 14126 4747
internal_count=21504 7378 197 7181 14126 4747
is_linear=0
shrinkage=0.035


Tree=59
num_leaves=7
num_cat=0
split_feature=10 6 1 9 6 11
split_gain=6.10314 7.98685 25.5921 6.5002 5.94596 11.1368
threshold=120.73230158730161 0.68301270189221941 -0.2901292552028415 7.9955555555555566 1.0000000180025095e-35 95.779138653654186
decision_type=2 2 2 2 2 2
left_child=1 3 -3 -1 -2 -6
right_child=4 2 -4 -5 5 -7
leaf_value=0.00081282572798030623 0.00069814335779118408 0.0036410776335388832 -0.00027976604600199906 -0.0047729814846181285 0.00096228513594239385 -0.0039085390783310222
leaf_weight=1858 9379 42 155 5323 2265 2482
leaf_count=1858 9379 42 155 5323 2265 2482
internal_value=-5.59878e-05 -0.000871799 0.00606313 -0.00106287 0.000370141 -0.000639112
internal_weight=21504 7378 197 7181 14126 4747
internal_count=21504 7378 197 7181 14126 4747
is_linear=0
shrinkage=0.035


Tree=60
num_leaves=7
num_cat=0
split_feature=10 6 3 9 9 6
split_gain=5.62404 7.24561 11.0166 8.76885 5.78521 7.94742
threshold=185.7438888888889 0.68301270189221941 -0.8783796973249266 1.0000000180025095e-35 285.00500000000005 1.0000000180025095e-35
decision_type=2 2 2 2 2 2
left_child=1 3 -3 -1 5 -2
right_child=4 2 -4 -5 -6 -7
leaf_value=0.0010264974164857189 0.0014070508644429482 0.0019393398512103793 0.00043708574994952434 -0.003600055963790831 -0.0002616298594318822 -0.001291774135524831
leaf_weight=1881 3887 221 1060 8248 4705 1502
leaf_count=1881 3887 221 1060 8248 4705 1502
internal_value=-6.5753e-05 -0.000598108 0.00188104 -0.000911797 0.000536007 0.00131883
internal_weight=21504 11410 1281 10129 10094 5389
internal_count=21504 11410 1281 10129 10094 5389
is_linear=0
shrinkage=0.035


Tree=61
num_leaves=7
num_cat=0
split_feature=10 6 1 9 6 11
split_gain=5.41017 7.89975 25.5921 5.9531 5.21389 10.3918
threshold=120.73230158730161 0.68301270189221941 -0.2901292552028415 7.9955555555555566 1.0000000180025095e-35 95.779138653654186
decision_type=2 2 2 2 2 2
left_child=1 3 -3 -1 -2 -6
right_child=4 2 -4 -5 5 -7
leaf_value=0.0007751283863920524 0.00065876004272676265 0.0034457630215726635 -0.00033785112918430563 -0.0044799251739238294 0.00091667560270054912 -0.0037424685145374128
leaf_weight=1858 9379 42 155 5323 2265 2482
leaf_count=1858 9379 42 155 5323 2265 2482
internal_value=-6.5753e-05 -0.000833854 0.00606313 -0.00102388 0.000335456 -0.000609626
internal_weight=21504 7378 197 7181 14126 4747
internal_count=21504 7378 197 7181 14126 4747
is_linear=0
shrinkage=0.035


Tree=62
num_leaves=7
num_cat=0
split_feature=10 6 1 11 6 11
split_gain=5.25667 7.8672 25.5921 5.58507 4.7889 9.76501
threshold=120.73230158730161 0.68301270189221941 -0.2901292552028415 9.816795633955623 1.0000000180025095e-35 82.718881560304723
decision_type=2 2 2 2 2 2
left_child=1 3 -3 -1 -2 -6
right_child=4 2 -4 -5 5 -7
leaf_value=0.0017936399345183764 0.00063570344123131683 0.0033251613158176334 -0.00032602633966286379 -0.0027249127031271315 0.0015886406889964349 -0.0024410794463232016
leaf_weight=319 9379 42 155 6862 1340 3407
leaf_count=319 9379 42 155 6862 1340 3407
internal_value=-6.24979e-05 -0.000819624 0.00606313 -0.00100926 0.000332979 -0.000572768
internal_weight=21504 7378 197 7181 14126 4747
internal_count=21504 7378 197 7181 14126 4747
is_linear=0
shrinkage=0.035


Tree=63
num_leaves=7
num_cat=0
split_feature=10 6 1 9 6 11
split_gain=4.72336 7.76998 25.5921 5.67958 4.53113 8.8356
threshold=120.73230158730161 0.68301270189221941 -0.2901292552028415 7.9955555555555566 1.0000000180025095e-35 85.918215614821221
decision_type=2 2 2 2 2 2
left_child=1 3 -3 -1 -2 -6
right_child=4 2 -4 -5 5 -7
leaf_value=0.00076107086431995716 0.00061345382078821682 0.0032087806697640091 -0.000314615417774653 -0.0042277558482270421 0.0013167285391456553 -0.0028630603538285656
leaf_weight=1858 9379 42 155 5323 1580 3167
leaf_count=1858 9379 42 155 5323 1580 3167
internal_value=-5.92429e-05 -0.000776935 0.00606313 -0.0009654 0.000315636 -0.000565397
internal_weight=21504 7378 197 7181 14126 4747
internal_count=21504 7378 197 7181 14126 4747
is_linear=0
shrinkage=0.035


Tree=64
num_leaves=7
num_cat=0
split_feature=10 2 8 9 6 3
split_gain=4.82643 7.16687 8.03493 5.85286 6.0454 5.92919
threshold=212.19301587301587 0.60876142900872032 44.006666666666675 1.0000000180025095e-35 0.68301270189221941 0.87837969732492682
decision_type=2 2 2 2 2 2
left_child=3 2 -2 5 -5 -1
right_child=1 -3 -4 4 -6 -7
leaf_value=0.00065547089556592189 0.0039852226738893307 -0.0010597363031288431 0.00069490247759172795 -0.002315855591246196 0.00084593446613303745 0.005944290025395196
leaf_weight=1636 195 1905 6314 9466 1709 279
leaf_count=1636 195 1905 6314 9466 1709 279
internal_value=-6.08704e-05 0.000593107 0.0011457 -0.000481247 -0.000787626 0.00130611
internal_weight=21504 8414 6509 13090 11175 1915
internal_count=21504 8414 6509 13090 11175 1915
is_linear=0
shrinkage=0.035


Tree=65
num_leaves=7
num_cat=0
split_feature=10 2 9 6 0 9
split_gain=4.79111 5.36848 5.96373 5.34871 8.68255 6.8414
threshold=185.7438888888889 0.72947329433276265 293.09500000000008 0.68301270189221941 34.500000000000007 1.0000000180025095e-35
decision_type=2 2 2 2 2 2
left_child=3 2 -2 5 -5 -1
right_child=1 -3 -4 4 -6 -7
leaf_value=0.00090085141989777468 0.0012239209496711359 -0.0010092509794880256 -0.00021963083909886996 -0.0036082588474143462 0.0022503899151801758 -0.0031102401835140245
leaf_weight=1881 4451 1968 3675 571 710 8248
leaf_count=1881 4451 1968 3675 571 710 8248
internal_value=-8.52833e-05 0.000470133 0.000867355 -0.000576637 0.00155343 -0.000846151
internal_weight=21504 10094 8126 11410 1281 10129
internal_count=21504 10094 8126 11410 1281 10129
is_linear=0
shrinkage=0.035


Tree=66
num_leaves=7
num_cat=0
split_feature=10 6 0 9 6 11
split_gain=4.69613 7.33994 15.6147 5.59859 4.30358 13.2099
threshold=141.63126984126987 0.68301270189221941 56.500000000000007 1.0000000180025095e-35 1.0000000180025095e-35 66.962173756673323
decision_type=2 2 2 2 2 2
left_child=1 3 -3 -1 -2 -6
right_child=4 2 -4 -5 5 -7
leaf_value=0.00075339352338974733 0.00060910480295576369 -0.00052651251728752014 0.0024656363954449192 -0.0038789436663928959 0.0033271755512939562 -0.0019986516121015189
leaf_weight=1661 8606 294 172 6679 443 3649
leaf_count=1661 8606 294 172 6679 443 3649
internal_value=-9.6676e-05 -0.000717725 0.00355246 -0.000956721 0.000334041 -0.000600294
internal_weight=21504 8806 466 8340 12698 4092
internal_count=21504 8806 466 8340 12698 4092
is_linear=0
shrinkage=0.035


Tree=67
num_leaves=7
num_cat=0
split_feature=10 2 8 7 8 9
split_gain=4.45033 6.0668 6.51584 4.91506 6.80683 5.98557
threshold=209.73698412698414 0.72947329433276265 44.006666666666675 0.93301270189221952 111.69555555555557 206.51722222222224
decision_type=2 2 2 2 2 2
left_child=3 2 -2 5 -5 -1
right_child=1 -3 -4 4 -6 -7
leaf_value=-0.00036405017185336881 0.0037492300983393493 -0.0010881361438691407 0.00057966756083492426 0.004005715822983571 0.0001084286087203124 -0.0059716467521829424
leaf_weight=10096 228 1540 6814 135 281 2410
leaf_count=10096 228 1540 6814 135 281 2410
internal_value=-0.000104814 0.00051299 0.000948175 -0.000515129 0.00322302 -0.000639723
internal_weight=21504 8582 7042 12922 416 12506
internal_count=21504 8582 7042 12922 416 12506
is_linear=0
shrinkage=0.035


Tree=68
num_leaves=7
num_cat=0
split_feature=10 6 0 9 6 11
split_gain=4.4694 7.04434 15.1416 5.49571 4.25555 12.6688
threshold=141.63126984126987 0.68301270189221941 56.500000000000007 1.0000000180025095e-35 1.0000000180025095e-35 81.030497482503421
decision_type=2 2 2 2 2 2
left_child=1 3 -3 -1 -2 -6
right_child=4 2 -4 -5 5 -7
leaf_value=0.00073976650608599287 0.00058118598312466914 -0.00043284701703979247 0.0023920808776192294 -0.0037304388820542547 0.0022931596166005496 -0.0024905829908859673
leaf_weight=1661 8606 294 172 6679 845 3247
leaf_count=1661 8606 294 172 6679 845 3247
internal_value=-9.99311e-05 -0.000705803 0.00347752 -0.000939936 0.000320261 -0.000608845
internal_weight=21504 8806 466 8340 12698 4092
internal_count=21504 8806 466 8340 12698 4092
is_linear=0
shrinkage=0.035


Tree=69
num_leaves=7
num_cat=0
split_feature=7 3 10 11 3 3
split_gain=4.26408 10.9856 17.4534 3.20123 12.0927 4.80522
threshold=-0.68301270189221952 0.87837969732492682 51.292380952380967 139.09021625993219 -0.60785761079279388 1.0000000180025095e-35
decision_type=2 2 2 2 2 2
left_child=1 -1 -3 5 -5 -2
right_child=3 2 -4 4 -6 -7
leaf_value=-0.025770738407458086 -0.00077470171671632261 0.0047730626370874824 -0.011080588079571282 0.0033248920524389146 -0.00012094211222590416 0.00055437422983860621
leaf_weight=1056 10674 72 120 471 1169 7942
leaf_count=1056 10674 72 120 471 1169 7942
internal_value=-0.000111324 -0.00209608 0.00558549 1.10571e-05 0.00149299 -0.000119569
internal_weight=21504 1248 192 20256 1640 18616
internal_count=21504 1248 192 20256 1640 18616
is_linear=0
shrinkage=0.035


Tree=70
num_leaves=7
num_cat=0
split_feature=7 3 10 11 10 4
split_gain=4.07587 11.429 16.9885 3.03366 5.65969 5.55526
threshold=-0.68301270189221952 0.87837969732492682 51.292380952380967 9.816795633955623 36.109444444444456 -0.56174490092936669
decision_type=2 2 2 2 2 2
left_child=1 -1 -3 5 -5 -2
right_child=3 2 -4 4 -6 -7
leaf_value=-0.024868762563197044 0.011080200612108296 0.0046060054447894143 -0.010692767496786281 -0.0069879013072646542 6.7292802859139744e-05 -0.0021929311021525646
leaf_weight=1056 190 72 120 906 19036 124
leaf_count=1056 190 72 120 906 19036 124
internal_value=-0.000127599 -0.00206806 0.00576684 -7.9487e-06 -6.17769e-05 0.0034
internal_weight=21504 1248 192 20256 19942 314
internal_count=21504 1248 192 20256 19942 314
is_linear=0
shrinkage=0.035


Tree=71
num_leaves=7
num_cat=0
split_feature=7 3 11 10 8 1
split_gain=3.99276 11.881 17.0225 3.0123 4.42638 3.87729
threshold=-0.68301270189221952 0.87837969732492682 46.923405263181287 1.0000000180025095e-35 1.0000000180025095e-35 -0.35206144883412566
decision_type=2 2 2 2 2 2
left_child=1 -1 -3 5 -5 -2
right_child=3 2 -4 4 -6 -7
leaf_value=-0.023998355873485144 -0.0003133010788508939 0.0044354709175577203 -0.016838008612553673 -0.011020799081166495 0.00012381531916218341 0.01382517210526619
leaf_weight=1056 123 83 109 1704 18317 112
leaf_count=1056 123 83 109 1704 18317 112
internal_value=-0.000119461 -0.00204003 0.00594819 -1.03751e-06 -4.73737e-05 0.00393008
internal_weight=21504 1248 192 20256 20021 235
internal_count=21504 1248 192 20256 20021 235
is_linear=0
shrinkage=0.035


Tree=72
num_leaves=7
num_cat=0
split_feature=3 6 11 11 0 8
split_gain=4.22338 10.0708 18.4234 9.16307 6.56196 5.9349
threshold=1.0000000180025095e-35 0.68301270189221941 88.057339540029446 138.21694820063863 33.500000000000007 8.0066666666666695
decision_type=2 2 2 2 2 2
left_child=1 3 -3 -1 -2 -6
right_child=4 2 -4 -5 5 -7
leaf_value=-0.0018916420958102185 -0.00075631368389138178 0.0031481633287920099 -0.00083254331777263225 0.0015363392396347433 0.0057298048691550914 0.0005742499934750895
leaf_weight=9680 3264 693 1035 880 860 5092
leaf_count=9680 3264 693 1035 880 860 5092
internal_value=-0.000124344 -0.00054911 0.00192712 -0.000954456 0.000442008 0.00113355
internal_weight=21504 12288 1728 10560 9216 5952
internal_count=21504 12288 1728 10560 9216 5952
is_linear=0
shrinkage=0.035


Tree=73
num_leaves=7
num_cat=0
split_feature=3 6 11 11 0 8
split_gain=4.02353 9.44532 17.8671 8.07863 6.29432 5.7327
threshold=1.0000000180025095e-35 0.68301270189221941 82.718881560304723 138.21694820063863 32.500000000000007 8.0066666666666695
decision_type=2 2 2 2 2 2
left_child=1 3 -3 -1 -2 -6
right_child=4 2 -4 -5 5 -7
leaf_value=-0.0018254346224568705 -0.00076693705196762549 0.0032119337319258322 -0.00036677829565279213 0.0014825673662475405 0.0055292616987346671 0.00054736434434635454
leaf_weight=9680 3168 545 1183 880 875 5173
leaf_count=9680 3168 545 1183 880 875 5173
internal_value=-0.000137364 -0.000551958 0.00184615 -0.000944514 0.000415427 0.00107737
internal_weight=21504 12288 1728 10560 9216 6048
internal_count=21504 12288 1728 10560 9216 6048
is_linear=0
shrinkage=0.035


Tree=74
num_leaves=7
num_cat=0
split_feature=7 3 11 6 6 3
split_gain=3.93881 11.881 17.0225 3.13066 10.4184 5.48508
threshold=-0.68301270189221952 0.87837969732492682 46.923405263181287 1.0000000180025095e-35 0.68301270189221941 1.0000000180025095e-35
decision_type=2 2 2 2 2 2
left_child=1 -1 -3 5 -5 -2
right_child=3 2 -4 4 -6 -7
leaf_value=-0.023197669919736933 -0.00028340282882038779 0.0039299549865565503 -0.016195364535359233 -0.003980371555723174 0.0006866048585685684 0.00097372655425448211
leaf_weight=1056 8352 83 109 2688 2880 6336
leaf_count=1056 8352 83 109 2688 2880 6336
internal_value=-0.000132482 -0.00204003 0.00594819 -1.48599e-05 -0.000721495 0.000253046
internal_weight=21504 1248 192 20256 5568 14688
internal_count=21504 1248 192 20256 5568 14688
is_linear=0
shrinkage=0.035


Tree=75
num_leaves=7
num_cat=0
split_feature=7 3 11 2 10 10
split_gain=3.93209 11.881 17.0225 3.10191 4.01954 2.17376
threshold=-0.68301270189221952 0.87837969732492682 46.923405263181287 0.72947329433276265 205.22817460317461 227.44539682539684
decision_type=2 2 2 2 2 2
left_child=1 -1 -3 4 -2 -5
right_child=3 2 -4 5 -6 -7
leaf_value=-0.022385751472546133 -0.00033750351971773213 0.0037924065620270624 -0.01562852677662167 -0.0004437007395189676 0.00058955379362377166 -0.0013822557247361057
leaf_weight=1056 8117 83 109 3632 7286 1221
leaf_count=1056 8117 83 109 3632 7286 1221
internal_value=-0.000134109 -0.00204003 0.00594819 -1.65877e-05 0.000226531 -0.000788114
internal_weight=21504 1248 192 20256 15403 4853
internal_count=21504 1248 192 20256 15403 4853
is_linear=0
shrinkage=0.035


Tree=76
num_leaves=7
num_cat=0
split_feature=7 3 10 2 10 10
split_gain=4.05538 11.429 16.9885 2.95747 3.85769 2.05408
threshold=-0.68301270189221952 0.87837969732492682 51.292380952380967 0.72947329433276265 205.22817460317461 227.44539682539684
decision_type=2 2 2 2 2 2
left_child=1 -1 -3 4 -2 -5
right_child=3 2 -4 5 -6 -7
leaf_value=-0.021602250171007011 -0.00032569089652761935 0.003661703418660654 -0.0094508011311334895 -0.00042817121363581643 0.00056891941084693089 -0.001333876774370344
leaf_weight=1056 8117 72 120 3632 7286 1221
leaf_count=1056 8117 72 120 3632 7286 1221
internal_value=-0.000132482 -0.00206806 0.00576684 -1.31321e-05 0.000224259 -0.000766482
internal_weight=21504 1248 192 20256 15403 4853
internal_count=21504 1248 192 20256 15403 4853
is_linear=0
shrinkage=0.035


Tree=77
num_leaves=7
num_cat=0
split_feature=7 3 11 2 10 10
split_gain=3.94553 11.881 17.0225 2.82477 3.42927 1.76979
threshold=-0.68301270189221952 0.87837969732492682 46.923405263181287 0.83146961230254501 212.19301587301587 227.44539682539684
decision_type=2 2 2 2 2 2
left_child=1 -1 -3 4 -2 -5
right_child=3 2 -4 5 -6 -7
leaf_value=-0.02084617141502176 -0.00027644414762189934 0.0035315127127029913 -0.014750750299850244 -0.00052939016703979901 0.00053198713123098879 -0.0016922218016301742
leaf_weight=1056 9174 83 109 2876 7284 922
leaf_count=1056 9174 83 109 2876 7284 922
internal_value=-0.000130854 -0.00204003 0.00594819 -1.31321e-05 0.00018543 -0.000873389
internal_weight=21504 1248 192 20256 16458 3798
internal_count=21504 1248 192 20256 16458 3798
is_linear=0
shrinkage=0.035


Tree=78
num_leaves=7
num_cat=0
split_feature=7 3 11 3 6 6
split_gain=3.99276 11.881 17.0225 2.77465 7.5917 5.75248
threshold=-0.68301270189221952 0.87837969732492682 46.923405263181287 1.0000000180025095e-35 0.68301270189221941 1.0000000180025095e-35
decision_type=2 2 2 2 2 2
left_child=1 -1 -3 4 -2 -5
right_child=3 2 -4 5 -6 -7
leaf_value=-0.02011655541549601 -0.00080650952114078782 0.0034079097677583818 -0.01423447403935549 0.00093860580250361176 0.0012854314547281263 -0.0012278703209056745
leaf_weight=1056 9888 83 109 6336 1728 2304
leaf_count=1056 9888 83 109 6336 1728 2304
internal_value=-0.000119461 -0.00204003 0.00594819 -1.03751e-06 -0.000354309 0.000473903
internal_weight=21504 1248 192 20256 11616 8640
internal_count=21504 1248 192 20256 11616 8640
is_linear=0
shrinkage=0.035


Tree=79
num_leaves=7
num_cat=0
split_feature=7 3 11 6 6 3
split_gain=4.06903 11.429 16.3525 2.79622 9.80116 4.71265
threshold=-0.68301270189221952 0.87837969732492682 46.923405263181287 1.0000000180025095e-35 0.68301270189221941 1.0000000180025095e-35
decision_type=2 2 2 2 2 2
left_child=1 -1 -3 5 -5 -2
right_child=3 2 -4 4 -6 -7
leaf_value=-0.019412475975953664 -0.00027494503655836475 0.0032886329258868456 -0.013736267447978052 -0.0037952380822549492 0.00067259282122633559 0.00090575459941597794
leaf_weight=1056 8352 83 109 2688 2880 6336
leaf_count=1056 8352 83 109 2688 2880 6336
internal_value=-0.000129227 -0.00206806 0.00576684 -9.6765e-06 -0.000677501 0.000243515
internal_weight=21504 1248 192 20256 5568 14688
internal_count=21504 1248 192 20256 5568 14688
is_linear=0
shrinkage=0.035


Tree=80
num_leaves=7
num_cat=0
split_feature=7 3 10 10 8 1
split_gain=4.25011 10.9856 16.2362 2.77658 4.26916 3.13605
threshold=-0.68301270189221952 0.87837969732492682 51.292380952380967 1.0000000180025095e-35 1.0000000180025095e-35 -0.35206144883412566
decision_type=2 2 2 2 2 2
left_child=1 -1 -3 5 -5 -2
right_child=3 2 -4 4 -6 -7
leaf_value=-0.018733039316795284 -9.1580497688239511e-05 0.0031755618597853435 -0.0094245360707060893 -0.010750029481566467 8.5984540993177443e-05 0.012883093783180316
leaf_weight=1056 123 72 120 1704 18317 112
leaf_count=1056 123 72 120 1704 18317 112
internal_value=-0.000114579 -0.00209608 0.00558549 7.60148e-06 -3.68853e-05 0.00378178
internal_weight=21504 1248 192 20256 20021 235
internal_count=21504 1248 192 20256 20021 235
is_linear=0
shrinkage=0.035


Tree=81
num_leaves=7
num_cat=0
split_feature=3 6 11 11 0 8
split_gain=4.15088 8.06464 16.5125 8.12862 6.23347 5.91686
threshold=1.0000000180025095e-35 0.68301270189221941 82.718881560304723 138.21694820063863 31.500000000000004 8.0066666666666695
decision_type=2 2 2 2 2 2
left_child=1 3 -3 -1 -2 -6
right_child=4 2 -4 -5 5 -7
leaf_value=-0.0017386419334708687 -0.00079576661183189206 0.0030476099680549632 -0.00050372865888923988 0.0014162719462727405 0.0053075876895714398 0.00045873815061842299
leaf_weight=9680 3072 545 1183 880 887 5257
leaf_count=9680 3072 545 1183 880 887 5257
internal_value=-0.000130854 -0.000551958 0.00166397 -0.000914687 0.000430617 0.00107421
internal_weight=21504 12288 1728 10560 9216 6144
internal_count=21504 12288 1728 10560 9216 6144
is_linear=0
shrinkage=0.035


Tree=82
num_leaves=7
num_cat=0
split_feature=7 3 11 6 6 11
split_gain=3.99276 11.881 16.0859 2.71132 8.57429 4.7827
threshold=-0.68301270189221952 0.87837969732492682 48.757191419025908 1.0000000180025095e-35 0.68301270189221941 89.204356002835354
decision_type=2 2 2 2 2 2
left_child=1 -1 -3 5 -5 -2
right_child=3 2 -4 4 -6 -7
leaf_value=-0.018093438775979079 -0.00058385701606380232 0.0030379359748891636 -0.01713428454807979 -0.0036570520816640254 0.00058711480463646717 0.00065092728987696568
leaf_weight=1056 7129 89 103 2688 2880 7559
leaf_count=1056 7129 89 103 2688 2880 7559
internal_value=-0.000119461 -0.00204003 0.00594819 -1.03751e-06 -0.000658647 0.00024828
internal_weight=21504 1248 192 20256 5568 14688
internal_count=21504 1248 192 20256 5568 14688
is_linear=0
shrinkage=0.035


Tree=83
num_leaves=7
num_cat=0
split_feature=7 3 11 3 7 0
split_gain=4.0063 11.881 16.0859 2.68764 7.04727 5.91974
threshold=-0.68301270189221952 0.87837969732492682 48.757191419025908 1.0000000180025095e-35 0.6830127018922193 35.500000000000007
decision_type=2 2 2 2 2 2
left_child=1 -1 -3 4 -2 -5
right_child=3 2 -4 5 -6 -7
leaf_value=-0.0174601684188198 0.00033852198049215361 0.0029316082157680294 -0.016534584588896999 -0.00062783931308004479 -0.0016725622222115001 0.0010947394243873765
leaf_weight=1056 6720 89 103 3240 4896 5400
leaf_count=1056 6720 89 103 3240 4896 5400
internal_value=-0.000116206 -0.00204003 0.00594819 2.41808e-06 -0.000345271 0.000469852
internal_weight=21504 1248 192 20256 11616 8640
internal_count=21504 1248 192 20256 11616 8640
is_linear=0
shrinkage=0.035


Tree=84
num_leaves=7
num_cat=0
split_feature=7 3 11 2 10 11
split_gain=4.04856 11.429 16.3525 2.50478 3.22721 2.27834
threshold=-0.68301270189221952 0.87837969732492682 46.923405263181287 0.63405362205439486 216.45769841269842 63.510396562145466
decision_type=2 2 2 2 2 2
left_child=1 -1 -3 4 -2 -5
right_child=3 2 -4 5 -6 -7
leaf_value=-0.016849062524161098 -0.00025625450993592793 0.002795155756554109 -0.011886869411645901 -0.0025034596746278041 0.00062107936004459003 -0.00017969618135065587
leaf_weight=1056 8135 83 109 1408 6424 4289
leaf_count=1056 8135 83 109 1408 6424 4289
internal_value=-0.000134109 -0.00206806 0.00576684 -1.48599e-05 0.000228605 -0.000636979
internal_weight=21504 1248 192 20256 14559 5697
internal_count=21504 1248 192 20256 14559 5697
is_linear=0
shrinkage=0.035


Tree=85
num_leaves=7
num_cat=0
split_feature=7 3 10 6 4 11
split_gain=4.15983 10.9856 14.9948 2.49807 7.96523 4.09768
threshold=-0.68301270189221952 0.87837969732492682 45.833968253968266 1.0000000180025095e-35 -0.22252093395631442 89.204356002835354
decision_type=2 2 2 2 2 2
left_child=1 -1 -3 5 -5 -2
right_child=3 2 -4 4 -6 -7
leaf_value=-0.016259345335815443 -0.0005557237973262153 0.002620195794588112 -0.00026281159290104543 0.00060882033899074773 -0.0039616116420593348 0.000601601568717185
leaf_weight=1056 7129 58 134 2400 3168 7559
leaf_count=1056 7129 58 134 2400 3168 7559
internal_value=-0.000135737 -0.00209608 0.00558549 -1.48599e-05 -0.000646077 0.000224453
internal_weight=21504 1248 192 20256 5568 14688
internal_count=21504 1248 192 20256 5568 14688
is_linear=0
shrinkage=0.035


Tree=86
num_leaves=7
num_cat=0
split_feature=7 3 10 2 10 11
split_gain=3.90527 10.8261 14.9948 2.24451 2.87583 2.09575
threshold=-0.68301270189221952 0.87837969732492682 45.833968253968266 0.63405362205439486 216.45769841269842 63.510396562145466
decision_type=2 2 2 2 2 2
left_child=1 -1 -3 4 -2 -5
right_child=3 2 -4 5 -6 -7
leaf_value=-0.015690268249061893 -0.00026205446866848451 0.0025284889417775337 -0.00025361318714952274 -0.0023963882531093986 0.00058646935243196539 -0.00017282236535194598
leaf_weight=1056 8135 58 134 1408 6424 4289
leaf_count=1056 8135 58 134 1408 6424 4289
internal_value=-0.000140619 -0.00204003 0.00558549 -2.34989e-05 0.00020697 -0.000612409
internal_weight=21504 1248 192 20256 14559 5697
internal_count=21504 1248 192 20256 14559 5697
is_linear=0
shrinkage=0.035


Tree=87
num_leaves=7
num_cat=0
split_feature=3 6 11 11 0 8
split_gain=3.38028 7.61288 16.6455 7.28215 5.90737 5.14762
threshold=1.0000000180025095e-35 0.68301270189221941 82.718881560304723 138.21694820063863 33.500000000000007 8.0066666666666695
decision_type=2 2 2 2 2 2
left_child=1 3 -3 -1 -2 -6
right_child=4 2 -4 -5 5 -7
leaf_value=-0.0016580140646655591 -0.00068365496879507152 0.0029433472736137053 -0.00055609385846055581 0.0012937907906114532 0.005168687236823696 0.00046199095972299374
leaf_weight=9680 3264 545 1183 880 860 5092
leaf_count=9680 3264 545 1183 880 860 5092
internal_value=-0.000129227 -0.000509237 0.00164372 -0.000861662 0.000377454 0.0010336
internal_weight=21504 12288 1728 10560 9216 5952
internal_count=21504 12288 1728 10560 9216 5952
is_linear=0
shrinkage=0.035


Tree=88
num_leaves=7
num_cat=0
split_feature=7 3 10 6 6 11
split_gain=3.62503 11.1047 14.6275 2.41299 8.09915 3.49675
threshold=-0.68301270189221952 0.87837969732492682 45.833968253968266 1.0000000180025095e-35 0.68301270189221941 91.44011593275296
decision_type=2 2 2 2 2 2
left_child=1 -1 -3 5 -5 -2
right_child=3 2 -4 4 -6 -7
leaf_value=-0.01515727854393501 -0.00049448844762435855 0.0022590877755265027 -0.00023727422711678964 -0.003473777586769906 0.00055429215831679529 0.00060349771640391128
leaf_weight=1056 7516 58 134 2688 2880 7172
leaf_count=1056 7516 58 134 2688 2880 7172
internal_value=-0.000125972 -0.00195597 0.00576684 -1.31321e-05 -0.000633508 0.00022207
internal_weight=21504 1248 192 20256 5568 14688
internal_count=21504 1248 192 20256 5568 14688
is_linear=0
shrinkage=0.035


Tree=89
num_leaves=7
num_cat=0
split_feature=3 6 11 11 0 9
split_gain=3.46037 6.72124 14.9575 6.23089 5.78025 4.53153
threshold=1.0000000180025095e-35 0.68301270189221941 82.718881560304723 138.21694820063863 35.500000000000007 320.86666666666673
decision_type=2 2 2 2 2 2
left_child=1 3 -3 -1 -2 -6
right_child=4 2 -4 -5 5 -7
leaf_value=-0.0015906931238357049 -0.00065730068994285739 0.0028209298934961575 -0.00055603079895552468 0.0012273856928659212 0.0016901085219474122 -0.00059533189422024716
leaf_weight=9680 3456 545 1183 880 4305 1455
leaf_count=9680 3456 545 1183 880 4305 1455
internal_value=-0.000116206 -0.000500693 0.00152227 -0.000831835 0.000396441 0.00107533
internal_weight=21504 12288 1728 10560 9216 5760
internal_count=21504 12288 1728 10560 9216 5760
is_linear=0
shrinkage=0.035


Tree=90
num_leaves=7
num_cat=0
split_feature=3 6 11 11 0 9
split_gain=3.46037 6.25053 13.4105 5.95575 5.28694 4.30747
threshold=1.0000000180025095e-35 0.68301270189221941 81.333794078421178 138.21694820063863 35.500000000000007 320.86666666666673
decision_type=2 2 2 2 2 2
left_child=1 3 -3 -1 -2 -6
right_child=4 2 -4 -5 5 -7
leaf_value=-0.0015350188645014498 -0.00063429516579486536 0.0026828338066726162 -0.00044809217971541516 0.0011844271936156049 0.0016309547236792378 -0.0005744952779225391
leaf_weight=9680 3456 511 1217 880 4305 1455
leaf_count=9680 3456 511 1217 880 4305 1455
internal_value=-0.000104814 -0.0004893 0.00146154 -0.000808636 0.000407833 0.00105711
internal_weight=21504 12288 1728 10560 9216 5760
internal_count=21504 12288 1728 10560 9216 5760
is_linear=0
shrinkage=0.035


Tree=91
num_leaves=7
num_cat=0
split_feature=9 8 8 11 8 8
split_gain=3.05458 6.51298 5.96585 7.25873 4.29719 4.13615
threshold=1.9327777777777779 1.0000000180025095e-35 227.00111111111116 110.02619653547985 8.0066666666666695 468.73333333333341
decision_type=2 2 2 2 2 2
left_child=2 -2 3 -1 -3 -4
right_child=1 4 5 -5 -6 -7
leaf_value=0.00025266350767963068 -0.017226983230031512 0.0018842858948319827 -0.0039618286616749394 0.0053057261387461007 -0.00016956985985474559 0.0014539858617985558
leaf_weight=1034 1460 515 532 430 17513 20
leaf_count=1034 1460 515 532 430 17513 20
internal_value=-0.000109696 -0.000243882 0.00118691 0.00235563 -6.17347e-05 -0.00191139
internal_weight=21504 19488 2016 1464 18028 552
internal_count=21504 19488 2016 1464 18028 552
is_linear=0
shrinkage=0.035


Tree=92
num_leaves=7
num_cat=0
split_feature=3 6 11 6 8 7
split_gain=3.16662 6.17973 13.2605 5.88156 5.44131 10.3425
threshold=1.0000000180025095e-35 0.68301270189221941 82.718881560304723 -0.5 50.006666666666675 0.93301270189221952
decision_type=2 2 2 2 2 2
left_child=1 3 -3 -1 5 -2
right_child=4 2 -4 -5 -6 -7
leaf_value=-0.00022056388373106512 0.0017351781501801125 0.0026342331090851686 -0.0005149515496071233 -0.0027476057745113151 -8.7224136153618562e-05 0.0046019001034850555
leaf_weight=6720 2625 545 1183 3840 6539 52
leaf_count=6720 2625 545 1183 3840 6539 52
internal_value=-9.01659e-05 -0.000457971 0.00148178 -0.000775496 0.000400238 0.00172909
internal_weight=21504 12288 1728 10560 9216 2677
internal_count=21504 12288 1728 10560 9216 2677
is_linear=0
shrinkage=0.035


Tree=93
num_leaves=7
num_cat=0
split_feature=11 4 8 10 9 2
split_gain=2.84342 3.17229 4.06547 2.92524 4.52945 3.26072
threshold=9.816795633955623 -0.56174490092936669 1.0266666666666668 185.7438888888889 187.37944444444449 0.88144907265856365
decision_type=2 2 2 2 2 2
left_child=1 2 -1 4 -2 -5
right_child=3 -3 -4 5 -6 -7
leaf_value=0.0097272964926453671 -0.00024880079582111585 -0.0018101341267855633 0.0010771168909311248 0.00048137820975363316 -0.0047492076858498058 -0.0010790983284091704
leaf_weight=175 9125 129 14.999999999999998 8862 1966 1232
leaf_count=175 9125 129 15 8862 1966 1232
internal_value=-9.17934e-05 0.00318281 0.00604712 -0.00014125 -0.000533584 0.000289846
internal_weight=21504 319 190 21185 11091 10094
internal_count=21504 319 190 21185 11091 10094
is_linear=0
shrinkage=0.035


Tree=94
num_leaves=7
num_cat=0
split_feature=3 6 11 11 8 7
split_gain=3.0762 6.06938 12.7569 6.69285 4.83442 10.4667
threshold=1.0000000180025095e-35 0.68301270189221941 99.805553299361151 138.21694820063863 50.006666666666675 0.93301270189221952
decision_type=2 2 2 2 2 2
left_child=1 3 -3 -1 5 -2
right_child=4 2 -4 -5 -6 -7
leaf_value=-0.0014563292970225295 0.0016831549427775406 0.0024097251501045002 -0.0015289808533222706 0.0011397786855231829 -8.1862724842701103e-05 0.0044746272894409704
leaf_weight=9680 2625 938 790 880 6539 52
leaf_count=9680 2625 938 790 880 6539 52
internal_value=-9.83036e-05 -0.000460819 0.00146154 -0.000775496 0.000385049 0.0016376
internal_weight=21504 12288 1728 10560 9216 2677
internal_count=21504 12288 1728 10560 9216 2677
is_linear=0
shrinkage=0.035


Tree=95
num_leaves=7
num_cat=0
split_feature=7 10 3 6 4 9
split_gain=2.91714 10.0859 13.5267 2.55427 7.92053 3.65246
threshold=-0.68301270189221952 45.833968253968266 0.87837969732492682 1.0000000180025095e-35 -0.22252093395631442 293.09500000000008
decision_type=2 2 2 2 2 2
left_child=1 2 -1 5 -5 -2
right_child=3 -3 -4 4 -6 -7
leaf_value=-0.0049688062757855403 0.0005346280528850956 -0.015234414987554092 0.001886898853067214 0.00040870206032991055 -0.003752258421057135 -0.00073582199920079903
leaf_weight=118 10990 1072 58 2400 3168 3698
leaf_count=118 10990 1072 58 2400 3168 3698
internal_value=-9.01659e-05 -0.00173179 0.0060113 1.10571e-05 -0.000627223 0.000253046
internal_weight=21504 1248 176 20256 5568 14688
internal_count=21504 1248 176 20256 5568 14688
is_linear=0
shrinkage=0.035


Tree=96
num_leaves=7
num_cat=0
split_feature=3 10 10 10 11 10
split_gain=2.8194 5.8453 4.85844 4.82311 7.2534 6.63834
threshold=1.0000000180025095e-35 92.770714285714305 23.254285714285718 72.397142857142867 109.03964586611357 126.51476190476193
decision_type=2 2 2 2 2 2
left_child=1 2 -1 4 -2 -5
right_child=3 -3 -4 5 -6 -7
leaf_value=0.0010126830597489774 0.001046053659388025 -6.0003567593414082e-06 -0.0053060166591778176 -0.004756962673665566 0.00859078516145915 0.0004393510925595453
leaf_weight=281 1555 9272 2735 1446 125 6090
leaf_count=281 1555 9272 2735 1446 125 6090
internal_value=-9.6676e-05 -0.000443731 -0.0017819 0.000366062 0.00206127 -1.20746e-05
internal_weight=21504 12288 3016 9216 1680 7536
internal_count=21504 12288 3016 9216 1680 7536
is_linear=0
shrinkage=0.035


Tree=97
num_leaves=7
num_cat=0
split_feature=3 6 11 11 0 8
split_gain=2.72112 5.81833 12.3876 6.04177 4.89649 4.6481
threshold=1.0000000180025095e-35 0.68301270189221941 81.333794078421178 138.21694820063863 32.500000000000007 8.0066666666666695
decision_type=2 2 2 2 2 2
left_child=1 3 -3 -1 -2 -6
right_child=4 2 -4 -5 5 -7
leaf_value=-0.0013837475425806541 -0.00071095390194770138 0.0023981002907141353 -0.00043371439391093715 0.0011039289804823768 0.0048300594931994408 0.00044996816525084282
leaf_weight=9680 3168 511 1217 880 875 5173
leaf_count=9680 3168 511 1217 880 875 5173
internal_value=-9.99311e-05 -0.000440883 0.00144129 -0.000748983 0.00035467 0.000938501
internal_weight=21504 12288 1728 10560 9216 6048
internal_count=21504 12288 1728 10560 9216 6048
is_linear=0
shrinkage=0.035


Tree=98
num_leaves=7
num_cat=0
split_feature=7 3 11 8 9 10
split_gain=2.566 10.7442 14.4694 2.27493 6.89821 3.88917
threshold=-0.68301270189221952 0.87837969732492682 44.032080140547187 1.0000000180025095e-35 1.0000000180025095e-35 11.725158730158732
decision_type=2 2 2 2 2 2
left_child=1 -1 -3 4 -2 -5
right_child=3 2 -4 5 -6 -7
leaf_value=-0.014265608038521662 0.0055687324381286547 0.0018430107172276024 -0.00024551252343436001 0.0015352052688784408 -0.016317529688288843 6.0609741899336807e-05
leaf_weight=1056 469 55 137 45 1470 18272
leaf_count=1056 469 55 137 45 1470 18272
internal_value=-0.000108069 -0.00164772 0.00594819 -1.31321e-05 -0.00115284 0.000107571
internal_weight=21504 1248 192 20256 1939 18317
internal_count=21504 1248 192 20256 1939 18317
is_linear=0
shrinkage=0.035


Tree=99
num_leaves=7
num_cat=0
split_feature=3 10 8 0 6 8
split_gain=2.76677 5.84712 4.27503 4.25974 4.72929 3.41325
threshold=1.0000000180025095e-35 92.770714285714305 20.423888888888893 33.500000000000007 -0.93301270189221908 409.98000000000008
decision_type=2 2 2 2 2 2
left_child=1 5 -3 -2 -5 -1
right_child=3 2 -4 4 -6 -7
leaf_value=-0.0036640600053923955 -0.00066368658911795822 -0.01342039102305875 9.4370469701706084e-05 0.0050847122631705452 0.00030929623835844304 0.0029041276571715362
leaf_weight=2989 3264 414 8858 930 5022 27
leaf_count=2989 3264 414 8858 930 5022 27
internal_value=-0.000111324 -0.000455123 -1.96277e-05 0.000347075 0.000904249 -0.0017935
internal_weight=21504 12288 9272 9216 5952 3016
internal_count=21504 12288 9272 9216 5952 3016
is_linear=0
shrinkage=0.035


Tree=100
num_leaves=7
num_cat=0
split_feature=7 3 11 6 4 9
split_gain=2.60411 10.2371 14.7017 2.26496 7.5111 3.31413
threshold=-0.68301270189221952 0.87837969732492682 42.11816961857533 1.0000000180025095e-35 -0.22252093395631442 293.09500000000008
decision_type=2 2 2 2 2 2
left_child=1 -1 -3 5 -5 -2
right_child=3 2 -4 4 -6 -7
leaf_value=-0.013714056172373838 0.00055041447109978477 0.0018367336813072612 0.00022449718996042647 0.00037208707451903082 -0.0036433077713586308 -0.00070251326493289982
leaf_weight=1056 10990 41 151 2400 3168 3698
leaf_count=1056 10990 41 151 2400 3168 3698
internal_value=-9.6676e-05 -0.00164772 0.00576684 -1.03751e-06 -0.000602084 0.000226836
internal_weight=21504 1248 192 20256 5568 14688
internal_count=21504 1248 192 20256 5568 14688
is_linear=0
shrinkage=0.035


Tree=101
num_leaves=7
num_cat=0
split_feature=7 3 11 6 4 9
split_gain=2.56058 9.7423 14.9945 2.11596 7.01088 3.09194
threshold=-0.68301270189221952 0.87837969732492682 42.11816961857533 1.0000000180025095e-35 -0.22252093395631442 293.09500000000008
decision_type=2 2 2 2 2 2
left_child=1 -1 -3 5 -5 -2
right_child=3 2 -4 4 -6 -7
leaf_value=-0.013234064206340759 0.00053114996461129478 0.0017724480024614933 0.00021663978831180765 0.00035906402691087471 -0.003515791999361069 -0.00067792530066023771
leaf_weight=1056 10990 41 151 2400 3168 3698
leaf_count=1056 10990 41 151 2400 3168 3698
internal_value=-0.000109696 -0.00164772 0.00558549 -1.48599e-05 -0.000595799 0.000205391
internal_weight=21504 1248 192 20256 5568 14688
internal_count=21504 1248 192 20256 5568 14688
is_linear=0
shrinkage=0.035


Tree=102
num_leaves=7
num_cat=0
split_feature=3 6 11 6 8 7
split_gain=2.5738 5.74622 12.1352 4.80235 4.30961 8.1024
threshold=1.0000000180025095e-35 0.68301270189221941 82.718881560304723 1.0000000180025095e-35 50.006666666666675 0.93301270189221952
decision_type=2 2 2 2 2 2
left_child=1 3 -3 -1 5 -2
right_child=4 2 -4 -5 -6 -7
leaf_value=-0.00051062521599526964 0.0015961732586430226 0.0024853822267584275 -0.00038471949907670358 -0.0056908372001591989 -0.00013267477756486327 0.0042173757138772869
leaf_weight=9024 2625 545 1183 1536 6539 52
leaf_count=9024 2625 545 1183 1536 6539 52
internal_value=-0.000117834 -0.000449427 0.00142105 -0.000755611 0.000324291 0.00150691
internal_weight=21504 12288 1728 10560 9216 2677
internal_count=21504 12288 1728 10560 9216 2677
is_linear=0
shrinkage=0.035


Tree=103
num_leaves=7
num_cat=0
split_feature=7 3 11 6 4 9
split_gain=2.61625 9.33335 13.9561 2.08633 6.64762 2.94277
threshold=-0.68301270189221952 0.87837969732492682 42.11816961857533 1.0000000180025095e-35 -0.22252093395631442 293.09500000000008
decision_type=2 2 2 2 2 2
left_child=1 -1 -3 5 -5 -2
right_child=3 2 -4 4 -6 -7
leaf_value=-0.012789870904607552 0.00049184122854210258 0.0016545462583228245 0.00015319133166837419 0.0003228661715430281 -0.0033880956621686401 -0.00064697795519890605
leaf_weight=1056 10990 41 151 2400 3168 3698
leaf_count=1056 10990 41 151 2400 3168 3698
internal_value=-0.000121089 -0.00167574 0.00540414 -2.52267e-05 -0.000602084 0.000193477
internal_weight=21504 1248 192 20256 5568 14688
internal_count=21504 1248 192 20256 5568 14688
is_linear=0
shrinkage=0.035


Tree=104
num_leaves=7
num_cat=0
split_feature=7 10 3 8 9 10
split_gain=3.26893 7.23865 7.68817 2.08007 5.21411 3.90381
threshold=-0.68301270189221952 43.292777777777793 0.87837969732492682 1.0000000180025095e-35 1.9327777777777779 11.725158730158732
decision_type=2 2 2 2 2 2
left_child=1 2 -1 4 -2 -5
right_child=3 -3 -4 5 -6 -7
leaf_value=-0.0029283064120297735 0.005118352527591582 -0.011894896741462843 0.001418226996898966 0.0015725178689674087 -0.015759673678308012 5.2803525226025814e-05
leaf_weight=92 479 1112 44 45 1460 18272
leaf_count=92 479 1112 44 45 1460 18272
internal_value=-0.000134109 -0.0018719 0.00572263 -2.69545e-05 -0.00111675 8.84641e-05
internal_weight=21504 1248 136 20256 1939 18317
internal_count=21504 1248 136 20256 1939 18317
is_linear=0
shrinkage=0.035


Tree=105
num_leaves=7
num_cat=0
split_feature=3 8 6 11 10 11
split_gain=2.61183 5.65071 5.45279 4.61119 4.08957 7.59434
threshold=1.0000000180025095e-35 21.935000000000006 0.68301270189221941 32.865737840168663 72.397142857142867 109.03964586611357
decision_type=2 2 2 2 2 2
left_child=1 3 -3 -1 5 -2
right_child=4 2 -4 -5 -6 -7
leaf_value=0.0010514108276519886 0.0012177758040555499 -0.00057569983070409649 0.0010250416804360595 -0.014486384584430564 -3.6151507950847535e-05 0.008330889010509086
leaf_weight=283 1555 9034 1606 1365 7536 125
leaf_count=283 1555 9034 1606 1365 7536 125
internal_value=-0.000132482 -0.000466516 -0.000171037 -0.00237295 0.000312899 0.00187388
internal_weight=21504 12288 10640 1648 9216 1680
internal_count=21504 12288 10640 1648 9216 1680
is_linear=0
shrinkage=0.035


Tree=106
num_leaves=7
num_cat=0
split_feature=7 3 11 8 3 10
split_gain=2.64371 9.33335 12.5179 2.26116 4.64923 3.89209
threshold=-0.68301270189221952 0.87837969732492682 41.091655345691883 1.0000000180025095e-35 1.0000000180025095e-35 11.725158730158732
decision_type=2 2 2 2 2 2
left_child=1 -1 -3 4 -2 -5
right_child=3 2 -4 5 -6 -7
leaf_value=-0.011937141945434009 -0.010126863285955637 0.0015477057716620692 0.00044239439414578646 0.0015148496286694502 0.00097587963303212447 6.4679167377623611e-05
leaf_weight=1056 1077 39 153 45 862 18272
leaf_count=1056 1077 39 153 45 862 18272
internal_value=-0.000112951 -0.00167574 0.00540414 -1.65877e-05 -0.00115284 0.00010375
internal_weight=21504 1248 192 20256 1939 18317
internal_count=21504 1248 192 20256 1939 18317
is_linear=0
shrinkage=0.035


Tree=107
num_leaves=7
num_cat=0
split_feature=7 3 11 8 9 8
split_gain=2.566 9.25972 12.5179 1.92907 5.03747 3.49232
threshold=-0.68301270189221952 0.87837969732492682 41.091655345691883 1.0000000180025095e-35 1.9327777777777779 87.89500000000001
decision_type=2 2 2 2 2 2
left_child=1 -1 -3 4 -2 -5
right_child=3 2 -4 5 -6 -7
leaf_value=-0.01151934197734383 0.0048126432936205906 0.0014935360696539002 0.0004269105903506976 0.0010605393490204606 -0.014594910190472453 -0.00016701339783356002
leaf_weight=1056 479 39 153 4649 1460 13668
leaf_count=1056 479 39 153 4649 1460 13668
internal_value=-0.000108069 -0.00164772 0.00540414 -1.31321e-05 -0.00106263 9.80175e-05
internal_weight=21504 1248 192 20256 1939 18317
internal_count=21504 1248 192 20256 1939 18317
is_linear=0
shrinkage=0.035


Tree=108
num_leaves=7
num_cat=0
split_feature=7 3 11 8 3 8
split_gain=2.55516 9.25972 12.5179 2.11983 3.91467 3.35078
threshold=-0.68301270189221952 0.87837969732492682 41.091655345691883 1.0000000180025095e-35 1.0000000180025095e-35 87.89500000000001
decision_type=2 2 2 2 2 2
left_child=1 -1 -3 4 -2 -5
right_child=3 2 -4 5 -6 -7
leaf_value=-0.011116165008136787 -0.009667198832259763 0.0014412623072160269 0.00041196871968842254 0.0010234204718047469 0.001254683678116645 -0.000161167928909394
leaf_weight=1056 1077 39 153 4649 862 13668
leaf_count=1056 1077 39 153 4649 862 13668
internal_value=-0.000111324 -0.00164772 0.00540414 -1.65877e-05 -0.00111675 9.99282e-05
internal_weight=21504 1248 192 20256 1939 18317
internal_count=21504 1248 192 20256 1939 18317
is_linear=0
shrinkage=0.035


Tree=109
num_leaves=7
num_cat=0
split_feature=7 3 11 10 8 4
split_gain=2.51624 8.71794 11.8541 2.36903 2.90786 1.6271
threshold=-0.68301270189221952 0.87837969732492682 79.707077029561859 1.0000000180025095e-35 1.0000000180025095e-35 -0.22252093395631442
decision_type=2 2 2 2 2 2
left_child=1 -1 -3 5 -5 -2
right_child=3 2 -4 4 -6 -7
leaf_value=-0.010727099232852014 0.0076454918487829033 0.0011660851745907942 -0.015262550336087907 -0.0084125348363742504 6.1272360968805714e-05 -0.18807110263170512
leaf_weight=1056 200 96 96 1704 18317 35
leaf_count=1056 200 96 96 1704 18317 35
internal_value=-9.50485e-05 -0.0016197 0.0052228 -1.03751e-06 -4.21295e-05 0.00348517
internal_weight=21504 1248 192 20256 20021 235
internal_count=21504 1248 192 20256 20021 235
is_linear=0
shrinkage=0.035


Tree=110
num_leaves=7
num_cat=0
split_feature=7 3 11 6 4 9
split_gain=2.62053 8.33132 11.7932 1.9819 6.64523 2.97664
threshold=-0.68301270189221952 0.87837969732492682 41.091655345691883 1.0000000180025095e-35 -0.22252093395631442 293.09500000000008
decision_type=2 2 2 2 2 2
left_child=1 -1 -3 5 -5 -2
right_child=3 2 -4 4 -6 -7
leaf_value=-0.010351650759702182 0.00053600827923826156 0.0013500051453528084 0.00035673683338866891 0.00030109587897264172 -0.0032664006454267282 -0.00066273685211935894
leaf_weight=1056 10990 39 153 2400 3168 3698
leaf_count=1056 10990 39 153 2400 3168 3698
internal_value=-9.17934e-05 -0.00164772 0.00504145 4.14588e-06 -0.00055809 0.000217305
internal_weight=21504 1248 192 20256 5568 14688
internal_count=21504 1248 192 20256 5568 14688
is_linear=0
shrinkage=0.035


Tree=111
num_leaves=7
num_cat=0
split_feature=7 3 11 6 4 9
split_gain=2.63151 7.88551 10.888 1.87483 6.32921 2.76718
threshold=-0.68301270189221952 0.87837969732492682 79.707077029561859 1.0000000180025095e-35 -0.22252093395631442 293.09500000000008
decision_type=2 2 2 2 2 2
left_child=1 -1 -3 5 -5 -2
right_child=3 2 -4 4 -6 -7
leaf_value=-0.0099893429831126087 0.00051724798946492967 0.0010843714275007837 -0.014740846863493452 0.0002905575232085991 -0.0031520766228367815 -0.00063954106229519253
leaf_weight=1056 10990 96 96 2400 3168 3698
leaf_count=1056 10990 96 96 2400 3168 3698
internal_value=-8.85384e-05 -0.00164772 0.0048601 7.60148e-06 -0.000539236 0.000214922
internal_weight=21504 1248 192 20256 5568 14688
internal_count=21504 1248 192 20256 5568 14688
is_linear=0
shrinkage=0.035


Tree=112
num_leaves=7
num_cat=0
split_feature=7 3 11 6 4 9
split_gain=2.65473 7.51801 10.4204 1.38227 5.81211 2.44288
threshold=-0.68301270189221952 0.87837969732492682 79.707077029561859 1.0000000180025095e-35 -0.22252093395631442 293.09500000000008
decision_type=2 2 2 2 2 2
left_child=1 -1 -3 5 -5 -2
right_child=3 2 -4 4 -6 -7
leaf_value=-0.0096397159787036512 0.00049914430983366012 0.0010464184275382543 -0.014224917223271171 0.00028038800989629766 -0.0030417539410374861 -0.00061715712511486672
leaf_weight=1056 10990 96 96 2400 3168 3698
leaf_count=1056 10990 96 96 2400 3168 3698
internal_value=-0.000109696 -0.00167574 0.00467876 -1.31321e-05 -0.000482673 0.000164884
internal_weight=21504 1248 192 20256 5568 14688
internal_count=21504 1248 192 20256 5568 14688
is_linear=0
shrinkage=0.035


Tree=113
num_leaves=7
num_cat=0
split_feature=7 11 3 10 11 10
split_gain=2.51203 7.40441 9.89767 1.35793 5.08508 2.38058
threshold=-0.68301270189221952 49.727811085223443 0.87837969732492682 372.22809523809525 97.761488284300185 334.48174603174607
decision_type=2 2 2 2 2 2
left_child=1 2 -1 5 -5 -2
right_child=3 -3 -4 4 -6 -7
leaf_value=-0.0007633849598807441 4.7394222043964245e-06 -0.012730203838665573 0.0010109295487904938 -0.00081945969492232436 0.0014453089553581667 -0.0016478590730273383
leaf_weight=262 19260 895 91 255 77 664
leaf_count=262 19260 895 91 255 77 664
internal_value=-0.000124344 -0.00164772 0.00263983 -3.04101e-05 0.00218619 -6.74538e-05
internal_weight=21504 1248 353 20256 332 19924
internal_count=21504 1248 353 20256 332 19924
is_linear=0
shrinkage=0.035


Tree=114
num_leaves=7
num_cat=0
split_feature=7 11 3 10 11 10
split_gain=2.59984 6.5051 8.27697 1.35793 5.08508 2.38058
threshold=-0.68301270189221952 49.727811085223443 0.87837969732492682 372.22809523809525 97.761488284300185 334.48174603174607
decision_type=2 2 2 2 2 2
left_child=1 2 -1 5 -5 -2
right_child=3 -3 -4 4 -6 -7
leaf_value=-0.00073666648628491151 4.5735424272555373e-06 -0.012284646704312284 0.00097554701458281629 -0.0007907786056000533 0.0013947231419206175 -0.0015901840054713893
leaf_weight=262 19260 895 91 255 77 664
leaf_count=262 19260 895 91 255 77 664
internal_value=-0.000125972 -0.00167574 0.00234322 -3.04101e-05 0.00218619 -6.74538e-05
internal_weight=21504 1248 353 20256 332 19924
internal_count=21504 1248 353 20256 332 19924
is_linear=0
shrinkage=0.035


Tree=115
num_leaves=7
num_cat=0
split_feature=7 11 3 10 11 10
split_gain=2.77997 6.05389 7.39566 1.35793 5.08508 2.38058
threshold=-0.68301270189221952 49.727811085223443 0.6078576107927941 372.22809523809525 97.761488284300185 334.48174603174607
decision_type=2 2 2 2 2 2
left_child=1 2 -1 5 -5 -2
right_child=3 -3 -4 4 -6 -7
leaf_value=-0.019506893722917938 4.4134684422949977e-06 -0.011854684069661345 0.0032026091146250971 -0.00076310135440405891 0.0013459078319533859 -0.0015345275652798866
leaf_weight=171 19260 895 182 255 77 664
leaf_count=171 19260 895 182 255 77 664
internal_value=-0.000129227 -0.00173179 0.00214548 -3.04101e-05 0.00218619 -6.74538e-05
internal_weight=21504 1248 353 20256 332 19924
internal_count=21504 1248 353 20256 332 19924
is_linear=0
shrinkage=0.035


Tree=116
num_leaves=7
num_cat=0
split_feature=7 11 3 10 11 10
split_gain=2.96614 5.61887 6.30241 1.35793 5.08508 2.38058
threshold=-0.68301270189221952 49.727811085223443 0.6078576107927941 372.22809523809525 97.761488284300185 334.48174603174607
decision_type=2 2 2 2 2 2
left_child=1 2 -1 5 -5 -2
right_child=3 -3 -4 4 -6 -7
leaf_value=-0.018824152442615819 4.2589970468156926e-06 -0.011439770127223213 0.0030905177956132104 -0.00073639280699991708 0.0012988010578350196 -0.0014808191004950925
leaf_weight=171 19260 895 182 255 77 664
leaf_count=171 19260 895 182 255 77 664
internal_value=-0.000132482 -0.00178783 0.00194774 -3.04101e-05 0.00218619 -6.74538e-05
internal_weight=21504 1248 353 20256 332 19924
internal_count=21504 1248 353 20256 332 19924
is_linear=0
shrinkage=0.035


Tree=117
num_leaves=7
num_cat=0
split_feature=7 11 3 6 6 9
split_gain=3.15232 4.66696 5.17194 1.34464 5.66399 2.29924
threshold=-0.68301270189221952 50.566604432496945 0.6078576107927941 1.0000000180025095e-35 0.68301270189221941 320.86666666666673
decision_type=2 2 2 2 2 2
left_child=1 2 -1 5 -5 -2
right_child=3 -3 -4 4 -6 -7
leaf_value=-0.017570417965175236 0.00044113770119086256 -0.011191327361508093 0.0029334333212299281 -0.0028350238061641037 0.00032903280777606836 -0.00065631932006772074
leaf_weight=181 11648 883 184 2688 2880 3040
leaf_count=181 11648 883 184 2688 2880 3040
internal_value=-0.000137364 -0.00184388 0.00148224 -3.21379e-05 -0.000495242 0.00014344
internal_weight=21504 1248 365 20256 5568 14688
internal_count=21504 1248 365 20256 5568 14688
is_linear=0
shrinkage=0.035


Tree=118
num_leaves=7
num_cat=0
split_feature=7 10 3 8 9 8
split_gain=3.24449 4.22928 4.26353 1.31467 3.94303 3.35014
threshold=-0.68301270189221952 43.292777777777793 0.6078576107927941 1.0000000180025095e-35 3.0111111111111115 50.006666666666675
decision_type=2 2 2 2 2 2
left_child=1 2 -1 4 -2 -5
right_child=3 -3 -4 5 -6 -7
leaf_value=-0.04925641720941927 0.0045533120155988793 -0.0075921063955540335 0.0046392072770290232 0.0023689468082869589 -0.013769334274948778 -9.3147605070208748e-05
leaf_weight=56 506 1112 80 2602 1433 15715
leaf_count=56 506 1112 80 2602 1433 15715
internal_value=-0.000140619 -0.0018719 0.00393431 -3.38657e-05 -0.000900259 5.7893e-05
internal_weight=21504 1248 136 20256 1939 18317
internal_count=21504 1248 136 20256 1939 18317
is_linear=0
shrinkage=0.035


Tree=119
num_leaves=7
num_cat=0
split_feature=7 11 3 8 3 8
split_gain=2.6339 5.37347 6.15591 1.43982 3.22498 2.95292
threshold=-0.68301270189221952 50.566604432496945 0.6078576107927941 1.0000000180025095e-35 1.0000000180025095e-35 50.006666666666675
decision_type=2 2 2 2 2 2
left_child=1 2 -1 4 -2 -5
right_child=3 -3 -4 5 -6 -7
leaf_value=-0.016689729612549692 -0.0089523147418725177 -0.010533907180010915 0.0030964868788312797 0.0022860336699969284 0.001874699391738492 -8.9887438892756463e-05
leaf_weight=181 1077 883 184 2602 862 15715
leaf_count=181 1077 883 184 2602 862 15715
internal_value=-0.000143874 -0.00170376 0.00186475 -4.76881e-05 -0.000954382 4.83396e-05
internal_weight=21504 1248 365 20256 1939 18317
internal_count=21504 1248 365 20256 1939 18317
is_linear=0
shrinkage=0.035


end of trees

feature_importances:
same_slot_mean_2_8d=136
same_slot_std_2_8d=105
lag_7d=96
month_cos=80
month_sin=77
lag_2d=77
dow_sin=76
dow_cos=30
slot_cos=23
slot=13
slot_sin=7

parameters:
[boosting: gbdt]
[objective: quantile]
[metric: quantile]
[tree_learner: serial]
[device_type: cpu]
[data_sample_strategy: bagging]
[data: ]
[valid: ]
[num_iterations: 120]
[learning_rate: 0.035]
[num_leaves: 7]
[num_threads: 1]
[seed: 20260901]
[deterministic: 1]
[force_col_wise: 0]
[force_row_wise: 0]
[histogram_pool_size: -1]
[max_depth: 3]
[min_data_in_leaf: 12]
[min_sum_hessian_in_leaf: 0.001]
[bagging_fraction: 1]
[pos_bagging_fraction: 1]
[neg_bagging_fraction: 1]
[bagging_freq: 0]
[bagging_seed: 12992]
[bagging_by_query: 0]
[feature_fraction: 1]
[feature_fraction_bynode: 1]
[feature_fraction_seed: 30141]
[extra_trees: 0]
[extra_seed: 31421]
[early_stopping_round: 0]
[early_stopping_min_delta: 0]
[first_metric_only: 0]
[max_delta_step: 0]
[lambda_l1: 0]
[lambda_l2: 1]
[linear_lambda: 0]
[min_gain_to_split: 0]
[drop_rate: 0.1]
[max_drop: 50]
[skip_drop: 0.5]
[xgboost_dart_mode: 0]
[uniform_drop: 0]
[drop_seed: 11049]
[top_rate: 0.2]
[other_rate: 0.1]
[min_data_per_group: 100]
[max_cat_threshold: 32]
[cat_l2: 10]
[cat_smooth: 10]
[max_cat_to_onehot: 4]
[top_k: 20]
[monotone_constraints: ]
[monotone_constraints_method: basic]
[monotone_penalty: 0]
[feature_contri: ]
[forcedsplits_filename: ]
[refit_decay_rate: 0.9]
[cegb_tradeoff: 1]
[cegb_penalty_split: 0]
[cegb_penalty_feature_lazy: ]
[cegb_penalty_feature_coupled: ]
[path_smooth: 0]
[interaction_constraints: ]
[verbosity: -1]
[saved_feature_importance_type: 0]
[use_quantized_grad: 0]
[num_grad_quant_bins: 4]
[quant_train_renew_leaf: 0]
[stochastic_rounding: 1]
[linear_tree: 0]
[max_bin: 255]
[max_bin_by_feature: ]
[min_data_in_bin: 3]
[bin_construct_sample_cnt: 200000]
[data_random_seed: 5023]
[is_enable_sparse: 1]
[enable_bundle: 1]
[use_missing: 1]
[zero_as_missing: 0]
[feature_pre_filter: 1]
[pre_partition: 0]
[two_round: 0]
[header: 0]
[label_column: ]
[weight_column: ]
[group_column: ]
[ignore_column: ]
[categorical_feature: ]
[forcedbins_filename: ]
[precise_float_parser: 0]
[parser_config_file: ]
[objective_seed: 6921]
[num_class: 1]
[is_unbalance: 0]
[scale_pos_weight: 1]
[sigmoid: 1]
[boost_from_average: 1]
[reg_sqrt: 0]
[alpha: 0.9]
[fair_c: 1]
[poisson_max_delta_step: 0.7]
[tweedie_variance_power: 1.5]
[lambdarank_truncation_level: 30]
[lambdarank_norm: 1]
[label_gain: ]
[lambdarank_position_bias_regularization: 0]
[eval_at: ]
[multi_error_top_k: 1]
[auc_mu_weights: ]
[num_machines: 1]
[local_listen_port: 12400]
[time_out: 120]
[machine_list_filename: ]
[machines: ]
[gpu_platform_id: -1]
[gpu_device_id: -1]
[gpu_use_dp: 0]
[num_gpu: 1]

end of parameters

pandas_categorical:[]
