tree
version=v4
num_class=1
num_tree_per_iteration=1
label_index=0
max_feature_idx=11
objective=quantile
feature_names=slot slot_sin slot_cos dow_sin dow_cos weekend month_sin month_cos lag_2d lag_7d same_slot_mean_2_8d same_slot_std_2_8d
feature_infos=[0:95] [-1:1] [-1:1] [-0.97492791218182362:0.97492791218182362] [-0.90096886790241903:1] [0:1] [-1:0.8660254037844386] [-0.86602540378443882:1] [381.44581147213773:2892.1969875462651] [381.44581147213773:2892.1969875462651] [667.40836824075052:2799.3812308422353] [10.169260040126204:1092.8236665517263]
tree_sizes=733 778 781 779 781 780 780 780 781 783 781 785 787 786 786 786 786 786 785 787 790 790 785 789 780 773 784 786 779 787 779 783 776 787 787 785 789 790 790 792 785 796 788 792 790 796 798 789 799 800 797 800 787 789 787 801 801 796 798 795 784 791 797 791 790 788 793 792 791 789 787 795 790 788 775 610 614 614 715 702 698 699 701 701 701 700 700 696 694 796 798 794 773 787 802 795 794 790 794 782 791 780 789 791 791 803 793 797 789 793 789 794 794 795 795 788 797 798 791 803

Tree=0
num_leaves=7
num_cat=0
split_feature=8 10 11 10 9 8
split_gain=372.152 112.396 106.827 88.5449 33.7448 15.7965
threshold=1223.2919822555366 2307.7840182542141 253.35946439271711 1580.4964585668083 2235.2982207764294 2537.7631595673984
decision_type=2 2 2 2 2 2
left_child=3 2 -2 4 -1 -3
right_child=1 5 -4 -5 -6 -7
leaf_value=7.5992611866223987 7.5929259348591778 7.6393311992434185 7.6275509562641535 7.5889365410827994 7.6389381861727532 7.6436744494687154
leaf_weight=92 376 6209 2344 571 217 10430
leaf_count=92 376 6209 2344 571 217 10430
internal_value=7.63877 7.63978 7.63319 7.61652 7.63165 7.64086
internal_weight=20239 19359 2720 880 309 16639
internal_count=20239 19359 2720 880 309 16639
is_linear=0
shrinkage=1


Tree=1
num_leaves=7
num_cat=0
split_feature=8 10 11 10 9 8
split_gain=370.594 100.201 111.813 88.9434 32.7444 15.641
threshold=1223.2919822555366 2307.7840182542141 253.35946439271711 1580.4964585668083 2235.2982207764294 2537.7631595673984
decision_type=2 2 2 2 2 2
left_child=3 2 -2 4 -1 -3
right_child=1 5 -4 -5 -6 -7
leaf_value=-0.038127945334495379 -0.044241463286003563 0.00053961684478943896 -0.010828317630201553 -0.048091228280208238 0.00016035923159692268 0.004730853312200676
leaf_weight=92 376 6209 2344 571 217 10430
leaf_count=92 376 6209 2344 571 217 10430
internal_value=3.26829e-05 0.00104295 -0.00518376 -0.022168 -0.00701129 0.00206109
internal_weight=20239 19359 2720 880 309 16639
internal_count=20239 19359 2720 880 309 16639
is_linear=0
shrinkage=0.035


Tree=2
num_leaves=7
num_cat=0
split_feature=8 10 11 10 9 8
split_gain=366.913 94.2002 114.266 87.5474 31.3414 15.5333
threshold=1223.2919822555366 2307.7840182542141 253.35946439271711 1580.4964585668083 2235.2982207764294 2537.7631595673984
decision_type=2 2 2 2 2 2
left_child=3 2 -2 4 -1 -3
right_child=1 5 -4 -5 -6 -7
leaf_value=-0.036793467247788043 -0.042693012070993436 0.00052073025522181293 -0.010449326513144506 -0.046408035290400947 0.00015474665849104065 0.0045652734462736481
leaf_weight=92 376 6209 2344 571 217 10430
leaf_count=92 376 6209 2344 571 217 10430
internal_value=4.13292e-05 0.00104657 -0.00499081 -0.0220488 -0.00701129 0.00203374
internal_weight=20239 19359 2720 880 309 16639
internal_count=20239 19359 2720 880 309 16639
is_linear=0
shrinkage=0.035


Tree=3
num_leaves=7
num_cat=0
split_feature=8 10 11 10 9 8
split_gain=359.665 89.8174 113.772 79.9694 29.709 15.3296
threshold=1085.3770108041806 2298.8580382991418 211.01578698155095 1542.6519837073868 2235.2982207764294 2537.7631595673984
decision_type=2 2 2 2 2 2
left_child=3 2 -2 4 -1 -3
right_child=1 5 -4 -5 -6 -7
leaf_value=-0.035280991170924453 -0.04336384130847222 0.00049541167972133148 -0.016235019454944537 -0.044828064150076591 0.00064188185363672995 0.0044248834960169429
leaf_weight=80 208 6255 2512 552 168 10464
leaf_count=80 208 6255 2512 552 168 10464
internal_value=8.80189e-05 0.00103506 -0.00486218 -0.0228964 -0.00635341 0.00199471
internal_weight=20239 19439 2720 800 248 16719
internal_count=20239 19439 2720 800 248 16719
is_linear=0
shrinkage=0.035


Tree=4
num_leaves=7
num_cat=0
split_feature=8 10 11 10 9 8
split_gain=355.467 81.5161 105.103 78.7046 29.709 14.8668
threshold=1085.3770108041806 2298.8580382991418 350.27496885036834 1542.6519837073868 2235.2982207764294 2537.7631595673984
decision_type=2 2 2 2 2 2
left_child=3 2 -2 4 -1 -3
right_child=1 5 -4 -5 -6 -7
leaf_value=-0.034046156479942108 -0.044666059531668231 0.00047807227093108476 -0.0088708135970636988 -0.043259081904823929 0.00061941598875943089 0.0042700125736563482
leaf_weight=80 518 6255 2202 552 168 10464
leaf_count=80 518 6255 2202 552 168 10464
internal_value=8.45604e-05 0.00102605 -0.00459206 -0.0227653 -0.00635341 0.00194028
internal_weight=20239 19439 2720 800 248 16719
internal_count=20239 19439 2720 800 248 16719
is_linear=0
shrinkage=0.035


Tree=5
num_leaves=7
num_cat=0
split_feature=8 10 10 11 9 8
split_gain=343.178 76.3017 73.5795 98.3065 28.7223 14.2246
threshold=1085.3770108041806 1542.6519837073868 2292.6380072958214 324.30048017794849 2235.2982207764294 2535.5258267012091
decision_type=2 2 2 2 2 2
left_child=1 4 3 -2 -1 -4
right_child=2 -3 5 -5 -6 -7
leaf_value=-0.032854541003144139 -0.040315135284129187 -0.04174501403815508 0.00038353440286680311 -0.0089899110349658251 0.00059773642915285309 0.0041334046311769694
leaf_weight=80 428 552 6223 2212 168 10576
leaf_count=80 428 552 6223 2212 168 10576
internal_value=7.93727e-05 -0.022372 0.00100445 -0.00442635 -0.00621285 0.00185813
internal_weight=20239 800 19439 2640 248 16799
internal_count=20239 800 19439 2640 248 16799
is_linear=0
shrinkage=0.035


Tree=6
num_leaves=7
num_cat=0
split_feature=8 10 10 11 9 8
split_gain=331.832 73.936 65.1034 129.791 27.7524 14.8073
threshold=1085.3770108041806 1542.6519837073868 2260.5569565767623 301.8986789880999 2235.2982207764294 2535.5258267012091
decision_type=2 2 2 2 2 2
left_child=1 4 3 -2 -1 -4
right_child=2 -3 5 -5 -6 -7
leaf_value=-0.031704632068034103 -0.041161355163528916 -0.040283938546819643 0.00029956819520426064 -0.0086995871299222049 0.00057681565413249204 0.0040286044547787414
leaf_weight=80 261 552 6349 2139 168 10690
leaf_count=80 261 552 6349 2139 168 10690
internal_value=9.83944e-05 -0.0219788 0.00100805 -0.00438775 -0.00607229 0.00176828
internal_weight=20239 800 19439 2400 248 17039
internal_count=20239 800 19439 2400 248 17039
is_linear=0
shrinkage=0.035


Tree=7
num_leaves=7
num_cat=0
split_feature=8 10 10 11 9 8
split_gain=329.587 74.8477 60.8327 118.264 26.799 13.8708
threshold=1085.3770108041806 1542.6519837073868 2260.5569565767623 301.8986789880999 2235.2982207764294 2535.5258267012091
decision_type=2 2 2 2 2 2
left_child=1 4 3 -2 -1 -4
right_child=2 -3 5 -5 -6 -7
leaf_value=-0.030594969945652917 -0.039720707732805415 -0.038874000697680967 0.00028908330837212675 -0.0083951015803749186 0.00055662710623785919 0.003887603298861491
leaf_weight=80 261 552 6349 2139 168 10690
leaf_count=80 261 552 6349 2139 168 10690
internal_value=6.72679e-05 -0.0219351 0.000973843 -0.00424198 -0.00593173 0.00170871
internal_weight=20239 800 19439 2400 248 17039
internal_count=20239 800 19439 2400 248 17039
is_linear=0
shrinkage=0.035


Tree=8
num_leaves=7
num_cat=0
split_feature=8 10 10 11 9 8
split_gain=327.026 76.6877 53.7511 116.581 25.1515 13.4358
threshold=1085.3770108041806 1542.6519837073868 2242.3011901644782 301.8986789880999 2213.6617160711849 2535.5258267012091
decision_type=2 2 2 2 2 2
left_child=1 4 3 -2 -1 -4
right_child=2 -3 5 -5 -6 -7
leaf_value=-0.029532877839726208 -0.038318858865892029 -0.037513410673262138 0.00027050946787105515 -0.0081073078914723918 0.00052160741881872145 0.0037548900612262019
leaf_weight=77 216 552 6410 2104 171 10709
leaf_count=77 216 552 6410 2104 171 10709
internal_value=6.89972e-05 -0.0218477 0.000972042 -0.00402628 -0.0056506 0.00164962
internal_weight=20239 800 19439 2320 248 17119
internal_count=20239 800 19439 2320 248 17119
is_linear=0
shrinkage=0.035


Tree=9
num_leaves=7
num_cat=0
split_feature=8 10 10 11 9 6
split_gain=317.199 73.8137 51.9418 117.013 23.8002 14.0453
threshold=1085.3770108041806 1542.6519837073868 2242.3011901644782 301.8986789880999 2213.6617160711849 -1.0000000180025095e-35
decision_type=2 2 2 2 2 2
left_child=1 4 3 -2 -1 -4
right_child=2 -3 5 -5 -6 -7
leaf_value=-0.028499227115335802 -0.036977698805585824 -0.036200441299697961 0.00031124691858374238 -0.007823552115270865 0.00050335115916007929 0.0041821015979118638
leaf_weight=77 216 552 8611 2104 171 8508
leaf_count=77 216 552 8611 2104 171 8508
internal_value=4.30584e-05 -0.0215418 0.000932433 -0.00398104 -0.0056506 0.00159851
internal_weight=20239 800 19439 2320 248 17119
internal_count=20239 800 19439 2320 248 17119
is_linear=0
shrinkage=0.035


Tree=10
num_leaves=7
num_cat=0
split_feature=8 10 10 11 9 6
split_gain=307.208 71.888 50.839 117.446 22.8934 14.3308
threshold=1085.3770108041806 1542.6519837073868 2242.3011901644782 301.8986789880999 2213.6617160711849 -1.0000000180025095e-35
decision_type=2 2 2 2 2 2
left_child=1 4 3 -2 -1 -4
right_child=2 -3 5 -5 -6 -7
leaf_value=-0.027501754166299061 -0.035683479347390308 -0.03493342585420852 0.00030035327643332659 -0.0075497277912363811 0.00048573386858949077 0.0040357280419849604
leaf_weight=77 216 552 8611 2104 171 8508
leaf_count=77 216 552 8611 2104 171 8508
internal_value=4.99754e-05 -0.0211923 0.000925232 -0.0039358 -0.00551004 0.0015842
internal_weight=20239 800 19439 2320 248 17119
internal_count=20239 800 19439 2320 248 17119
is_linear=0
shrinkage=0.035


Tree=11
num_leaves=7
num_cat=0
split_feature=8 10 10 11 6 6
split_gain=302.048 73.876 55.4242 115.517 22.4992 14.3884
threshold=795.66461011401816 1542.6519837073868 2242.3011901644782 301.8986789880999 -0.6830127018922193 -1.0000000180025095e-35
decision_type=2 2 2 2 2 2
left_child=1 4 3 -2 -1 -4
right_child=2 -3 5 -5 -6 -7
leaf_value=-0.048946324711200508 -0.034434557570231665 -0.033747015114203603 0.00028984091175816509 -0.007266247847866128 0.00020961178149266681 0.0038944775605154872
leaf_weight=38 216 507 8611 2184 175 8508
leaf_count=38 216 507 8611 2184 175 8508
internal_value=6.20802e-05 -0.0221845 0.000883786 -0.00409621 -0.00485748 0.00158216
internal_weight=20239 720 19519 2400 213 17119
internal_count=20239 720 19519 2400 213 17119
is_linear=0
shrinkage=0.035


Tree=12
num_leaves=7
num_cat=0
split_feature=8 10 10 11 6 6
split_gain=282.342 67.4242 49.038 118.315 18.2934 14.5618
threshold=1085.3770108041806 1542.6519837073868 2242.3011901644782 301.8986789880999 -0.6830127018922193 -1.0000000180025095e-35
decision_type=2 2 2 2 2 2
left_child=1 4 3 -2 -1 -4
right_child=2 -3 5 -5 -6 -7
leaf_value=-0.047233203346308504 -0.033229348055273548 -0.032529610420314117 0.00027969647984661997 -0.0070311686438677959 -0.00046625579011902121 0.0037581708458974479
leaf_weight=38 216 552 8611 2104 210 8508
leaf_count=38 216 552 8611 2104 210 8508
internal_value=8.97482e-05 -0.0202747 0.000928832 -0.00384533 -0.00508835 0.00157602
internal_weight=20239 800 19439 2320 248 17119
internal_count=20239 800 19439 2320 248 17119
is_linear=0
shrinkage=0.035


Tree=13
num_leaves=7
num_cat=0
split_feature=8 10 10 11 6 6
split_gain=252.176 61.6447 51.9124 117.043 20.124 14.6759
threshold=795.66461011401816 1542.6519837073868 2242.3011901644782 301.8986789880999 -0.6830127018922193 -1.0000000180025095e-35
decision_type=2 2 2 2 2 2
left_child=1 4 3 -2 -1 -4
right_child=2 -3 5 -5 -6 -7
leaf_value=-0.045580041229187719 -0.032066320873338966 -0.031427333220495485 0.00026990710305197332 -0.0067658382706554231 0.00021859432179458519 0.0036266348662910247
leaf_weight=38 216 507 8611 2184 175 8508
leaf_count=38 216 507 8611 2184 175 8508
internal_value=0.000132979 -0.0201942 0.000883786 -0.00393586 -0.00436682 0.00155967
internal_weight=20239 720 19519 2400 213 17119
internal_count=20239 720 19519 2400 213 17119
is_linear=0
shrinkage=0.035


Tree=14
num_leaves=7
num_cat=0
split_feature=8 10 10 11 6 6
split_gain=230.745 66.4139 51.8656 117.341 21.0785 14.9684
threshold=685.76464353380811 1558.9673955230312 2242.3011901644782 301.8986789880999 -0.6830127018922193 -1.0000000180025095e-35
decision_type=2 2 2 2 2 2
left_child=1 4 3 -2 -1 -4
right_child=2 -3 5 -5 -6 -7
leaf_value=-0.043952813153762926 -0.030943999642772099 -0.030375862320510219 0.00026046035444516604 -0.006554581949796137 0.00022785645794809909 0.0034997026459708475
leaf_weight=40 216 423 8611 2264 177 8508
leaf_count=40 216 423 8611 2264 177 8508
internal_value=0.000188315 -0.0204758 0.000864107 -0.00386538 -0.00470413 0.00154945
internal_weight=20239 640 19599 2480 217 17119
internal_count=20239 640 19599 2480 217 17119
is_linear=0
shrinkage=0.035


Tree=15
num_leaves=7
num_cat=0
split_feature=8 10 10 11 6 6
split_gain=229.604 65.9541 50.3686 118.016 21.0785 15.0855
threshold=685.76464353380811 1558.9673955230312 2242.3011901644782 301.8986789880999 -0.6830127018922193 -1.0000000180025095e-35
decision_type=2 2 2 2 2 2
left_child=1 4 3 -2 -1 -4
right_child=2 -3 5 -5 -6 -7
leaf_value=-0.042414464693381226 -0.029860959655275087 -0.029312707139292356 0.0002513442420395855 -0.0063251715815532666 0.00021988148191992354 0.0033772130533618822
leaf_weight=40 216 423 8611 2264 177 8508
leaf_count=40 216 423 8611 2264 177 8508
internal_value=0.000191774 -0.0204212 0.000865893 -0.00379484 -0.00470413 0.00154127
internal_weight=20239 640 19599 2480 217 17119
internal_count=20239 640 19599 2480 217 17119
is_linear=0
shrinkage=0.035


Tree=16
num_leaves=7
num_cat=0
split_feature=8 10 10 11 6 6
split_gain=229.527 64.6039 47.5867 110.105 20.7804 15.2603
threshold=685.76464353380811 1558.9673955230312 2242.3011901644782 301.8986789880999 -0.6830127018922193 -1.0000000180025095e-35
decision_type=2 2 2 2 2 2
left_child=1 4 3 -2 -1 -4
right_child=2 -3 5 -5 -6 -7
leaf_value=-0.040929958429112873 -0.028815826067340445 -0.028286762389417134 0.0002425471935681938 -0.0061037905761989163 0.00021218563005272808 0.0032590105964942109
leaf_weight=40 216 423 8611 2264 177 8508
leaf_count=40 216 423 8611 2264 177 8508
internal_value=0.000188315 -0.0204212 0.000862322 -0.00366788 -0.00486468 0.00151878
internal_weight=20239 640 19599 2480 217 17119
internal_count=20239 640 19599 2480 217 17119
is_linear=0
shrinkage=0.035


Tree=17
num_leaves=7
num_cat=0
split_feature=8 10 10 11 6 6
split_gain=228.927 64.1504 40.7115 83.9486 20.7804 15.3161
threshold=685.76464353380811 1558.9673955230312 2242.3011901644782 301.8986789880999 -0.6830127018922193 -1.0000000180025095e-35
decision_type=2 2 2 2 2 2
left_child=1 4 3 -2 -1 -4
right_child=2 -3 5 -5 -6 -7
leaf_value=-0.039497409884093906 -0.027807272154983523 -0.02729672570578754 0.00023405804179331849 -0.0058901579060319613 0.00020475913300087358 0.0031449452256169124
leaf_weight=40 216 423 8611 2264 177 8508
leaf_count=40 216 423 8611 2264 177 8508
internal_value=0.000215983 -0.0203666 0.000889107 -0.00330109 -0.00486468 0.00149629
internal_weight=20239 640 19599 2480 217 17119
internal_count=20239 640 19599 2480 217 17119
is_linear=0
shrinkage=0.035


Tree=18
num_leaves=7
num_cat=0
split_feature=8 10 10 11 6 6
split_gain=227.638 63.6985 38.9978 71.7347 20.7804 15.1159
threshold=685.76464353380811 1558.9673955230312 2260.5569565767623 324.30048017794849 -0.6830127018922193 -1.0000000180025095e-35
decision_type=2 2 2 2 2 2
left_child=1 4 3 -2 -1 -4
right_child=2 -3 5 -5 -6 -7
leaf_value=-0.038115000538150631 -0.027384502497762746 -0.026341340306084975 0.00023600436417738275 -0.0056429667325620337 0.00019759256334583866 0.0030348714161163863
leaf_weight=40 277 423 8532 2283 177 8507
leaf_count=40 277 423 8532 2283 177 8507
internal_value=0.000212525 -0.020312 0.00088375 -0.0031433 -0.00486468 0.00148894
internal_weight=20239 640 19599 2560 217 17039
internal_count=20239 640 19599 2560 217 17039
is_linear=0
shrinkage=0.035


Tree=19
num_leaves=7
num_cat=0
split_feature=8 3 10 11 9 6
split_gain=221.773 61.8413 37.6183 81.316 33.4824 15.0132
threshold=685.76464353380811 1.0000000180025095e-35 2242.3011901644782 301.8986789880999 2254.2323358032745 -1.0000000180025095e-35
decision_type=2 2 2 2 2 2
left_child=1 -1 3 -2 -3 -4
right_child=2 4 5 -5 -6 -7
leaf_value=-0.025418907737153343 -0.02587556004213741 -0.026229685641017277 0.0002188816072753015 -0.0054864985436811516 0.00057684719068844985 0.0029286516431562474
leaf_weight=364 216 110 8611 2264 166 8508
leaf_count=364 216 110 8611 2264 166 8508
internal_value=0.000219442 -0.020039 0.000881964 -0.00314591 -0.00750541 0.00146563
internal_weight=20239 640 19599 2480 276 17119
internal_count=20239 640 19599 2480 276 17119
is_linear=0
shrinkage=0.035


Tree=20
num_leaves=7
num_cat=0
split_feature=8 3 10 11 9 6
split_gain=216.135 65.4735 34.8718 70.3731 29.3654 14.8922
threshold=685.76464353380811 1.0000000180025095e-35 2242.3011901644782 324.30048017794849 2254.2323358032745 -1.0000000180025095e-35
decision_type=2 2 2 2 2 2
left_child=1 -1 3 -2 -3 -4
right_child=2 4 5 -5 -6 -7
leaf_value=-0.024529245966352982 -0.025474634903360681 -0.02531164664358166 0.00021122075102066054 -0.0052628214663075525 0.00055665753901434033 0.0028261488356457823
leaf_weight=364 232 110 8611 2248 166 8508
leaf_count=364 232 110 8611 2248 166 8508
internal_value=0.000233276 -0.019766 0.000887322 -0.00299073 -0.00687365 0.00144927
internal_weight=20239 640 19599 2480 276 17119
internal_count=20239 640 19599 2480 276 17119
is_linear=0
shrinkage=0.035


Tree=21
num_leaves=7
num_cat=0
split_feature=8 3 10 11 9 6
split_gain=205.826 72.2699 34.2388 70.5902 23.0139 14.8901
threshold=685.76464353380811 1.0000000180025095e-35 2242.3011901644782 324.30048017794849 2246.6556820717356 -1.0000000180025095e-35
decision_type=2 2 2 2 2 2
left_child=1 -1 3 -2 -3 -4
right_child=2 4 5 -5 -6 -7
leaf_value=-0.023670722357530614 -0.024583022681743047 -0.024426580151815907 0.00020382802473494955 -0.0050786227149867899 0.00053797561158657197 0.0027272336263981793
leaf_weight=364 232 109 8611 2248 167 8508
leaf_count=364 232 109 8611 2248 167 8508
internal_value=0.000241922 -0.0192746 0.000880179 -0.00296251 -0.00573646 0.001437
internal_weight=20239 640 19599 2480 276 17119
internal_count=20239 640 19599 2480 276 17119
is_linear=0
shrinkage=0.035


Tree=22
num_leaves=7
num_cat=0
split_feature=8 3 10 11 9 6
split_gain=193.494 81.0277 33.5171 69.6541 23.094 14.828
threshold=685.76464353380811 1.0000000180025095e-35 2242.3011901644782 324.30048017794849 2035.3737121304237 -1.0000000180025095e-35
decision_type=2 2 2 2 2 2
left_child=1 -1 3 -2 -3 -4
right_child=2 4 5 -5 -6 -7
leaf_value=-0.022842247075017055 -0.023722616887882027 -0.031459634093148454 0.00019669404386922617 -0.004900870919962266 6.4746884687609811e-05 0.0026317804494742363
leaf_weight=364 232 43 8611 2248 233 8508
leaf_count=364 232 43 8611 2248 233 8508
internal_value=0.000248839 -0.0186739 0.000867679 -0.0029343 -0.00434657 0.0014186
internal_weight=20239 640 19599 2480 276 17119
internal_count=20239 640 19599 2480 276 17119
is_linear=0
shrinkage=0.035


Tree=23
num_leaves=7
num_cat=0
split_feature=8 3 10 10 9 6
split_gain=193.565 81.0277 31.6179 64.1062 23.094 14.7084
threshold=685.76464353380811 1.0000000180025095e-35 2242.3011901644782 1704.7962102695735 2035.3737121304237 -1.0000000180025095e-35
decision_type=2 2 2 2 2 2
left_child=1 -1 3 -2 -3 -4
right_child=2 4 5 -5 -6 -7
leaf_value=-0.022042768427391456 0.0056019607737238849 -0.030358546899888254 0.00018980975233379895 -0.041246844601622222 6.2480743723547508e-05 0.0025396681337426469
leaf_weight=364 1349 43 8611 1131 233 8508
leaf_count=364 1349 43 8611 1131 233 8508
internal_value=0.000252298 -0.0186739 0.00087125 -0.00282144 -0.00434657 0.00140634
internal_weight=20239 640 19599 2480 276 17119
internal_count=20239 640 19599 2480 276 17119
is_linear=0
shrinkage=0.035


Tree=24
num_leaves=7
num_cat=0
split_feature=8 3 6 7 6 11
split_gain=185.459 86.22 29.2654 52.1943 16.7277 14.401
threshold=685.76464353380811 1.0000000180025095e-35 -1.0000000180025095e-35 0.6830127018922193 -0.6830127018922193 660.57874846538107
decision_type=2 2 2 2 2 2
left_child=1 5 3 -2 -3 -1
right_child=2 4 -4 -5 -6 -7
leaf_value=-0.016808353963512879 0.0012025956075034428 -0.017011947090255074 0.002454209989950953 -0.0096187863715702804 -9.9332568609353806e-05 -0.021281673971932879
leaf_weight=23 8509 33 8523 2567 243 341
leaf_count=23 8509 33 8523 2567 243 341
internal_value=0.000288612 -0.0182371 0.000894464 -0.000291956 -0.00346209 -0.0294
internal_weight=20239 640 19599 11076 276 364
internal_count=20239 640 19599 11076 276 364
is_linear=0
shrinkage=0.035


Tree=25
num_leaves=7
num_cat=0
split_feature=8 3 10 11 6 11
split_gain=186.326 86.22 28.7414 61.1335 16.7277 14.401
threshold=685.76464353380811 1.0000000180025095e-35 2242.3011901644782 244.45184496302701 -0.6830127018922193 660.57874846538107
decision_type=2 2 2 2 2 2
left_child=1 5 3 -2 -3 -1
right_child=2 4 -4 -5 -6 -7
leaf_value=-0.016220061574789928 -0.018835464113680808 -0.01641652894209614 0.001492745998591234 -0.0034228122621111504 -9.5855928708017414e-05 -0.020536815382915238
leaf_weight=23 156 33 17119 2324 243 341
leaf_count=23 156 33 17119 2324 243 341
internal_value=0.000331843 -0.0182371 0.000939107 -0.00258162 -0.00346209 -0.0294
internal_weight=20239 640 19599 2480 276 364
internal_count=20239 640 19599 2480 276 364
is_linear=0
shrinkage=0.035


Tree=26
num_leaves=7
num_cat=0
split_feature=8 3 6 7 6 11
split_gain=184.678 85.5833 27.6546 38.715 16.7277 14.2982
threshold=685.76464353380811 1.0000000180025095e-35 -1.0000000180025095e-35 0.6830127018922193 -0.6830127018922193 660.57874846538107
decision_type=2 2 2 2 2 2
left_child=1 5 3 -2 -3 -1
right_child=2 4 -4 -5 -6 -7
leaf_value=-0.01565235941967227 0.0011082586512901305 -0.015841950429122786 0.0023160665303519636 -0.0088428070363546756 -9.2500971203226536e-05 -0.019818026844513215
leaf_weight=23 8509 33 8523 2567 243 341
leaf_count=23 8509 33 8523 2567 243 341
internal_value=0.000304175 -0.0181825 0.00090875 -0.000244561 -0.00346209 -0.0293041
internal_weight=20239 640 19599 11076 276 364
internal_count=20239 640 19599 11076 276 364
is_linear=0
shrinkage=0.035


Tree=27
num_leaves=7
num_cat=0
split_feature=8 3 6 7 6 11
split_gain=184.264 85.5833 27.6878 36.0659 16.7277 14.2982
threshold=685.76464353380811 1.0000000180025095e-35 -1.0000000180025095e-35 0.6830127018922193 -0.6830127018922193 660.57874846538107
decision_type=2 2 2 2 2 2
left_child=1 5 3 -2 -3 -1
right_child=2 4 -4 -5 -6 -7
leaf_value=-0.015104526839983749 0.0010694695984949788 -0.015287482164103482 0.0022350042017896324 -0.0085333087900822616 -8.926343721110009e-05 -0.019124395904955255
leaf_weight=23 8509 33 8523 2567 243 341
leaf_count=23 8509 33 8523 2567 243 341
internal_value=0.000283424 -0.0181825 0.000887322 -0.000266679 -0.00346209 -0.0293041
internal_weight=20239 640 19599 11076 276 364
internal_count=20239 640 19599 11076 276 364
is_linear=0
shrinkage=0.035


Tree=28
num_leaves=7
num_cat=0
split_feature=8 3 10 11 6 11
split_gain=184.575 85.5833 27.0328 61.5423 16.7277 14.2982
threshold=685.76464353380811 1.0000000180025095e-35 2242.3011901644782 244.45184496302701 -0.6830127018922193 660.57874846538107
decision_type=2 2 2 2 2 2
left_child=1 5 3 -2 -3 -1
right_child=2 4 -4 -5 -6 -7
leaf_value=-0.014575868400584306 -0.01756805881577668 -0.014752420288359873 0.0014120631146383234 -0.0033677905082209851 -8.613921690872496e-05 -0.018455042048281807
leaf_weight=23 156 33 17119 2324 243 341
leaf_count=23 156 33 17119 2324 243 341
internal_value=0.000298987 -0.0181825 0.000903393 -0.00251108 -0.00346209 -0.0293041
internal_weight=20239 640 19599 2480 276 364
internal_count=20239 640 19599 2480 276 364
is_linear=0
shrinkage=0.035


Tree=29
num_leaves=7
num_cat=0
split_feature=8 3 6 7 6 11
split_gain=182.935 84.949 27.3069 29.9998 16.7277 14.1957
threshold=685.76464353380811 1.0000000180025095e-35 -1.0000000180025095e-35 0.6830127018922193 -0.6830127018922193 660.57874846538107
decision_type=2 2 2 2 2 2
left_child=1 5 3 -2 -3 -1
right_child=2 4 -4 -5 -6 -7
leaf_value=-0.014065713006563861 0.00098261595353530415 -0.014236085578267265 0.0021073568457146545 -0.0079698126085370434 -8.3124344316920515e-05 -0.017809115576591952
leaf_weight=23 8509 33 8523 2567 243 341
leaf_count=23 8509 33 8523 2567 243 341
internal_value=0.000271319 -0.0181279 0.000873036 -0.000272998 -0.00346209 -0.0292082
internal_weight=20239 640 19599 11076 276 364
internal_count=20239 640 19599 11076 276 364
is_linear=0
shrinkage=0.035


Tree=30
num_leaves=7
num_cat=0
split_feature=8 3 10 11 6 11
split_gain=183.348 84.949 26.8916 61.5423 16.7277 14.1957
threshold=685.76464353380811 1.0000000180025095e-35 2242.3011901644782 244.45184496302701 -0.6830127018922193 660.57874846538107
decision_type=2 2 2 2 2 2
left_child=1 5 3 -2 -3 -1
right_child=2 4 -4 -5 -6 -7
leaf_value=-0.013573413051334136 -0.016674233315925688 -0.013737822583027902 0.0013575313601456511 -0.0032843093988069861 -8.0214992265821295e-05 -0.017185796531411245
leaf_weight=23 156 33 17119 2324 243 341
leaf_count=23 156 33 17119 2324 243 341
internal_value=0.00029207 -0.0181279 0.000894464 -0.00251108 -0.00346209 -0.0292082
internal_weight=20239 640 19599 2480 276 364
internal_count=20239 640 19599 2480 276 364
is_linear=0
shrinkage=0.035


Tree=31
num_leaves=7
num_cat=0
split_feature=8 3 6 7 6 11
split_gain=182.901 84.949 26.7727 24.0834 16.7277 14.1957
threshold=685.76464353380811 1.0000000180025095e-35 -1.0000000180025095e-35 0.6830127018922193 -0.6830127018922193 660.57874846538107
decision_type=2 2 2 2 2 2
left_child=1 5 3 -2 -3 -1
right_child=2 4 -4 -5 -6 -7
leaf_value=-0.013098343594537428 0.0009007107975564833 -0.013256998792621913 0.0019860857585095506 -0.007402229505246387 -7.7407467536532167e-05 -0.016584293652811857
leaf_weight=23 8509 33 8523 2567 243 341
leaf_count=23 8509 33 8523 2567 243 341
internal_value=0.00026959 -0.0181279 0.00087125 -0.000263519 -0.00346209 -0.0292082
internal_weight=20239 640 19599 11076 276 364
internal_count=20239 640 19599 11076 276 364
is_linear=0
shrinkage=0.035


Tree=32
num_leaves=7
num_cat=0
split_feature=8 3 10 10 6 11
split_gain=183.382 84.949 25.8168 58.0093 16.7277 14.1957
threshold=685.76464353380811 1.0000000180025095e-35 2242.3011901644782 1704.7962102695735 -0.6830127018922193 660.57874846538107
decision_type=2 2 2 2 2 2
left_child=1 5 3 -2 -3 -1
right_child=2 4 -4 -5 -6 -7
leaf_value=-0.01263990156872863 0.0064331243832333887 -0.01279300383488014 0.0013142677239874347 -0.037967740063732894 -7.4698206172763021e-05 -0.016003843374963432
leaf_weight=23 1349 33 17119 1131 243 341
leaf_count=23 1349 33 17119 1131 243 341
internal_value=0.0002938 -0.0181279 0.00089625 -0.00244055 -0.00346209 -0.0292082
internal_weight=20239 640 19599 2480 276 364
internal_count=20239 640 19599 2480 276 364
is_linear=0
shrinkage=0.035


Tree=33
num_leaves=7
num_cat=0
split_feature=8 3 6 7 6 11
split_gain=183.279 84.949 24.9005 18.3713 16.7277 14.1957
threshold=685.76464353380811 1.0000000180025095e-35 -1.0000000180025095e-35 0.6830127018922193 -0.6830127018922193 660.57874846538107
decision_type=2 2 2 2 2 2
left_child=1 5 3 -2 -3 -1
right_child=2 4 -4 -5 -6 -7
leaf_value=-0.012197505013823112 0.00082318654930243714 -0.012345248700659332 0.0018705733866221587 -0.0064001650713471038 -7.2083768956723309e-05 -0.015443708856839719
leaf_weight=23 8509 33 8523 2567 243 341
leaf_count=23 8509 33 8523 2567 243 341
internal_value=0.000288612 -0.0181279 0.000890893 -0.000203485 -0.00346209 -0.0292082
internal_weight=20239 640 19599 11076 276 364
internal_count=20239 640 19599 11076 276 364
is_linear=0
shrinkage=0.035


Tree=34
num_leaves=7
num_cat=0
split_feature=8 3 6 6 7 11
split_gain=183.555 84.949 23.2772 16.7277 15.0106 14.1957
threshold=685.76464353380811 1.0000000180025095e-35 -1.0000000180025095e-35 -0.6830127018922193 0.6830127018922193 660.57874846538107
decision_type=2 2 2 2 2 2
left_child=1 5 4 -3 -2 -1
right_child=2 3 -4 -5 -6 -7
leaf_value=-0.011770592338339299 0.00079437502007684302 -0.011913164996136266 0.0018051033180903888 -6.9560837043245458e-05 -0.0061761592938499596 -0.014903179046850342
leaf_weight=23 8509 33 8523 243 2567 341
leaf_count=23 8509 33 8523 243 2567 341
internal_value=0.000302446 -0.0181279 0.000905179 -0.00346209 -0.000152929 -0.0292082
internal_weight=20239 640 19599 276 11076 364
internal_count=20239 640 19599 276 11076 364
is_linear=0
shrinkage=0.035


Tree=35
num_leaves=7
num_cat=0
split_feature=8 3 6 6 11 7
split_gain=181.66 86.6333 21.9604 14.203 14.1957 12.9923
threshold=685.76464353380811 1.0000000180025095e-35 -1.0000000180025095e-35 -0.6830127018922193 660.57874846538107 0.6830127018922193
decision_type=2 2 2 2 2 2
left_child=1 4 5 -3 -1 -2
right_child=2 3 -4 -5 -6 -7
leaf_value=-0.011358621606497416 0.00076657189437414187 -0.011496204221271485 0.0017419247019572338 -6.7126207746728288e-05 -0.014381567780210573 -0.0059599937185652067
leaf_weight=23 8509 33 8523 243 341 2567
leaf_count=23 8509 33 8523 243 341 2567
internal_value=0.00031628 -0.0180187 0.000915893 -0.00320939 -0.0292082 -0.000111853
internal_weight=20239 640 19599 276 364 11076
internal_count=20239 640 19599 276 364 11076
is_linear=0
shrinkage=0.035


Tree=36
num_leaves=7
num_cat=0
split_feature=8 3 6 11 6 7
split_gain=179.877 88.334 20.5113 14.1957 11.8848 11.3519
threshold=685.76464353380811 1.0000000180025095e-35 -1.0000000180025095e-35 660.57874846538107 -0.6830127018922193 -0.25000000000000028
decision_type=2 2 2 2 2 2
left_child=1 3 5 -1 -3 -2
right_child=2 4 -4 -5 -6 -7
leaf_value=-0.010961069850270008 0.0012766326660403539 -0.011093837073526994 0.0016809573373887156 -0.013878212907903201 -6.4776790475584719e-05 -0.00081408243993503159
leaf_weight=23 3620 33 8523 341 243 7456
leaf_count=23 3620 33 8523 341 243 7456
internal_value=0.000335302 -0.0179095 0.000931964 -0.0292082 -0.00295668 -6.12981e-05
internal_weight=20239 640 19599 364 276 11076
internal_count=20239 640 19599 364 276 11076
is_linear=0
shrinkage=0.035


Tree=37
num_leaves=7
num_cat=0
split_feature=8 3 6 11 6 10
split_gain=179.468 88.334 20.4094 14.1957 11.8848 11.1892
threshold=685.76464353380811 1.0000000180025095e-35 -1.0000000180025095e-35 660.57874846538107 -0.6830127018922193 1558.9673955230312
decision_type=2 2 2 2 2 2
left_child=1 3 5 -1 -3 -2
right_child=2 4 -4 -5 -6 -7
leaf_value=-0.010577432405510572 0.0069557251798946411 -0.010705552775953558 0.0016221238305801223 -0.013392475456126599 -6.2509602808940033e-05 -0.00041141900154491047
leaf_weight=23 1063 33 8523 341 243 10013
leaf_count=23 1063 33 8523 341 243 10013
internal_value=0.000314551 -0.0179095 0.000910536 -0.0292082 -0.00295668 -8.02563e-05
internal_weight=20239 640 19599 364 276 11076
internal_count=20239 640 19599 364 276 11076
is_linear=0
shrinkage=0.035


Tree=38
num_leaves=7
num_cat=0
split_feature=8 3 6 11 6 10
split_gain=179.366 88.334 19.4199 14.1957 11.8848 11.0653
threshold=685.76464353380811 1.0000000180025095e-35 -1.0000000180025095e-35 660.57874846538107 -0.6830127018922193 1558.9673955230312
decision_type=2 2 2 2 2 2
left_child=1 3 5 -1 -3 -2
right_child=2 4 -4 -5 -6 -7
leaf_value=-0.010207222271317687 0.0067122747985983375 -0.010330858428795182 0.0015653494965098293 -0.012923738815162171 -6.0321766710638162e-05 -0.00039701933649082926
leaf_weight=23 1063 33 8523 341 243 10013
leaf_count=23 1063 33 8523 341 243 10013
internal_value=0.000309363 -0.0179095 0.000905179 -0.0292082 -0.00295668 -6.12981e-05
internal_weight=20239 640 19599 364 276 11076
internal_count=20239 640 19599 364 276 11076
is_linear=0
shrinkage=0.035


Tree=39
num_leaves=7
num_cat=0
split_feature=8 3 6 11 10 6
split_gain=178.225 89.1905 19.2052 14.1957 10.8518 10.8031
threshold=685.76464353380811 1.0000000180025095e-35 -1.0000000180025095e-35 660.57874846538107 1558.9673955230312 -0.6830127018922193
decision_type=2 2 2 2 2 2
left_child=1 3 4 -1 -2 -3
right_child=2 5 -4 -5 -6 -7
leaf_value=-0.0098499694918215541 0.0064773451806473944 -0.0099692783837873437 0.0015105622641319717 -0.012471407956631509 -0.0003831236597136423 -5.8210504875768627e-05
leaf_weight=23 1063 33 8523 341 10013 243
leaf_count=23 1063 33 8523 341 10013 243
internal_value=0.000305904 -0.0178549 0.000899822 -0.0292082 -6.12981e-05 -0.00283032
internal_weight=20239 640 19599 364 11076 276
internal_count=20239 640 19599 364 11076 276
is_linear=0
shrinkage=0.035


Tree=40
num_leaves=7
num_cat=0
split_feature=8 3 10 10 11 9
split_gain=176.985 90.051 18.8334 47.7687 14.1957 11.3393
threshold=685.76464353380811 1.0000000180025095e-35 2242.3011901644782 1704.7962102695735 660.57874846538107 2748.4143004632356
decision_type=2 2 2 2 2 2
left_child=1 4 3 -2 -1 -4
right_child=2 -3 5 -5 -6 -7
leaf_value=-0.0095052205596077872 0.005683900985966368 -0.0021485950781601295 0.0012413491262918976 -0.035919900473251588 -0.0120349086781494 -0.00047462931014038788
leaf_weight=23 1349 276 14749 1131 341 2370
leaf_count=23 1349 276 14749 1131 341 2370
internal_value=0.000297258 -0.0178003 0.000889107 -0.0019609 -0.0292082 0.00130207
internal_weight=20239 640 19599 2480 364 17119
internal_count=20239 640 19599 2480 364 17119
is_linear=0
shrinkage=0.035


Tree=41
num_leaves=7
num_cat=0
split_feature=8 3 6 11 10 4
split_gain=173.609 93.5344 16.1827 14.1957 10.1692 9.65737
threshold=685.76464353380811 1.0000000180025095e-35 -1.0000000180025095e-35 660.57874846538107 1558.9673955230312 -0.22252093395631442
decision_type=2 2 2 2 2 2
left_child=1 3 4 -1 -2 -4
right_child=2 -3 5 -5 -6 -7
leaf_value=-0.0091725378400215139 0.0060517015648159332 -0.0020733942504245254 0.0005095350161312196 -0.011613686874414168 -0.00025870931907708255 0.0017538642206724965
leaf_weight=23 1063 276 3725 341 10013 4798
leaf_count=23 1063 276 3725 341 10013 4798
internal_value=0.000342219 -0.0175819 0.000928393 -0.0292082 4.61318e-05 0.00207479
internal_weight=20239 640 19599 364 11076 8523
internal_count=20239 640 19599 364 11076 8523
is_linear=0
shrinkage=0.035


Tree=42
num_leaves=7
num_cat=0
split_feature=8 3 6 11 10 6
split_gain=171.3 95.3007 15.3226 14.1957 10.11 10.0069
threshold=685.76464353380811 1.0000000180025095e-35 -1.0000000180025095e-35 660.57874846538107 1558.9673955230312 0.68301270189221941
decision_type=2 2 2 2 2 2
left_child=1 3 4 -1 -2 -4
right_child=2 -3 5 -5 -6 -7
leaf_value=-0.00885149901562075 0.0058398920100473633 -0.002000825451659667 0.0014499778351341236 -0.011207207833809681 -0.00024965449290939107 0.0005010561018085613
leaf_weight=23 1063 276 5664 341 10013 2859
leaf_count=23 1063 276 5664 341 10013 2859
internal_value=0.000331843 -0.0174727 0.000914107 -0.0292082 5.56109e-05 0.00202962
internal_weight=20239 640 19599 364 11076 8523
internal_count=20239 640 19599 364 11076 8523
is_linear=0
shrinkage=0.035


Tree=43
num_leaves=7
num_cat=0
split_feature=8 3 6 11 10 4
split_gain=171.101 95.3007 14.6102 14.1957 10.051 9.82924
threshold=685.76464353380811 1.0000000180025095e-35 -1.0000000180025095e-35 660.57874846538107 1558.9673955230312 -0.22252093395631442
decision_type=2 2 2 2 2 2
left_child=1 3 4 -1 -2 -4
right_child=2 -3 5 -5 -6 -7
leaf_value=-0.0085416965500740242 0.005635495789695715 -0.0019307965608515777 0.00045392645276737926 -0.01081495555962635 -0.00024091658565754764 0.0016417297487192697
leaf_weight=23 1063 276 3725 341 10013 4798
leaf_count=23 1063 276 3725 341 10013 4798
internal_value=0.000321468 -0.0174727 0.000903393 -0.0292082 6.509e-05 0.00199267
internal_weight=20239 640 19599 364 11076 8523
internal_count=20239 640 19599 364 11076 8523
is_linear=0
shrinkage=0.035


Tree=44
num_leaves=7
num_cat=0
split_feature=8 3 11 6 10 6
split_gain=168.809 97.0834 14.1957 14.1165 10.051 9.76139
threshold=685.76464353380811 1.0000000180025095e-35 660.57874846538107 -1.0000000180025095e-35 1558.9673955230312 0.68301270189221941
decision_type=2 2 2 2 2 2
left_child=1 2 -1 4 -2 -5
right_child=3 -3 -4 5 -6 -7
leaf_value=-0.008242737170821442 0.0054382534370563777 -0.0018632186812217678 -0.01043643211503944 0.0013546794322786065 -0.0002324845051595234 0.00045961300547139731
leaf_weight=23 1063 276 341 5664 10013 2859
leaf_count=23 1063 276 341 5664 10013 2859
internal_value=0.000311092 -0.0173635 -0.0292082 0.000889107 6.509e-05 0.00195982
internal_weight=20239 640 364 19599 11076 8523
internal_count=20239 640 364 19599 11076 8523
is_linear=0
shrinkage=0.035


Tree=45
num_leaves=7
num_cat=0
split_feature=8 3 11 6 10 4
split_gain=168.512 97.0834 14.1957 13.2546 9.99216 9.86495
threshold=685.76464353380811 1.0000000180025095e-35 660.57874846538107 -1.0000000180025095e-35 1558.9673955230312 -0.22252093395631442
decision_type=2 2 2 2 2 2
left_child=1 2 -1 4 -2 -5
right_child=3 -3 -4 5 -6 -7
leaf_value=-0.0079542413698426954 0.0052479145667594157 -0.0017980060273790068 -0.01007115699101307 0.00039062524679077897 -0.00022434754747895441 0.0015375963422215035
leaf_weight=23 1063 276 341 3725 10013 4798
leaf_count=23 1063 276 341 3725 10013 4798
internal_value=0.000295529 -0.0173635 -0.0292082 0.000873036 7.45691e-05 0.00191055
internal_weight=20239 640 364 19599 11076 8523
internal_count=20239 640 364 19599 11076 8523
is_linear=0
shrinkage=0.035


Tree=46
num_leaves=7
num_cat=0
split_feature=8 3 11 6 10 4
split_gain=168.215 97.0834 14.1957 12.5216 9.75062 9.61866
threshold=685.76464353380811 1.0000000180025095e-35 660.57874846538107 -1.0000000180025095e-35 1558.9673955230312 -0.22252093395631442
decision_type=2 2 2 2 2 2
left_child=1 2 -1 4 -2 -5
right_child=3 -3 -4 5 -6 -7
leaf_value=-0.0076758429218981893 0.0050642375569228508 -0.0017350758164207259 -0.0097186664963276135 0.00037695336315310526 -0.00021649538331718871 0.0014837804702437431
leaf_weight=23 1063 276 341 3725 10013 4798
leaf_count=23 1063 276 341 3725 10013 4798
internal_value=0.000279966 -0.0173635 -0.0292082 0.000856964 8.08885e-05 0.00186538
internal_weight=20239 640 364 19599 11076 8523
internal_count=20239 640 364 19599 11076 8523
is_linear=0
shrinkage=0.035


Tree=47
num_leaves=7
num_cat=0
split_feature=8 3 11 10 10 7
split_gain=168.083 97.0834 14.1957 12.2659 22.372 14.2758
threshold=685.76464353380811 1.0000000180025095e-35 660.57874846538107 2346.5298174609911 1580.4964585668083 0.6830127018922193
decision_type=2 2 2 2 2 2
left_child=1 2 -1 4 -2 -5
right_child=3 -3 -4 5 -6 -7
leaf_value=-0.0074071884196317455 0.0048899098713736993 -0.0016743481628460001 -0.0093785131689561405 0.00056402240682322557 -0.011888631925894009 0.0011562307125907931
leaf_weight=23 1125 276 341 10105 2315 6054
leaf_count=23 1125 276 341 10105 2315 6054
internal_value=0.000273049 -0.0173635 -0.0292082 0.000849822 -0.00104766 0.00125381
internal_weight=20239 640 364 19599 3440 16159
internal_count=20239 640 364 19599 3440 16159
is_linear=0
shrinkage=0.035


Tree=48
num_leaves=7
num_cat=0
split_feature=8 3 11 6 4 7
split_gain=168.578 97.0834 14.1957 11.5438 10.0038 9.81219
threshold=685.76464353380811 1.0000000180025095e-35 660.57874846538107 -1.0000000180025095e-35 -0.22252093395631442 1.0000000180025095e-35
decision_type=2 2 2 2 2 2
left_child=1 2 -1 5 -5 -2
right_child=3 -3 -4 4 -6 -7
leaf_value=-0.0071479368249446392 0.0011180489140003493 -0.0016157459771464035 -0.0090502652080426769 0.00033132015317218551 0.0014015905666869401 -0.00080947650857769184
leaf_weight=23 5671 276 341 3725 4798 5405
leaf_count=23 5671 276 341 3725 4798 5405
internal_value=0.000298987 -0.0173635 -0.0292082 0.000876607 0.00184485 0.000131444
internal_weight=20239 640 364 19599 8523 11076
internal_count=20239 640 364 19599 8523 11076
is_linear=0
shrinkage=0.035


Tree=49
num_leaves=7
num_cat=0
split_feature=8 3 11 6 4 3
split_gain=167.406 96.4078 14.0935 11.0762 9.85803 9.62484
threshold=685.76464353380811 1.0000000180025095e-35 660.57874846538107 -1.0000000180025095e-35 -0.22252093395631442 -1.0000000180025095e-35
decision_type=2 2 2 2 2 2
left_child=1 2 -1 5 -5 -2
right_child=3 -3 -4 4 -6 -7
leaf_value=-0.0068977590360715805 -0.00075904989848546347 -0.0015591948679462943 -0.0087335059257611924 0.00031972394781114804 0.0013525348968529073 0.00085022717592526844
leaf_weight=23 4881 276 341 3725 4798 6195
leaf_count=23 4881 276 341 3725 4798 6195
internal_value=0.00029207 -0.0173089 -0.0291123 0.000867679 0.00181611 0.000137763
internal_weight=20239 640 364 19599 8523 11076
internal_count=20239 640 364 19599 8523 11076
is_linear=0
shrinkage=0.035


Tree=50
num_leaves=7
num_cat=0
split_feature=8 3 11 6 4 7
split_gain=166.27 95.7345 13.9918 10.9556 9.81544 9.51534
threshold=685.76464353380811 1.0000000180025095e-35 660.57874846538107 -1.0000000180025095e-35 -0.22252093395631442 1.0000000180025095e-35
decision_type=2 2 2 2 2 2
left_child=1 2 -1 5 -5 -2
right_child=3 -3 -4 4 -6 -7
leaf_value=-0.006656337469809071 0.0010531980741183067 -0.0015046230475681812 -0.0084278332183595518 0.00030853360963775564 0.0013051961754630584 -0.00076118193005427306
leaf_weight=23 5671 276 341 3725 4798 5405
leaf_count=23 5671 276 341 3725 4798 5405
internal_value=0.000286883 -0.0172543 -0.0290164 0.000860536 0.00180379 0.000134603
internal_weight=20239 640 364 19599 8523 11076
internal_count=20239 640 364 19599 8523 11076
is_linear=0
shrinkage=0.035


Tree=51
num_leaves=7
num_cat=0
split_feature=8 3 11 6 6 3
split_gain=164.975 95.0635 13.8904 10.5694 9.55772 9.28575
threshold=685.76464353380811 1.0000000180025095e-35 660.57874846538107 -1.0000000180025095e-35 0.68301270189221941 -1.0000000180025095e-35
decision_type=2 2 2 2 2 2
left_child=1 2 -1 5 -5 -2
right_child=3 -3 -4 4 -6 -7
leaf_value=-0.0064233656583657563 -0.00072852524339900608 -0.0014519612409033035 -0.0081328590557169737 0.0011129605327296563 0.00027721701650105683 0.00081647417484272317
leaf_weight=23 4881 276 341 5664 2859 6195
leaf_count=23 4881 276 341 5664 2859 6195
internal_value=0.000273049 -0.0171997 -0.0289205 0.000844464 0.00177094 0.000131444
internal_weight=20239 640 364 19599 8523 11076
internal_count=20239 640 364 19599 8523 11076
is_linear=0
shrinkage=0.035


Tree=52
num_leaves=7
num_cat=0
split_feature=8 3 11 6 10 9
split_gain=162.401 93.7287 13.6887 10.1821 10.2772 9.24828
threshold=685.76464353380811 1.0000000180025095e-35 660.57874846538107 -1.0000000180025095e-35 2609.4015808830086 2246.6556820717356
decision_type=2 2 2 2 2 2
left_child=1 2 -1 -2 -5 -3
right_child=3 5 -4 4 -6 -7
leaf_value=-0.0061985478603229591 0.0001568585064930206 -0.022768748193429278 -0.0078482089887668763 0.00010839320382979968 0.0022187957388195923 0.0013053054102793249
leaf_weight=23 11076 109 341 3545 4978 167
leaf_count=23 11076 109 341 3545 4978 167
internal_value=0.000245381 -0.0170905 -0.0287288 0.000812322 0.00172167 -0.00169314
internal_weight=20239 640 364 19599 8523 276
internal_count=20239 640 364 19599 8523 276
is_linear=0
shrinkage=0.035


Tree=53
num_leaves=7
num_cat=0
split_feature=8 3 11 6 10 6
split_gain=156.416 92.8304 13.2899 10.2102 10.2187 8.90791
threshold=685.76464353380811 1.0000000180025095e-35 660.57874846538107 -1.0000000180025095e-35 2609.4015808830086 -0.6830127018922193
decision_type=2 2 2 2 2 2
left_child=1 2 -1 -2 -5 -3
right_child=3 5 -4 4 -6 -7
leaf_value=-0.0059815986852116603 0.00015136845876576377 -0.0080759949728963411 -0.0075735216741600383 0.00010459944169576741 0.0021411378879609001 0.00068525081742983225
leaf_weight=23 11076 33 341 3545 4978 243
leaf_count=23 11076 33 341 3545 4978 243
internal_value=0.000250568 -0.0167629 -0.0283452 0.000806964 0.00171756 -0.00144043
internal_weight=20239 640 364 19599 8523 276
internal_count=20239 640 364 19599 8523 276
is_linear=0
shrinkage=0.035


Tree=54
num_leaves=7
num_cat=0
split_feature=8 3 11 6 10 6
split_gain=150.481 88.9017 12.7026 9.95166 10.0676 8.90791
threshold=685.76464353380811 1.0000000180025095e-35 660.57874846538107 -1.0000000180025095e-35 2609.4015808830086 -0.6830127018922193
decision_type=2 2 2 2 2 2
left_child=1 2 -1 -2 -5 -3
right_child=3 5 -4 4 -6 -7
leaf_value=-0.005772242731229245 0.00014607056270897091 -0.0077933351488449851 -0.0073084484155644487 0.00010093846123641727 0.002066198061882281 0.00066126703881979059
leaf_weight=23 11076 33 341 3545 4978 243
leaf_count=23 11076 33 341 3545 4978 243
internal_value=0.000252298 -0.0164353 -0.0277699 0.000798036 0.00169703 -0.00144043
internal_weight=20239 640 364 19599 8523 276
internal_count=20239 640 364 19599 8523 276
is_linear=0
shrinkage=0.035


Tree=55
num_leaves=7
num_cat=0
split_feature=8 3 11 6 10 7
split_gain=136.369 88.2145 13.2117 9.87676 9.89439 8.89629
threshold=685.76464353380811 1.0000000180025095e-35 754.67499907075296 -1.0000000180025095e-35 2609.4015808830086 1.0000000180025095e-35
decision_type=2 2 2 2 2 2
left_child=1 2 -1 5 -5 -2
right_child=3 -3 -4 4 -6 -7
leaf_value=-0.0056433534239993229 0.00098733010133176223 -7.0939868569963599e-05 -0.0070949851338301742 9.7405615093140179e-05 0.0019938811297163907 -0.00073788303970232069
leaf_weight=112 5671 276 252 3545 4978 5405
leaf_count=112 5671 276 252 3545 4978 5405
internal_value=0.00026959 -0.0156162 -0.0269068 0.000789107 0.00168471 9.98467e-05
internal_weight=20239 640 364 19599 8523 11076
internal_count=20239 640 364 19599 8523 11076
is_linear=0
shrinkage=0.035


Tree=56
num_leaves=7
num_cat=0
split_feature=8 3 11 6 6 3
split_gain=132.674 85.6526 15.6507 9.45612 10.1254 8.81544
threshold=685.76464353380811 1.0000000180025095e-35 754.67499907075296 -1.0000000180025095e-35 0.68301270189221941 -1.0000000180025095e-35
decision_type=2 2 2 2 2 2
left_child=1 2 -1 5 -5 -2
right_child=3 -3 -4 4 -6 -7
leaf_value=-0.0054458360541593418 -0.00070646681813655438 -6.8456973170025748e-05 -0.0068466606541461245 0.001009822102868873 -2.7186027719765529e-05 0.0007723279811603324
leaf_weight=112 4881 276 252 5664 2859 6195
leaf_count=112 4881 276 252 5664 2859 6195
internal_value=0.000271319 -0.0153978 -0.0265233 0.00078375 0.00166008 0.000109326
internal_weight=20239 640 364 19599 8523 11076
internal_count=20239 640 364 19599 8523 11076
is_linear=0
shrinkage=0.035


Tree=57
num_leaves=7
num_cat=0
split_feature=8 3 11 6 10 10
split_gain=126.224 81.2602 20.3895 9.18464 10.2562 9.02513
threshold=685.76464353380811 1.0000000180025095e-35 754.67499907075296 -1.0000000180025095e-35 2609.4015808830086 1558.9673955230312
decision_type=2 2 2 2 2 2
left_child=1 2 -1 5 -5 -2
right_child=3 -3 -4 4 -6 -7
leaf_value=-0.005255231792263771 0.0046780963494757657 -6.60609791090705e-05 -0.006607027531251016 5.8652644964469764e-05 0.0019014141201062309 -0.00020881125825979722
leaf_weight=112 1063 276 252 3545 4978 10013
leaf_count=112 1063 276 252 3545 4978 10013
internal_value=0.000267861 -0.0150156 -0.0258521 0.000767679 0.00163134 0.000103006
internal_weight=20239 640 364 19599 8523 11076
internal_count=20239 640 364 19599 8523 11076
is_linear=0
shrinkage=0.035


Tree=58
num_leaves=7
num_cat=0
split_feature=8 3 11 6 10 10
split_gain=120.926 78.9991 24.1409 8.98829 10.163 8.64182
threshold=685.76464353380811 1.0000000180025095e-35 754.67499907075296 -1.0000000180025095e-35 2609.4015808830086 1558.9673955230312
decision_type=2 2 2 2 2 2
left_child=1 2 -1 5 -5 -2
right_child=3 -3 -4 4 -6 -7
leaf_value=-0.0050712986795345442 0.0045143629772441008 -6.3748844840247904e-05 -0.0063757815676572351 5.6599802390699956e-05 0.0018348646259025083 -0.00020150286422071663
leaf_weight=112 1063 276 252 3545 4978 10013
leaf_count=112 1063 276 252 3545 4978 10013
internal_value=0.000271319 -0.014688 -0.0253726 0.000760536 0.00161491 0.000103006
internal_weight=20239 640 364 19599 8523 11076
internal_count=20239 640 364 19599 8523 11076
is_linear=0
shrinkage=0.035


Tree=59
num_leaves=7
num_cat=0
split_feature=8 3 11 3 8 8
split_gain=117.338 76.5758 27.362 8.72918 13.9999 13.9207
threshold=685.76464353380811 1.0000000180025095e-35 754.67499907075296 -1.0000000180025095e-35 2637.8861220535241 2134.0773106067759
decision_type=2 2 2 2 2 2
left_child=1 2 -1 4 -2 -5
right_child=3 -3 -4 5 -6 -7
leaf_value=-0.0048938032257508377 -0.00083934603714913797 -6.1517635270837983e-05 -0.0061526292127892382 -0.0017888819075001106 0.0019423969641369379 0.0010847221249618523
leaf_weight=112 5741 276 252 829 2878 10151
leaf_count=112 5741 276 252 829 2878 10151
internal_value=0.000266132 -0.0144696 -0.024989 0.000748036 -8.56727e-05 0.00140242
internal_weight=20239 640 364 19599 8619 10980
internal_count=20239 640 364 19599 8619 10980
is_linear=0
shrinkage=0.035


Tree=60
num_leaves=7
num_cat=0
split_feature=8 3 11 9 10 0
split_gain=112.976 73.5997 31.6633 8.8838 20.0212 7.76059
threshold=685.76464353380811 1.0000000180025095e-35 754.67499907075296 2736.1790178327642 2610.836037262688 15.500000000000002
decision_type=2 2 2 2 2 2
left_child=1 2 -1 4 -2 -3
right_child=3 5 -4 -5 -6 -7
leaf_value=-0.0047225201128495578 0.00013131075399021422 -0.022054231635942719 -0.005937287190341603 -0.00057250508420557834 0.0020555591909989278 0.0010367395755691744
leaf_weight=112 11345 73 252 2828 5426 203
leaf_count=112 11345 73 252 2828 5426 203
internal_value=0.000262673 -0.0141966 -0.0245096 0.000735536 0.00104153 -0.000555957
internal_weight=20239 640 364 19599 16771 276
internal_count=20239 640 364 19599 16771 276
is_linear=0
shrinkage=0.035


Tree=61
num_leaves=7
num_cat=0
split_feature=8 3 11 10 9 9
split_gain=104.657 78.7428 33.4694 8.42537 33.3973 11.5023
threshold=685.76464353380811 1.0000000180025095e-35 754.67499907075296 2242.3011901644782 2503.4646190793596 2736.1790178327642
decision_type=2 2 2 2 2 2
left_child=1 2 -1 4 -2 -5
right_child=3 -3 -4 5 -6 -7
leaf_value=-0.0045572319088998149 -0.00037861183103563879 0.00017786220219323303 -0.0057294821386796322 0.00083431993583826282 -0.044504052730153322 -0.00055246740625838279
leaf_weight=112 2413 276 252 14291 67 2828
leaf_count=112 2413 276 252 14291 67 2828
internal_value=0.000266132 -0.0136505 -0.0243178 0.00072125 -0.00118501 0.000997459
internal_weight=20239 640 364 19599 2480 17119
internal_count=20239 640 364 19599 2480 17119
is_linear=0
shrinkage=0.035


Tree=62
num_leaves=7
num_cat=0
split_feature=8 3 11 3 8 6
split_gain=102.763 77.5284 35.3244 8.2369 13.8208 12.5945
threshold=685.76464353380811 1.0000000180025095e-35 754.67499907075296 -1.0000000180025095e-35 2636.1123070584035 -0.93301270189221908
decision_type=2 2 2 2 2 2
left_child=1 2 -1 4 -2 -5
right_child=3 -3 -4 5 -6 -7
leaf_value=-0.0043977287920883073 -0.00084767559307939277 0.00017163702511647561 -0.0055289502638258409 -0.00061459873548191924 0.0018294163684539862 0.0010062349071593534
leaf_weight=112 5708 276 252 1188 2911 9792
leaf_count=112 5708 276 252 1188 2911 9792
internal_value=0.000248839 -0.0135413 -0.024126 0.000699822 -0.000110035 0.00133549
internal_weight=20239 640 364 19599 8619 10980
internal_count=20239 640 364 19599 8619 10980
is_linear=0
shrinkage=0.035


Tree=63
num_leaves=7
num_cat=0
split_feature=8 3 11 9 10 11
split_gain=99.3815 75.1279 39.1809 8.13346 19.4864 7.66064
threshold=685.76464353380811 1.0000000180025095e-35 754.67499907075296 2736.1790178327642 2610.836037262688 157.40973728829917
decision_type=2 2 2 2 2 2
left_child=1 2 -1 4 -2 -5
right_child=3 -3 -4 5 -6 -7
leaf_value=-0.0042438082843652275 8.3921442200029399e-05 0.00016562972923741094 -0.0053354370045919372 -0.00087420082514573277 0.0019234398161192198 0.0021856233638616819
leaf_weight=112 11345 276 252 2007 5426 821
leaf_count=112 11345 276 252 2007 5426 821
internal_value=0.000238464 -0.0133229 -0.0237425 0.000681964 0.00097475 -0.00105408
internal_weight=20239 640 364 19599 16771 2828
internal_count=20239 640 364 19599 16771 2828
is_linear=0
shrinkage=0.035


Tree=64
num_leaves=7
num_cat=0
split_feature=8 3 11 9 10 11
split_gain=98.4315 74.5337 40.1756 8.01677 18.946 7.20905
threshold=685.76464353380811 1.0000000180025095e-35 754.67499907075296 2736.1790178327642 2610.836037262688 157.40973728829917
decision_type=2 2 2 2 2 2
left_child=1 2 -1 4 -2 -5
right_child=3 -3 -4 5 -6 -7
leaf_value=-0.0040952749944124373 8.0984191723031842e-05 0.00015983268871409441 -0.0051486967094312112 -0.00084360379626564235 0.0018561194225550479 0.002109126546126521
leaf_weight=112 11345 276 252 2007 5426 821
leaf_count=112 11345 276 252 2007 5426 821
internal_value=0.000228088 -0.0132683 -0.0236466 0.000669464 0.000960142 -0.00105408
internal_weight=20239 640 364 19599 16771 2828
internal_count=20239 640 364 19599 16771 2828
is_linear=0
shrinkage=0.035


Tree=65
num_leaves=7
num_cat=0
split_feature=8 3 11 10 9 9
split_gain=97.5613 73.9418 41.1825 7.6727 32.0675 10.3091
threshold=685.76464353380811 1.0000000180025095e-35 754.67499907075296 2242.3011901644782 2503.4646190793596 2736.1790178327642
decision_type=2 2 2 2 2 2
left_child=1 2 -1 4 -2 -5
right_child=3 -3 -4 5 -6 -7
leaf_value=-0.003951940369607998 -0.00034889624430503921 0.00015423854460908882 -0.0049684923246011044 0.00074661403664071991 -0.042922513936027487 -0.00053631413154409796
leaf_weight=112 2413 276 252 14291 67 2828
leaf_count=112 2413 276 252 14291 67 2828
internal_value=0.0002229 -0.0132137 -0.0235507 0.000662322 -0.00115679 0.000925905
internal_weight=20239 640 364 19599 2480 17119
internal_count=20239 640 364 19599 2480 17119
is_linear=0
shrinkage=0.035


Tree=66
num_leaves=7
num_cat=0
split_feature=8 3 11 3 8 8
split_gain=95.6584 72.7652 43.2329 7.5236 13.5428 12.8305
threshold=685.76464353380811 1.0000000180025095e-35 754.67499907075296 -1.0000000180025095e-35 2144.1913346420752 2609.5688729041999
decision_type=2 2 2 2 2 2
left_child=1 2 -1 5 -5 -2
right_child=3 -3 -4 4 -6 -7
leaf_value=-0.0038136224566717261 -0.0011107788893939378 0.00014884019554776807 -0.004794595093240055 -0.0019052380592119737 0.00092852284253762017 0.0016126213489482501
leaf_weight=112 5218 276 252 876 10104 3401
leaf_count=112 5218 276 252 876 10104 3401
internal_value=0.00020042 -0.0131045 -0.0233589 0.000635536 0.00124306 -0.000138457
internal_weight=20239 640 364 19599 10980 8619
internal_count=20239 640 364 19599 10980 8619
is_linear=0
shrinkage=0.035


Tree=67
num_leaves=7
num_cat=0
split_feature=8 3 11 9 10 11
split_gain=94.7758 72.1804 44.2765 7.73573 18.1769 7.27376
threshold=685.76464353380811 1.0000000180025095e-35 754.67499907075296 2736.1790178327642 2606.2789815889455 157.40973728829917
decision_type=2 2 2 2 2 2
left_child=1 2 -1 4 -2 -5
right_child=3 -3 -4 5 -6 -7
leaf_value=-0.0036801456706882043 4.4446148104856383e-05 0.00014363078870358593 -0.0046267842649766562 -0.00083596665504738444 0.0017087583112807938 0.0020019589074797687
leaf_weight=112 11133 276 252 2007 5638 821
leaf_count=112 11133 276 252 2007 5638 821
internal_value=0.000193503 -0.0130499 -0.023263 0.000626607 0.000912145 -0.00106645
internal_weight=20239 640 364 19599 16771 2828
internal_count=20239 640 364 19599 16771 2828
is_linear=0
shrinkage=0.035


Tree=68
num_leaves=7
num_cat=0
split_feature=8 3 11 9 10 11
split_gain=91.6269 69.8648 48.5729 7.08673 17.3092 6.95309
threshold=685.76464353380811 1.0000000180025095e-35 754.67499907075296 2736.1790178327642 2606.2789815889455 157.40973728829917
decision_type=2 2 2 2 2 2
left_child=1 2 -1 4 -2 -5
right_child=3 -3 -4 5 -6 -7
leaf_value=-0.0035513405722141216 4.2890532921179297e-05 0.00013860371109896354 -0.0044648468157024775 -0.00080670782212073806 0.0016489517703859537 0.0019318903457179841
leaf_weight=112 11133 276 252 2007 5638 821
leaf_count=112 11133 276 252 2007 5638 821
internal_value=0.000190045 -0.0128315 -0.0228795 0.000615893 0.00088919 -0.0010046
internal_weight=20239 640 364 19599 16771 2828
internal_count=20239 640 364 19599 16771 2828
is_linear=0
shrinkage=0.035


Tree=69
num_leaves=7
num_cat=0
split_feature=8 3 11 9 10 11
split_gain=91.408 69.8648 48.5729 6.94688 16.7193 6.73642
threshold=685.76464353380811 1.0000000180025095e-35 754.67499907075296 2736.1790178327642 2620.032620802177 157.40973728829917
decision_type=2 2 2 2 2 2
left_child=1 2 -1 4 -2 -5
right_child=3 -3 -4 5 -6 -7
leaf_value=-0.003427043652186637 8.6775523427092734e-05 0.00013375258121051115 -0.0043085771771528905 -0.00077847304834651083 0.0016431438709725967 0.0018642741836178559
leaf_weight=112 11761 276 252 2007 5010 821
leaf_count=112 11761 276 252 2007 5010 821
internal_value=0.000174481 -0.0128315 -0.0228795 0.000599822 0.000870409 -0.0010046
internal_weight=20239 640 364 19599 16771 2828
internal_count=20239 640 364 19599 16771 2828
is_linear=0
shrinkage=0.035


Tree=70
num_leaves=7
num_cat=0
split_feature=8 3 11 10 9 9
split_gain=87.6108 67.0235 46.1758 6.85521 32.1439 9.29922
threshold=685.76464353380811 1.0000000180025095e-35 754.67499907075296 2242.3011901644782 2503.4646190793596 2374.3701890802577
decision_type=2 2 2 2 2 2
left_child=1 2 -1 4 -2 -5
right_child=3 -3 -4 5 -6 -7
leaf_value=-0.0033070971243600901 -0.00037527710239902316 0.00012907124086813937 -0.0041577769759525299 0.0011257127437780828 -0.041387442614293592 0.00037347767267763575
leaf_weight=112 2413 276 252 2537 67 14582
leaf_count=112 2413 276 252 2537 67 14582
internal_value=0.000174481 -0.0125585 -0.0224 0.000590893 -0.00112858 0.000840041
internal_weight=20239 640 364 19599 2480 17119
internal_count=20239 640 364 19599 2480 17119
is_linear=0
shrinkage=0.035


Tree=71
num_leaves=7
num_cat=0
split_feature=8 3 11 8 7 3
split_gain=87.3255 67.0235 46.1758 6.75777 21.4506 7.99012
threshold=685.76464353380811 1.0000000180025095e-35 754.67499907075296 2255.5590988929494 1.0000000180025095e-35 -1.0000000180025095e-35
decision_type=2 2 2 2 2 2
left_child=1 2 -1 4 -2 -5
right_child=3 -3 -4 5 -6 -7
leaf_value=-0.0031913487250074726 0.0041858866036789304 0.00012455374743773896 -0.004012254781794203 -4.5226068753821894e-05 -0.0038700718093113273 0.00085665951867942489
leaf_weight=112 896 276 252 6994 1984 9725
leaf_count=112 896 276 252 6994 1984 9725
internal_value=0.00015373 -0.0125585 -0.0224 0.000569464 -0.000996182 0.000839205
internal_weight=20239 640 364 19599 2880 16719
internal_count=20239 640 364 19599 2880 16719
is_linear=0
shrinkage=0.035


Tree=72
num_leaves=7
num_cat=0
split_feature=8 3 11 10 9 9
split_gain=86.5296 66.4623 45.7037 6.53304 32.1821 8.82941
threshold=685.76464353380811 1.0000000180025095e-35 754.67499907075296 2242.3011901644782 2503.4646190793596 2374.3701890802577
decision_type=2 2 2 2 2 2
left_child=1 2 -1 4 -2 -5
right_child=3 -3 -4 5 -6 -7
leaf_value=-0.0030796515196322184 -0.00038245904283808587 0.00012019436627741966 -0.0038718258644314042 0.0010899541554730335 -0.039803429609467408 0.00037665651255915149
leaf_weight=112 2413 276 252 2537 67 14582
leaf_count=112 2413 276 252 2537 67 14582
internal_value=0.000150272 -0.0125039 -0.0223041 0.000564107 -0.00111447 0.000807331
internal_weight=20239 640 364 19599 2480 17119
internal_count=20239 640 364 19599 2480 17119
is_linear=0
shrinkage=0.035


Tree=73
num_leaves=7
num_cat=0
split_feature=8 9 4 9 10 11
split_gain=81.923 64.9083 37.0996 6.43111 17.2494 6.95309
threshold=685.76464353380811 2626.4506096135424 0.81174490092936691 2736.1790178327642 2610.836037262688 157.40973728829917
decision_type=2 2 2 2 2 2
left_child=1 2 -1 4 -2 -5
right_child=3 -3 -4 5 -6 -7
leaf_value=-1.0633356809905035e-05 2.1334720064242735e-05 -0.0035793390760885573 -0.0087300993926664825 -0.00079862986972110441 0.0015117250754251713 0.0017743528302327863
leaf_weight=359 11345 164 117 2007 5426 821
leaf_count=359 11345 164 117 2007 5426 821
internal_value=0.000136438 -0.0121763 -0.00560587 0.000539107 0.000799458 -0.0010046
internal_weight=20239 640 476 19599 16771 2828
internal_count=20239 640 476 19599 16771 2828
is_linear=0
shrinkage=0.035


Tree=74
num_leaves=7
num_cat=0
split_feature=8 6 8 9 10 9
split_gain=70.3346 64.0778 25.8189 22.8862 6.29891 32.1821
threshold=685.76464353380811 -0.93301270189221908 397.49156244158354 2035.3737121304237 2242.3011901644782 2503.4646190793596
decision_type=2 2 2 2 2 2
left_child=1 3 -3 -1 5 -2
right_child=4 2 -4 -5 -6 -7
leaf_value=0.00012179709501417337 -0.00036981969154099132 -0.021321906258545156 0.00040614342954077294 -0.0065469677947661894 0.00048769650284606831 -0.038411056288338311
leaf_weight=28 2413 80 333 199 17119 67
leaf_count=28 2413 80 333 199 17119 67
internal_value=0.000160647 -0.011248 -0.00301812 -0.0261425 0.00053375 -0.00111447
internal_weight=20239 640 413 227 19599 2480
internal_count=20239 640 413 227 19599 2480
is_linear=0
shrinkage=0.035


Tree=75
num_leaves=5
num_cat=0
split_feature=11 8 11 10
split_gain=62.5825 23.3593 21.2059 7.58215
threshold=968.80140071347773 485.69696166045077 820.75096363053001 2242.3011901644782
decision_type=2 2 2 2
left_child=1 2 -1 -3
right_child=-2 3 -4 -5
leaf_value=0.00014696832216943241 -0.0082305096583317871 -0.0014545894025404659 -0.018355167490161754 0.00047062712524645166
leaf_weight=103 79 2818 120 17119
leaf_count=103 79 2818 120 17119
internal_value=0.000226359 0.000348941 -0.0108906 0.000475198
internal_weight=20239 20160 223 19937
internal_count=20239 20160 223 19937
is_linear=0
shrinkage=0.035


Tree=76
num_leaves=5
num_cat=0
split_feature=11 10 10 9
split_gain=62.877 8.77611 32.2659 8.65565
threshold=968.80140071347773 2242.3011901644782 1580.4964585668083 2374.3701890802577
decision_type=2 2 2 2
left_child=1 2 -1 -3
right_child=-2 3 -4 -5
leaf_value=0.0027559573825497495 -0.0079424418202901758 0.0010175177178459631 -0.018574959132520844 0.00031346674368429631
leaf_weight=1343 79 2537 1698 14582
leaf_count=1343 79 2537 1698 14582
internal_value=0.000298987 0.000421854 -0.00131049 0.000729644
internal_weight=20239 20160 3041 17119
internal_count=20239 20160 3041 17119
is_linear=0
shrinkage=0.035


Tree=77
num_leaves=5
num_cat=0
split_feature=11 8 10 9
split_gain=63.3201 8.20052 11.8467 10.5922
threshold=968.80140071347773 2516.8692614604397 1612.836922597093 2748.4143004632356
decision_type=2 2 2 2
left_child=1 2 -1 -3
right_child=-2 3 -4 -5
leaf_value=0.0029979088292604586 -0.0076644563565800104 0.00085802802542240056 -0.00062840688738876889 -0.00065767442564203238
leaf_weight=1219 79 9885 7023 2033
leaf_count=1219 79 9885 7023 2033
internal_value=0.00040793 0.000531224 -0.000317603 0.00111821
internal_weight=20239 20160 8242 11918
internal_count=20239 20160 8242 11918
is_linear=0
shrinkage=0.035


Tree=78
num_leaves=6
num_cat=0
split_feature=11 10 8 9 7
split_gain=38.0453 11.1149 8.16851 15.851 12.1815
threshold=968.80140071347773 1670.4432416217558 2597.1885063249083 2736.1790178327642 1.0000000180025095e-35
decision_type=2 2 2 2 2
left_child=2 -2 4 -4 -1
right_child=1 -3 3 -5 -6
leaf_value=0.00091477542086257477 -0.0074065410735644436 1.6854250891085168e-05 0.0010536181842452203 -0.00065327618709220842 -0.00050394670456692663
leaf_weight=3911 64 14.999999999999998 6713 2086 7450
leaf_count=3911 64 15 6713 2086 7450
internal_value=0.000420035 -0.0236687 0.0005156 0.00131608 -0.000104427
internal_weight=20239 79 20160 8799 11361
internal_count=20239 79 20160 8799 11361
is_linear=0
shrinkage=0.035


Tree=79
num_leaves=6
num_cat=0
split_feature=11 8 8 7 9
split_gain=36.6705 12.5827 7.75571 10.5756 9.50478
threshold=968.80140071347773 531.76268746968128 2516.8692614604397 1.0000000180025095e-35 2748.4143004632356
decision_type=2 2 2 2 2
left_child=2 -2 3 -1 -4
right_child=1 -3 4 -5 -6
leaf_value=0.00088289847092773335 1.8450650512842338e-05 -0.0071500224784373104 0.00079894026432606683 -0.00063777744866295907 -0.00061179115419632648
leaf_weight=2808 17 62 9885 5434 2033
leaf_count=2808 17 62 9885 5434 2033
internal_value=0.000418305 -0.0232312 0.000512127 -0.000313357 0.00108298
internal_weight=20239 79 20160 8242 11918
internal_count=20239 79 20160 8242 11918
is_linear=0
shrinkage=0.035


Tree=80
num_leaves=6
num_cat=0
split_feature=11 8 3 8 8
split_gain=36.6491 12.5827 7.54026 12.855 12.209
threshold=968.80140071347773 531.76268746968128 -1.0000000180025095e-35 2609.5688729041999 2207.9127125289106
decision_type=2 2 2 2 2
left_child=2 -2 3 -1 -4
right_child=1 -3 4 -5 -6
leaf_value=-0.0011944195512188524 1.7804877744880266e-05 -0.0068997716916920125 -0.0011923017846995989 0.0013558401013999968 0.00073616481896168209
leaf_weight=5395 17 62 1472 3401 9892
leaf_count=5395 17 62 1472 3401 9892
internal_value=0.000411388 -0.0232312 0.000505183 -0.000264181 0.00110066
internal_weight=20239 79 20160 8796 11364
internal_count=20239 79 20160 8796 11364
is_linear=0
shrinkage=0.035


Tree=81
num_leaves=6
num_cat=0
split_feature=11 8 3 8 8
split_gain=36.6223 12.5827 7.21767 11.9647 11.3652
threshold=968.80140071347773 531.76268746968128 -1.0000000180025095e-35 2609.5688729041999 2134.0773106067759
decision_type=2 2 2 2 2
left_child=2 -2 3 -1 -4
right_child=1 -3 4 -5 -6
leaf_value=-0.0011526148669262024 1.718170702381894e-05 -0.0066582796824828042 -0.0015715638045640638 0.001308385697850989 0.00068898313215636463
leaf_weight=5395 17 62 1214 3401 10150
leaf_count=5395 17 62 1214 3401 10150
internal_value=0.000402742 -0.0232312 0.000496503 -0.000256224 0.0010791
internal_weight=20239 79 20160 8796 11364
internal_count=20239 79 20160 8796 11364
is_linear=0
shrinkage=0.035


Tree=82
num_leaves=6
num_cat=0
split_feature=11 8 3 8 8
split_gain=36.6116 12.5827 7.07549 11.2561 9.57826
threshold=968.80140071347773 531.76268746968128 -1.0000000180025095e-35 2636.1123070584035 2207.9127125289106
decision_type=2 2 2 2 2
left_child=2 -2 3 -1 -4
right_child=1 -3 4 -5 -6
leaf_value=-0.00089674769624682391 1.6580347277970199e-05 -0.0064252398935958919 -0.0010955664890753549 0.0013424902761805745 0.00068628464067254323
leaf_weight=5885 17 62 1472 2911 9892
leaf_count=5885 17 62 1472 2911 9892
internal_value=0.000399284 -0.0232312 0.000493031 -0.000252245 0.00106986
internal_weight=20239 79 20160 8796 11364
internal_count=20239 79 20160 8796 11364
is_linear=0
shrinkage=0.035


Tree=83
num_leaves=6
num_cat=0
split_feature=11 8 3 7 7
split_gain=36.6169 12.5827 6.73491 10.7884 9.33236
threshold=968.80140071347773 531.76268746968128 -1.0000000180025095e-35 -0.68301270189221952 -0.25000000000000028
decision_type=2 2 2 2 2
left_child=2 -2 3 -1 -4
right_child=1 -3 4 -5 -6
leaf_value=-0.014710302071825205 1.6000035123231451e-05 -0.0062003564973200391 0.0015826290910665763 1.4021983676304475e-06 0.00025991050088249192
leaf_weight=300 17 62 2098 8496 9266
leaf_count=300 17 62 2098 8496 9266
internal_value=0.000401013 -0.0232312 0.000494767 -0.000232352 0.00105755
internal_weight=20239 79 20160 8796 11364
internal_count=20239 79 20160 8796 11364
is_linear=0
shrinkage=0.035


Tree=84
num_leaves=6
num_cat=0
split_feature=11 8 3 8 7
split_gain=36.6062 12.5827 6.52484 10.4624 9.14702
threshold=968.80140071347773 531.76268746968128 -1.0000000180025095e-35 2636.1123070584035 -0.25000000000000028
decision_type=2 2 2 2 2
left_child=2 -2 3 -1 -4
right_child=1 -3 4 -5 -6
leaf_value=-0.00085131291235189196 1.5440033893909802e-05 -0.0059833440199138282 0.001527237072879255 0.0012954540395713975 0.00025081363335160522
leaf_weight=5885 17 62 2098 2911 9266
leaf_count=5885 17 62 2098 2911 9266
internal_value=0.000397554 -0.0232312 0.000491295 -0.000224395 0.00104523
internal_weight=20239 79 20160 8796 11364
internal_count=20239 79 20160 8796 11364
is_linear=0
shrinkage=0.035


Tree=85
num_leaves=6
num_cat=0
split_feature=11 8 3 7 7
split_gain=36.5795 12.5827 6.4394 10.0443 9.10887
threshold=968.80140071347773 531.76268746968128 -1.0000000180025095e-35 -0.68301270189221952 -0.25000000000000028
decision_type=2 2 2 2 2
left_child=2 -2 3 -1 -4
right_child=1 -3 4 -5 -6
leaf_value=-0.014165645547378999 1.489963270761674e-05 -0.0057739269792168556 0.0014737837753284922 -1.7872732948287507e-06 0.00024203515618431248
leaf_weight=300 17 62 2098 8496 9266
leaf_count=300 17 62 2098 8496 9266
internal_value=0.000388908 -0.0232312 0.000482615 -0.000228373 0.00103291
internal_weight=20239 79 20160 8796 11364
internal_count=20239 79 20160 8796 11364
is_linear=0
shrinkage=0.035


Tree=86
num_leaves=6
num_cat=0
split_feature=11 8 3 8 7
split_gain=36.5473 12.5827 6.18129 9.78798 9.00599
threshold=968.80140071347773 531.76268746968128 -1.0000000180025095e-35 2609.5688729041999 -0.25000000000000028
decision_type=2 2 2 2 2
left_child=2 -2 3 -1 -4
right_child=1 -3 4 -5 -6
leaf_value=-0.001029768664856862 1.4378145562865542e-05 -0.0055718395349442767 0.0014222013431919799 0.0011719131853900899 0.00023356392571784778
leaf_weight=5395 17 62 2098 3401 9266
leaf_count=5395 17 62 2098 3401 9266
internal_value=0.000378533 -0.0232312 0.000472199 -0.000224395 0.00101135
internal_weight=20239 79 20160 8796 11364
internal_count=20239 79 20160 8796 11364
is_linear=0
shrinkage=0.035


Tree=87
num_leaves=6
num_cat=0
split_feature=11 8 9 10 11
split_gain=37.898 11.1094 6.46591 14.0537 7.70371
threshold=968.80140071347773 531.76268746968128 2736.1790178327642 2621.3196647906475 157.40973728829917
decision_type=2 2 2 2 2
left_child=2 -2 3 -1 -4
right_child=1 -3 4 -5 -6
leaf_value=3.5195102557450804e-05 1.3874910468159031e-05 -0.0053768251512212213 -0.00091619526744232552 0.0012314140880368134 0.0014105388148023376
leaf_weight=12379 17 62 2007 4937 837
leaf_count=12379 17 62 2007 4937 837
internal_value=0.000373345 -0.0236687 0.000468727 0.000722758 -0.00107768
internal_weight=20239 79 20160 17316 2844
internal_count=20239 79 20160 17316 2844
is_linear=0
shrinkage=0.035


Tree=88
num_leaves=6
num_cat=0
split_feature=11 8 10 10 3
split_gain=35.1739 10.3485 6.14872 17.7481 0.845775
threshold=968.80140071347773 531.76268746968128 1558.9673955230312 2242.3011901644782 0.6078576107927941
decision_type=2 2 2 2 2
left_child=2 -2 4 -4 -1
right_child=1 -3 3 -5 -6
leaf_value=0.0043186543054504955 1.3389288601759476e-05 -0.0051886362709284801 -0.015611195228871938 0.00033796487031486846 0.00044309188806302227
leaf_weight=998 17 62 1766 17119 277
leaf_count=998 17 62 1766 17119 277
internal_value=0.000368157 -0.0227937 0.000460047 0.000301149 0.00281152
internal_weight=20239 79 20160 18885 1275
internal_count=20239 79 20160 18885 1275
is_linear=0
shrinkage=0.035


Tree=89
num_leaves=7
num_cat=0
split_feature=8 9 7 9 11 10
split_gain=6.73966 11.1938 10.838 10.1625 10.5984 5.18503
threshold=2516.8692614604397 2411.8691264707154 -0.25000000000000028 2731.7377787837786 165.03237093853269 2618.5620967657201
decision_type=2 2 2 2 2 2
left_child=1 -1 -3 5 -5 -2
right_child=3 2 -4 4 -6 -7
leaf_value=0.00063190746020084837 0.00021902085609663911 0.00092556786612354904 -0.001116620167147095 -0.00089863348801696747 0.0029409823903738634 0.0011977286577514869
leaf_weight=3629 4682 1480 3211 2008 538 4691
leaf_count=3629 4682 1480 3211 2008 538 4691
internal_value=0.000432139 -0.000332292 -0.00146132 0.00096573 -0.000994896 0.00149835
internal_weight=20239 8320 4691 11919 2546 9373
internal_count=20239 8320 4691 11919 2546 9373
is_linear=0
shrinkage=0.035


Tree=90
num_leaves=7
num_cat=0
split_feature=8 9 7 9 11 10
split_gain=6.23835 10.0701 9.94376 9.29654 10.2015 4.86132
threshold=2516.8692614604397 2411.8691264707154 -0.25000000000000028 2731.7377787837786 165.03237093853269 2618.5620967657201
decision_type=2 2 2 2 2 2
left_child=1 -1 -3 5 -5 -2
right_child=3 2 -4 4 -6 -7
leaf_value=0.00060979069909382778 0.00021135512613325045 0.0008931729908092257 -0.0010775384612969315 -0.00086718131593637262 0.0028380480067107697 0.0011558081547301891
leaf_weight=3629 4682 1480 3211 2008 538 4691
leaf_count=3629 4682 1480 3211 2008 538 4691
internal_value=0.000449432 -0.000286023 -0.00135688 0.000962794 -0.000912446 0.00147221
internal_weight=20239 8320 4691 11919 2546 9373
internal_count=20239 8320 4691 11919 2546 9373
is_linear=0
shrinkage=0.035


Tree=91
num_leaves=7
num_cat=0
split_feature=8 10 0 0 3 7
split_gain=6.02152 11.4834 10.5612 7.8725 7.70364 10.171
threshold=2255.5590988929494 2555.3769793602396 71.500000000000014 44.500000000000007 -1.0000000180025095e-35 -0.68301270189221952
decision_type=2 2 2 2 2 2
left_child=1 3 -3 -1 5 -2
right_child=4 2 -4 -5 -6 -7
leaf_value=-0.0071885469656089605 -0.013696226725423566 -0.00065412684203063184 -0.0021962450742970059 0.0006183989631009764 0.00055654360977248766 5.9388522040646491e-05
leaf_weight=1524 297 158 52 1786 9725 6697
leaf_count=1524 297 158 52 1786 9725 6697
internal_value=0.000440786 -0.000874751 -0.00879147 -0.000369979 0.000717793 -0.00016812
internal_weight=20239 3520 210 3310 16719 6994
internal_count=20239 3520 210 3310 16719 6994
is_linear=0
shrinkage=0.035


Tree=92
num_leaves=7
num_cat=0
split_feature=9 10 8 10 8 10
split_gain=6.22334 12.9167 22.8933 5.53588 5.4133 10.4838
threshold=2340.389416249579 2242.3011901644782 1518.358830496669 2610.836037262688 397.49156244158354 1741.7871710964662
decision_type=2 2 2 2 2 2
left_child=4 2 -2 -3 5 -1
right_child=1 3 -4 -5 -6 -7
leaf_value=-0.024240379759651109 -0.0010367273576846971 -0.00017269966689532448 -0.035155571393016012 0.00075335780659744559 0.0010524418354656408 0.0014393459848947377
leaf_weight=26 463 7565 136 7595 4411 43
leaf_count=26 463 7565 136 7595 4411 43
internal_value=0.000458078 0.000130806 -0.00490583 0.000330123 0.00160902 -0.00805
internal_weight=20239 15759 599 15160 4480 69
internal_count=20239 15759 599 15160 4480 69
is_linear=0
shrinkage=0.035


Tree=93
num_leaves=7
num_cat=0
split_feature=9 10 8 10 8 0
split_gain=6.21368 12.8825 22.8933 5.19749 3.8545 8.13689
threshold=2340.389416249579 2242.3011901644782 1518.358830496669 2610.836037262688 397.49156244158354 13.500000000000002
decision_type=2 2 2 2 2 2
left_child=4 2 -2 -3 5 -1
right_child=1 3 -4 -5 -6 -7
leaf_value=-0.023417442685022979 -0.001000441900165745 -0.00016665517855399427 -0.033925126394260451 0.00072699028336654209 0.0010156063712243447 7.176401767255759e-05
leaf_weight=13.999999999999998 463 7565 136 7595 4411 55
leaf_count=14 463 7565 136 7595 4411 55
internal_value=0.000451161 0.000124144 -0.00490583 0.000323198 0.00160121 -0.00655
internal_weight=20239 15759 599 15160 4480 69
internal_count=20239 15759 599 15160 4480 69
is_linear=0
shrinkage=0.035


Tree=94
num_leaves=7
num_cat=0
split_feature=10 10 11 9 11 2
split_gain=6.06519 12.5202 25.8325 7.45643 1.58505 4.85965
threshold=1558.9673955230312 2242.3011901644782 512.25080761006802 2359.6006705549794 933.06138449009472 0.91037613702198772
decision_type=2 2 2 2 2 2
left_child=4 2 -2 -3 -1 -6
right_child=1 3 -4 -5 5 -7
leaf_value=0.002818764051707287 -0.039240037782701361 0.0010567126828017813 -0.00033395437527443156 0.00015631690864591018 0.0039994276978754691 -0.014978284475989315
leaf_weight=1218 435 2236 1405 14883 48 13.999999999999998
leaf_count=1218 435 2236 1405 14883 48 14
internal_value=0.000428681 0.000271176 -0.00247148 0.000566092 0.00275956 -0.00266667
internal_weight=20239 18959 1840 17119 1280 62
internal_count=20239 18959 1840 17119 1280 62
is_linear=0
shrinkage=0.035


Tree=95
num_leaves=7
num_cat=0
split_feature=9 10 6 11 6 8
split_gain=5.60204 11.1439 23.8127 7.89265 7.32969 6.37894
threshold=2736.1790178327642 2620.032620802177 0.68301270189221941 157.40973728829917 -1.0000000180025095e-35 2134.0773106067759
decision_type=2 2 2 2 2 2
left_child=1 2 -1 4 -2 -3
right_child=3 5 -4 -5 -6 -7
leaf_value=0.00016184995242869517 -0.0010699390660807895 -0.0019429399617010292 -0.014609697052854115 0.0014557839117015808 -0.00047373110009769188 0.0010495112796255284
leaf_weight=11889 868 33 496 837 1139 4977
leaf_count=11889 868 33 496 837 1139 4977
internal_value=0.000411388 0.000646844 8.33604e-05 -0.00102847 -0.00221887 0.00203951
internal_weight=20239 17395 12385 2844 2007 5010
internal_count=20239 17395 12385 2844 2007 5010
is_linear=0
shrinkage=0.035


Tree=96
num_leaves=7
num_cat=0
split_feature=9 10 8 3 8 0
split_gain=5.59957 12.4509 23.1064 4.80881 3.75929 8.13689
threshold=2340.389416249579 2242.3011901644782 1518.358830496669 -1.0000000180025095e-35 397.49156244158354 13.500000000000002
decision_type=2 2 2 2 2 2
left_child=4 2 -2 -3 5 -1
right_child=1 3 -4 -5 -6 -7
leaf_value=-0.022591808536247576 -0.00095940277886035212 -0.00026233219754045567 -0.031370010396401783 0.00036694782285495432 0.0010147320340925432 7.5275931853617815e-05
leaf_weight=13.999999999999998 463 6647 136 8513 4411 55
leaf_count=14 463 6647 136 8513 4411 55
internal_value=0.00040793 9.74938e-05 -0.0048475 0.000293187 0.00149967 -0.00655
internal_weight=20239 15759 599 15160 4480 69
internal_count=20239 15759 599 15160 4480 69
is_linear=0
shrinkage=0.035


Tree=97
num_leaves=7
num_cat=0
split_feature=9 10 6 8 11 2
split_gain=5.08369 10.754 23.3463 10.5751 7.39749 7.14087
threshold=2736.1790178327642 2606.2789815889455 0.68301270189221941 2144.1913346420752 157.40973728829917 -0.3520614488341256
decision_type=2 2 2 2 2 2
left_child=1 2 -1 -3 5 -2
right_child=4 3 -4 -5 -6 -7
leaf_value=0.00012312351908390351 0.00025496276545529113 -0.0021378470528233859 -0.014142581807521022 0.0010299809304049313 0.0014061984952658513 -0.0010735617783949503
leaf_weight=11366 846 60 391 5578 837 1161
leaf_count=11366 846 60 391 5578 837 1161
internal_value=0.000392367 0.000616665 1.39906e-05 0.0018732 -0.000979262 -0.00213172
internal_weight=20239 17395 11757 5638 2844 2007
internal_count=20239 17395 11757 5638 2844 2007
is_linear=0
shrinkage=0.035


Tree=98
num_leaves=7
num_cat=0
split_feature=9 10 8 9 8 0
split_gain=5.24753 11.7071 22.6013 4.67532 3.68685 8.13689
threshold=2340.389416249579 2242.3011901644782 1518.358830496669 2736.1790178327642 397.49156244158354 13.500000000000002
decision_type=2 2 2 2 2 2
left_child=4 2 -2 -3 5 -1
right_child=1 3 -4 -5 -6 -7
leaf_value=-0.021805404560646842 -0.00093013300476819894 0.00024943225623924462 -0.030276369355695665 -0.00054459224258135929 0.00097490708973135896 6.8331951070810248e-05
leaf_weight=13.999999999999998 463 12332 136 2828 4411 55
leaf_count=14 463 12332 136 2828 4411 55
internal_value=0.000364699 6.41816e-05 -0.00473083 0.000253941 0.00142156 -0.00655
internal_weight=20239 15759 599 15160 4480 69
internal_count=20239 15759 599 15160 4480 69
is_linear=0
shrinkage=0.035


Tree=99
num_leaves=7
num_cat=0
split_feature=9 8 7 9 3 1
split_gain=4.83569 6.32636 8.97328 7.73607 0.820277 0.617814
threshold=610.56992788387743 2516.8692614604397 -0.25000000000000028 779.42307746531776 0.6078576107927941 0.72947329433276253
decision_type=2 2 2 2 2 2
left_child=4 2 -2 -3 -1 -6
right_child=1 3 -4 -5 5 -7
leaf_value=0.0041370834092410132 0.0011227239826023939 -0.0043003314121249272 -0.00059006306731386818 0.00039907766946059022 -0.0011937779943770989 0.0059435465737203248
leaf_weight=665 2141 51 5634 11693 32 23
leaf_count=665 2141 51 5634 11693 32 23
internal_value=0.000340489 0.000236501 -0.000537873 0.00074917 0.00315534 -0.0009375
internal_weight=20239 19519 7775 11744 720 55
internal_count=20239 19519 7775 11744 720 55
is_linear=0
shrinkage=0.035


Tree=100
num_leaves=7
num_cat=0
split_feature=9 10 8 10 8 0
split_gain=5.01628 11.0283 23.0258 4.80122 3.63656 8.13689
threshold=2340.389416249579 2242.3011901644782 1518.358830496669 2610.836037262688 397.49156244158354 13.500000000000002
decision_type=2 2 2 2 2 2
left_child=4 2 -2 -3 5 -1
right_child=1 3 -4 -5 -6 -7
leaf_value=-0.021021563193668217 -0.00087692614224531794 -0.00017994158353108844 -0.029196044220890317 0.00060378718513182171 0.0009614375472972301 8.6592540139318621e-05
leaf_weight=13.999999999999998 463 7565 136 7595 4411 55
leaf_count=14 463 7565 136 7595 4411 55
internal_value=0.000333572 3.97527e-05 -0.00461417 0.00022393 0.00136688 -0.00655
internal_weight=20239 15759 599 15160 4480 69
internal_count=20239 15759 599 15160 4480 69
is_linear=0
shrinkage=0.035


Tree=101
num_leaves=7
num_cat=0
split_feature=9 10 11 11 3 1
split_gain=4.91325 6.34894 17.3318 6.11202 0.820277 0.617814
threshold=610.56992788387743 2242.3011901644782 512.25080761006802 366.26210973331155 0.6078576107927941 0.72947329433276253
decision_type=2 2 2 2 2 2
left_child=4 2 -2 -3 -1 -6
right_child=1 3 -4 -5 5 -7
leaf_value=0.0039586351757621612 -0.037432694962026947 0.00014834819255166737 7.7844877224850792e-05 0.0037396985787754946 -0.0011856460787293033 0.005701872129484694
leaf_weight=665 530 16223 1870 896 32 23
leaf_count=665 530 16223 1870 896 32 23
internal_value=0.000318009 0.000213192 -0.0014723 0.000449562 0.00315534 -0.0009375
internal_weight=20239 19519 2400 17119 720 55
internal_count=20239 19519 2400 17119 720 55
is_linear=0
shrinkage=0.035


Tree=102
num_leaves=7
num_cat=0
split_feature=9 3 10 6 3 1
split_gain=4.88932 6.19255 11.4316 8.7929 0.820277 0.617814
threshold=610.56992788387743 -1.0000000180025095e-35 2609.4015808830086 -0.93301270189221908 0.6078576107927941 0.72947329433276253
decision_type=2 2 2 2 2 2
left_child=4 2 -2 -3 -1 -6
right_child=1 3 -4 -5 5 -7
leaf_value=0.0038200829446104717 -0.0013333664720009742 -0.001053114341630576 0.0011086189208641068 0.00043940451028752302 -0.0011441484659737667 0.0055023066049527409
leaf_weight=665 5010 1217 3325 9967 32 23
leaf_count=665 5010 1217 3325 9967 32 23
internal_value=0.000324926 0.000220364 -0.000501739 0.000758516 0.00315534 -0.0009375
internal_weight=20239 19519 8335 11184 720 55
internal_count=20239 19519 8335 11184 720 55
is_linear=0
shrinkage=0.035


Tree=103
num_leaves=7
num_cat=0
split_feature=9 11 10 6 2 3
split_gain=4.9993 9.12362 9.05045 24.9482 7.11415 5.76363
threshold=2748.4143004632356 148.20899259997836 2623.5764932899901 0.68301270189221941 -0.2269546835593246 0.87837969732492682
decision_type=2 2 2 2 2 2
left_child=2 4 3 -1 -2 -4
right_child=1 -3 5 -5 -6 -7
leaf_value=0.00015388151480595335 -4.1421748353803746e-05 0.0013728559972128321 0.0010922280945862631 -0.013021508626626538 -0.0011236591528928747 -0.00025696818941433279
leaf_weight=12184 746 763 4323 545 861 817
leaf_count=12184 746 763 4323 545 861 817
internal_value=0.000343948 -0.00116617 0.000544292 4.37158e-05 -0.002662 0.0017837
internal_weight=20239 2370 17869 12729 1607 5140
internal_count=20239 2370 17869 12729 1607 5140
is_linear=0
shrinkage=0.035


Tree=104
num_leaves=7
num_cat=0
split_feature=9 10 6 8 11 2
split_gain=5.07442 9.14636 26.723 11.9597 8.94452 7.11415
threshold=2748.4143004632356 2606.2789815889455 0.68301270189221941 2183.0532079091204 148.20899259997836 -0.2269546835593246
decision_type=2 2 2 2 2 2
left_child=1 2 -1 -3 5 -2
right_child=4 3 -4 -5 -6 -7
leaf_value=0.00011235486026988984 -3.997198716141459e-05 -0.0018267771533843826 -0.013041809899435111 0.00089764243338234914 0.0013248060373103913 -0.0010843310825416226
leaf_weight=11448 746 106 409 5906 763 861
leaf_count=11448 746 106 409 5906 763 861
internal_value=0.000340489 0.000542334 -2.15465e-05 0.00165425 -0.00118094 -0.002662
internal_weight=20239 17869 11857 6012 2370 1607
internal_count=20239 17869 11857 6012 2370 1607
is_linear=0
shrinkage=0.035


Tree=105
num_leaves=7
num_cat=0
split_feature=9 3 8 6 3 8
split_gain=5.04026 5.89758 10.5592 8.37906 0.60287 0.71884
threshold=610.56992788387743 -1.0000000180025095e-35 2609.5688729041999 -0.93301270189221908 0.6078576107927941 2526.4983445635858
decision_type=2 2 2 2 2 2
left_child=4 2 -2 -3 -1 -6
right_child=1 3 -4 -5 5 -7
leaf_value=0.0036770617684214516 -0.0013626898643005023 -0.0010436762335832809 0.00086327776166534513 0.00040558805355057892 -0.0053927618878057224 0.0020992058247616035
leaf_weight=665 4934 1217 3401 9967 11.999999999999998 43
leaf_count=665 4934 1217 3401 9967 12 43
internal_value=0.000330114 0.00022395 -0.000480746 0.000749128 0.00320388 -0.0003125
internal_weight=20239 19519 8335 11184 720 55
internal_count=20239 19519 8335 11184 720 55
is_linear=0
shrinkage=0.035


Tree=106
num_leaves=7
num_cat=0
split_feature=10 10 11 9 8 9
split_gain=5.22337 7.79646 20.4032 6.15294 1.13292 2.17108
threshold=1525.9183109283522 2242.3011901644782 512.25080761006802 2736.1790178327642 1085.3770108041806 2307.7112876650294
decision_type=2 2 2 2 2 2
left_child=4 2 -2 -3 5 -1
right_child=1 3 -4 -5 -6 -7
leaf_value=-0.00040629425824127588 -0.036473319488443942 0.00030702931677748765 4.8710279981643019e-05 -0.00054430337471992371 0.0037023797255557331 0.0011600280296218425
leaf_weight=102 443 14291 1557 2828 889 129
leaf_count=102 443 14291 1557 2828 889 129
internal_value=0.000331843 0.000195685 -0.00187156 0.000437296 0.00265388 0.000467673
internal_weight=20239 19119 2000 17119 1120 231
internal_count=20239 19119 2000 17119 1120 231
is_linear=0
shrinkage=0.035


Tree=107
num_leaves=7
num_cat=0
split_feature=10 8 7 9 8 9
split_gain=5.25454 6.90984 12.2662 7.1688 1.13292 2.17108
threshold=1525.9183109283522 2512.0078768347307 1.0000000180025095e-35 2731.7377787837786 1085.3770108041806 2307.7112876650294
decision_type=2 2 2 2 2 2
left_child=4 2 -2 -3 5 -1
right_child=1 3 -4 -5 -6 -7
leaf_value=-0.00039207395920281705 0.00065669254459313725 0.00043741758544528692 -0.00068509731986191817 -0.00053872311841461162 0.0035727964351612894 0.0011194270485850801
leaf_weight=102 2472 9421 4664 2562 889 129
leaf_count=102 2472 9421 4664 2562 889 129
internal_value=0.000324926 0.000188363 -0.000673812 0.000701811 0.00265388 0.000467673
internal_weight=20239 19119 7136 11983 1120 231
internal_count=20239 19119 7136 11983 1120 231
is_linear=0
shrinkage=0.035


Tree=108
num_leaves=7
num_cat=0
split_feature=10 10 11 11 8 9
split_gain=5.34115 6.80247 17.4899 6.04923 1.01142 1.95946
threshold=1525.9183109283522 2242.3011901644782 512.25080761006802 366.26210973331155 1085.3770108041806 2307.7112876650294
decision_type=2 2 2 2 2 2
left_child=4 2 -2 -3 5 -1
right_child=1 3 -4 -5 -6 -7
leaf_value=-0.00037835137063071446 -0.035212062921838989 0.00010919800393047059 3.1695804691693752e-05 0.0036174483144072707 0.0034477485599306366 0.0010802471018846039
leaf_weight=102 443 16223 1557 896 889 129
leaf_count=102 443 16223 1557 896 889 129
internal_value=0.000337031 0.000199346 -0.00173163 0.000425029 0.0026851 0.000618535
internal_weight=20239 19119 2000 17119 1120 231
internal_count=20239 19119 2000 17119 1120 231
is_linear=0
shrinkage=0.035


Tree=109
num_leaves=7
num_cat=0
split_feature=9 10 7 7 8 0
split_gain=5.2442 8.18057 21.4705 8.14492 3.62275 8.13689
threshold=2359.6006705549794 2352.1446465155909 0.6830127018922193 0.6830127018922193 397.49156244158354 13.500000000000002
decision_type=2 2 2 2 2 2
left_child=4 2 -2 -3 5 -1
right_child=1 3 -4 -5 -6 -7
leaf_value=-0.020306261872223119 0.00036424851073486148 -0.00023270885917256443 -0.02425601640048709 0.00043305570302072893 0.00086331538769934227 6.3108410901167034e-05
leaf_weight=13.999999999999998 639 8983 575 5242 4731 55
leaf_count=14 639 8983 575 5242 4731 55
internal_value=0.000345677 3.15092e-05 -0.0027251 0.000266941 0.00135597 -0.00655
internal_weight=20239 15439 1214 14225 4800 69
internal_count=20239 15439 1214 14225 4800 69
is_linear=0
shrinkage=0.035


Tree=110
num_leaves=7
num_cat=0
split_feature=10 10 11 11 8 9
split_gain=4.89376 6.42297 16.5508 6.61279 1.26127 2.11844
threshold=1525.9183109283522 2216.4267511562825 512.25080761006802 366.26210973331155 1085.3770108041806 2334.8744675372227
decision_type=2 2 2 2 2 2
left_child=4 2 -2 -3 5 -1
right_child=1 3 -4 -5 -6 -7
leaf_value=-0.00033480773384025078 -0.034718983620544673 0.0001143266849903892 -7.9648203523770001e-05 0.0036062407374641598 0.0032968613217635931 0.0019064160478460004
leaf_weight=109 383 16259 1537 940 889 122
leaf_count=109 383 16259 1537 940 889 122
internal_value=0.000375074 0.000243279 -0.00167621 0.000457645 0.00262266 0.00031681
internal_weight=20239 19119 1920 17199 1120 231
internal_count=20239 19119 1920 17199 1120 231
is_linear=0
shrinkage=0.035


Tree=111
num_leaves=7
num_cat=0
split_feature=10 3 10 7 8 9
split_gain=4.87119 5.4501 17.7179 7.56655 1.26127 2.11844
threshold=1525.9183109283522 -1.0000000180025095e-35 2216.4267511562825 -0.25000000000000028 1085.3770108041806 2334.8744675372227
decision_type=2 2 2 2 2 2
left_child=4 2 -2 -3 5 -1
right_child=1 3 -4 -5 -6 -7
leaf_value=-0.00032308946315583978 -0.032805936065780028 0.0011793174689102091 8.9431783977568151e-06 0.00010200081164287353 0.0031814711755018574 0.0018396914861713934
leaf_weight=109 601 2098 7552 8868 889 122
leaf_count=109 601 2098 7552 8868 889 122
internal_value=0.000380262 0.000248771 -0.000436534 0.000758275 0.00262266 0.00031681
internal_weight=20239 19119 8153 10966 1120 231
internal_count=20239 19119 8153 10966 1120 231
is_linear=0
shrinkage=0.035


Tree=112
num_leaves=7
num_cat=0
split_feature=9 11 2 10 6 3
split_gain=4.91777 8.78492 6.88773 6.49763 21.1567 6.28131
threshold=2748.4143004632356 148.20899259997836 -0.2269546835593246 2628.6684968613622 0.68301270189221941 0.87837969732492682
decision_type=2 2 2 2 2 2
left_child=3 2 -2 4 -1 -5
right_child=1 -3 -4 5 -6 -7
leaf_value=0.00019310774495714169 -2.0558978814007299e-05 0.0013174099213983429 -0.001035315748770644 0.00097733043682304735 -0.011925867707743523 -0.00031623284767412941
leaf_weight=12427 746 763 861 4057 589 796
leaf_count=12427 746 763 861 4057 589 796
internal_value=0.000390637 -0.00110713 -0.00257494 0.00058934 0.000181762 0.00168222
internal_weight=20239 2370 1607 17869 13016 4853
internal_count=20239 2370 1607 17869 13016 4853
is_linear=0
shrinkage=0.035


Tree=113
num_leaves=7
num_cat=0
split_feature=10 3 10 7 8 9
split_gain=4.81127 4.68761 12.5048 7.08566 1.26127 1.75365
threshold=1525.9183109283522 -1.0000000180025095e-35 2216.4267511562825 -0.25000000000000028 1085.3770108041806 2334.8744675372227
decision_type=2 2 2 2 2 2
left_child=4 2 -2 -3 5 -1
right_child=1 3 -4 -5 -6 -7
leaf_value=-0.00031854010301889026 -0.031664487074551224 0.0011312825864248431 4.9674557507701284e-06 0.00010281876927058998 0.0030633609132857884 0.0017685435130818752
leaf_weight=109 601 2098 7552 8868 889 122
leaf_count=109 601 2098 7552 8868 889 122
internal_value=0.000394096 0.000263415 -0.000372149 0.000735935 0.00262266 0.00031681
internal_weight=20239 19119 8153 10966 1120 231
internal_count=20239 19119 8153 10966 1120 231
is_linear=0
shrinkage=0.035


Tree=114
num_leaves=7
num_cat=0
split_feature=10 3 10 7 8 9
split_gain=4.86368 4.43868 12.2289 6.39657 1.26127 1.75365
threshold=1525.9183109283522 -1.0000000180025095e-35 2216.4267511562825 -0.25000000000000028 1085.3770108041806 2334.8744675372227
decision_type=2 2 2 2 2 2
left_child=4 2 -2 -3 5 -1
right_child=1 3 -4 -5 -6 -7
leaf_value=-0.00030739119941321691 -0.030556230026941925 0.0010916876958999863 4.7935947994943221e-06 9.9220112346132711e-05 0.0029561432813207797 0.0017066444901240097
leaf_weight=109 601 2098 7552 8868 889 122
leaf_count=109 601 2098 7552 8868 889 122
internal_value=0.000381991 0.000250602 -0.000367856 0.000710404 0.00262266 0.00031681
internal_weight=20239 19119 8153 10966 1120 231
internal_count=20239 19119 8153 10966 1120 231
is_linear=0
shrinkage=0.035


Tree=115
num_leaves=7
num_cat=0
split_feature=10 3 10 7 3 3
split_gain=4.92286 4.15374 10.7644 5.53363 0.987096 1.4743
threshold=1486.621376438741 -1.0000000180025095e-35 2216.4267511562825 -0.25000000000000028 0.6078576107927941 0.87837969732492682
decision_type=2 2 2 2 2 2
left_child=4 2 -2 -3 -1 -6
right_child=1 3 -4 -5 5 -7
leaf_value=0.0028635065865406832 -0.029218039242147692 0.0010534786265434877 4.6258189815179877e-06 0.00010147738102413891 -0.0010247509793465646 0.0040012509226183086
leaf_weight=771 656 2098 7552 8973 90 99
leaf_count=771 656 2098 7552 8973 90 99
internal_value=0.000359511 0.00023763 -0.000358996 0.000679959 0.00280437 0.000534211
internal_weight=20239 19279 8208 11071 960 189
internal_count=20239 19279 8208 11071 960 189
is_linear=0
shrinkage=0.035


Tree=116
num_leaves=7
num_cat=0
split_feature=10 3 10 6 3 3
split_gain=5.50851 3.8786 11.4197 5.76678 1.16735 1.54578
threshold=1525.9183109283522 -1.0000000180025095e-35 2216.4267511562825 -0.93301270189221908 0.6078576107927941 0.87837969732492682
decision_type=2 2 2 2 2 2
left_child=4 2 -2 -3 -1 -6
right_child=1 3 -4 -5 5 -7
leaf_value=0.0026269158186457355 -0.028464130602523785 -0.0007805724747091034 4.4639153171761093e-06 0.00031881544327041974 -0.00045502935678208963 0.0039414188926669754
leaf_weight=880 601 1217 7552 9749 124 116
leaf_count=880 601 1217 7552 9749 124 116
internal_value=0.000362969 0.000223143 -0.000354979 0.000652959 0.00274755 0.000580913
internal_weight=20239 19119 8153 10966 1120 240
internal_count=20239 19119 8153 10966 1120 240
is_linear=0
shrinkage=0.035


Tree=117
num_leaves=7
num_cat=0
split_feature=10 8 7 9 3 3
split_gain=5.83364 3.87523 10.5898 5.94867 0.932767 1.25159
threshold=1525.9183109283522 2512.0078768347307 1.0000000180025095e-35 2720.2727658560084 0.6078576107927941 0.87837969732492682
decision_type=2 2 2 2 2 2
left_child=4 2 -2 -3 -1 -6
right_child=1 3 -4 -5 5 -7
leaf_value=0.0025349737649931238 0.00067514272849716536 0.00038766016807420132 -0.00055484246985785916 -0.00043732924505012302 -0.0004391033292947045 0.0038034692314236158
leaf_weight=880 2472 9051 4664 2932 124 116
leaf_count=880 2472 9051 4664 2932 124 116
internal_value=0.000356052 0.00021216 -0.000433515 0.000596671 0.00280999 0.000871369
internal_weight=20239 19119 7136 11983 1120 240
internal_count=20239 19119 7136 11983 1120 240
is_linear=0
shrinkage=0.035


Tree=118
num_leaves=7
num_cat=0
split_feature=10 9 10 11 3 3
split_gain=6.02474 3.44813 9.49041 8.45262 0.825246 1.11605
threshold=1525.9183109283522 2748.4143004632356 2606.2789815889455 148.20899259997836 0.6078576107927941 0.87837969732492682
decision_type=2 2 2 2 2 2
left_child=4 2 -2 -3 -1 -6
right_child=1 3 -4 -5 5 -7
leaf_value=0.0024462496832183727 -9.4513668533208455e-05 -0.00080870243091700988 0.00070636520155858788 0.0012865384215326704 -0.00042373471276939585 0.0036703478083237782
leaf_weight=880 10737 1607 6012 763 124 116
leaf_count=880 10737 1607 6012 763 124 116
internal_value=0.000347406 0.000201177 0.000378 -0.00104808 0.00284121 0.0010166
internal_weight=20239 19119 16749 2370 1120 240
internal_count=20239 19119 16749 2370 1120 240
is_linear=0
shrinkage=0.035


Tree=119
num_leaves=7
num_cat=0
split_feature=10 9 10 11 11 2
split_gain=6.12588 3.41723 8.95861 7.86973 0.797882 2.85976
threshold=1525.9183109283522 2748.4143004632356 2606.2789815889455 148.20899259997836 933.06138449009472 0.88144907265856365
decision_type=2 2 2 2 2 2
left_child=4 2 -2 -3 -1 -6
right_child=1 3 -4 -5 5 -7
leaf_value=0.0017087524557627275 -9.1205690134542875e-05 -0.00078039784583491031 0.00068164241950402753 0.0012415095767790297 0.0040442006576964402 -0.014855363932554112
leaf_weight=1071 10737 1607 6012 763 37 11.999999999999998
leaf_count=1071 10737 1607 6012 763 37 12
internal_value=0.000357782 0.00021033 0.000386358 -0.00103332 0.00287244 -0.00147
internal_weight=20239 19119 16749 2370 1120 49
internal_count=20239 19119 16749 2370 1120 49
is_linear=0
shrinkage=0.035


end of trees

feature_importances:
lag_2d=142
same_slot_mean_2_8d=134
same_slot_std_2_8d=116
dow_sin=92
month_sin=85
lag_7d=75
month_cos=34
slot=8
dow_cos=8
slot_cos=6
slot_sin=3

parameters:
[boosting: gbdt]
[objective: quantile]
[metric: quantile]
[tree_learner: serial]
[device_type: cpu]
[data_sample_strategy: bagging]
[data: ]
[valid: ]
[num_iterations: 120]
[learning_rate: 0.035]
[num_leaves: 7]
[num_threads: 1]
[seed: 20260901]
[deterministic: 1]
[force_col_wise: 0]
[force_row_wise: 0]
[histogram_pool_size: -1]
[max_depth: 3]
[min_data_in_leaf: 12]
[min_sum_hessian_in_leaf: 0.001]
[bagging_fraction: 1]
[pos_bagging_fraction: 1]
[neg_bagging_fraction: 1]
[bagging_freq: 0]
[bagging_seed: 12992]
[bagging_by_query: 0]
[feature_fraction: 1]
[feature_fraction_bynode: 1]
[feature_fraction_seed: 30141]
[extra_trees: 0]
[extra_seed: 31421]
[early_stopping_round: 0]
[early_stopping_min_delta: 0]
[first_metric_only: 0]
[max_delta_step: 0]
[lambda_l1: 0]
[lambda_l2: 1]
[linear_lambda: 0]
[min_gain_to_split: 0]
[drop_rate: 0.1]
[max_drop: 50]
[skip_drop: 0.5]
[xgboost_dart_mode: 0]
[uniform_drop: 0]
[drop_seed: 11049]
[top_rate: 0.2]
[other_rate: 0.1]
[min_data_per_group: 100]
[max_cat_threshold: 32]
[cat_l2: 10]
[cat_smooth: 10]
[max_cat_to_onehot: 4]
[top_k: 20]
[monotone_constraints: ]
[monotone_constraints_method: basic]
[monotone_penalty: 0]
[feature_contri: ]
[forcedsplits_filename: ]
[refit_decay_rate: 0.9]
[cegb_tradeoff: 1]
[cegb_penalty_split: 0]
[cegb_penalty_feature_lazy: ]
[cegb_penalty_feature_coupled: ]
[path_smooth: 0]
[interaction_constraints: ]
[verbosity: -1]
[saved_feature_importance_type: 0]
[use_quantized_grad: 0]
[num_grad_quant_bins: 4]
[quant_train_renew_leaf: 0]
[stochastic_rounding: 1]
[linear_tree: 0]
[max_bin: 255]
[max_bin_by_feature: ]
[min_data_in_bin: 3]
[bin_construct_sample_cnt: 200000]
[data_random_seed: 5023]
[is_enable_sparse: 1]
[enable_bundle: 1]
[use_missing: 1]
[zero_as_missing: 0]
[feature_pre_filter: 1]
[pre_partition: 0]
[two_round: 0]
[header: 0]
[label_column: ]
[weight_column: ]
[group_column: ]
[ignore_column: ]
[categorical_feature: ]
[forcedbins_filename: ]
[precise_float_parser: 0]
[parser_config_file: ]
[objective_seed: 6921]
[num_class: 1]
[is_unbalance: 0]
[scale_pos_weight: 1]
[sigmoid: 1]
[boost_from_average: 1]
[reg_sqrt: 0]
[alpha: 0.1]
[fair_c: 1]
[poisson_max_delta_step: 0.7]
[tweedie_variance_power: 1.5]
[lambdarank_truncation_level: 30]
[lambdarank_norm: 1]
[label_gain: ]
[lambdarank_position_bias_regularization: 0]
[eval_at: ]
[multi_error_top_k: 1]
[auc_mu_weights: ]
[num_machines: 1]
[local_listen_port: 12400]
[time_out: 120]
[machine_list_filename: ]
[machines: ]
[gpu_platform_id: -1]
[gpu_device_id: -1]
[gpu_use_dp: 0]
[num_gpu: 1]

end of parameters

pandas_categorical:[]
