tree
version=v4
num_class=1
num_tree_per_iteration=1
label_index=0
max_feature_idx=11
objective=quantile
feature_names=slot slot_sin slot_cos dow_sin dow_cos weekend month_sin month_cos lag_2d lag_7d same_slot_mean_2_8d same_slot_std_2_8d
feature_infos=[0:95] [-1:1] [-1:1] [-0.97492791218182362:0.97492791218182362] [-0.90096886790241903:1] [0:1] [-1:0.8660254037844386] [-0.86602540378443882:1] [381.44581147213773:2892.1969875462651] [381.44581147213773:2892.1969875462651] [667.40836824075052:2799.3812308422353] [10.169260040126204:1092.8236665517263]
tree_sizes=747 801 798 798 792 797 790 800 789 789 792 798 794 797 798 791 793 798 792 770 794 798 801 803 789 804 804 806 800 787 805 803 789 795 799 795 802 792 795 808 800 806 795 795 791 806 796 801 807 806 806 803 805 806 798 802 807 791 799 800 797 803 806 803 801 807 799 806 788 830 832 839 832 796 788 805 807 805 788 795 802 795 797 793 807 808 805 788 787 811 805 806 813 819 811 800 794 797 802 819 801 796 791 793 797 797 795 794 799 796 798 799 781 798 798 802 802 808 796 802

Tree=0
num_leaves=7
num_cat=0
split_feature=10 7 6 3 3 9
split_gain=167.809 94.5272 33.4675 34.6506 23.1303 17.0442
threshold=2621.3196647906475 0.6830127018922193 -0.93301270189221908 0.87837969732492682 1.0000000180025095e-35 2726.1265431201441
decision_type=2 2 2 2 2 2
left_child=2 4 3 -1 -2 -4
right_child=1 -3 5 -5 -6 -7
leaf_value=7.9225302334636636 7.9230751794354406 7.9222512786537092 7.9212199802136398 7.9234613865798273 7.9229096333325657 7.9231444802085083
leaf_weight=1424 2822 2313 10987 192 1984 517
leaf_count=1424 2822 2313 10987 192 1984 517
internal_value=7.92247 7.9268 7.92012 7.92484 7.92959 7.91946
internal_weight=20239 7119 13120 1616 4806 11504
internal_count=20239 7119 13120 1616 4806 11504
is_linear=0
shrinkage=1


Tree=1
num_leaves=7
num_cat=0
split_feature=10 7 6 3 3 9
split_gain=159.816 90.0162 24.021 36.1476 22.0481 15.019
threshold=2609.4015808830086 0.6830127018922193 -0.93301270189221908 0.87837969732492682 1.0000000180025095e-35 2797.3669847878241
decision_type=2 2 2 2 2 2
left_child=2 4 3 -1 -2 -4
right_child=1 -3 5 -5 -6 -7
leaf_value=-7.1671216074400423e-05 0.00057546275446734635 -0.00019815011777959019 -0.0012825381026706985 0.00095613837530867947 0.00041019148008537349 0.0010655368155072244
leaf_weight=1354 3052 2663 10807 192 2044 127
leaf_count=1354 3052 2663 10807 192 2044 127
internal_value=-6.03516e-05 0.00388383 -0.00251262 0.00157013 0.00660859 -0.00308999
internal_weight=20239 7759 12480 1546 5096 10934
internal_count=20239 7759 12480 1546 5096 10934
is_linear=0
shrinkage=0.035


Tree=2
num_leaves=7
num_cat=0
split_feature=10 7 6 3 3 9
split_gain=146.993 80.2434 23.594 35.2284 20.1784 16.2981
threshold=2609.4015808830086 0.6830127018922193 -0.93301270189221908 0.87837969732492682 0.6078576107927941 2726.1265431201441
decision_type=2 2 2 2 2 2
left_child=2 4 3 -1 -2 -4
right_child=1 -3 5 -5 -6 -7
leaf_value=-6.916272351181086e-05 0.00055931696765435304 -0.00019121486365730129 -0.0012938024533430072 0.00092267353217286637 0.00025092995964364211 0.00072840604131476012
leaf_weight=1354 3778 2663 10510 192 1318 424
leaf_count=1354 3778 2663 10510 192 1318 424
internal_value=-0.000124334 0.00365831 -0.00247616 0.00157013 0.00623092 -0.00304838
internal_weight=20239 7759 12480 1546 5096 10934
internal_count=20239 7759 12480 1546 5096 10934
is_linear=0
shrinkage=0.035


Tree=3
num_leaves=7
num_cat=0
split_feature=10 7 6 3 4 9
split_gain=140.744 62.1466 34.2999 28.5595 19.5181 17.8191
threshold=2629.7084883173816 0.6830127018922193 -0.93301270189221908 0.87837969732492682 0.81174490092936691 2726.1265431201441
decision_type=2 2 2 2 2 2
left_child=2 4 3 -1 -2 -4
right_child=1 -3 5 -5 -6 -7
leaf_value=0.00012137611752187924 0.00048221943843012932 -0.00018204961746044469 -0.0010137344109019876 0.00089037995854680319 0.00072466000263157423 0.00054445175819946767
leaf_weight=1478 3918 1973 11435 192 668 575
leaf_count=1478 3918 1973 11435 192 668 575
internal_value=-0.000143356 0.00407142 -0.00216432 0.00253441 0.00630565 -0.00281783
internal_weight=20239 6559 13680 1670 4586 12010
internal_count=20239 6559 13680 1670 4586 12010
is_linear=0
shrinkage=0.035


Tree=4
num_leaves=7
num_cat=0
split_feature=10 7 10 8 3 9
split_gain=136.317 70.0816 21.8864 37.8732 20.4598 11.2514
threshold=2607.6596422296939 0.6830127018922193 1087.8870221113559 2037.3063394219382 0.6078576107927941 2737.8941013897661
decision_type=2 2 2 2 2 2
left_child=2 4 3 -1 -2 -4
right_child=1 -3 5 -5 -6 -7
leaf_value=-0.0051367763388569495 0.00052531859084973826 -0.00015885342261045656 -0.00098932493288035042 0.00061904084272932822 0.00022431180349908876 0.00050802551843116795
leaf_weight=143 3807 2706 11610 97 1326 550
leaf_count=143 3807 2706 11610 97 1326 550
internal_value=-0.000174482 0.00343795 -0.00245827 0.00798755 0.00584038 -0.00266508
internal_weight=20239 7839 12400 240 5133 12160
internal_count=20239 7839 12400 240 5133 12160
is_linear=0
shrinkage=0.035


Tree=5
num_leaves=7
num_cat=0
split_feature=10 7 6 3 3 9
split_gain=126.85 63.4227 21.2186 33.3111 18.817 14.4318
threshold=2606.2789815889455 0.6830127018922193 -0.93301270189221908 0.87837969732492682 0.6078576107927941 2803.3079557772917
decision_type=2 2 2 2 2 2
left_child=2 4 3 -1 -2 -4
right_child=1 -3 5 -5 -6 -7
leaf_value=-9.3953471635885863e-05 0.00050601811060465315 -0.0001563161401621649 -0.0011711654494081492 0.00089384303264848706 0.00021508734844307044 0.00097571042233217668
leaf_weight=1345 3834 2745 10675 192 1340 108
leaf_count=1345 3834 2745 10675 192 1340 108
internal_value=-0.000207338 0.00324855 -0.00242878 0.00141775 0.00552966 -0.00297714
internal_weight=20239 7919 12320 1537 5174 10783
internal_count=20239 7919 12320 1537 5174 10783
is_linear=0
shrinkage=0.035


Tree=6
num_leaves=7
num_cat=0
split_feature=10 7 10 8 3 9
split_gain=119.657 58.7015 21.1106 36.9214 17.4705 11.6057
threshold=2603.053941327878 0.6830127018922193 1087.8870221113559 2037.3063394219382 0.6078576107927941 2748.4143004632356
decision_type=2 2 2 2 2 2
left_child=2 4 3 -1 -2 -4
right_child=1 -3 5 -5 -6 -7
leaf_value=-0.0049235389877552828 0.00048756715391529045 -0.00014150652075541566 -0.00098255644739047481 0.00060066278474103731 0.0002069968814134482 0.00058580959729486446
leaf_weight=143 3896 2833 11472 97 1350 448
leaf_count=143 3896 2833 11472 97 1350 448
internal_value=-0.000221172 0.00308026 -0.00241469 0.00784232 0.00527235 -0.00262184
internal_weight=20239 8079 12160 240 5246 11920
internal_count=20239 8079 12160 240 5246 11920
is_linear=0
shrinkage=0.035


Tree=7
num_leaves=7
num_cat=0
split_feature=10 7 6 3 9 3
split_gain=110.557 45.8951 29.1301 27.9662 16.3664 13.4939
threshold=2629.7084883173816 0.6830127018922193 -0.93301270189221908 0.87837969732492682 2726.1265431201441 0.6078576107927941
decision_type=2 2 2 2 2 2
left_child=2 5 3 -1 -4 -2
right_child=1 -3 4 -5 -6 -7
leaf_value=9.0137264588210372e-05 0.00048261220933081006 -0.00015969421792584539 -0.00089782003032186537 0.00089694800216446615 0.00046867176832446995 0.00023634475069479689
leaf_weight=1478 3366 1973 11435 192 575 1220
leaf_count=1478 3366 1973 11435 192 575 1220
internal_value=-0.000235006 0.00350053 -0.00202617 0.00230401 -0.00262842 0.00542054
internal_weight=20239 6559 13680 1670 12010 4586
internal_count=20239 6559 13680 1670 12010 4586
is_linear=0
shrinkage=0.035


Tree=8
num_leaves=7
num_cat=0
split_feature=10 7 8 10 8 3
split_gain=108.183 44.9735 23.4597 22.1077 36.9214 10.1421
threshold=2529.24449689738 0.6830127018922193 2621.3537671021127 1087.8870221113559 2037.3063394219382 -0.60785761079279388
decision_type=2 2 2 2 2 2
left_child=3 2 -2 4 -1 -3
right_child=1 5 -4 -5 -6 -7
leaf_value=-0.0047198681796380409 0.00014227401207080438 0.00013581004148732756 0.00043688620247951871 -0.0010813396448322613 0.00057648478301450376 -0.00025486951366702863
leaf_weight=143 1819 942 4246 10560 97 2432
leaf_count=143 1819 942 4246 10560 97 2432
internal_value=-0.00024884 0.00248819 0.00428989 -0.00264096 0.00784232 -0.000750816
internal_weight=20239 9439 6065 10800 240 3374
internal_count=20239 9439 6065 10800 240 3374
is_linear=0
shrinkage=0.035


Tree=9
num_leaves=7
num_cat=0
split_feature=10 7 8 6 3 9
split_gain=102.304 41.8787 22.6268 21.8529 33.2102 9.83826
threshold=2529.24449689738 0.6830127018922193 2621.3537671021127 -0.93301270189221908 0.87837969732492682 2788.1573913474822
decision_type=2 2 2 2 2 2
left_child=3 2 -2 4 -1 -5
right_child=1 -3 -4 5 -6 -7
leaf_value=-5.977530782325769e-05 0.00013729442164831518 -8.0780526938730845e-05 0.00042159518539272058 -0.0013797286617152739 0.00093310531421900936 0.00094377900566881238
leaf_weight=1243 1819 3374 4246 9324 177 56
leaf_count=1243 1819 3374 4246 9324 177 56
internal_value=-0.000266132 0.0023955 0.00413411 -0.00259235 0.0014532 -0.00320488
internal_weight=20239 9439 6065 10800 1420 9380
internal_count=20239 9439 6065 10800 1420 9380
is_linear=0
shrinkage=0.035


Tree=10
num_leaves=7
num_cat=0
split_feature=10 7 10 8 8 3
split_gain=95.956 38.4524 21.2807 35.9817 21.1672 9.73844
threshold=2518.8395905315051 0.6830127018922193 1087.8870221113559 2037.3063394219382 2592.1001323287751 -0.60785761079279388
decision_type=2 2 2 2 2 2
left_child=2 4 3 -1 -2 -3
right_child=1 5 -4 -5 -6 -7
leaf_value=-0.0045420310700261604 3.0146685814711064e-05 0.00013380723758583013 -0.0010589534817259929 0.00055839995138282647 0.00040625033548225003 -0.00024340657788418654
leaf_weight=143 1599 954 10240 97 4729 2477
leaf_count=143 1599 954 10240 97 4729 2477
internal_value=-0.000259215 0.00223806 -0.00258468 0.00769709 0.00385558 -0.000745485
internal_weight=20239 9759 10480 240 6328 3431
internal_count=20239 9759 10480 240 6328 3431
is_linear=0
shrinkage=0.035


Tree=11
num_leaves=7
num_cat=0
split_feature=10 7 6 3 8 3
split_gain=89.0336 35.9079 23.9354 31.7854 19.5813 9.50216
threshold=2518.8395905315051 0.6830127018922193 -0.93301270189221908 0.87837969732492682 2592.1001323287751 -0.60785761079279388
decision_type=2 2 2 2 2 2
left_child=2 4 3 -1 -2 -3
right_child=1 5 -4 -5 -6 -7
leaf_value=-1.5725686490911744e-05 2.9091551811208519e-05 0.00012912398427031846 -0.0013159723510933576 0.0010126149766533921 0.00039203157374037903 -0.00023488734765823028
leaf_weight=1173 1599 954 9143 164 4729 2477
leaf_count=1173 1599 954 9143 164 4729 2477
internal_value=-0.000267862 0.00213765 -0.00250787 0.0018651 0.00370074 -0.000745485
internal_weight=20239 9759 10480 1337 6328 3431
internal_count=20239 9759 10480 1337 6328 3431
is_linear=0
shrinkage=0.035


Tree=12
num_leaves=7
num_cat=0
split_feature=10 7 6 3 8 3
split_gain=83.8681 31.2398 23.7755 31.0506 17.4638 8.981
threshold=2513.4915095247502 0.6830127018922193 -0.93301270189221908 0.87837969732492682 2592.1001323287751 -0.60785761079279388
decision_type=2 2 2 2 2 2
left_child=2 4 3 -1 -2 -3
right_child=1 5 -4 -5 -6 -7
leaf_value=-7.7460964336761876e-06 3.0412695249889276e-05 0.0001255772782629621 -0.0012842295407478545 0.001058470408163741 0.00037614514918730111 -0.00022697040182890295
leaf_weight=1144 1677 959 9022 154 4783 2500
leaf_count=1144 1677 959 9022 154 4783 2500
internal_value=-0.000300717 0.00199733 -0.00250945 0.0019184 0.00343445 -0.000686851
internal_weight=20239 9919 10320 1298 6460 3459
internal_count=20239 9919 10320 1298 6460 3459
is_linear=0
shrinkage=0.035


Tree=13
num_leaves=7
num_cat=0
split_feature=10 7 6 3 8 3
split_gain=81.4369 29.5014 22.3133 27.7813 16.6125 8.28736
threshold=2513.4915095247502 0.6830127018922193 -0.93301270189221908 0.87837969732492682 2592.1001323287751 -0.60785761079279388
decision_type=2 2 2 2 2 2
left_child=2 4 3 -1 -2 -3
right_child=1 5 -4 -5 -6 -7
leaf_value=-7.4749830584996967e-06 2.934825091613331e-05 0.00012118207352375282 -0.0012392815068216656 0.0010214239438780172 0.00036298006896575455 -0.0002190264377648974
leaf_weight=1144 1677 959 9022 154 4783 2500
leaf_count=1144 1677 959 9022 154 4783 2500
internal_value=-0.000302446 0.00196205 -0.00247893 0.00181062 0.00335861 -0.000646388
internal_weight=20239 9919 10320 1298 6460 3459
internal_count=20239 9919 10320 1298 6460 3459
is_linear=0
shrinkage=0.035


Tree=14
num_leaves=7
num_cat=0
split_feature=10 7 6 3 8 3
split_gain=78.234 27.3194 20.3937 22.4975 15.0881 7.79701
threshold=2513.4915095247502 0.6830127018922193 -0.93301270189221908 0.87837969732492682 2592.1001323287751 -0.60785761079279388
decision_type=2 2 2 2 2 2
left_child=2 4 3 -1 -2 -3
right_child=1 5 -4 -5 -6 -7
leaf_value=-7.2133586514588906e-06 2.8321062134083206e-05 0.00011694070095043358 -0.0011959066540829168 0.00098567410584228911 0.0003502757665519616 -0.00021136051244311261
leaf_weight=1144 1677 959 9022 154 4783 2500
leaf_count=1144 1677 959 9022 154 4783 2500
internal_value=-0.000345678 0.00187384 -0.00247893 0.00162202 0.00321777 -0.000636273
internal_weight=20239 9919 10320 1298 6460 3459
internal_count=20239 9919 10320 1298 6460 3459
is_linear=0
shrinkage=0.035


Tree=15
num_leaves=7
num_cat=0
split_feature=10 7 10 8 8 6
split_gain=73.7402 25.928 19.5564 34.1387 14.128 7.59292
threshold=2511.1111138598449 0.6830127018922193 1087.8870221113559 2037.3063394219382 2594.0177628881524 -0.93301270189221908
decision_type=2 2 2 2 2 2
left_child=2 4 3 -1 -2 -4
right_child=1 -3 5 -5 -6 -7
leaf_value=-0.004357881962629713 3.3791350508897455e-05 -7.0594673355701691e-05 1.0529430365822274e-05 0.00054019155744662768 0.00033744164890445741 -0.0011624046404653311
leaf_weight=143 1747 3478 1068 97 4774 8932
leaf_count=143 1747 3478 1068 97 4774 8932
internal_value=-0.000359512 0.00177835 -0.00244703 0.00740664 0.00307981 -0.00268423
internal_weight=20239 9999 10240 240 6521 10000
internal_count=20239 9999 10240 240 6521 10000
is_linear=0
shrinkage=0.035


Tree=16
num_leaves=7
num_cat=0
split_feature=10 7 10 8 8 3
split_gain=70.9911 24.6973 18.8241 33.2353 13.4055 7.67995
threshold=2511.1111138598449 0.6830127018922193 1087.8870221113559 2037.3063394219382 2594.0177628881524 -0.60785761079279388
decision_type=2 2 2 2 2 2
left_child=2 4 3 -1 -2 -3
right_child=1 5 -4 -5 -6 -7
leaf_value=-0.0042053560939376714 3.2608653241087725e-05 0.00011703372233720228 -0.00088211760071341073 0.0005212848529360059 0.00032563119119281229 -0.00020186088552019124
leaf_weight=143 1747 965 10000 97 4774 2513
leaf_count=143 1747 965 10000 97 4774 2513
internal_value=-0.000357782 0.00173985 -0.00240602 0.00726141 0.00301004 -0.000641852
internal_weight=20239 9999 10240 240 6521 3478
internal_count=20239 9999 10240 240 6521 3478
is_linear=0
shrinkage=0.035


Tree=17
num_leaves=7
num_cat=0
split_feature=10 7 6 3 9 3
split_gain=66.7963 23.5496 20.8252 21.4968 12.8428 7.26606
threshold=2511.1111138598449 0.6830127018922193 -0.93301270189221908 0.87837969732492682 2737.8941013897661 -0.60785761079279388
decision_type=2 2 2 2 2 2
left_child=2 4 3 -1 -2 -3
right_child=1 5 -4 -5 -6 -7
leaf_value=1.0800410852596486e-05 0.00016239164481431832 0.00011293754205539713 -0.001091954895249634 0.00099769615471365656 0.00043696193835038489 -0.00019479575452699551
leaf_weight=1137 4239 965 8951 152 2282 2513
leaf_count=1137 4239 965 8951 152 2282 2513
internal_value=-0.000350865 0.00168385 -0.00233766 0.00182054 0.00292418 -0.000641852
internal_weight=20239 9999 10240 1289 6521 3478
internal_count=20239 9999 10240 1289 6521 3478
is_linear=0
shrinkage=0.035


Tree=18
num_leaves=7
num_cat=0
split_feature=10 6 6 3 3 8
split_gain=62.389 21.1252 19.3852 19.4372 15.5373 8.59799
threshold=2511.1111138598449 -0.6830127018922193 -0.93301270189221908 0.87837969732492682 0.87837969732492682 2369.5674223123892
decision_type=2 2 2 2 2 2
left_child=2 4 3 -1 -2 -3
right_child=1 5 -4 -5 -6 -7
leaf_value=1.0422396472749406e-05 0.00039007845342429721 0.00075060056282307388 -0.0010537364739158939 0.00096277678929868949 -0.00094937638788315857 1.5847601262106715e-05
leaf_weight=1137 3351 69 8951 152 453 6126
leaf_count=1137 3351 69 8951 152 453 6126
internal_value=-0.000352595 0.00161385 -0.00227273 0.00173915 0.00366649 0.00035305
internal_weight=20239 9999 10240 1289 3804 6195
internal_count=20239 9999 10240 1289 3804 6195
is_linear=0
shrinkage=0.035


Tree=19
num_leaves=7
num_cat=0
split_feature=10 6 10 8 3 8
split_gain=58.8618 21.9056 17.1827 32.344 15.6923 9.38234
threshold=2529.24449689738 -0.5 1087.8870221113559 2037.3063394219382 0.87837969732492682 2369.5674223123892
decision_type=2 2 2 2 2 2
left_child=2 4 3 -1 -2 -3
right_child=1 5 -4 -5 -6 -7
leaf_value=-0.0040589114289062691 0.00039767911568378223 0.00074861581905615103 -0.00073761718722667306 0.0005022970848268482 -0.00092298828257790153 2.3607376909735142e-05
leaf_weight=143 2997 65 10560 97 382 5995
leaf_count=143 2997 65 10560 97 382 5995
internal_value=-0.000361241 0.00165768 -0.00212573 0.00711618 0.00391524 0.000398448
internal_weight=20239 9439 10800 240 3379 6060
internal_count=20239 9439 10800 240 3379 6060
is_linear=0
shrinkage=0.035


Tree=20
num_leaves=7
num_cat=0
split_feature=10 9 6 3 3 4
split_gain=55.3398 21.3222 19.9614 21.1549 11.113 6.1482
threshold=2503.0220172107138 2737.8941013897661 -0.93301270189221908 0.87837969732492682 -0.60785761079279388 0.81174490092936691
decision_type=2 2 2 2 2 2
left_child=2 4 3 -1 -2 -3
right_child=1 5 -4 -5 -6 -7
leaf_value=2.590285448155798e-05 0.00019635169754409268 0.00034453267591038277 -0.0010113762494949753 0.00098543785560485826 -3.15230742518303e-05 0.00057352311265856503
leaf_weight=1102 2104 2082 8685 133 5684 449
leaf_count=1102 2104 2082 8685 133 5684 449
internal_value=-0.000356053 0.00143832 -0.00222256 0.00193972 0.000531133 0.00422847
internal_weight=20239 10319 9920 1235 7788 2531
internal_count=20239 10319 9920 1235 7788 2531
is_linear=0
shrinkage=0.035


Tree=21
num_leaves=7
num_cat=0
split_feature=10 9 6 3 3 4
split_gain=51.7745 21.0686 20.1051 22.1786 10.0623 6.39618
threshold=2491.5013196903851 2737.8941013897661 -0.93301270189221908 0.87837969732492682 -0.60785761079279388 0.81174490092936691
decision_type=2 2 2 2 2 2
left_child=2 4 3 -1 -2 -3
right_child=1 5 -4 -5 -6 -7
leaf_value=3.5528763056305373e-05 0.00018708612754609588 0.00033670669568154886 -0.0010029212417446587 0.00098869541201199065 -3.4105120856380289e-05 0.00059041400950428705
leaf_weight=1051 2209 2124 8281 108 6012 454
leaf_count=1051 2209 2124 8281 108 6012 454
internal_value=-0.000368158 0.0012869 -0.00226141 0.00205474 0.000421004 0.00404692
internal_weight=20239 10799 9440 1159 8221 2578
internal_count=20239 10799 9440 1159 8221 2578
is_linear=0
shrinkage=0.035


Tree=22
num_leaves=7
num_cat=0
split_feature=10 9 6 3 3 2
split_gain=50.512 20.5309 19.1692 19.6772 9.34087 6.17049
threshold=2491.5013196903851 2737.8941013897661 -0.93301270189221908 0.87837969732492682 -0.60785761079279388 -0.29012925520284105
decision_type=2 2 2 2 2 2
left_child=2 4 3 -1 -2 -3
right_child=1 5 -4 -5 -6 -7
leaf_value=3.4285256349344876e-05 0.00018053811308197309 0.0002447555582711063 -0.00096781899828358954 0.00095409107259157198 -3.2911441626408691e-05 0.00042801322262302492
leaf_weight=1051 2209 1092 8281 108 6012 1486
leaf_count=1051 2209 1092 8281 108 6012 1486
internal_value=-0.000380263 0.00125449 -0.00225029 0.00196422 0.000399719 0.00397906
internal_weight=20239 10799 9440 1159 8221 2578
internal_count=20239 10799 9440 1159 8221 2578
is_linear=0
shrinkage=0.035


Tree=23
num_leaves=7
num_cat=0
split_feature=10 6 3 9 3 2
split_gain=48.4503 19.2594 19.9357 18.9127 8.69673 6.09879
threshold=2489.6800247196916 -0.93301270189221908 0.87837969732492682 2737.8941013897661 -0.60785761079279388 -0.29012925520284105
decision_type=2 2 2 2 2 2
left_child=1 2 -1 4 -2 -5
right_child=3 -3 -4 5 -6 -7
leaf_value=3.3315678158333927e-05 0.00017389548234386659 -0.00094452028379099951 0.00092204971871668218 0.00023593427518663762 -3.2940826771530822e-05 0.00041322283964579504
leaf_weight=1048 2231 8205 107 1093 6065 1490
leaf_count=1048 2231 8205 107 1093 6065 1490
internal_value=-0.000401014 -0.00224709 0.00198313 0.00118736 0.000372905 0.00380205
internal_weight=20239 9360 1155 10879 8296 2583
internal_count=20239 9360 1155 10879 8296 2583
is_linear=0
shrinkage=0.035


Tree=24
num_leaves=7
num_cat=0
split_feature=10 7 10 8 8 3
split_gain=47.3092 21.5557 15.5257 31.4649 10.5073 8.57126
threshold=2594.4108010269633 0.6830127018922193 1087.8870221113559 2037.3063394219382 2616.2896442854048 0.6078576107927941
decision_type=2 2 2 2 2 2
left_child=2 5 3 -1 -4 -2
right_child=1 -3 4 -5 -6 -7
leaf_value=-0.003921365668216153 0.00028026015831973303 -7.5917202850986874e-05 -0.00070029858086541276 0.0004802005475363025 5.8513265617033231e-05 4.6312083874724413e-05
leaf_weight=143 3972 2976 9801 97 1879 1371
leaf_count=143 3972 2976 9801 97 1879 1371
internal_value=-0.00040966 0.0016158 -0.00182325 0.00697095 -0.00200454 0.00294526
internal_weight=20239 8319 11920 240 11680 5343
internal_count=20239 8319 11920 240 11680 5343
is_linear=0
shrinkage=0.035


Tree=25
num_leaves=7
num_cat=0
split_feature=10 6 3 9 3 6
split_gain=45.9613 18.6147 19.126 17.1087 8.19857 5.97406
threshold=2489.6800247196916 -0.93301270189221908 0.87837969732492682 2737.8941013897661 -0.60785761079279388 -1.0000000180025095e-35
decision_type=2 2 2 2 2 2
left_child=1 2 -1 4 -2 -5
right_child=3 -3 -4 5 -6 -7
leaf_value=4.198511206008216e-05 0.00016372371788359608 -0.00089072614918803703 0.00088773001426502253 0.00042626118671946616 -3.3121660340185829e-05 0.00017707915477961948
leaf_weight=1048 2231 8205 107 1330 6065 1253
leaf_count=1048 2231 8205 107 1330 6065 1253
internal_value=-0.000407931 -0.00220596 0.00195285 0.00113911 0.000364468 0.00362597
internal_weight=20239 9360 1155 10879 8296 2583
internal_count=20239 9360 1155 10879 8296 2583
is_linear=0
shrinkage=0.035


Tree=26
num_leaves=7
num_cat=0
split_feature=10 6 3 9 6 6
split_gain=43.8414 17.5947 18.3408 16.8676 7.09263 6.28708
threshold=2480.9160249663578 -0.93301270189221908 0.87837969732492682 2737.8941013897661 -0.93301270189221908 -1.0000000180025095e-35
decision_type=2 2 2 2 2 2
left_child=1 2 -1 4 -2 -5
right_child=3 -3 -4 5 -6 -7
leaf_value=3.0166723954612176e-05 0.00024223430198865305 -0.00090343546580454962 0.00085936313109737496 0.00041583827970344619 -3.6748879906180346e-06 0.00017069927026283277
leaf_weight=1033 947 7822 105 1349 7729 1254
leaf_count=1033 947 7822 105 1349 7729 1254
internal_value=-0.000418306 -0.00224584 0.00181914 0.00103355 0.000292036 0.00350403
internal_weight=20239 8960 1138 11279 8676 2603
internal_count=20239 8960 1138 11279 8676 2603
is_linear=0
shrinkage=0.035


Tree=27
num_leaves=7
num_cat=0
split_feature=10 6 9 3 3 6
split_gain=42.5677 17.5548 16.4974 16.2315 6.70316 6.49496
threshold=2471.9834678177795 -0.93301270189221908 2737.8941013897661 0.87837969732492682 -0.60785761079279388 -1.0000000180025095e-35
decision_type=2 2 2 2 2 2
left_child=1 3 4 -1 -2 -4
right_child=2 -3 5 -5 -6 -7
leaf_value=3.2113514279165818e-05 0.00014495211721303748 -0.00090887354309743273 0.00040809001823740221 0.00083063725517475997 -3.8074151613350186e-05 0.00016472479580363446
leaf_weight=1027 2414 7429 1359 104 6652 1254
leaf_count=1027 2414 7429 1359 104 6652 1254
internal_value=-0.000426952 -0.00230172 0.000947217 0.00175927 0.000240873 0.0033969
internal_weight=20239 8560 11679 1131 9066 2613
internal_count=20239 8560 11679 1131 9066 2613
is_linear=0
shrinkage=0.035


Tree=28
num_leaves=7
num_cat=0
split_feature=10 6 9 8 8 6
split_gain=41.44 15.8525 15.7864 13.2014 6.64186 6.12556
threshold=2471.9834678177795 -0.93301270189221908 2737.8941013897661 2037.3063394219382 2737.1992508208255 -1.0000000180025095e-35
decision_type=2 2 2 2 2 2
left_child=1 3 4 -1 -2 -4
right_child=2 -3 5 -5 -6 -7
leaf_value=-0.00092305630660837867 -2.2790979058739199e-05 -0.00087706296908902643 0.00039380686759908992 0.00030277212993729447 0.00019450495467882595 0.0001589594279505067
leaf_weight=463 7303 7429 1359 668 1763 1254
leaf_count=463 7303 7429 1359 668 1763 1254
internal_value=-0.000435599 -0.00228536 0.000920247 0.00157376 0.000229292 0.00331656
internal_weight=20239 8560 11679 1131 9066 2613
internal_count=20239 8560 11679 1131 9066 2613
is_linear=0
shrinkage=0.035


Tree=29
num_leaves=7
num_cat=0
split_feature=10 10 8 9 2 6
split_gain=39.4461 15.6858 28.9001 14.9229 10.9123 8.20403
threshold=2469.2003124993621 1087.8870221113559 2037.3063394219382 2803.3079557772917 0.41248606129204551 -0.6830127018922193
decision_type=2 2 2 2 2 2
left_child=1 2 -1 5 -5 -2
right_child=3 -3 -4 4 -6 -7
leaf_value=-0.0037554601863575648 0.00018666859324417419 -0.00067623712035744406 0.00044914721656446059 0.00030006181192298513 0.00071295702246335188 -1.4088078492451665e-05
leaf_weight=143 4372 8160 97 358 241 6868
leaf_count=143 4372 8160 97 358 241 6868
internal_value=-0.00043214 -0.0022664 0.00653527 0.000869383 0.0062475 0.000582243
internal_weight=20239 8400 240 11839 599 11240
internal_count=20239 8400 240 11839 599 11240
is_linear=0
shrinkage=0.035


Tree=30
num_leaves=7
num_cat=0
split_feature=10 6 3 9 6 6
split_gain=37.4107 16.0911 15.0585 14.5148 6.23091 5.34544
threshold=2469.2003124993621 -0.93301270189221908 0.87837969732492682 2737.8941013897661 -0.93301270189221908 -1.0000000180025095e-35
decision_type=2 2 2 2 2 2
left_child=1 2 -1 4 -2 -5
right_child=3 -3 -4 5 -6 -7
leaf_value=3.0421648474772401e-05 0.00022331006611863769 -0.00083644166678722683 0.00081598805957416431 0.00036585449753194797 -1.0922804979957298e-05 0.00015388893071947445
leaf_weight=1025 949 7272 103 1363 8273 1254
leaf_count=1025 949 7272 103 1363 8273 1254
internal_value=-0.000421765 -0.00220807 0.00168025 0.000845734 0.000192778 0.00314572
internal_weight=20239 8400 1128 11839 9222 2617
internal_count=20239 8400 1128 11839 9222 2617
is_linear=0
shrinkage=0.035


Tree=31
num_leaves=7
num_cat=0
split_feature=10 6 9 8 8 6
split_gain=36.1441 14.4569 13.1405 12.7667 6.20015 4.94299
threshold=2469.2003124993621 -0.93301270189221908 2737.8941013897661 2037.3063394219382 2737.1992508208255 -1.0000000180025095e-35
decision_type=2 2 2 2 2 2
left_child=1 3 4 -1 -2 -4
right_child=2 -3 5 -5 -6 -7
leaf_value=-0.00086814579436119484 -2.3921221746828145e-05 -0.00080716620844967484 0.00035304959011833525 0.00028414250890714958 0.00017736735858657704 0.00014850281814429806
leaf_weight=463 7458 7272 1363 665 1764 1254
leaf_count=463 7458 7272 1363 665 1764 1254
internal_value=-0.000435599 -0.00219141 0.000810261 0.00149424 0.000188983 0.00299866
internal_weight=20239 8400 11839 1128 9222 2617
internal_count=20239 8400 11839 1128 9222 2617
is_linear=0
shrinkage=0.035


Tree=32
num_leaves=7
num_cat=0
split_feature=10 10 8 9 6 6
split_gain=35.276 14.2351 26.4443 12.4087 6.43969 5.97129
threshold=2458.1385322769197 1087.8870221113559 2037.3063394219382 2737.8941013897661 -0.6830127018922193 -0.93301270189221908
decision_type=2 2 2 2 2 2
left_child=1 2 -1 5 -3 -2
right_child=3 4 -4 -5 -6 -7
leaf_value=-0.003594698734729041 0.00021510248722984368 -0.00018547164532474182 0.00042241731847630253 0.0002641865708651997 -0.001413710741926866 -1.2690951004796297e-05
leaf_weight=143 953 2596 97 2639 5004 8807
leaf_count=143 953 2596 97 2639 5004 8807
internal_value=-0.000439057 -0.0022765 0.00609958 0.000722862 -0.00254177 0.000147013
internal_weight=20239 7840 240 12399 7600 9760
internal_count=20239 7840 240 12399 7600 9760
is_linear=0
shrinkage=0.035


Tree=33
num_leaves=7
num_cat=0
split_feature=10 6 8 9 2 6
split_gain=34.1351 13.5867 12.005 11.6867 7.75713 7.27741
threshold=2458.1385322769197 -0.93301270189221908 2037.3063394219382 2803.3079557772917 0.81241147629689003 -0.6830127018922193
decision_type=2 2 2 2 2 2
left_child=1 2 -1 5 -5 -2
right_child=3 -3 -4 4 -6 -7
leaf_value=-0.00082310477245065797 0.00015952179754446396 -0.00081743302937688624 0.00027245406296476208 0.00025763900315712288 0.00076692552927491785 -2.1237106173312252e-05
leaf_weight=463 4626 6732 645 443 159 7171
leaf_count=463 4626 6732 645 443 159 7171
internal_value=-0.000451162 -0.00225864 0.00133183 0.000691814 0.00544444 0.000448846
internal_weight=20239 7840 1108 12399 602 11797
internal_count=20239 7840 1108 12399 602 11797
is_linear=0
shrinkage=0.035


Tree=34
num_leaves=7
num_cat=0
split_feature=10 6 8 9 2 7
split_gain=32.7193 12.7154 11.4821 10.965 7.84398 5.93915
threshold=2458.1385322769197 -0.93301270189221908 2037.3063394219382 2776.7286198083398 0.84874750804349197 -0.25000000000000028
decision_type=2 2 2 2 2 2
left_child=1 2 -1 5 -5 -2
right_child=3 -3 -4 4 -6 -7
leaf_value=-0.00079429610541488233 -0.00047506666953349658 -0.00078882287334868027 0.00026291817076099292 0.00024316677818265301 0.00061686946653332524 5.9225764672999918e-05
leaf_weight=463 1641 6732 645 1006 267 9485
leaf_count=463 1641 6732 645 1006 267 9485
internal_value=-0.000466725 -0.00223632 0.00123715 0.000652298 0.00372802 0.00030008
internal_weight=20239 7840 1108 12399 1273 11126
internal_count=20239 7840 1108 12399 1273 11126
is_linear=0
shrinkage=0.035


Tree=35
num_leaves=7
num_cat=0
split_feature=10 6 8 6 7 9
split_gain=31.773 12.0974 11.064 10.3765 13.0889 3.80716
threshold=2458.1385322769197 -0.93301270189221908 1589.3506257203383 -0.6830127018922193 -0.25000000000000028 2476.8580706963357
decision_type=2 2 2 2 2 2
left_child=1 2 -1 4 -2 -5
right_child=3 -3 -4 5 -6 -7
leaf_value=-0.00085767612026900432 -0.0001827869632889412 -0.00076121407278146431 0.00023078895084635844 -0.0005982188537032681 0.00026385726943419999 7.0578855369354969e-06
leaf_weight=444 1370 6732 664 962 3700 6367
leaf_count=444 1370 6732 664 962 3700 6367
internal_value=-0.000470184 -0.002214 0.00117403 0.000632539 0.00184973 -0.000209619
internal_weight=20239 7840 1108 12399 5070 7329
internal_count=20239 7840 1108 12399 5070 7329
is_linear=0
shrinkage=0.035


Tree=36
num_leaves=7
num_cat=0
split_feature=10 6 9 6 3 9
split_gain=31.1823 11.6251 12.1855 9.4002 12.5248 3.57636
threshold=2458.1385322769197 -0.6830127018922193 1284.3986291623457 -0.6830127018922193 1.0000000180025095e-35 2476.8580706963357
decision_type=2 2 2 2 2 2
left_child=1 2 -1 4 -2 -5
right_child=3 -3 -4 5 -6 -7
leaf_value=0.00026613774567389563 0.00025055176994651801 -0.0012828714021215595 -0.00018550705139346881 -0.00057728119382365398 -4.5713342291857457e-05 6.810859543128504e-06
leaf_weight=494 2924 5023 2323 962 2146 6367
leaf_count=494 2924 5023 2323 962 2146 6367
internal_value=-0.000490935 -0.00221847 -0.00041856 0.000601491 0.00176001 -0.000200069
internal_weight=20239 7840 2817 12399 5070 7329
internal_count=20239 7840 2817 12399 5070 7329
is_linear=0
shrinkage=0.035


Tree=37
num_leaves=7
num_cat=0
split_feature=10 6 9 9 3 6
split_gain=30.2787 11.4079 10.5752 8.80425 8.58125 5.79042
threshold=2458.1385322769197 -0.6830127018922193 1284.3986291623457 2803.3079557772917 -0.8783796973249266 -0.6830127018922193
decision_type=2 2 2 2 2 2
left_child=1 2 -1 5 -5 -2
right_child=3 -3 -4 4 -6 -7
leaf_value=0.0002568229245752951 0.00013710766350742094 -0.0012379709030472964 -0.00017901430459468359 0.00048602214681956027 0.00031019426245560756 -2.2105455823015393e-05
leaf_weight=494 4626 5023 2323 93 509 7171
leaf_count=494 4626 5023 2323 93 509 7171
internal_value=-0.000511686 -0.002214 -0.00043098 0.000564798 0.00468988 0.000353915
internal_weight=20239 7840 2817 12399 602 11797
internal_count=20239 7840 2817 12399 602 11797
is_linear=0
shrinkage=0.035


Tree=38
num_leaves=7
num_cat=0
split_feature=10 6 9 9 3 7
split_gain=29.4998 11.0799 9.37969 8.40963 8.1347 5.58706
threshold=2458.1385322769197 -0.6830127018922193 1284.3986291623457 2803.3079557772917 -0.8783796973249266 -0.25000000000000028
decision_type=2 2 2 2 2 2
left_child=1 2 -1 5 -5 -2
right_child=3 -3 -4 4 -6 -7
leaf_value=0.00024783412221517147 -0.00046274495105459398 -0.0011946419214406358 -0.00017274880393385882 0.00046901137168086309 0.00029933746326965771 5.7979374776902697e-05
leaf_weight=494 1641 5023 2323 93 509 10156
leaf_count=494 1641 5023 2323 93 509 10156
internal_value=-0.000520332 -0.00220061 -0.0004434 0.000542217 0.0045738 0.000336115
internal_weight=20239 7840 2817 12399 602 11797
internal_count=20239 7840 2817 12399 602 11797
is_linear=0
shrinkage=0.035


Tree=39
num_leaves=7
num_cat=0
split_feature=10 6 9 6 3 4
split_gain=28.8762 10.3955 8.48136 8.33708 11.2581 3.51124
threshold=2458.1385322769197 -0.6830127018922193 1534.6550209095778 -0.6830127018922193 1.0000000180025095e-35 0.81174490092936691
decision_type=2 2 2 2 2 2
left_child=1 2 -1 4 -2 -5
right_child=3 -3 -4 5 -6 -7
leaf_value=0.00019009715038348588 0.00023374554533776902 -0.0011528294541902229 -0.00022027970030828685 6.3575322208896701e-06 -5.3833421979038712e-05 -0.00017200234371740329
leaf_weight=673 2924 5023 2144 6322 2146 1007
leaf_count=673 2924 5023 2144 6322 2146 1007
internal_value=-0.000520332 -0.00218276 -0.000480661 0.000530927 0.00162197 -0.000223944
internal_weight=20239 7840 2817 12399 5070 7329
internal_count=20239 7840 2817 12399 5070 7329
is_linear=0
shrinkage=0.035


Tree=40
num_leaves=7
num_cat=0
split_feature=10 6 9 6 7 9
split_gain=26.8282 10.0361 8.29791 7.56458 10.4547 3.50797
threshold=2458.1385322769197 -0.6830127018922193 1534.6550209095778 -0.6830127018922193 -0.25000000000000028 2476.8580706963357
decision_type=2 2 2 2 2 2
left_child=1 2 -1 4 -2 -5
right_child=3 -3 -4 5 -6 -7
leaf_value=0.00018344375012005812 -0.00018194252054463345 -0.0011124804232935715 -0.00021256991079750991 -0.00055855445283092906 0.00023158885606291648 5.5707512134275941e-06
leaf_weight=673 1370 5023 2144 962 3700 6367
leaf_count=673 1370 5023 2144 962 3700 6367
internal_value=-0.000513415 -0.0021158 -0.0004434 0.000499878 0.00153914 -0.000219169
internal_weight=20239 7840 2817 12399 5070 7329
internal_count=20239 7840 2817 12399 5070 7329
is_linear=0
shrinkage=0.035


Tree=41
num_leaves=7
num_cat=0
split_feature=10 6 9 6 3 6
split_gain=25.972 9.62339 8.10545 7.15459 10.3172 3.46275
threshold=2458.1385322769197 -0.6830127018922193 1534.6550209095778 -0.6830127018922193 1.0000000180025095e-35 -1.0000000180025095e-35
decision_type=2 2 2 2 2 2
left_child=1 2 -1 4 -2 -5
right_child=3 -3 -4 5 -6 -7
leaf_value=0.00017702321886585716 0.00022432044292050986 -0.0010735436084783113 -0.00020512996391961141 -0.0018362054095077903 -6.00548621719804e-05 -3.2054022271177854e-06
leaf_weight=673 2924 5023 2144 375 2146 6954
leaf_count=673 2924 5023 2144 375 2146 6954
internal_value=-0.000516873 -0.00209348 -0.000455821 0.00048012 0.00149083 -0.000219169
internal_weight=20239 7840 2817 12399 5070 7329
internal_count=20239 7840 2817 12399 5070 7329
is_linear=0
shrinkage=0.035


Tree=42
num_leaves=7
num_cat=0
split_feature=10 6 9 9 2 9
split_gain=24.9943 9.7058 7.60061 6.72971 5.45617 4.61963
threshold=2458.1385322769197 -0.6830127018922193 1284.3986291623457 2791.5601465250816 0.72947329433276265 2476.8580706963357
decision_type=2 2 2 2 2 2
left_child=1 2 -1 5 -5 -2
right_child=3 -3 -4 4 -6 -7
leaf_value=0.00021989018375972338 -0.00028509737490750169 -0.0010359695821815773 -0.00015489720490589944 0.00017351344788698816 0.00058453155659029881 4.5315074561514476e-05
leaf_weight=494 1759 5023 2323 651 252 9737
leaf_count=494 1759 5023 2323 651 252 9737
internal_value=-0.000528978 -0.00207563 -0.00043098 0.000449072 0.00335675 0.000220404
internal_weight=20239 7840 2817 12399 903 11496
internal_count=20239 7840 2817 12399 903 11496
is_linear=0
shrinkage=0.035


Tree=43
num_leaves=7
num_cat=0
split_feature=10 6 9 9 8 0
split_gain=23.8852 9.34047 6.78657 6.38035 4.6466 3.38727
threshold=2458.1385322769197 -0.6830127018922193 1534.6550209095778 2737.8941013897661 2626.270767231576 10.500000000000002
decision_type=2 2 2 2 2 2
left_child=1 2 -1 4 -2 -5
right_child=3 -3 -4 5 -6 -7
leaf_value=0.00016529436830227371 -0.00010166631375493268 -0.0009997106468052231 -0.00019252901301070163 0.00032053152861887652 6.8651917693602686e-05 0.00016355039577512461
leaf_weight=673 4820 5023 2144 362 4940 2277
leaf_count=673 4820 5023 2144 362 4940 2277
internal_value=-0.000532437 -0.00204438 -0.00043098 0.000423669 1.07563e-05 0.00195019
internal_weight=20239 7840 2817 12399 9760 2639
internal_count=20239 7840 2817 12399 9760 2639
is_linear=0
shrinkage=0.035


Tree=44
num_leaves=7
num_cat=0
split_feature=10 10 8 6 3 6
split_gain=23.2479 9.04842 19.4802 6.03377 9.37808 5.47269
threshold=2458.1385322769197 1087.8870221113559 2054.6188137229606 -0.6830127018922193 0.87837969732492682 -0.6830127018922193
decision_type=2 2 2 2 2 2
left_child=1 2 -1 4 -2 -3
right_child=3 5 -4 -5 -6 -7
leaf_value=-0.001912195012131881 0.00018235485730826013 -8.542263213410195e-05 0.00033663252111109548 -2.1211134977351955e-05 -0.00073141399020795739 -0.00096321878886211469
leaf_weight=151 4396 2596 89 7329 674 5004
leaf_count=151 4396 2596 89 7329 674 5004
internal_value=-0.000539354 -0.00203099 0.0046473 0.00040391 0.00133208 -0.00224247
internal_weight=20239 7840 240 12399 5070 7600
internal_count=20239 7840 240 12399 5070 7600
is_linear=0
shrinkage=0.035


Tree=45
num_leaves=7
num_cat=0
split_feature=10 6 9 7 8 6
split_gain=22.5097 8.39184 6.17137 5.66232 11.9225 9.96611
threshold=2453.8474264990646 -0.6830127018922193 1534.6550209095778 -0.25000000000000028 2237.5695605904707 -0.6830127018922193
decision_type=2 2 2 2 2 2
left_child=1 2 -1 4 -2 -5
right_child=3 -3 -4 5 -6 -7
leaf_value=0.00016034346880434936 0.00054474890484360354 -0.00095140938465985156 -0.00019051634461860091 0.00020124416594229821 -0.00066442017491458725 -8.5414269217132744e-06
leaf_weight=673 117 4903 2024 3721 1657 7144
leaf_count=673 117 4903 2024 3721 1657 7144
internal_value=-0.000539354 -0.00204447 -0.000476094 0.000365782 -0.00146704 0.000665147
internal_weight=20239 7600 2697 12639 1774 10865
internal_count=20239 7600 2697 12639 1774 10865
is_linear=0
shrinkage=0.035


Tree=46
num_leaves=7
num_cat=0
split_feature=10 6 9 9 2 9
split_gain=21.7589 8.46373 5.64778 5.42106 4.59322 4.27679
threshold=2453.8474264990646 -0.6830127018922193 1284.3986291623457 2791.5601465250816 0.72947329433276265 2476.8580706963357
decision_type=2 2 2 2 2 2
left_child=1 2 -1 5 -5 -2
right_child=3 -3 -4 4 -6 -7
leaf_value=0.0002020910198719683 -0.00028639152666481028 -0.00091811005619674819 -0.00015290290204611701 0.00014837282777362026 0.0005444911748812175 3.8909009992737191e-05
leaf_weight=494 1855 4903 2203 656 254 9874
leaf_count=494 1855 4903 2203 656 254 9874
internal_value=-0.000532437 -0.00201224 -0.000437177 0.000357475 0.00295829 0.000155455
internal_weight=20239 7600 2697 12639 910 11729
internal_count=20239 7600 2697 12639 910 11729
is_linear=0
shrinkage=0.035


Tree=47
num_leaves=7
num_cat=0
split_feature=10 6 9 7 6 8
split_gain=20.871 8.61455 5.41697 5.30447 9.2611 8.33529
threshold=2452.1741725748684 -0.6830127018922193 1628.7586943905733 -0.25000000000000028 -0.6830127018922193 2305.0846817923843
decision_type=2 2 2 2 2 2
left_child=1 2 -1 5 -5 -2
right_child=3 -3 -4 4 -6 -7
leaf_value=0.00014962476986213693 0.00042024672056878659 -0.00089779877650342688 -0.00017739993053395844 0.00018853818592941561 -8.7678827023284257e-06 -0.0006745976678814475
leaf_weight=690 232 4854 1976 3722 7173 1592
leaf_count=690 232 4854 1976 3722 7173 1592
internal_value=-0.00052552 -0.0019871 -0.000388452 0.000338718 0.000631194 -0.00140767
internal_weight=20239 7520 2666 12719 10895 1824
internal_count=20239 7520 2666 12719 10895 1824
is_linear=0
shrinkage=0.035


Tree=48
num_leaves=7
num_cat=0
split_feature=10 6 10 6 3 6
split_gain=19.8361 8.16903 5.14592 4.90099 8.54677 4.12478
threshold=2452.1741725748684 -0.6830127018922193 1087.8870221113559 -0.6830127018922193 0.87837969732492682 -1.0000000180025095e-35
decision_type=2 2 2 2 2 2
left_child=1 2 -1 4 -2 -5
right_child=3 -3 -4 5 -6 -7
leaf_value=0.00019893517438153375 0.00016771956831744731 -0.00086637581932579543 -7.7776140684516644e-05 -0.0016379995010161654 -0.00073587708007765362 -3.3706519257954442e-06
leaf_weight=221 4520 4854 2445 451 701 7047
leaf_count=221 4520 4854 2445 451 701 7047
internal_value=-0.000520332 -0.00194522 -0.000388452 0.000322208 0.00114544 -0.000251101
internal_weight=20239 7520 2666 12719 5221 7498
internal_count=20239 7520 2666 12719 5221 7498
is_linear=0
shrinkage=0.035


Tree=49
num_leaves=7
num_cat=0
split_feature=10 6 10 7 6 8
split_gain=18.6048 7.54639 4.83281 4.80041 8.23884 8.03638
threshold=2452.1741725748684 -0.6830127018922193 1087.8870221113559 -0.25000000000000028 -0.6830127018922193 2337.600597313367
decision_type=2 2 2 2 2 2
left_child=1 2 -1 5 -5 -2
right_child=3 -3 -4 4 -6 -7
leaf_value=0.00019197244327817667 0.00031578283776059312 -0.00083605266564938056 -7.5053975760567141e-05 0.00018386881618182279 -8.3430339903444216e-06 -0.00071381949824901949
leaf_weight=221 289 4854 2445 3722 7173 1535
leaf_count=221 289 4854 2445 3722 7173 1535
internal_value=-0.000504769 -0.00188472 -0.000388452 0.000311202 0.000589436 -0.00135014
internal_weight=20239 7520 2666 12719 10895 1824
internal_count=20239 7520 2666 12719 10895 1824
is_linear=0
shrinkage=0.035


Tree=50
num_leaves=7
num_cat=0
split_feature=10 6 11 9 9 3
split_gain=17.5378 7.25911 5.14402 4.96224 4.76499 3.91751
threshold=2452.1741725748684 -0.6830127018922193 51.509975433581886 1628.7586943905733 2737.8941013897661 -0.60785761079279388
decision_type=2 2 2 2 2 2
left_child=1 3 -3 -1 5 -2
right_child=4 2 -4 -5 -6 -7
leaf_value=0.00014973695699253576 7.5004932276665496e-05 0.00029423905411660292 -0.00084745699415766083 -0.00016584187888970251 0.00017616211344825773 -6.2254744210436851e-05
leaf_weight=690 2641 141 4713 1976 2659 7419
leaf_count=690 2641 141 4713 1976 2659 7419
internal_value=-0.000503039 -0.00184284 -0.00264861 -0.000375329 0.000289189 -5.91401e-05
internal_weight=20239 7520 4854 2666 12719 10060
internal_count=20239 7520 4854 2666 12719 10060
is_linear=0
shrinkage=0.035


Tree=51
num_leaves=7
num_cat=0
split_feature=10 6 11 7 8 7
split_gain=16.5903 6.97741 5.05423 4.36643 7.99041 7.06735
threshold=2452.1741725748684 -0.6830127018922193 51.509975433581886 -0.25000000000000028 2398.6178140661505 0.6830127018922193
decision_type=2 2 2 2 2 2
left_child=1 -1 -3 4 -2 -5
right_child=3 2 -4 5 -6 -7
leaf_value=-3.6621983229419012e-05 0.00025023432808534698 0.00028394068722253257 -0.00081779599936215018 0.00012863593920247436 -0.0008609185148250228 -5.2194414202543184e-05
leaf_weight=2666 448 141 4713 6436 1376 4459
leaf_count=2666 448 141 4713 6436 1376 4459
internal_value=-0.000497852 -0.00180096 -0.00259094 0.00027268 -0.00131178 0.000538041
internal_weight=20239 7520 4854 12719 1824 10895
internal_count=20239 7520 4854 12719 1824 10895
is_linear=0
shrinkage=0.035


Tree=52
num_leaves=7
num_cat=0
split_feature=10 6 11 7 8 6
split_gain=15.8142 7.17218 4.64612 4.48769 7.23822 6.78283
threshold=2452.1741725748684 -0.6830127018922193 51.509975433581886 -0.25000000000000028 2398.6178140661505 -0.6830127018922193
decision_type=2 2 2 2 2 2
left_child=1 -1 -3 4 -2 -5
right_child=3 2 -4 5 -6 -7
leaf_value=-3.5340213816401627e-05 0.00024147612660236351 0.00027400276316973398 -0.00078917313938447846 0.00017138716766421425 -0.0008307863668061341 -1.0087433810355616e-05
leaf_weight=2666 448 141 4713 3722 1376 7173
leaf_count=2666 448 141 4713 3722 1376 7173
internal_value=-0.000496122 -0.00176838 -0.00256931 0.000256171 -0.00135014 0.000525192
internal_weight=20239 7520 4854 12719 1824 10895
internal_count=20239 7520 4854 12719 1824 10895
is_linear=0
shrinkage=0.035


Tree=53
num_leaves=7
num_cat=0
split_feature=10 6 3 11 7 8
split_gain=15.2887 7.0341 4.62451 4.28589 4.1849 7.20176
threshold=2450.6828486315567 -0.6830127018922193 -1.0000000180025095e-35 51.509975433581886 -0.25000000000000028 2398.6178140661505
decision_type=2 2 2 2 2 2
left_child=1 2 -1 -3 5 -2
right_child=4 3 -4 -5 -6 -7
leaf_value=8.476279338313771e-05 0.0002275534075485649 0.00026441266645880649 -0.00021022732415483693 -0.00076601030488724579 4.7297344215796198e-05 -0.00079092886680080332
leaf_weight=1296 462 141 1332 4671 10930 1407
leaf_count=1296 462 141 1332 4671 10930 1407
internal_value=-0.000511686 -0.00177328 -0.000316851 -0.00256846 0.000221757 -0.00130829
internal_weight=20239 7440 2628 4812 12799 1869
internal_count=20239 7440 2628 4812 12799 1869
is_linear=0
shrinkage=0.035


Tree=54
num_leaves=7
num_cat=0
split_feature=10 6 4 9 11 3
split_gain=15.0383 6.6534 4.67897 4.12512 3.91043 3.87027
threshold=2450.6828486315567 -0.6830127018922193 1.0000000180025095e-35 2803.3079557772917 51.509975433581886 -0.8783796973249266
decision_type=2 2 2 2 2 2
left_child=1 2 -1 -2 -3 -5
right_child=3 4 -4 5 -6 -7
leaf_value=9.4943921119508429e-05 5.7836646469207063e-06 0.00025515822313274764 -0.00020491960244429521 0.00042240466502448283 -0.00073919994421619347 0.00017796389864761769
leaf_weight=1469 12193 141 1159 97 4671 509
leaf_count=1469 12193 141 1159 97 4671 509
internal_value=-0.000522061 -0.00177328 -0.00035679 0.000205351 -0.00254665 0.00302142
internal_weight=20239 7440 2628 12799 4812 606
internal_count=20239 7440 2628 12799 4812 606
is_linear=0
shrinkage=0.035


Tree=55
num_leaves=7
num_cat=0
split_feature=10 6 9 7 8 7
split_gain=14.6009 6.43428 4.3436 4.0661 7.14735 6.10432
threshold=2450.6828486315567 -0.6830127018922193 1628.7586943905733 -0.25000000000000028 2305.0846817923843 0.6830127018922193
decision_type=2 2 2 2 2 2
left_child=1 2 -1 4 -2 -5
right_child=3 -3 -4 5 -6 -7
leaf_value=0.00014162354693225245 0.00036251628838922256 -0.00067455371748307517 -0.00015813370985151885 0.00011824929336286423 -0.00056387295222640871 -5.2007069685791451e-05
leaf_weight=690 242 4812 1938 6446 1627 4484
leaf_count=690 242 4812 1938 6446 1627 4484
internal_value=-0.000516873 -0.00174977 -0.00035679 0.000199882 -0.00130829 0.000457871
internal_weight=20239 7440 2628 12799 1869 10930
internal_count=20239 7440 2628 12799 1869 10930
is_linear=0
shrinkage=0.035


Tree=56
num_leaves=7
num_cat=0
split_feature=10 6 11 3 7 7
split_gain=13.9625 6.4558 4.50663 4.13496 3.84634 3.77512
threshold=2450.6828486315567 -0.6830127018922193 51.509975433581886 -1.0000000180025095e-35 -0.68301270189221952 0.6830127018922193
decision_type=2 2 2 2 2 2
left_child=1 3 -3 -1 -2 -6
right_child=4 2 -4 -5 5 -7
leaf_value=8.1025750986779292e-05 -0.0012611708763303462 0.00026983706543503243 -0.00068971856605670745 -0.00020119378081886655 8.7284388691629433e-05 -5.018682224680089e-05
leaf_weight=1296 337 141 4671 1332 7978 4484
leaf_count=1296 337 141 4671 1332 7978 4484
internal_value=-0.000506498 -0.00171214 -0.00247393 -0.000316851 0.000194413 0.00029431
internal_weight=20239 7440 4812 2628 12799 12462
internal_count=20239 7440 4812 2628 12799 12462
is_linear=0
shrinkage=0.035


Tree=57
num_leaves=7
num_cat=0
split_feature=10 6 8 9 11 3
split_gain=13.598 6.32587 4.12176 3.8559 3.7826 3.58207
threshold=2450.6828486315567 -0.6830127018922193 1589.3506257203383 2803.3079557772917 51.509975433581886 -0.8783796973249266
decision_type=2 2 2 2 2 2
left_child=1 2 -1 -2 -3 -5
right_child=3 4 -4 5 -6 -7
leaf_value=-0.00065774663941957194 5.7774476503637369e-06 0.00026039276814480598 2.2520864152667959e-05 0.00040042682287672277 -0.00066557841624471871 0.00016454148332304005
leaf_weight=507 12193 141 2121 97 4671 509
leaf_count=507 12193 141 2121 97 4671 509
internal_value=-0.000508227 -0.00169803 -0.000316851 0.000183476 -0.00245211 0.00290609
internal_weight=20239 7440 2628 12799 4812 606
internal_count=20239 7440 2628 12799 4812 606
is_linear=0
shrinkage=0.035


Tree=58
num_leaves=7
num_cat=0
split_feature=10 6 8 11 7 7
split_gain=12.9714 6.02783 4.12176 3.71465 3.58891 3.474
threshold=2450.6828486315567 -0.6830127018922193 1589.3506257203383 51.509975433581886 -0.68301270189221952 0.6830127018922193
decision_type=2 2 2 2 2 2
left_child=1 2 -1 -3 -2 -6
right_child=4 3 -4 -5 5 -7
leaf_value=-0.00063472550703987281 -0.0012172321063265354 0.00025127902125972936 2.173263390730917e-05 -0.00064228317167616569 8.2911885317386505e-05 -4.8632494135927696e-05
leaf_weight=507 337 141 2121 4671 7978 4484
leaf_count=507 337 141 2121 4671 7978 4484
internal_value=-0.000503039 -0.0016651 -0.000316851 -0.00240121 0.000172538 0.000269036
internal_weight=20239 7440 2628 4812 12799 12462
internal_count=20239 7440 2628 4812 12799 12462
is_linear=0
shrinkage=0.035


Tree=59
num_leaves=7
num_cat=0
split_feature=10 6 4 11 1 9
split_gain=12.8282 5.63506 4.02404 3.6761 3.58551 4.20534
threshold=2450.6828486315567 -0.6830127018922193 1.0000000180025095e-35 51.509975433581886 0.5277851165098012 2810.4590586604641
decision_type=2 2 2 2 2 2
left_child=1 2 -1 -3 5 -2
right_child=4 3 -4 -5 -6 -7
leaf_value=8.6609963190791676e-05 4.7418697700469677e-05 0.00024248425551563369 -0.00019667639477203173 -0.00061980326066749306 -7.39127217382412e-05 0.00037436063759094924
leaf_weight=1469 8109 141 1159 4671 4337 353
leaf_count=1469 8109 141 1159 4671 4337 353
internal_value=-0.000504769 -0.0016604 -0.00035679 -0.00237212 0.000167069 0.000586434
internal_weight=20239 7440 2628 4812 12799 8462
internal_count=20239 7440 2628 4812 12799 8462
is_linear=0
shrinkage=0.035


Tree=60
num_leaves=7
num_cat=0
split_feature=10 6 8 9 11 7
split_gain=12.5001 5.43355 4.00634 3.58081 3.40888 3.32419
threshold=2450.6828486315567 -0.6830127018922193 1589.3506257203383 2803.3079557772917 248.22188961186751 -0.68301270189221952
decision_type=2 2 2 2 2 2
left_child=1 2 -1 5 -5 -2
right_child=3 -3 -4 4 -6 -7
leaf_value=-0.0006155414630051448 -0.0011762886370246337 -0.00056957360824444838 2.0309620657902333e-05 0.00010435197545272912 0.00063847852698848307 1.2281687051675101e-05
leaf_weight=507 337 4812 2121 506 100 11856
leaf_count=507 337 4812 2121 506 100 11856
internal_value=-0.000496122 -0.00163688 -0.00035679 0.000167069 0.00279077 3.64515e-05
internal_weight=20239 7440 2628 12799 606 12193
internal_count=20239 7440 2628 12799 606 12193
is_linear=0
shrinkage=0.035


Tree=61
num_leaves=7
num_cat=0
split_feature=10 3 8 7 7 8
split_gain=12.0748 5.13984 5.01601 3.57238 3.26306 2.76478
threshold=2450.6828486315567 -1.0000000180025095e-35 1655.3932294661404 -0.68301270189221952 0.6830127018922193 2614.50783760283
decision_type=2 2 2 2 2 2
left_child=1 2 -1 -2 -5 -3
right_child=3 5 -4 4 -6 -7
leaf_value=-0.00053117558729103682 -0.0011351185347287737 -0.0004886562291524961 1.6369921571272164e-05 7.5912136920726263e-05 -4.8977804993304134e-05 1.5260319956937362e-05
leaf_weight=700 337 3734 2574 7978 4484 432
leaf_count=700 337 3734 2574 7978 4484 432
internal_value=-0.000487476 -0.00160866 -0.000570688 0.000164335 0.000260611 -0.00242405
internal_weight=20239 7440 3274 12799 12462 4166
internal_count=20239 7440 3274 12799 12462 4166
is_linear=0
shrinkage=0.035


Tree=62
num_leaves=7
num_cat=0
split_feature=11 6 11 6 10 8
split_gain=11.5526 7.87939 16.552 8.21834 0.150114 0.110187
threshold=653.00976417279355 -0.6830127018922193 564.0001227520205 -1.0000000180025095e-35 1087.8870221113559 2560.6296478215422
decision_type=2 2 2 2 2 2
left_child=1 2 -1 -3 -2 -6
right_child=4 3 -4 -5 5 -7
leaf_value=4.233317651581589e-05 -3.0991080460744948e-05 -0.00073842182721164538 0.00038833347334141791 -2.7604729893932416e-05 -0.00061649094797008982 -0.0010235470189885643
leaf_weight=7157 23 2712 201 8510 1336 300
leaf_count=7157 23 2712 201 8510 1336 300
internal_value=-0.000468454 -0.000218504 0.000671558 -0.000802104 -0.00326596 -0.00330544
internal_weight=20239 18580 7358 11222 1659 1636
internal_count=20239 18580 7358 11222 1659 1636
is_linear=0
shrinkage=0.035


Tree=63
num_leaves=7
num_cat=0
split_feature=11 6 11 6 8 1
split_gain=10.9498 7.5633 16.0236 7.99346 0.155121 0.756824
threshold=653.00976417279355 -0.6830127018922193 564.0001227520205 -1.0000000180025095e-35 2560.6296478215422 0.91037613702198772
decision_type=2 2 2 2 2 2
left_child=1 2 -1 -3 -2 -6
right_child=4 3 -4 -5 5 -7
leaf_value=4.0851515337747084e-05 -0.00058729015884858454 -0.00071257706325924251 0.00037474180177446751 -2.6638564347644606e-05 -0.0013031814255535009 4.4593874749768265e-05
leaf_weight=7157 1359 2712 201 8510 264 36
leaf_count=7157 1359 2712 201 8510 264 36
internal_value=-0.000458079 -0.000214736 0.00065729 -0.000786511 -0.00318163 -0.00244186
internal_weight=20239 18580 7358 11222 1659 300
internal_count=20239 18580 7358 11222 1659 300
is_linear=0
shrinkage=0.035


Tree=64
num_leaves=7
num_cat=0
split_feature=10 6 8 11 7 9
split_gain=10.5318 4.4749 4.04463 4.03023 3.54493 3.22053
threshold=2450.6828486315567 -0.6830127018922193 1589.3506257203383 51.509975433581886 -0.68301270189221952 2803.3079557772917
decision_type=2 2 2 2 2 2
left_child=1 2 -1 -3 -2 -6
right_child=4 3 -4 -5 5 -7
leaf_value=-0.00057980600799451671 -0.0010446044248467977 0.00027293386617990747 1.8701987181021216e-05 -0.00053596291344031337 1.2054761349878992e-05 0.00019335462765725524
leaf_weight=507 337 141 2121 4671 11856 606
leaf_count=507 337 141 2121 4671 11856 606
internal_value=-0.000458079 -0.00150517 -0.000343477 -0.00213941 0.000150663 0.000246569
internal_weight=20239 7440 2628 4812 12799 12462
internal_count=20239 7440 2628 4812 12799 12462
is_linear=0
shrinkage=0.035


Tree=65
num_leaves=7
num_cat=0
split_feature=10 3 8 1 9 4
split_gain=10.2746 4.46868 4.25641 3.43355 3.52947 2.77371
threshold=2450.6828486315567 -1.0000000180025095e-35 1655.3932294661404 0.63405362205439497 2810.4590586604641 -0.56174490092936669
decision_type=2 2 2 2 2 2
left_child=1 2 -1 4 -2 -5
right_child=3 -3 -4 5 -6 -7
leaf_value=-0.0004538595980190197 3.9177012312494788e-05 -0.00041863082609441382 1.1908126652982634e-05 -0.00027267930666607405 0.00028972137696354317 -9.9000966023920675e-06
leaf_weight=700 8663 4166 2574 1070 371 2695
leaf_count=700 8663 4166 2574 1070 371 2695
internal_value=-0.000461537 -0.00149577 -0.00052794 0.000139726 0.000509794 -0.000748142
internal_weight=20239 7440 3274 12799 9034 3765
internal_count=20239 7440 3274 12799 9034 3765
is_linear=0
shrinkage=0.035


Tree=66
num_leaves=7
num_cat=0
split_feature=11 8 10 10 10 8
split_gain=9.99601 6.95992 14.225 5.49424 0.322346 0.181038
threshold=653.00976417279355 2616.2896442854048 2192.7591123121051 2629.7084883173816 1087.8870221113559 2548.3351323814109
decision_type=2 2 2 2 2 2
left_child=1 3 -3 -1 -2 -6
right_child=4 2 -4 -5 5 -7
leaf_value=-0.00015955545762593045 -1.0422591069101373e-05 0.00080616392237742762 4.7035702959121454e-05 0.0001550415923663187 -0.0005643229042880905 -0.00068780619008758381
leaf_weight=9526 23 59 7665 1330 1287 349
leaf_count=9526 23 59 7665 1330 1287 349
internal_value=-0.000452891 -0.000220387 0.000582653 -0.000791748 -0.00305512 -0.00311301
internal_weight=20239 18580 7724 10856 1659 1636
internal_count=20239 18580 7724 10856 1659 1636
is_linear=0
shrinkage=0.035


Tree=67
num_leaves=7
num_cat=0
split_feature=11 6 11 6 10 8
split_gain=9.9669 7.12626 12.8217 7.64523 0.319047 0.170115
threshold=653.00976417279355 -0.6830127018922193 564.0001227520205 -1.0000000180025095e-35 1087.8870221113559 2548.3351323814109
decision_type=2 2 2 2 2 2
left_child=1 2 -1 -3 -2 -6
right_child=4 3 -4 -5 5 -7
leaf_value=3.7899150659119821e-05 -1.0057800381675364e-05 -0.00065095216882340577 0.00036000474397842106 -2.467189512119634e-05 -0.0005445716026380111 -0.00066373297343453057
leaf_weight=7157 23 2712 201 8510 1287 349
leaf_count=7157 23 2712 201 8510 1287 349
internal_value=-0.000435599 -0.000203434 0.000643021 -0.000758443 -0.00303404 -0.00309163
internal_weight=20239 18580 7358 11222 1659 1636
internal_count=20239 18580 7358 11222 1659 1636
is_linear=0
shrinkage=0.035


Tree=68
num_leaves=7
num_cat=0
split_feature=8 10 8 1 9 10
split_gain=8.9225 10.6148 6.60802 3.57277 0.397513 1.44203
threshold=1655.3932294661404 1087.8870221113559 2634.0222073725645 0.29012925520284133 1947.16915919349 1979.5157180695194
decision_type=2 2 2 2 2 2
left_child=4 3 -3 -2 5 -1
right_child=1 2 -4 -5 -6 -7
leaf_value=-0.00055062646681017572 0.00024902515023320489 -0.00011449746322189975 5.9031677360806718e-05 4.5862173842871389e-05 -0.00061104156773035719 0.00029973038194316281
leaf_weight=268 61 11580 7119 39 1153 19
leaf_count=268 61 11580 7119 39 1153 19
internal_value=-0.000430411 -0.000226942 -0.000288049 0.0110891 -0.00308466 -0.00190799
internal_weight=20239 18799 18699 100 1440 287
internal_count=20239 18799 18699 100 1440 287
is_linear=0
shrinkage=0.035


Tree=69
num_leaves=7
num_cat=0
split_feature=11 6 11 6 10 1
split_gain=8.82116 6.54633 13.3861 7.32141 1.06593 1.56979
threshold=642.96027313095954 -0.6830127018922193 564.0001227520205 -1.0000000180025095e-35 1087.8870221113559 0.16280825711809011
decision_type=2 2 2 2 2 2
left_child=1 2 -1 -3 5 -2
right_child=4 3 -4 -5 -6 -7
leaf_value=3.6981631060540477e-05 0.00019908306282093093 -0.00062167494284587127 0.00037128377541947746 -2.385943750296328e-05 -0.00053067333026725284 -0.0012112923751870764
leaf_weight=7157 12.000000000000002 2661 173 8510 1710 15.999999999999998
leaf_count=7157 12 2661 173 8510 1710 16
internal_value=-0.000430411 -0.000206384 0.000606328 -0.000739662 -0.00281369 0.00386207
internal_weight=20239 18501 7330 11171 1738 28
internal_count=20239 18501 7330 11171 1738 28
is_linear=0
shrinkage=0.035


Tree=70
num_leaves=7
num_cat=0
split_feature=11 6 11 6 10 1
split_gain=8.85961 6.15334 12.3379 6.92645 0.713152 1.09446
threshold=642.96027313095954 -0.6830127018922193 564.0001227520205 -1.0000000180025095e-35 1087.8870221113559 0.16280825711809011
decision_type=2 2 2 2 2 2
left_child=1 2 -1 -3 5 -2
right_child=4 3 -4 -5 -6 -7
leaf_value=3.5687273973420033e-05 0.00019211515562219929 -0.00059991631984625206 0.00035828884327979474 -2.3024357190356576e-05 -0.00051209976370789176 -0.0011688971420555385
leaf_weight=7157 12.000000000000002 2661 173 8510 1710 15.999999999999998
leaf_count=7157 12 2661 173 8510 1710 16
internal_value=-0.000425223 -0.000200709 0.000587231 -0.000717733 -0.00281369 0.00265517
internal_weight=20239 18501 7330 11171 1738 28
internal_count=20239 18501 7330 11171 1738 28
is_linear=0
shrinkage=0.035


Tree=71
num_leaves=7
num_cat=0
split_feature=11 8 10 6 10 1
split_gain=8.8002 5.7663 6.02029 4.70082 0.707958 1.09446
threshold=642.96027313095954 2634.0222073725645 2192.7591123121051 -0.93301270189221908 1087.8870221113559 0.16280825711809011
decision_type=2 2 2 2 2 2
left_child=1 3 -3 -1 5 -2
right_child=4 2 -4 -5 -6 -7
leaf_value=0.00015582304217457828 0.00018539112517542512 0.00081447183862794941 5.961686385756484e-05 -0.00013260943846221961 -0.00049417627197811075 -0.0011279857420835927
leaf_weight=792 12.000000000000002 15.999999999999998 6918 10775 1710 15.999999999999998
leaf_count=792 12 16 6918 10775 1710 16
internal_value=-0.000413118 -0.000189359 0.000608651 -0.000667748 -0.00279356 0.00265517
internal_weight=20239 18501 6934 11567 1738 28
internal_count=20239 18501 6934 11567 1738 28
is_linear=0
shrinkage=0.035


Tree=72
num_leaves=7
num_cat=0
split_feature=11 6 11 6 10 1
split_gain=8.63934 5.52982 10.8578 5.98164 0.702784 1.09446
threshold=642.96027313095954 -0.6830127018922193 564.0001227520205 -1.0000000180025095e-35 1087.8870221113559 0.16280825711809011
decision_type=2 2 2 2 2 2
left_child=1 2 -1 -3 5 -2
right_child=4 3 -4 -5 -6 -7
leaf_value=3.6193422996401222e-05 0.00017890243579429956 -0.00057640840326864042 0.00033394065790461351 -2.1392549104098455e-05 -0.00047688010245887651 -0.0010885062411106585
leaf_weight=7157 12.000000000000002 2661 173 8510 1710 15.999999999999998
leaf_count=7157 12 2661 173 8510 1710 16
internal_value=-0.000414848 -0.000193142 0.000553812 -0.000683272 -0.00277343 0.00265517
internal_weight=20239 18501 7330 11171 1738 28
internal_count=20239 18501 7330 11171 1738 28
is_linear=0
shrinkage=0.035


Tree=73
num_leaves=7
num_cat=0
split_feature=11 8 9 10 9 9
split_gain=8.13321 5.54956 6.06848 4.57138 0.80092 2.02819
threshold=642.96027313095954 2634.0222073725645 2142.9086804242138 2630.7352305351301 610.56992788387743 544.50520617035647
decision_type=2 2 2 2 2 2
left_child=1 3 -3 -1 5 -2
right_child=4 2 -4 -5 -6 -7
leaf_value=-0.00013587365780479103 -0.00029989516588612325 0.00046645416025312841 4.4011383012775646e-05 0.0001317008669092998 -0.0011216111415794884 9.2160308927282666e-05
leaf_weight=9960 391 247 6687 1607 1221 126
leaf_count=9960 391 247 6687 1607 1221 126
internal_value=-0.000404472 -0.000189359 0.00059351 -0.000658671 -0.00269293 -0.00153378
internal_weight=20239 18501 6934 11567 1738 517
internal_count=20239 18501 6934 11567 1738 517
is_linear=0
shrinkage=0.035


Tree=74
num_leaves=7
num_cat=0
split_feature=8 10 7 1 9 9
split_gain=7.78243 6.50789 5.54427 3.22762 1.08567 3.25244
threshold=1655.3932294661404 1087.8870221113559 0.6830127018922193 0.44228869021900152 1947.16915919349 1875.2954831199111
decision_type=2 2 2 2 2 2
left_child=4 3 -3 -2 5 -1
right_child=1 2 -4 -5 -6 -7
leaf_value=-0.0010945515907912382 0.00019503413937882022 2.9278612470057208e-05 -0.00014296137367165421 -1.5187317874247876e-05 -0.00056846056878533102 0.00022773556817093257
leaf_weight=239 67 10917 7782 33 1153 48
leaf_count=239 67 10917 7782 33 1153 48
internal_value=-0.00038718 -0.000197155 -0.000245001 0.00866337 -0.00286607 -0.000935765
internal_weight=20239 18799 18699 100 1440 287
internal_count=20239 18799 18699 100 1440 287
is_linear=0
shrinkage=0.035


Tree=75
num_leaves=7
num_cat=0
split_feature=8 6 3 6 9 9
split_gain=7.85862 6.08879 9.99602 7.46879 1.08567 3.25244
threshold=1655.3932294661404 -0.6830127018922193 1.0000000180025095e-35 -1.0000000180025095e-35 1947.16915919349 1875.2954831199111
decision_type=2 2 2 2 2 2
left_child=4 2 -2 -3 5 -1
right_child=1 3 -4 -5 -6 -7
leaf_value=-0.0010562422851135541 0.00012498481844129149 -0.0004717715447877118 -0.00017556542624458935 -1.414439555269752e-05 -0.00054856444887784784 0.00021976482328496251
leaf_weight=239 4367 2981 3009 8442 1153 48
leaf_count=239 4367 2981 3009 8442 1153 48
internal_value=-0.000375075 -0.000184123 0.000599701 -0.000690258 -0.00286607 -0.000935765
internal_weight=20239 18799 7376 11423 1440 287
internal_count=20239 18799 7376 11423 1440 287
is_linear=0
shrinkage=0.035


Tree=76
num_leaves=7
num_cat=0
split_feature=8 6 3 6 9 9
split_gain=8.03468 5.71315 9.31425 7.21794 0.978148 2.79958
threshold=1655.3932294661404 -0.6830127018922193 1.0000000180025095e-35 -1.0000000180025095e-35 1947.16915919349 1875.2954831199111
decision_type=2 2 2 2 2 2
left_child=4 2 -2 -3 5 -1
right_child=1 3 -4 -5 -6 -7
leaf_value=-0.0010192738051345671 0.00012061034979583983 -0.00045525954072015698 -0.00016942063632601533 -1.3649341708357066e-05 -0.00052936469316711523 0.00021207305446998339
leaf_weight=239 4367 2981 3009 8442 1153 48
leaf_count=239 4367 2981 3009 8442 1153 48
internal_value=-0.000371616 -0.000178538 0.000580723 -0.000668812 -0.00289035 -0.00105729
internal_weight=20239 18799 7376 11423 1440 287
internal_count=20239 18799 7376 11423 1440 287
is_linear=0
shrinkage=0.035


Tree=77
num_leaves=7
num_cat=0
split_feature=8 6 3 6 9 10
split_gain=8.16812 5.45847 8.65655 7.07932 0.645935 2.18803
threshold=1655.3932294661404 -0.6830127018922193 1.0000000180025095e-35 -1.0000000180025095e-35 1947.16915919349 1326.717034439486
decision_type=2 2 2 2 2 2
left_child=4 2 -2 -3 5 -1
right_child=1 3 -4 -5 -6 -7
leaf_value=-0.0019150401409005172 0.00011638898755299764 -0.00043932545679495273 -0.00016349091405459479 -1.3171614748561535e-05 -0.00051083692890625462 0.00024985202049278304
leaf_weight=197 4367 2981 3009 8442 1153 90
leaf_count=197 4367 2981 3009 8442 1153 90
internal_value=-0.000375075 -0.0001804 0.000561745 -0.000659621 -0.00291464 -0.00142188
internal_weight=20239 18799 7376 11423 1440 287
internal_count=20239 18799 7376 11423 1440 287
is_linear=0
shrinkage=0.035


Tree=78
num_leaves=7
num_cat=0
split_feature=8 10 8 0 9 9
split_gain=7.28905 5.05586 5.34457 2.99445 0.97889 3.25244
threshold=1655.3932294661404 1087.8870221113559 2634.0222073725645 67.500000000000014 1947.16915919349 1875.2954831199111
decision_type=2 2 2 2 2 2
left_child=4 3 -3 -2 5 -1
right_child=1 2 -4 -5 -6 -7
leaf_value=-0.00093718011497238483 0.00012913669956296202 -9.4753542604814438e-05 5.4848441349310858e-05 0.00017480084290574018 -0.00049295763639454582 0.00019590567684628192
leaf_weight=239 72 11580 7119 28 1153 48
leaf_count=239 72 11580 7119 28 1153 48
internal_value=-0.000369887 -0.000185985 -0.000228156 0.00762376 -0.00276891 -0.000935765
internal_weight=20239 18799 18699 100 1440 287
internal_count=20239 18799 18699 100 1440 287
is_linear=0
shrinkage=0.035


Tree=79
num_leaves=7
num_cat=0
split_feature=11 8 9 10 9 0
split_gain=7.19037 5.68437 6.86941 4.39376 0.612995 1.57146
threshold=707.45670975598102 2629.951607487993 2142.9086804242138 2630.7352305351301 610.56992788387743 33.500000000000007
decision_type=2 2 2 2 2 2
left_child=1 3 -3 -1 5 -2
right_child=4 2 -4 -5 -6 -7
leaf_value=-0.0001264341739383127 6.3050493190170982e-05 0.00044145867178028845 3.8092412444615347e-05 0.00012727646099402039 -0.0018257466073342556 -0.00043674230127389028
leaf_weight=10334 128 281 6827 1533 850 286
leaf_count=10334 128 281 6827 1533 850 286
internal_value=-0.000361241 -0.0001909 0.000591784 -0.000659716 -0.00291621 -0.00180482
internal_weight=20239 18975 7108 11867 1264 414
internal_count=20239 18975 7108 11867 1264 414
is_linear=0
shrinkage=0.035


Tree=80
num_leaves=7
num_cat=0
split_feature=8 6 3 6 9 9
split_gain=7.11056 5.2954 8.38 6.69542 0.92757 3.25244
threshold=1655.3932294661404 -0.6830127018922193 1.0000000180025095e-35 -1.0000000180025095e-35 1947.16915919349 1875.2954831199111
decision_type=2 2 2 2 2 2
left_child=4 2 -2 -3 5 -1
right_child=1 3 -4 -5 -6 -7
leaf_value=-0.00089995361486051157 0.00011222576281625571 -0.00040163850037464922 -0.00015178608129664859 -1.2611752352574466e-05 -0.00046749435115947058 0.0001934741742445123
leaf_weight=239 4367 2981 3009 8442 1153 48
leaf_count=239 4367 2981 3009 8442 1153 48
internal_value=-0.000350865 -0.00016923 0.000561745 -0.000641239 -0.00272033 -0.000935765
internal_weight=20239 18799 7376 11423 1440 287
internal_count=20239 18799 7376 11423 1440 287
is_linear=0
shrinkage=0.035


Tree=81
num_leaves=7
num_cat=0
split_feature=11 8 9 6 9 0
split_gain=7.08371 5.29795 6.92006 4.27375 0.678122 1.4903
threshold=707.45670975598102 2629.951607487993 2142.9086804242138 -0.93301270189221908 610.56992788387743 33.500000000000007
decision_type=2 2 2 2 2 2
left_child=1 3 -3 -1 5 -2
right_child=4 2 -4 -5 -6 -7
leaf_value=0.00011625589204512473 7.4901073441626675e-05 0.00043730506048162066 3.5895115653637669e-05 -0.00011921830533405101 -0.0017454831737869683 -0.0004073989732161831
leaf_weight=862 128 281 6827 11005 850 286
leaf_count=862 128 281 6827 11005 850 286
internal_value=-0.000352595 -0.000183522 0.000572091 -0.000636123 -0.00288854 -0.00172048
internal_weight=20239 18975 7108 11867 1264 414
internal_count=20239 18975 7108 11867 1264 414
is_linear=0
shrinkage=0.035


Tree=82
num_leaves=7
num_cat=0
split_feature=11 8 9 10 9 0
split_gain=7.05475 4.88181 6.92576 3.99345 0.678122 1.4903
threshold=707.45670975598102 2634.0222073725645 2142.9086804242138 2630.7352305351301 610.56992788387743 33.500000000000007
decision_type=2 2 2 2 2 2
left_child=1 3 -3 -1 5 -2
right_child=4 2 -4 -5 -6 -7
leaf_value=-0.0001175062072240307 7.2279535871180305e-05 0.00043548438407718497 3.5127900616505585e-05 0.00012740026421036385 -0.0016843912627044278 -0.00039314000915361303
leaf_weight=10419 128 261 6688 1607 850 286
leaf_count=10419 128 261 6688 1607 850 286
internal_value=-0.000357782 -0.000189055 0.000549424 -0.000615782 -0.00288854 -0.00172048
internal_weight=20239 18975 6949 12026 1264 414
internal_count=20239 18975 6949 12026 1264 414
is_linear=0
shrinkage=0.035


Tree=83
num_leaves=7
num_cat=0
split_feature=11 8 10 6 9 0
split_gain=6.9491 4.47804 6.53537 3.71659 0.746487 1.41129
threshold=707.45670975598102 2629.951607487993 2192.7591123121051 -0.93301270189221908 610.56992788387743 33.500000000000007
decision_type=2 2 2 2 2 2
left_child=1 3 -3 -1 5 -2
right_child=4 2 -4 -5 -6 -7
leaf_value=0.00011629965307637232 6.9749752115688684e-05 0.0006676852823632285 4.3982069699475426e-05 -0.0001119687361917775 -0.0016254375685097867 -0.00037938010883324159
leaf_weight=862 128 34 7074 11005 850 286
leaf_count=862 128 34 7074 11005 850 286
internal_value=-0.000349136 -0.000181678 0.000513011 -0.000597785 -0.00286087 -0.00163615
internal_weight=20239 18975 7108 11867 1264 414
internal_count=20239 18975 7108 11867 1264 414
is_linear=0
shrinkage=0.035


Tree=84
num_leaves=7
num_cat=0
split_feature=8 6 3 6 8 11
split_gain=6.60927 4.36568 7.66844 6.17422 0.839226 2.50078
threshold=1655.3932294661404 -0.6830127018922193 1.0000000180025095e-35 -1.0000000180025095e-35 1223.2919822555366 555.24092676690032
decision_type=2 2 2 2 2 2
left_child=4 2 -2 -3 -1 -6
right_child=1 3 -4 -5 5 -7
leaf_value=-0.0015602327208252922 0.00011141809397234847 -0.00034834279589507198 -0.0001504999856252804 -1.0224912765592068e-05 -0.00029101199717777127 0.00035682163368960134
leaf_weight=880 4367 2981 3009 8442 468 92
leaf_count=880 4367 2981 3009 8442 468 92
internal_value=-0.000338761 -0.000163644 0.000500067 -0.000592219 -0.00262318 -0.00155972
internal_weight=20239 18799 7376 11423 1440 560
internal_count=20239 18799 7376 11423 1440 560
is_linear=0
shrinkage=0.035


Tree=85
num_leaves=7
num_cat=0
split_feature=8 6 3 6 8 11
split_gain=6.60927 4.24173 7.43205 6.12373 0.839226 2.50078
threshold=1655.3932294661404 -0.6830127018922193 1.0000000180025095e-35 -1.0000000180025095e-35 1223.2919822555366 555.24092676690032
decision_type=2 2 2 2 2 2
left_child=4 2 -2 -3 -1 -6
right_child=1 3 -4 -5 5 -7
leaf_value=-0.0015056245755964072 0.00010751846068331781 -0.00033615079803873081 -0.00014523248612840551 -9.8670408188042444e-06 -0.00028082657727653492 0.00034433287651045144
leaf_weight=880 4367 2981 3009 8442 468 92
leaf_count=880 4367 2981 3009 8442 468 92
internal_value=-0.000338761 -0.000163644 0.000490578 -0.000586092 -0.00262318 -0.00155972
internal_weight=20239 18799 7376 11423 1440 560
internal_count=20239 18799 7376 11423 1440 560
is_linear=0
shrinkage=0.035


Tree=86
num_leaves=7
num_cat=0
split_feature=8 7 8 6 11 11
split_gain=6.51907 3.90149 6.25629 3.71788 0.80628 1.85949
threshold=1655.3932294661404 0.6830127018922193 2347.7326231923585 -1.0000000180025095e-35 660.57874846538107 555.24092676690032
decision_type=2 2 2 2 2 2
left_child=4 2 -2 -3 5 -1
right_child=1 3 -4 -5 -6 -7
leaf_value=-0.00028446523218066404 0.00015321730340273776 -0.00036974554766405852 -1.0511911578830844e-05 -2.7063104512373309e-05 -0.0018854450861290209 0.00015710828745932041
leaf_weight=604 1747 2128 9260 5664 664 172
leaf_count=604 1747 2128 9260 5664 664 172
internal_value=-0.000330114 -0.000156198 0.000268032 -0.000755422 -0.00259889 -0.00182883
internal_weight=20239 18799 11007 7792 1440 776
internal_count=20239 18799 11007 7792 1440 776
is_linear=0
shrinkage=0.035


Tree=87
num_leaves=7
num_cat=0
split_feature=8 10 8 0 11 11
split_gain=6.53896 3.7619 3.63013 3.03211 0.80628 1.85949
threshold=1655.3932294661404 1087.8870221113559 2634.0222073725645 43.500000000000007 660.57874846538107 555.24092676690032
decision_type=2 2 2 2 2 2
left_child=4 3 -3 -2 5 -1
right_child=1 2 -4 -5 -6 -7
leaf_value=-0.0002745089490543462 -1.5989368614083507e-05 -7.3185179860777786e-05 4.544631574345933e-05 0.00016246673187884396 -0.0018194545081144911 0.00015160949739823342
leaf_weight=604 44 11580 7119 56 664 172
leaf_count=604 44 11580 7119 56 664 172
internal_value=-0.000326656 -0.000152474 -0.000188851 0.00658416 -0.00259889 -0.00182883
internal_weight=20239 18799 18699 100 1440 776
internal_count=20239 18799 18699 100 1440 776
is_linear=0
shrinkage=0.035


Tree=88
num_leaves=7
num_cat=0
split_feature=8 10 9 0 3 9
split_gain=6.59882 3.74944 3.38201 3.03211 0.889721 1.44607
threshold=1655.3932294661404 1087.8870221113559 2663.2136507688206 43.500000000000007 -0.60785761079279388 1947.16915919349
decision_type=2 2 2 2 2 2
left_child=4 3 -3 -2 5 -1
right_child=1 2 -4 -5 -6 -7
leaf_value=0.00014390025833070863 -1.542974071259273e-05 -6.2939166554055082e-05 5.4669878559028047e-05 0.00015678039626309737 -0.00078257541099530494 -0.00019535801097652464
leaf_weight=83 44 12888 5811 56 938 419
leaf_count=83 44 12888 5811 56 938 419
internal_value=-0.00031628 -0.000141304 -0.000177621 0.00658416 -0.00259889 -0.00140557
internal_weight=20239 18799 18699 100 1440 502
internal_count=20239 18799 18699 100 1440 502
is_linear=0
shrinkage=0.035


Tree=89
num_leaves=7
num_cat=0
split_feature=8 6 3 6 9 11
split_gain=6.39887 3.31778 6.04796 4.8199 0.234271 0.993467
threshold=1223.2919822555366 -0.6830127018922193 1.0000000180025095e-35 -1.0000000180025095e-35 1947.16915919349 754.67499907075296
decision_type=2 2 2 2 2 2
left_child=4 2 -2 -3 5 -1
right_child=1 3 -4 -5 -6 -7
leaf_value=0.0001523047844619173 9.1342676648531836e-05 -0.00027993848938029874 -0.00014882143083292488 -1.0783668097374522e-05 -0.0016019294304874211 -0.023821564461271146
leaf_weight=11.999999999999998 4555 3188 3093 8523 823 45
leaf_count=12 4555 3188 3093 8523 823 45
internal_value=-0.000300717 -0.00016795 0.000399006 -0.00053821 -0.00321793 -0.00102586
internal_weight=20239 19359 7648 11711 880 57
internal_count=20239 19359 7648 11711 880 57
is_linear=0
shrinkage=0.035


Tree=90
num_leaves=7
num_cat=0
split_feature=8 8 8 6 7 9
split_gain=5.90855 3.21291 4.16506 3.89348 0.288942 0.225029
threshold=1223.2919822555366 2634.0222073725645 2771.760251086921 -0.93301270189221908 -0.25000000000000028 1947.16915919349
decision_type=2 2 2 2 2 2
left_child=4 3 -3 -2 -1 -6
right_child=1 2 -4 -5 5 -7
leaf_value=8.931193137984295e-07 0.00011988092288769182 7.99189077467609e-05 -0.00010614147957795635 -9.347266057281108e-05 -0.00042844149509423172 -0.0017221289614855798
leaf_weight=11.999999999999998 884 5618 1501 11356 57 811
leaf_count=12 884 5618 1501 11356 57 811
internal_value=-0.000295529 -0.00016795 0.000423244 -0.000511805 -0.00309875 -0.00317376
internal_weight=20239 19359 7119 12240 880 868
internal_count=20239 19359 7119 12240 880 868
is_linear=0
shrinkage=0.035


Tree=91
num_leaves=7
num_cat=0
split_feature=8 8 7 6 7 9
split_gain=5.7439 3.07301 4.12347 3.5814 0.299263 0.253597
threshold=1085.3770108041806 2634.0222073725645 0.6830127018922193 -0.93301270189221908 -0.25000000000000028 1947.16915919349
decision_type=2 2 2 2 2 2
left_child=4 3 -3 -2 -1 -6
right_child=1 2 -4 -5 5 -7
leaf_value=8.6186013782185721e-07 0.00011568509058663691 8.8866150392544514e-05 -0.0001089863296780462 -8.987412005283543e-05 -0.00039234575506617023 -0.0020975567495009843
leaf_weight=11.999999999999998 884 4986 2133 11436 56 732
leaf_count=12 884 4986 2133 11436 56 732
internal_value=-0.000285154 -0.000165459 0.000413412 -0.00049996 -0.00318976 -0.00327377
internal_weight=20239 19439 7119 12320 800 788
internal_count=20239 19439 7119 12320 800 788
is_linear=0
shrinkage=0.035


Tree=92
num_leaves=7
num_cat=0
split_feature=8 9 6 11 7 9
split_gain=5.73706 2.84537 5.59229 4.18677 0.299263 0.253597
threshold=1085.3770108041806 2663.2136507688206 -0.93301270189221908 67.862076836126519 -0.25000000000000028 1947.16915919349
decision_type=2 2 2 2 2 2
left_child=4 2 -2 -3 -1 -6
right_child=1 3 -4 -5 5 -7
leaf_value=8.3169503299451726e-07 0.00010099512401091162 -8.3433514943761852e-05 -8.7962489010506536e-05 0.00013773737843146371 -0.00037861365363885737 -0.0020241422632684583
leaf_weight=11.999999999999998 1461 1939 12167 3872 56 732
leaf_count=12 1461 1939 12167 3872 56 732
internal_value=-0.000286883 -0.000167259 -0.00044376 0.000481159 -0.00318976 -0.00327377
internal_weight=20239 19439 13628 5811 800 788
internal_count=20239 19439 13628 5811 800 788
is_linear=0
shrinkage=0.035


Tree=93
num_leaves=7
num_cat=0
split_feature=8 6 3 6 7 9
split_gain=5.57238 2.78891 5.70418 4.72361 0.294482 0.300828
threshold=1085.3770108041806 -0.6830127018922193 1.0000000180025095e-35 -1.0000000180025095e-35 -0.25000000000000028 2010.7215666394852
decision_type=2 2 2 2 2 2
left_child=4 2 -2 -3 -1 -6
right_child=1 3 -4 -5 5 -7
leaf_value=8.025857068449938e-07 8.767610316585347e-05 -0.00024769710506946166 -0.00014421040264228342 -7.6406787031954968e-06 -0.0004107808720662227 -0.0019800869237276198
leaf_weight=11.999999999999998 4555 3268 3093 8523 72 716
leaf_count=12 4555 3268 3093 8523 72 716
internal_value=-0.000285154 -0.000167259 0.000353248 -0.000504877 -0.00314607 -0.00322941
internal_weight=20239 19439 7648 11791 800 788
internal_count=20239 19439 7648 11791 800 788
is_linear=0
shrinkage=0.035


Tree=94
num_leaves=7
num_cat=0
split_feature=8 8 8 10 7 9
split_gain=5.60612 2.69574 3.73937 3.5007 0.294482 0.300828
threshold=1085.3770108041806 2634.0222073725645 2771.760251086921 2630.7352305351301 -0.25000000000000028 2010.7215666394852
decision_type=2 2 2 2 2 2
left_child=4 3 -3 -2 -1 -6
right_child=1 2 -4 -5 5 -7
leaf_value=7.7449520709205198e-07 -8.8488047536396989e-05 7.7855669539500969e-05 -0.00010219081032521842 0.0001262853017152443 -0.00039640354154390779 -0.0019107838813971602
leaf_weight=11.999999999999998 10713 5618 1501 1607 72 716
leaf_count=12 10713 5618 1501 1607 72 716
internal_value=-0.000276508 -0.000158257 0.000383918 -0.000471553 -0.00314607 -0.00322941
internal_weight=20239 19439 7119 12320 800 788
internal_count=20239 19439 7119 12320 800 788
is_linear=0
shrinkage=0.035


Tree=95
num_leaves=7
num_cat=0
split_feature=11 6 11 6 9 0
split_gain=5.47557 3.24567 5.66061 4.70829 1.2635 1.71917
threshold=724.06592833239131 -0.6830127018922193 564.0001227520205 -1.0000000180025095e-35 779.42307746531776 33.500000000000007
decision_type=2 2 2 2 2 2
left_child=1 2 -1 -3 5 -2
right_child=4 3 -4 -5 -6 -7
leaf_value=2.0695553939955532e-05 0.00011098403748133202 -0.00038900477795409007 0.00020388666057476496 -7.5427325490467012e-06 -0.0014919349077523894 -0.00025082293815282153
leaf_weight=7157 158 3041 339 8517 723 304
leaf_count=7157 158 3041 339 8517 723 304
internal_value=-0.000274779 -0.000131148 0.00043604 -0.000499006 -0.00258221 -0.00114903
internal_weight=20239 19054 7496 11558 1185 462
internal_count=20239 19054 7496 11558 1185 462
is_linear=0
shrinkage=0.035


Tree=96
num_leaves=7
num_cat=0
split_feature=11 8 9 10 9 0
split_gain=5.492 3.12225 6.84598 3.19715 1.2635 1.71917
threshold=724.06592833239131 2634.0222073725645 2142.9086804242138 2630.7352305351301 779.42307746531776 33.500000000000007
decision_type=2 2 2 2 2 2
left_child=1 3 -3 -1 5 -2
right_child=4 2 -4 -5 -6 -7
leaf_value=-8.9516961738248896e-05 0.00010709959616949317 0.00047429931587126531 2.5134097027362209e-05 0.00012114097176730728 -0.0014397171859810457 -0.00024204413531748073
leaf_weight=10488 158 271 6688 1607 723 304
leaf_count=10488 158 271 6688 1607 723 304
internal_value=-0.00027132 -0.000127474 0.000463146 -0.000467304 -0.00258221 -0.00114903
internal_weight=20239 19054 6959 12095 1185 462
internal_count=20239 19054 6959 12095 1185 462
is_linear=0
shrinkage=0.035


Tree=97
num_leaves=7
num_cat=0
split_feature=11 8 9 10 9 0
split_gain=5.59162 2.88557 5.6814 2.98383 1.18292 1.55449
threshold=724.06592833239131 2634.0222073725645 2142.9086804242138 2630.7352305351301 779.42307746531776 33.500000000000007
decision_type=2 2 2 2 2 2
left_child=1 3 -3 -1 5 -2
right_child=4 2 -4 -5 -6 -7
leaf_value=-8.6383868077407987e-05 0.00010335111030356448 0.00045769883981577029 2.4254403631394603e-05 0.00011690103775544022 -0.0013893270844717025 -0.00023357259058136127
leaf_weight=10488 158 271 6688 1607 723 304
leaf_count=10488 158 271 6688 1607 723 304
internal_value=-0.000279966 -0.000134821 0.000432973 -0.000461517 -0.00261172 -0.00122462
internal_weight=20239 19054 6959 12095 1185 462
internal_count=20239 19054 6959 12095 1185 462
is_linear=0
shrinkage=0.035


Tree=98
num_leaves=7
num_cat=0
split_feature=11 6 11 6 9 1
split_gain=5.25517 2.9857 5.69661 4.18346 1.16131 1.50872
threshold=724.06592833239131 -0.6830127018922193 564.0001227520205 -1.0000000180025095e-35 779.42307746531776 0.19509032201612822
decision_type=2 2 2 2 2 2
left_child=1 2 -1 -3 5 -2
right_child=4 3 -4 -5 -6 -7
leaf_value=2.1732200394124134e-05 -0.00026746355215473059 -0.00037558192411716625 0.00020290715649818353 -9.1347739116482751e-06 -0.0013407006365151811 6.4439524347629956e-05
leaf_weight=7157 269 3041 339 8517 723 193
leaf_count=7157 269 3041 339 8517 723 193
internal_value=-0.000262674 -0.000121964 0.000422035 -0.000474782 -0.00252319 -0.00114903
internal_weight=20239 19054 7496 11558 1185 462
internal_count=20239 19054 7496 11558 1185 462
is_linear=0
shrinkage=0.035


Tree=99
num_leaves=7
num_cat=0
split_feature=8 6 3 6 10 11
split_gain=5.03323 2.23584 5.32926 3.31234 0.489423 1.55206
threshold=1085.3770108041806 -0.6830127018922193 1.0000000180025095e-35 -1.0000000180025095e-35 1282.0054868962368 754.67499907075296
decision_type=2 2 2 2 2 2
left_child=4 2 -2 -3 5 -1
right_child=1 3 -4 -5 -6 -7
leaf_value=0.00023560403709509538 8.2505578136964758e-05 -0.00020415136217011344 -0.00013906824859127534 -8.9764231591350484e-06 -0.0024731241368039659 -0.0010103932406867156
leaf_weight=15.999999999999998 4555 3268 3093 8523 723 61
leaf_count=16 4555 3268 3093 8523 723 61
internal_value=-0.000252298 -0.000140253 0.000325793 -0.000442547 -0.00297129 -0.000314103
internal_weight=20239 19439 7648 11791 800 77
internal_count=20239 19439 7648 11791 800 77
is_linear=0
shrinkage=0.035


Tree=100
num_leaves=7
num_cat=0
split_feature=11 6 11 4 1 9
split_gain=4.38261 2.47444 5.25283 3.66602 1.26531 1.76006
threshold=707.45670975598102 -0.6830127018922193 564.0001227520205 0.81174490092936691 0.19509032201612822 675.31598607501985
decision_type=2 2 2 2 2 2
left_child=1 2 -1 -3 -2 -6
right_child=4 3 -4 -5 5 -7
leaf_value=2.0034124214340163e-05 -0.00077941526524616844 -1.9326656057575535e-05 0.00020273194306542916 -0.00020889967057815986 0.00010676722301604666 -0.00039955553014107097
leaf_weight=7157 686 9836 321 1661 174 404
leaf_count=7157 686 9836 321 1661 174 404
internal_value=-0.000229818 -9.68337e-05 0.000398716 -0.000419161 -0.00222451 -0.00101554
internal_weight=20239 18975 7478 11497 1264 578
internal_count=20239 18975 7478 11497 1264 578
is_linear=0
shrinkage=0.035


Tree=101
num_leaves=7
num_cat=0
split_feature=11 8 10 10 1 9
split_gain=4.16501 2.50115 5.72457 2.558 1.1519 1.52816
threshold=707.45670975598102 2634.0222073725645 2192.7591123121051 2630.7352305351301 0.19509032201612822 675.31598607501985
decision_type=2 2 2 2 2 2
left_child=1 3 -3 -1 -2 -6
right_child=4 2 -4 -5 5 -7
leaf_value=-8.0633476851754086e-05 -0.00075213573096256437 0.00062518412874574387 3.7593999094033868e-05 0.00010845998483790639 0.00010303037021047298 -0.00038557108658614236
leaf_weight=10419 686 31 6918 1607 174 404
leaf_count=10419 686 31 6918 1607 174 404
internal_value=-0.00022463 -9.49892e-05 0.000433596 -0.000400433 -0.00216917 -0.00101554
internal_weight=20239 18975 6949 12026 1264 578
internal_count=20239 18975 6949 12026 1264 578
is_linear=0
shrinkage=0.035


Tree=102
num_leaves=7
num_cat=0
split_feature=8 9 3 7 10 3
split_gain=4.13526 2.12908 8.4557 2.44202 0.386583 1.27826
threshold=795.66461011401816 2552.2653976538522 -0.60785761079279388 0.6830127018922193 1259.2569535836012 0.6078576107927941
decision_type=2 2 2 2 2 2
left_child=4 2 -2 -3 5 -1
right_child=1 3 -4 -5 -6 -7
leaf_value=0.00021996827822160886 8.7966287921082149e-05 5.1635876247508325e-05 -0.0002130690572496438 -4.9191563129004646e-05 -0.0022655970110694668 -0.0011159630983947856
leaf_weight=19 2452 7139 6512 3416 656 45
leaf_count=19 2452 7139 6512 3416 656 45
internal_value=-0.000212526 -0.000116369 -0.000512996 0.00022049 -0.00281553 -0.000215385
internal_weight=20239 19519 8964 10555 720 64
internal_count=20239 19519 8964 10555 720 64
is_linear=0
shrinkage=0.035


Tree=103
num_leaves=7
num_cat=0
split_feature=8 9 3 7 1 10
split_gain=3.89527 2.09695 8.59943 2.3361 0.494175 1.29635
threshold=685.76464353380811 2552.2653976538522 -0.60785761079279388 0.6830127018922193 0.77259657388510639 1612.836922597093
decision_type=2 2 2 2 2 2
left_child=4 2 -2 -3 -1 -6
right_child=1 3 -4 -5 5 -7
leaf_value=-0.0015123937901849677 8.7458267032299717e-05 4.9828620578839535e-05 -0.00021143316628901939 -4.7469858419501588e-05 0.00016796903568832013 -0.023104594823552687
leaf_weight=494 2459 7139 6585 3416 50 96
leaf_count=494 2459 7139 6585 3416 50 96
internal_value=-0.000209067 -0.000121251 -0.000512328 0.000213859 -0.00289392 -0.00109524
internal_weight=20239 19599 9044 10555 640 146
internal_count=20239 19599 9044 10555 640 146
is_linear=0
shrinkage=0.035


Tree=104
num_leaves=7
num_cat=0
split_feature=8 9 3 10 1 3
split_gain=3.91536 2.05033 7.44431 3.50739 0.567154 1.23096
threshold=685.76464353380811 2476.8580706963357 -0.60785761079279388 2428.5380373571597 0.81241147629689026 0.87837969732492682
decision_type=2 2 2 2 2 2
left_child=4 2 -2 -3 -1 -6
right_child=1 3 -4 -5 5 -7
leaf_value=-0.0014613587907274664 9.4439383087974749e-05 -0.000173354643931804 -0.00024089356716256154 3.4060300338122112e-05 -0.019615383382521837 0.00017583707791524628
leaf_weight=508 1782 1244 5142 11431 113 19
leaf_count=508 1782 1244 5142 11431 113 19
internal_value=-0.00020215 -0.000114108 -0.000598412 0.00015048 -0.00289392 -0.000842106
internal_weight=20239 19599 6924 12675 640 132
internal_count=20239 19599 6924 12675 640 132
is_linear=0
shrinkage=0.035


Tree=105
num_leaves=7
num_cat=0
split_feature=11 6 11 4 9 11
split_gain=3.47069 2.23947 5.27534 3.71141 1.27503 2.05307
threshold=707.45670975598102 -0.6830127018922193 564.0001227520205 0.81174490092936691 1367.0394414975526 901.63777089321673
decision_type=2 2 2 2 2 2
left_child=1 2 -1 -3 5 -2
right_child=4 3 -4 -5 -6 -7
leaf_value=2.0192518595341806e-05 -0.00012790371617605261 -1.6586824702851911e-05 0.00020310615288988523 -0.00019845055936208337 -0.001253535432236357 0.0001422553986107812
leaf_weight=7157 522 9836 321 1661 690 52
leaf_count=7157 522 9836 321 1661 690 52
internal_value=-0.000200421 -8.20782e-05 0.000389356 -0.000388721 -0.00197549 -0.000754783
internal_weight=20239 18975 7478 11497 1264 574
internal_count=20239 18975 7478 11497 1264 574
is_linear=0
shrinkage=0.035


Tree=106
num_leaves=7
num_cat=0
split_feature=11 8 10 10 9 11
split_gain=3.33013 2.20695 5.74804 2.47844 1.2178 2.05307
threshold=707.45670975598102 2634.0222073725645 2192.7591123121051 2630.7352305351301 1367.0394414975526 901.63777089321673
decision_type=2 2 2 2 2 2
left_child=1 3 -3 -1 5 -2
right_child=4 2 -4 -5 -6 -7
leaf_value=-7.2044897490131641e-05 -0.00012342708610990454 0.00062588479876334101 3.4371367235392554e-05 0.0001013669477648891 -0.0012096616921080797 0.00013727645965939576
leaf_weight=10419 522 31 6918 1607 690 52
leaf_count=10419 522 31 6918 1607 690 52
internal_value=-0.000209067 -9.31448e-05 0.00040338 -0.000380062 -0.00194783 -0.000754783
internal_weight=20239 18975 6949 12026 1264 574
internal_count=20239 18975 6949 12026 1264 574
is_linear=0
shrinkage=0.035


Tree=107
num_leaves=7
num_cat=0
split_feature=8 9 3 10 1 10
split_gain=3.15689 1.919 6.81951 3.43096 1.13915 2.34962
threshold=685.76464353380811 2476.8580706963357 -0.60785761079279388 2428.5380373571597 0.77259657388510639 1612.836922597093
decision_type=2 2 2 2 2 2
left_child=4 2 -2 -3 -1 -6
right_child=1 3 -4 -5 5 -7
leaf_value=-0.0013221005505009381 9.1211597870234079e-05 -0.00016547239813283489 -0.00023141814355693031 3.3207464756610959e-05 0.00031543069960739915 -0.021564738393283912
leaf_weight=494 1782 1244 5142 11431 50 96
leaf_count=494 1782 1244 5142 11431 50 96
internal_value=-0.000203879 -0.000124822 -0.000593358 0.000131153 -0.00262091 9.52373e-05
internal_weight=20239 19599 6924 12675 640 146
internal_count=20239 19599 6924 12675 640 146
is_linear=0
shrinkage=0.035


Tree=108
num_leaves=7
num_cat=0
split_feature=11 6 11 4 1 6
split_gain=2.97672 2.37912 5.25953 3.52107 1.32698 1.4377
threshold=724.06592833239131 -0.6830127018922193 564.0001227520205 0.81174490092936691 0.19509032201612822 -0.6830127018922193
decision_type=2 2 2 2 2 2
left_child=1 2 -1 -3 -2 -6
right_child=4 3 -4 -5 5 -7
leaf_value=1.9399610299767532e-05 -0.00068154136631074283 -1.7256771253613494e-05 0.00020213620757586424 -0.00019313594505044514 -0.010943939536877861 3.6406705593637097e-05
leaf_weight=7157 653 9894 339 1664 168 364
leaf_count=7157 653 9894 339 1664 168 364
internal_value=-0.00020215 -9.62485e-05 0.000389355 -0.000411196 -0.00190346 -0.000604128
internal_weight=20239 19054 7496 11558 1185 532
internal_count=20239 19054 7496 11558 1185 532
is_linear=0
shrinkage=0.035


Tree=109
num_leaves=7
num_cat=0
split_feature=11 8 9 10 1 6
split_gain=2.97672 2.22915 6.3594 2.2421 1.19579 1.36788
threshold=724.06592833239131 2634.0222073725645 2142.9086804242138 2630.7352305351301 0.19509032201612822 -0.6830127018922193
decision_type=2 2 2 2 2 2
left_child=1 3 -3 -1 -2 -6
right_child=4 2 -4 -5 5 -7
leaf_value=-6.976854646853206e-05 -0.00065768741848985627 0.0004505575454637508 2.0690228868198265e-05 9.6711489807655701e-05 -0.010560901653087139 3.5132470897869833e-05
leaf_weight=10488 653 271 6688 1607 168 364
leaf_count=10488 653 271 6688 1607 168 364
internal_value=-0.00020215 -9.62485e-05 0.000402801 -0.000383392 -0.00190346 -0.000669794
internal_weight=20239 19054 6959 12095 1185 532
internal_count=20239 19054 6959 12095 1185 532
is_linear=0
shrinkage=0.035


Tree=110
num_leaves=7
num_cat=0
split_feature=11 11 3 10 1 9
split_gain=2.99831 2.52966 11.9303 3.03645 1.71826 1.32251
threshold=679.42611153937867 564.0001227520205 0.87837969732492682 2430.2342338654248 0.16280825711809011 675.31598607501985
decision_type=2 2 2 2 2 2
left_child=1 3 -3 -1 -2 -6
right_child=4 2 -4 -5 5 -7
leaf_value=-0.00012270827964018329 -0.00058280080638492668 -1.0031840041680422e-05 0.00045503871467521333 1.0508327632159191e-05 8.0638707848426923e-05 -0.00029239441834036508
leaf_weight=4267 716 585 126 13839 202 504
leaf_count=4267 716 585 126 13839 202 504
internal_value=-0.00020215 -8.49992e-05 0.00196138 -0.000165462 -0.00175123 -0.000524753
internal_weight=20239 18817 711 18106 1422 706
internal_count=20239 18817 711 18106 1422 706
is_linear=0
shrinkage=0.035


Tree=111
num_leaves=7
num_cat=0
split_feature=8 3 9 8 7 7
split_gain=2.9753 2.31758 4.1148 2.30685 17.5986 7.45731
threshold=1655.3932294661404 -0.60785761079279388 2503.4646190793596 2237.5695605904707 -0.25000000000000028 -0.25000000000000028
decision_type=2 2 2 2 2 2
left_child=1 2 -1 4 -2 -5
right_child=3 -3 -4 5 -6 -7
leaf_value=0.00015034827282596472 0.00051181005171875658 -0.0005810525469150666 -0.00046482413555913723 -0.00031720821160169724 -5.2176261353800943e-05 1.6482336343692212e-05
leaf_weight=258 375 938 244 3185 1545 13694
leaf_count=258 375 938 244 3185 1545 13694
internal_value=-0.000191775 -0.0017245 0.00019483 -7.42827e-05 0.00107496 -0.000205066
internal_weight=20239 1440 502 18799 1920 16879
internal_count=20239 1440 502 18799 1920 16879
is_linear=0
shrinkage=0.035


Tree=112
num_leaves=7
num_cat=0
split_feature=8 9 11 8 10 3
split_gain=2.91874 1.75731 2.88401 1.55064 1.08049 3.52133
threshold=795.66461011401816 2803.3079557772917 171.73283208533266 2771.760251086921 1259.2569535836012 0.6078576107927941
decision_type=2 2 2 2 2 2
left_child=4 3 -3 -2 5 -1
right_child=1 2 -4 -5 -6 -7
leaf_value=0.00088312573738635164 -9.9357601487380144e-06 3.382821834634347e-05 0.00053933238645401701 -0.00011324984474987033 -0.0018621264818969377 -0.00077692203334728824
leaf_weight=19 17478 469 163 1409 656 45
leaf_count=19 17478 469 163 1409 656 45
internal_value=-0.000191775 -0.00011099 0.001703 -0.000171777 -0.00237864 0.00193846
internal_weight=20239 19519 632 18887 720 64
internal_count=20239 19519 632 18887 720 64
is_linear=0
shrinkage=0.035


Tree=113
num_leaves=7
num_cat=0
split_feature=8 6 3 6 10 3
split_gain=2.79963 1.65959 4.31505 2.75586 1.05643 3.52133
threshold=795.66461011401816 -0.6830127018922193 1.0000000180025095e-35 -1.0000000180025095e-35 1259.2569535836012 0.6078576107927941
decision_type=2 2 2 2 2 2
left_child=4 2 -2 -3 5 -1
right_child=1 3 -4 -5 -6 -7
leaf_value=0.00085221633657781742 7.4122002770044996e-05 -0.0001704118481391879 -0.00011711531159262379 -3.921050990803608e-06 -0.0017969520550305432 -0.00074972976218012368
leaf_weight=19 4557 3346 3093 8523 656 45
leaf_count=19 4557 3346 3093 8523 656 45
internal_value=-0.000188316 -0.000109197 0.000292771 -0.000368282 -0.0023301 0.00193846
internal_weight=20239 19519 7650 11869 720 64
internal_count=20239 19519 7650 11869 720 64
is_linear=0
shrinkage=0.035


Tree=114
num_leaves=7
num_cat=0
split_feature=8 6 3 6 1 3
split_gain=2.68663 1.90331 4.08503 2.83921 1.57717 4.27833
threshold=685.76464353380811 -0.6830127018922193 0.6078576107927941 -1.0000000180025095e-35 0.81241147629689026 0.87837969732492682
decision_type=2 2 2 2 2 2
left_child=4 2 -2 -3 -1 -6
right_child=1 3 -4 -5 5 -7
leaf_value=-0.00108742769792573 6.3225027255157067e-05 -0.00017238008021516684 -0.00017539676795564105 -3.7838142061339051e-06 -0.017948786435581073 0.00040098912645326835
leaf_weight=508 5535 3420 2121 8523 113 19
leaf_count=508 5535 3420 2121 8523 113 19
internal_value=-0.000172753 -9.98223e-05 0.000330938 -0.000375964 -0.0024025 0.000999999
internal_weight=20239 19599 7656 11943 640 132
internal_count=20239 19599 7656 11943 640 132
is_linear=0
shrinkage=0.035


Tree=115
num_leaves=7
num_cat=0
split_feature=8 3 9 8 7 7
split_gain=2.35155 2.52613 4.46321 2.05015 16.4537 7.21213
threshold=1655.3932294661404 -0.60785761079279388 2503.4646190793596 2237.5695605904707 -0.25000000000000028 -0.25000000000000028
decision_type=2 2 2 2 2 2
left_child=1 2 -1 4 -2 -5
right_child=3 -3 -4 5 -6 -7
leaf_value=0.00016970945107191101 0.00049530667004052539 -0.00055366147224627496 -0.00045149161094753192 -0.00029942969888359421 -4.7964065570726898e-05 1.7687762556466741e-05
leaf_weight=258 375 938 244 3185 1545 13694
leaf_count=258 375 938 244 3185 1545 13694
internal_value=-0.000167565 -0.00153019 0.00047316 -6.31125e-05 0.0010203 -0.000186405
internal_weight=20239 1440 502 18799 1920 16879
internal_count=20239 1440 502 18799 1920 16879
is_linear=0
shrinkage=0.035


Tree=116
num_leaves=7
num_cat=0
split_feature=8 3 9 8 7 7
split_gain=2.25091 2.46527 4.46321 1.94189 14.8133 6.96314
threshold=1655.3932294661404 -0.60785761079279388 2503.4646190793596 2237.5695605904707 -0.25000000000000028 -0.25000000000000028
decision_type=2 2 2 2 2 2
left_child=1 2 -1 4 -2 -5
right_child=3 -3 -4 5 -6 -7
leaf_value=0.00016376962028439963 0.00047797093658911196 -0.00053428332071766887 -0.00043568940456436992 -0.00028894965942266696 -4.628532327574757e-05 1.7068690866977362e-05
leaf_weight=258 375 938 244 3185 1545 13694
leaf_count=258 375 938 244 3185 1545 13694
internal_value=-0.000172753 -0.0015059 0.00047316 -7.05593e-05 0.000983862 -0.000190552
internal_weight=20239 1440 502 18799 1920 16879
internal_count=20239 1440 502 18799 1920 16879
is_linear=0
shrinkage=0.035


Tree=117
num_leaves=7
num_cat=0
split_feature=10 3 2 7 9 8
split_gain=2.19251 5.18026 5.71278 4.44472 2.09539 3.23362
threshold=2435.3767132452572 -1.0000000180025095e-35 1.0000000180025095e-35 -0.68301270189221952 2476.8580706963357 2227.6517895678085
decision_type=2 2 2 2 2 2
left_child=1 2 -1 -3 5 -2
right_child=4 3 -4 -5 -6 -7
leaf_value=0.00019396929425018691 0.000275694038923473 0.0004197972159028696 -8.6706977647367324e-05 -0.00027486590257932617 3.2125073558746301e-05 -0.00020673075898532898
leaf_weight=1448 75 216 1489 3487 11284 2240
leaf_count=1448 75 216 1489 3487 11284 2240
internal_value=-0.00017967 -0.000700949 0.000396698 -0.00157141 7.48889e-05 -0.000884068
internal_weight=20239 6640 2937 3703 13599 2315
internal_count=20239 6640 2937 3703 13599 2315
is_linear=0
shrinkage=0.035


Tree=118
num_leaves=7
num_cat=0
split_feature=11 11 3 10 1 9
split_gain=2.26618 3.02907 11.4527 2.44002 1.79357 1.06282
threshold=679.42611153937867 564.0001227520205 0.87837969732492682 2435.3767132452572 0.16280825711809011 675.31598607501985
decision_type=2 2 2 2 2 2
left_child=1 3 -3 -1 -2 -6
right_child=4 2 -4 -5 5 -7
leaf_value=-0.00010037001081147088 -0.00054082128741546006 4.0742358500589307e-06 0.00046413830481748485 1.0734463318085138e-05 7.2360240700884116e-05 -0.00024229113147164897
leaf_weight=4507 716 585 126 13599 202 504
leaf_count=4507 716 585 126 13599 202 504
internal_value=-0.000183128 -8.12794e-05 0.002158 -0.000169328 -0.00152987 -0.000277229
internal_weight=20239 18817 711 18106 1422 706
internal_count=20239 18817 711 18106 1422 706
is_linear=0
shrinkage=0.035


Tree=119
num_leaves=7
num_cat=0
split_feature=8 6 3 3 1 3
split_gain=2.18232 1.90142 3.89448 3.01586 1.38771 3.76189
threshold=685.76464353380811 -0.6830127018922193 1.0000000180025095e-35 -0.60785761079279388 0.77259657388510639 0.87837969732492682
decision_type=2 2 2 2 2 2
left_child=4 2 -2 -3 -1 -6
right_child=1 3 -4 -5 5 -7
leaf_value=-0.00098536738406527135 7.1851481883397728e-05 4.3330351778699649e-05 -0.00010265383604786292 -9.9329201657763686e-05 -0.017292797343567534 0.00043261549463175625
leaf_weight=494 4563 3449 3093 8494 125 21
leaf_count=494 4563 3449 3093 8494 125 21
internal_value=-0.000174482 -0.000108751 0.000321796 -0.000384755 -0.00218409 0.000809523
internal_weight=20239 19599 7656 11943 640 146
internal_count=20239 19599 7656 11943 640 146
is_linear=0
shrinkage=0.035


end of trees

feature_importances:
month_sin=132
same_slot_mean_2_8d=117
lag_2d=107
lag_7d=107
dow_sin=89
same_slot_std_2_8d=61
month_cos=57
slot_sin=21
slot=11
dow_cos=10
slot_cos=8

parameters:
[boosting: gbdt]
[objective: quantile]
[metric: quantile]
[tree_learner: serial]
[device_type: cpu]
[data_sample_strategy: bagging]
[data: ]
[valid: ]
[num_iterations: 120]
[learning_rate: 0.035]
[num_leaves: 7]
[num_threads: 1]
[seed: 20260901]
[deterministic: 1]
[force_col_wise: 0]
[force_row_wise: 0]
[histogram_pool_size: -1]
[max_depth: 3]
[min_data_in_leaf: 12]
[min_sum_hessian_in_leaf: 0.001]
[bagging_fraction: 1]
[pos_bagging_fraction: 1]
[neg_bagging_fraction: 1]
[bagging_freq: 0]
[bagging_seed: 12992]
[bagging_by_query: 0]
[feature_fraction: 1]
[feature_fraction_bynode: 1]
[feature_fraction_seed: 30141]
[extra_trees: 0]
[extra_seed: 31421]
[early_stopping_round: 0]
[early_stopping_min_delta: 0]
[first_metric_only: 0]
[max_delta_step: 0]
[lambda_l1: 0]
[lambda_l2: 1]
[linear_lambda: 0]
[min_gain_to_split: 0]
[drop_rate: 0.1]
[max_drop: 50]
[skip_drop: 0.5]
[xgboost_dart_mode: 0]
[uniform_drop: 0]
[drop_seed: 11049]
[top_rate: 0.2]
[other_rate: 0.1]
[min_data_per_group: 100]
[max_cat_threshold: 32]
[cat_l2: 10]
[cat_smooth: 10]
[max_cat_to_onehot: 4]
[top_k: 20]
[monotone_constraints: ]
[monotone_constraints_method: basic]
[monotone_penalty: 0]
[feature_contri: ]
[forcedsplits_filename: ]
[refit_decay_rate: 0.9]
[cegb_tradeoff: 1]
[cegb_penalty_split: 0]
[cegb_penalty_feature_lazy: ]
[cegb_penalty_feature_coupled: ]
[path_smooth: 0]
[interaction_constraints: ]
[verbosity: -1]
[saved_feature_importance_type: 0]
[use_quantized_grad: 0]
[num_grad_quant_bins: 4]
[quant_train_renew_leaf: 0]
[stochastic_rounding: 1]
[linear_tree: 0]
[max_bin: 255]
[max_bin_by_feature: ]
[min_data_in_bin: 3]
[bin_construct_sample_cnt: 200000]
[data_random_seed: 5023]
[is_enable_sparse: 1]
[enable_bundle: 1]
[use_missing: 1]
[zero_as_missing: 0]
[feature_pre_filter: 1]
[pre_partition: 0]
[two_round: 0]
[header: 0]
[label_column: ]
[weight_column: ]
[group_column: ]
[ignore_column: ]
[categorical_feature: ]
[forcedbins_filename: ]
[precise_float_parser: 0]
[parser_config_file: ]
[objective_seed: 6921]
[num_class: 1]
[is_unbalance: 0]
[scale_pos_weight: 1]
[sigmoid: 1]
[boost_from_average: 1]
[reg_sqrt: 0]
[alpha: 0.9]
[fair_c: 1]
[poisson_max_delta_step: 0.7]
[tweedie_variance_power: 1.5]
[lambdarank_truncation_level: 30]
[lambdarank_norm: 1]
[label_gain: ]
[lambdarank_position_bias_regularization: 0]
[eval_at: ]
[multi_error_top_k: 1]
[auc_mu_weights: ]
[num_machines: 1]
[local_listen_port: 12400]
[time_out: 120]
[machine_list_filename: ]
[machines: ]
[gpu_platform_id: -1]
[gpu_device_id: -1]
[gpu_use_dp: 0]
[num_gpu: 1]

end of parameters

pandas_categorical:[]
