tree
version=v4
num_class=1
num_tree_per_iteration=1
label_index=0
max_feature_idx=11
objective=quantile
feature_names=slot slot_sin slot_cos dow_sin dow_cos weekend month_sin month_cos lag_2d lag_7d same_slot_mean_2_8d same_slot_std_2_8d
feature_infos=[0:95] [-1:1] [-1:1] [-0.97492791218182362:0.97492791218182362] [-0.90096886790241903:1] [0:1] [-1:0.8660254037844386] [-0.86602540378443882:1] [381.44581147213773:2892.1969875462651] [381.44581147213773:2892.1969875462651] [667.40836824075052:2799.3812308422353] [10.169260040126204:1092.8236665517263]
tree_sizes=741 792 792 799 792 797 783 794 778 799 780 792 797 790 791 791 799 765 798 782 791 801 791 790 781 788 781 779 779 789 773 794 774 789 773 793 793 794 793 791 791 796 792 797 793 791 780 788 791 786 786 784 789 786 776 784 792 793 793 790 793 793 794 793 793 791 791 801 799 794 797 794 796 793 797 800 802 801 797 795 802 800 801 802 710 708 809 711 707 707 707 711 709 710 710 809 794 805 810 807 806 792 807 801 788 796 790 789 807 808 794 805 807 806 805 794 810 809 805 805

Tree=0
num_leaves=7
num_cat=0
split_feature=10 6 11 11 7 8
split_gain=1339.52 281.668 130.172 53.9412 51.7696 39.1294
threshold=2555.3681136962246 -0.6830127018922193 191.22313834477339 104.94706172715821 0.93301270189221952 2612.955384228816
decision_type=2 2 2 2 2 2
left_child=1 2 -1 -2 -3 -5
right_child=3 4 -4 5 -6 -7
leaf_value=7.8493761575222019 7.8519977378845214 7.8465724968910218 7.8510094141960147 7.8504346096515656 7.8489399576187138 7.8517176747322086
leaf_weight=2160 6896 4154 2692 956 2369 1108
leaf_count=2160 6896 4154 2692 956 2369 1108
internal_value=7.85045 7.84248 7.84886 7.86057 7.83773 7.8556
internal_weight=20335 11375 4852 8960 6523 2064
internal_count=20335 11375 4852 8960 6523 2064
is_linear=0
shrinkage=1


Tree=1
num_leaves=7
num_cat=0
split_feature=10 6 11 11 7 8
split_gain=1257.89 257.11 123.956 52.4862 45.1459 37.1112
threshold=2555.3681136962246 -0.6830127018922193 191.22313834477339 104.94706172715821 0.93301270189221952 2612.955384228816
decision_type=2 2 2 2 2 2
left_child=1 2 -1 -2 -3 -5
right_child=3 4 -4 5 -6 -7
leaf_value=-0.0010362955391407126 0.0014935295104980507 -0.0037418280482292192 0.00053979715108870346 -1.4889234304429346e-05 -0.0014572284460067887 0.0012232685685157653
leaf_weight=2160 6896 4154 2692 956 2369 1108
leaf_count=2160 6896 4154 2692 956 2369 1108
internal_value=0.000109289 -0.00761625 -0.00151453 0.00991686 -0.012154 0.00501695
internal_weight=20335 11375 4852 8960 6523 2064
internal_count=20335 11375 4852 8960 6523 2064
is_linear=0
shrinkage=0.035


Tree=2
num_leaves=7
num_cat=0
split_feature=10 6 11 11 10 8
split_gain=1163.96 230.155 115.537 48.7068 38.6811 36.3682
threshold=2555.3681136962246 -0.6830127018922193 191.22313834477339 104.94706172715821 2444.4992127353439 2612.955384228816
decision_type=2 2 2 2 2 2
left_child=1 2 -1 -2 -3 -5
right_child=3 4 -4 5 -6 -7
leaf_value=-0.0010000251952707862 0.0014412559776306334 -0.0026204304770231527 0.00052090425080058905 -1.436811110378411e-05 -0.0011999790743589679 0.0011804541686177262
leaf_weight=2160 6896 4726 2692 956 1797 1108
leaf_count=2160 6896 4726 2692 956 1797 1108
internal_value=0.000252139 -0.00717937 -0.00140635 0.00968642 -0.0114726 0.0049661
internal_weight=20335 11375 4852 8960 6523 2064
internal_count=20335 11375 4852 8960 6523 2064
is_linear=0
shrinkage=0.035


Tree=3
num_leaves=7
num_cat=0
split_feature=10 6 11 11 6 6
split_gain=1095.54 212.382 109.416 46.8216 38.1066 37.0266
threshold=2555.3681136962246 -0.6830127018922193 191.22313834477339 104.94706172715821 0.68301270189221941 -1.0000000180025095e-35
decision_type=2 2 2 2 2 2
left_child=1 2 -1 -2 -5 -3
right_child=3 5 -4 4 -6 -7
leaf_value=-0.00096502431343629795 0.0013908120184135521 -0.0037172009293192734 0.00050267260202257807 0.001257865956737092 -3.0947657127766705e-05 -0.0011642976864630163
leaf_weight=2160 6896 3827 2692 1120 944 2696
leaf_count=2160 6896 3827 2692 1120 944 2696
internal_value=0.000322704 -0.00688709 -0.00134144 0.0094755 0.00484746 -0.0110113
internal_weight=20335 11375 4852 8960 2064 6523
internal_count=20335 11375 4852 8960 2064 6523
is_linear=0
shrinkage=0.035


Tree=4
num_leaves=7
num_cat=0
split_feature=10 6 11 11 9 10
split_gain=1021.37 193.148 103.37 44.2112 35.7342 35.6279
threshold=2555.3681136962246 -0.6830127018922193 185.23192312175476 105.74283611162288 2610.0619632912831 2442.9473712051226
decision_type=2 2 2 2 2 2
left_child=1 2 -1 -2 -5 -3
right_child=3 5 -4 4 -6 -7
leaf_value=-0.00094205478456379956 0.0013404646677153799 -0.0024429972770726362 0.0004841277708211589 0.001068777247982733 0.00031343805659945101 -0.0010987475934540881
leaf_weight=2143 6939 4681 2709 649 1372 1842
leaf_count=2143 6939 4681 2709 649 1372 1842
internal_value=0.000403595 -0.00655789 -0.00126932 0.00924116 0.00468225 -0.0104909
internal_weight=20335 11375 4852 8960 2021 6523
internal_count=20335 11375 4852 8960 2021 6523
is_linear=0
shrinkage=0.035


Tree=5
num_leaves=7
num_cat=0
split_feature=10 6 11 11 6 6
split_gain=947.405 179.808 94.9719 42.6273 36.0418 36.0059
threshold=2555.3681136962246 -0.6830127018922193 191.22313834477339 105.74283611162288 -1.0000000180025095e-35 0.68301270189221941
decision_type=2 2 2 2 2 2
left_child=1 2 -1 -2 -3 -5
right_child=3 4 -4 5 -6 -7
leaf_value=-0.00089827654500628917 0.0012935484043453283 -0.0035281800213568864 0.00046813458897304822 0.0011916059692206416 -0.0010596967301861571 -6.1111390448984618e-05
leaf_weight=2160 6939 3827 2692 1102 2696 919
leaf_count=2160 6939 3827 2692 1102 2696 919
internal_value=0.00049137 -0.0062133 -0.00111065 0.0090029 -0.010008 0.00452646
internal_weight=20335 11375 4852 8960 6523 2021
internal_count=20335 11375 4852 8960 6523 2021
is_linear=0
shrinkage=0.035


Tree=6
num_leaves=7
num_cat=0
split_feature=10 6 11 11 6 6
split_gain=885.538 159.805 89.7695 39.3739 35.2306 33.1892
threshold=2555.3681136962246 -0.6830127018922193 185.23192312175476 105.74283611162288 0.68301270189221941 -0.5
decision_type=2 2 2 2 2 2
left_child=1 2 -1 -2 -5 -3
right_child=3 5 -4 4 -6 -7
leaf_value=-0.00087764318802886277 0.0012482742101932367 -0.0044627787118558622 0.00045079858822836275 0.0011498997602979078 -5.8972491783255703e-05 -0.0010511351802651482
leaf_weight=2143 6939 2976 2709 1102 919 3547
leaf_count=2143 6939 2976 2709 1102 919 3547
internal_value=0.000582588 -0.00589948 -0.00108902 0.00881152 0.00450915 -0.00947693
internal_weight=20335 11375 4852 8960 2021 6523
internal_count=20335 11375 4852 8960 2021 6523
is_linear=0
shrinkage=0.035


Tree=7
num_leaves=7
num_cat=0
split_feature=10 6 11 8 8 3
split_gain=828.528 145.445 84.8947 38.2328 32.9116 21.7111
threshold=2555.3681136962246 -0.6830127018922193 185.23192312175476 2225.8479523688125 2631.9897030126517 0.87837969732492682
decision_type=2 2 2 2 2 2
left_child=1 2 -1 -2 -3 -5
right_child=3 4 -4 5 -6 -7
leaf_value=-0.00084692567644784511 -0.0060972196942374437 -0.0020827225388753458 0.00043502063764037317 0.0011936197423835805 8.5281771465259851e-05 0.00055379368304214977
leaf_weight=2143 193 6155 2709 7577 368 1190
leaf_count=2143 193 6155 2709 7577 368 1190
internal_value=0.000656594 -0.00561335 -0.00102411 0.00861623 -0.00902629 0.00895558
internal_weight=20335 11375 4852 8960 6523 8767
internal_count=20335 11375 4852 8960 6523 8767
is_linear=0
shrinkage=0.035


Tree=8
num_leaves=7
num_cat=0
split_feature=10 6 11 8 6 9
split_gain=776.811 136.43 80.2151 36.8303 32.7978 21.4391
threshold=2555.3681136962246 -0.6830127018922193 191.22313834477339 2225.8479523688125 -0.5 2688.3215473720788
decision_type=2 2 2 2 2 2
left_child=1 2 -1 -2 -3 -5
right_child=3 4 -4 5 -6 -7
leaf_value=-0.00081039894130062083 -0.005883817004939132 -0.0042336861680802558 0.00042074620545357272 0.0011137079996728662 -0.00094509994364873513 0.0010595595640802147
leaf_weight=2160 193 2976 2692 4759 3547 4008
leaf_count=2160 193 2976 2692 4759 3547 4008
internal_value=0.000623894 -0.00544721 -0.00100247 0.0083311 -0.00875268 0.00866418
internal_weight=20335 11375 4852 8960 6523 8767
internal_count=20335 11375 4852 8960 6523 8767
is_linear=0
shrinkage=0.035


Tree=9
num_leaves=7
num_cat=0
split_feature=10 6 11 11 6 8
split_gain=725.071 130.242 73.9955 35.7457 39.8039 34.7586
threshold=2555.3681136962246 -0.6830127018922193 185.23192312175476 105.74283611162288 0.68301270189221941 2510.6323734690845
decision_type=2 2 2 2 2 2
left_child=1 2 -1 -2 -5 -3
right_child=3 5 -4 4 -6 -7
leaf_value=-0.00078891931482664827 0.0011305539299809333 -0.0022016537527779459 0.00040506879813206892 0.0010496008346665732 -0.00012052603353884807 -0.00058566217361785808
leaf_weight=2143 6939 4744 2709 1102 919 1779
leaf_count=2143 6939 4744 2709 1102 919 1779
internal_value=0.000642826 -0.00522262 -0.000879868 0.00808894 0.00398986 -0.00845225
internal_weight=20335 11375 4852 8960 2021 6523
internal_count=20335 11375 4852 8960 2021 6523
is_linear=0
shrinkage=0.035


Tree=10
num_leaves=7
num_cat=0
split_feature=10 6 11 8 6 3
split_gain=683.301 122.625 67.1275 33.8786 33.4321 21.3558
threshold=2555.3681136962246 -0.6830127018922193 191.22313834477339 2225.8479523688125 -0.5 0.87837969732492682
decision_type=2 2 2 2 2 2
left_child=1 2 -1 -2 -3 -5
right_child=3 4 -4 5 -6 -7
leaf_value=-0.00075442280233614775 -0.005714619438979592 -0.0040355777156261775 0.00039184268032805398 0.0010760643077514277 -0.00084462666928480261 0.00046414428180672655
leaf_weight=2160 193 2976 2692 7577 3547 1190
leaf_count=2160 193 2976 2692 7577 3547 1190
internal_value=0.0006652 -0.00502879 -0.00081496 0.00789365 -0.00816255 0.0082131
internal_weight=20335 11375 4852 8960 6523 8767
internal_count=20335 11375 4852 8960 6523 8767
is_linear=0
shrinkage=0.035


Tree=11
num_leaves=7
num_cat=0
split_feature=10 6 8 8 8 3
split_gain=642.599 115.584 67.046 34.6346 32.7177 20.9055
threshold=2555.3681136962246 -0.6830127018922193 1350.5140203700325 2520.1809243502544 2193.1594393001128 0.87837969732492682
decision_type=2 2 2 2 2 2
left_child=1 2 -1 -3 -2 -6
right_child=4 3 -4 -5 5 -7
leaf_value=-0.05417331229085464 -0.0057695034457185832 -0.0020568655209245181 5.5632487587748977e-05 -0.00047231620998524189 0.0010378939929485444 0.00044789923194348273
leaf_weight=326 177 4873 4526 1650 7593 1190
leaf_count=326 177 4873 4526 1650 7593 1190
internal_value=0.000680689 -0.00484111 -0.000750052 -0.00788358 0.00769055 0.00799095
internal_weight=20335 11375 4852 6523 8960 8783
internal_count=20335 11375 4852 6523 8960 8783
is_linear=0
shrinkage=0.035


Tree=12
num_leaves=7
num_cat=0
split_feature=10 8 7 7 11 6
split_gain=601.357 96.7195 62.5859 49.5456 26.0025 31.4627
threshold=2594.3871282299929 2544.9093182797437 0.6830127018922193 -0.25000000000000028 102.07855506605875 0.68301270189221941
decision_type=2 2 2 2 2 2
left_child=1 2 -1 -3 -2 -6
right_child=4 3 -4 -5 5 -7
leaf_value=-0.00059299605181188935 0.0010672641751248869 -0.00057486362169127734 -0.0021062731997990849 0.00045734111796298833 0.00099385811707870548 -2.6508986255011637e-05
leaf_weight=4034 6457 1164 4394 2423 975 888
leaf_count=4034 6457 1164 4394 2423 975 888
internal_value=0.000629057 -0.00437937 -0.00642781 0.000434086 0.00786143 0.0042154
internal_weight=20335 12015 8428 3587 8320 1863
internal_count=20335 12015 8428 3587 8320 1863
is_linear=0
shrinkage=0.035


Tree=13
num_leaves=7
num_cat=0
split_feature=10 6 8 8 11 6
split_gain=569.55 107.412 67.8064 31.9851 31.0253 41.788
threshold=2555.3681136962246 -0.6830127018922193 1350.5140203700325 1143.8077380980415 104.94706172715821 0.68301270189221941
decision_type=2 2 2 2 2 2
left_child=1 2 -1 -3 -2 -6
right_child=4 3 -4 -5 5 -7
leaf_value=-0.052256491498861302 0.00098918803568495586 -0.023334493157980328 6.5628212344581726e-05 -0.0012640530876820379 0.00092048580130240428 -0.00017997521206305269
leaf_weight=326 6896 571 4526 5952 1120 944
leaf_count=326 6896 571 4526 5952 1120 944
internal_value=0.000591193 -0.00460729 -0.000663507 -0.00754024 0.0071906 0.00342373
internal_weight=20335 11375 4852 6523 8960 2064
internal_count=20335 11375 4852 6523 8960 2064
is_linear=0
shrinkage=0.035


Tree=14
num_leaves=7
num_cat=0
split_feature=10 6 8 8 8 3
split_gain=534.479 96.6303 66.6774 30.8836 29.7662 21.2406
threshold=2555.3681136962246 -0.6830127018922193 1350.5140203700325 2629.951607487993 2193.1594393001128 0.87837969732492682
decision_type=2 2 2 2 2 2
left_child=1 2 -1 -3 -2 -6
right_child=4 3 -4 -5 5 -7
leaf_value=-0.050427514296401167 -0.0056206706749143505 -0.0016414999460113667 6.3331224912521747e-05 0.00024108561567585786 0.00093829438641228617 0.00037362226369318301
leaf_weight=326 177 6138 4526 385 7593 1190
leaf_count=326 177 6138 4526 385 7593 1190
internal_value=0.000610125 -0.00442576 -0.000685143 -0.00720762 0.00700312 0.00728967
internal_weight=20335 11375 4852 6523 8960 8783
internal_count=20335 11375 4852 6523 8960 8783
is_linear=0
shrinkage=0.035


Tree=15
num_leaves=7
num_cat=0
split_feature=10 8 9 7 11 6
split_gain=499.534 86.0512 56.408 46.5291 23.4069 29.4848
threshold=2594.3871282299929 2544.9093182797437 580.2589476340255 -0.25000000000000028 102.07855506605875 0.68301270189221941
decision_type=2 2 2 2 2 2
left_child=1 2 -1 -3 -2 -6
right_child=4 3 -4 -5 5 -7
leaf_value=0.001009593743781403 0.00096481792489834029 -0.00053263704596643983 -0.001429966781817458 0.00046166363458324702 0.00089401577641092368 -6.2877008637456379e-05
leaf_weight=518 6457 1164 7910 2423 975 888
leaf_count=518 6457 1164 7910 2423 975 888
internal_value=0.000575703 -0.00398906 -0.00592122 0.000551143 0.00716741 0.00370842
internal_weight=20335 12015 8428 3587 8320 1863
internal_count=20335 12015 8428 3587 8320 1863
is_linear=0
shrinkage=0.035


Tree=16
num_leaves=7
num_cat=0
split_feature=10 8 7 7 9 3
split_gain=457.957 82.4948 54.9569 43.3145 22.3494 38.2738
threshold=2594.3871282299929 2544.9093182797437 0.6830127018922193 -0.25000000000000028 2628.233049234635 0.6078576107927941
decision_type=2 2 2 2 2 2
left_child=1 2 -1 -3 -2 -6
right_child=4 3 -4 -5 5 -7
leaf_value=-0.00048137845886185864 0.00091792316265446603 -0.00051399474935760032 -0.0018673004422313367 0.00044550540737283047 0.00094406468096360342 6.7412332967364819e-05
leaf_weight=4034 2524 1164 4394 2423 4420 1376
leaf_count=4034 2524 1164 4394 2423 4420 1376
internal_value=0.000544724 -0.00382594 -0.00571776 0.000619426 0.00685615 0.00565724
internal_weight=20335 12015 8428 3587 8320 5796
internal_count=20335 12015 8428 3587 8320 5796
is_linear=0
shrinkage=0.035


Tree=17
num_leaves=7
num_cat=0
split_feature=10 6 8 6 8 6
split_gain=427.496 90.1019 66.5305 34.1452 26.4533 19.0777
threshold=2549.1509278024855 -0.6830127018922193 1350.5140203700325 -0.5 2193.1594393001128 -0.5
decision_type=2 2 2 2 2 2
left_child=1 2 -1 -3 -2 -6
right_child=4 3 -4 -5 5 -7
leaf_value=-0.048595654212603347 -0.0054882800173004535 -0.0034538602845306833 9.8490689037100679e-05 -0.00055043930017908862 0.0012292862132356631 0.00063545885543603309
leaf_weight=326 181 2976 4486 3507 2894 5965
leaf_count=326 181 2976 4486 3507 2894 5965
internal_value=0.000525792 -0.00401403 -0.000385415 -0.00670689 0.00619788 0.00646868
internal_weight=20335 11295 4812 6483 9040 8859
internal_count=20335 11295 4812 6483 9040 8859
is_linear=0
shrinkage=0.035


Tree=18
num_leaves=7
num_cat=0
split_feature=10 6 11 8 9 3
split_gain=400.038 77.0308 67.5782 47.5827 21.3544 34.3759
threshold=2594.3871282299929 -0.6830127018922193 185.23192312175476 2520.1809243502544 2628.233049234635 0.6078576107927941
decision_type=2 2 2 2 2 2
left_child=1 2 -1 -3 -2 -6
right_child=4 3 -4 -5 5 -7
leaf_value=-0.00068411921768951622 0.0008553959565840753 -0.0015776932306470839 0.00044689788605548623 -0.00016768687028982933 0.0008856794182719608 4.4036085345602333e-05
leaf_weight=2191 2524 5067 2814 1943 4420 1376
leaf_count=2191 2524 5067 2814 1943 4420 1376
internal_value=0.000561935 -0.00352301 -0.000206252 -0.00589074 0.00646076 0.00528894
internal_weight=20335 12015 5005 7010 8320 5796
internal_count=20335 12015 5005 7010 8320 5796
is_linear=0
shrinkage=0.035


Tree=19
num_leaves=7
num_cat=0
split_feature=10 7 11 8 8 6
split_gain=377.122 86.1741 93.0715 56.1757 23.9135 20.7258
threshold=2555.3681136962246 0.6830127018922193 194.83206453850497 2392.8021740136023 2193.1594393001128 -0.5
decision_type=2 2 2 2 2 2
left_child=1 2 -1 -3 -2 -6
right_child=4 3 -4 -5 5 -7
leaf_value=-0.00068753145347197461 -0.0053098305158530987 -0.0024339768057091951 0.00042593706264873802 -0.00051659064924442833 0.0011658900922439242 0.00059010424815873384
leaf_weight=3031 177 2851 2999 2494 2858 5925
leaf_count=3031 177 2851 2999 2494 2858 5925
internal_value=0.00055505 -0.00367506 -0.000806666 -0.00691031 0.00592512 0.00618198
internal_weight=20335 11375 6030 5345 8960 8783
internal_count=20335 11375 6030 5345 8960 8783
is_linear=0
shrinkage=0.035


Tree=20
num_leaves=7
num_cat=0
split_feature=10 8 6 10 9 3
split_gain=354.553 71.6288 96.4355 21.3577 19.7407 34.4604
threshold=2594.3871282299929 1143.8077380980415 -0.93301270189221908 1285.5818246242134 2628.233049234635 0.6078576107927941
decision_type=2 2 2 2 2 2
left_child=1 3 -3 -1 -2 -6
right_child=4 2 -4 -5 5 -7
leaf_value=0.00026819452037787352 0.00080316044636178589 0.00096048212808622427 -0.00061636800166347432 -0.046734271391867262 0.00083038622599784795 1.1385719631658021e-05
leaf_weight=78 2524 1296 9909 732 4420 1376
leaf_count=78 2524 1296 9909 732 4420 1376
internal_value=0.000512023 -0.00333368 -0.00260642 -0.0133785 0.00606538 0.00493876
internal_weight=20335 12015 11205 810 8320 5796
internal_count=20335 12015 11205 810 8320 5796
is_linear=0
shrinkage=0.035


Tree=21
num_leaves=7
num_cat=0
split_feature=10 7 11 8 11 6
split_gain=324.319 75.5262 81.0913 48.3131 21.9633 46.454
threshold=2555.3681136962246 0.6830127018922193 194.83206453850497 2392.8021740136023 101.45263497360385 0.68301270189221941
decision_type=2 2 2 2 2 2
left_child=1 2 -1 -3 -2 -6
right_child=4 3 -4 -5 5 -7
leaf_value=-0.00064189497254223853 0.00076518332854966795 -0.0022065024759013022 0.00041859978946928505 -0.00047693709646264411 0.00070999104236010976 -0.00027090445286217515
leaf_weight=3031 6665 2851 2999 2494 1250 1045
leaf_count=3031 6665 2851 2999 2494 1250 1045
internal_value=0.000558492 -0.00336432 -0.000678992 -0.0063931 0.00553844 0.00258384
internal_weight=20335 11375 6030 5345 8960 2295
internal_count=20335 11375 6030 5345 8960 2295
is_linear=0
shrinkage=0.035


Tree=22
num_leaves=7
num_cat=0
split_feature=10 8 9 7 9 3
split_gain=308.029 64.2718 65.1856 31.7182 18.4229 31.6004
threshold=2600.5007182552913 2544.9093182797437 613.8159928252461 -0.25000000000000028 2628.233049234635 0.6078576107927941
decision_type=2 2 2 2 2 2
left_child=1 2 -1 -3 -2 -6
right_child=4 3 -4 -5 5 -7
leaf_value=0.001217925536381004 0.0007635443433095724 -0.00046491284553025209 -0.0011554192333993198 0.00042701974423769334 0.0007853534619047765 1.0201415403763292e-05
leaf_weight=593 2434 1164 7910 2508 4367 1359
leaf_count=593 2434 1164 7910 2508 4367 1359
internal_value=0.000524071 -0.00300242 -0.00467339 0.000867139 0.00578544 0.00469967
internal_weight=20335 12175 8503 3672 8160 5726
internal_count=20335 12175 8503 3672 8160 5726
is_linear=0
shrinkage=0.035


Tree=23
num_leaves=7
num_cat=0
split_feature=10 8 9 7 9 7
split_gain=286.521 60.5677 60.418 27.3417 17.6022 32.2379
threshold=2600.5007182552913 2544.9093182797437 613.8159928252461 -0.25000000000000028 2634.4639963530331 0.6830127018922193
decision_type=2 2 2 2 2 2
left_child=1 2 -1 -3 -2 -6
right_child=4 3 -4 -5 5 -7
leaf_value=0.001175298142607657 0.00073925882792702079 -0.00044864089593670724 -0.0011149795602303581 0.00041207405318937967 0.0010165252151125028 5.8293405323852639e-05
leaf_weight=593 2551 1164 7910 2508 3878 1731
leaf_count=593 2551 1164 7910 2508 3878 1731
internal_value=0.000530955 -0.0028702 -0.0044923 0.000886197 0.00560532 0.00450758
internal_weight=20335 12175 8503 3672 8160 5609
internal_count=20335 12175 8503 3672 8160 5609
is_linear=0
shrinkage=0.035


Tree=24
num_leaves=7
num_cat=0
split_feature=10 6 6 8 9 3
split_gain=268.314 59.4404 57.4696 53.0375 16.7996 31.6589
threshold=2600.5007182552913 -0.6830127018922193 -0.5 807.12184368370379 2634.4639963530331 0.6078576107927941
decision_type=2 2 2 2 2 2
left_child=1 3 -3 -1 -2 -6
right_child=4 2 -4 -5 5 -7
leaf_value=-0.045952504922574182 0.00071338476894956327 -0.0027651494977137172 -0.00024532769697271917 0.00014116667728946599 0.00074908833699868457 -4.1529475709416454e-05
leaf_weight=237 2551 2976 4174 4788 4283 1326
leaf_count=237 2551 2976 4174 4788 4283 1326
internal_value=0.000544724 -0.00274659 -0.00479653 0.000170613 0.00545521 0.0043828
internal_weight=20335 12175 7150 5025 8160 5609
internal_count=20335 12175 7150 5025 8160 5609
is_linear=0
shrinkage=0.035


Tree=25
num_leaves=7
num_cat=0
split_feature=10 8 6 3 11 6
split_gain=253.121 57.8274 75.0159 53.22 16.1779 32.2233
threshold=2594.3871282299929 1143.8077380980415 -0.93301270189221908 0.87837969732492682 101.45263497360385 0.68301270189221941
decision_type=2 2 2 2 2 2
left_child=1 3 -3 -1 -2 -6
right_child=4 2 -4 -5 5 -7
leaf_value=-0.043522202509530927 0.00070235035971165881 0.00092253278972867178 -0.00049527787876577198 0.0010612792938715777 0.00061980931899241931 -0.00024223297651849941
leaf_weight=714 6410 1296 9909 96 999 911
leaf_count=714 6410 1296 9909 96 999 911
internal_value=0.000536118 -0.00271326 -0.00205983 -0.0117386 0.00522834 0.00239927
internal_weight=20335 12015 11205 810 8320 1910
internal_count=20335 12015 11205 810 8320 1910
is_linear=0
shrinkage=0.035


Tree=26
num_leaves=7
num_cat=0
split_feature=10 7 11 8 8 6
split_gain=239.13 71.7926 64.5107 47.7246 20.7279 18.9911
threshold=2555.3681136962246 0.6830127018922193 194.83206453850497 2375.9355543905604 2141.59250908678 -0.5
decision_type=2 2 2 2 2 2
left_child=1 2 -1 -3 -2 -6
right_child=4 3 -4 -5 5 -7
leaf_value=-0.00053376978665481195 -0.0056457817706946313 -0.0020795858027480231 0.00042922408076533807 -0.00044373931380626181 0.00098138021092987427 0.00045157935705880008
leaf_weight=3031 104 2646 2999 2699 2931 5925
leaf_count=3031 104 2646 2999 2699 2931 5925
internal_value=0.000524071 -0.00284437 -0.000226331 -0.00579733 0.00480025 0.00498306
internal_weight=20335 11375 6030 5345 8960 8856
internal_count=20335 11375 6030 5345 8960 8856
is_linear=0
shrinkage=0.035


Tree=27
num_leaves=7
num_cat=0
split_feature=10 6 8 6 11 7
split_gain=224.037 52.1295 53.0985 50.259 15.0336 31.2862
threshold=2594.3871282299929 -0.6830127018922193 807.12184368370379 -0.5 102.07855506605875 0.6830127018922193
decision_type=2 2 2 2 2 2
left_child=1 2 -1 -3 5 -2
right_child=4 3 -4 -5 -6 -7
leaf_value=-0.042835913005277289 0.0011295355173461231 -0.0025916988460492531 0.00014650586403791579 -0.00021028542755244353 0.00028318678087336569 0.00025615374193291632
leaf_weight=237 3614 2976 4768 4034 1863 2843
leaf_count=237 3614 2976 4768 4034 1863 2843
internal_value=0.00050686 -0.00255014 0.000178286 -0.00449793 0.00492128 0.00572042
internal_weight=20335 12015 5005 7010 8320 6457
internal_count=20335 12015 5005 7010 8320 6457
is_linear=0
shrinkage=0.035


Tree=28
num_leaves=7
num_cat=0
split_feature=10 7 11 8 8 6
split_gain=209.501 63.5135 61.4509 48.3444 19.054 18.2429
threshold=2555.3681136962246 0.6830127018922193 194.83206453850497 2329.89371990257 2141.59250908678 -0.5
decision_type=2 2 2 2 2 2
left_child=1 2 -1 -3 -2 -6
right_child=4 3 -4 -5 5 -7
leaf_value=-0.00051669318360066281 -0.0054533071139616371 -0.0027976750820857222 0.00040964143107093955 -0.00041656013290736655 0.00091433394759390398 0.00042479589728117167
leaf_weight=3031 104 2133 2999 3212 2931 5925
leaf_count=3031 104 2133 2999 3212 2931 5925
internal_value=0.000493091 -0.00265977 -0.000197314 -0.00543724 0.00449559 0.00467088
internal_weight=20335 11375 6030 5345 8960 8856
internal_count=20335 11375 6030 5345 8960 8856
is_linear=0
shrinkage=0.035


Tree=29
num_leaves=7
num_cat=0
split_feature=10 9 8 3 11 6
split_gain=193.774 57.6338 62.8352 25.1476 14.5215 31.7699
threshold=2594.3871282299929 613.8159928252461 2520.1809243502544 -0.60785761079279388 101.45263497360385 0.68301270189221941
decision_type=2 2 2 2 2 2
left_child=1 3 -3 -1 -2 -6
right_child=4 2 -4 -5 5 -7
leaf_value=0.0017643920339116149 0.00062228142212666709 -0.0010047738786540684 5.3902548099931116e-05 5.752537128792757e-05 0.00052905973110541017 -0.00027433949357283274
leaf_weight=338 6410 7250 4036 391 999 911
leaf_count=338 6410 7250 4036 391 999 911
internal_value=0.000479322 -0.00236372 -0.00297998 0.00716781 0.00458479 0.00190476
internal_weight=20335 12015 11286 729 8320 1910
internal_count=20335 12015 11286 729 8320 1910
is_linear=0
shrinkage=0.035


Tree=30
num_leaves=7
num_cat=0
split_feature=10 9 7 3 8 6
split_gain=183.111 58.0325 58.0094 24.3566 17.5081 17.3235
threshold=2555.3681136962246 613.8159928252461 0.6830127018922193 -0.60785761079279388 2141.59250908678 -0.5
decision_type=2 2 2 2 2 2
left_child=1 3 -3 -1 -2 -6
right_child=4 2 -4 -5 5 -7
leaf_value=0.001702638312724707 -0.0052272742792200608 -0.00011533653216337482 -0.0011550026843049977 5.5511983292855231e-05 0.00086146750085340788 0.00039357299473984146
leaf_weight=338 104 5682 4964 391 2931 5925
leaf_count=338 104 5682 4964 391 2931 5925
internal_value=0.000472438 -0.00247517 -0.00312952 0.00707192 0.00421437 0.00438241
internal_weight=20335 11375 10646 729 8960 8856
internal_count=20335 11375 10646 729 8960 8856
is_linear=0
shrinkage=0.035


Tree=31
num_leaves=7
num_cat=0
split_feature=10 9 8 3 6 11
split_gain=172.398 53.8639 58.3099 23.5782 14.3569 31.5525
threshold=2594.3871282299929 613.8159928252461 2520.1809243502544 -0.60785761079279388 -1.0000000180025095e-35 114.53173703520007
decision_type=2 2 2 2 2 2
left_child=1 3 -3 -1 -2 -6
right_child=4 2 -4 -5 5 -7
leaf_value=0.0016430459717793556 0.00080402873411479015 -0.0009355322012145152 6.798387543523799e-05 5.3569063877607632e-05 0.00047687551815890134 -0.00033938506084362223
leaf_weight=338 2882 7250 4036 391 4814 624
leaf_count=338 2882 7250 4036 391 4814 624
internal_value=0.00044318 -0.00223847 -0.00283423 0.00697603 0.00431559 0.00325611
internal_weight=20335 12015 11286 729 8320 5438
internal_count=20335 12015 11286 729 8320 5438
is_linear=0
shrinkage=0.035


Tree=32
num_leaves=7
num_cat=0
split_feature=10 7 11 10 8 6
split_gain=162.147 55.2061 55.1893 48.3996 16.8989 16.6152
threshold=2555.3681136962246 0.6830127018922193 194.83206453850497 1620.23601824298 2141.59250908678 -0.5
decision_type=2 2 2 2 2 2
left_child=1 2 -1 -3 -2 -6
right_child=4 3 -4 -5 5 -7
leaf_value=-0.00045306055018160321 -0.0050185733321204866 0.0004805111914904803 0.00040741353756618809 -0.0012377130769191404 0.00080317513262950346 0.00036634502109258451
leaf_weight=3031 104 973 2999 4372 2931 5925
leaf_count=3031 104 973 2999 4372 2931 5925
internal_value=0.00044318 -0.00233056 -3.48201e-05 -0.00492003 0.0039644 0.0041295
internal_weight=20335 11375 6030 5345 8960 8856
internal_count=20335 11375 6030 5345 8960 8856
is_linear=0
shrinkage=0.035


Tree=33
num_leaves=7
num_cat=0
split_feature=10 8 11 3 7 9
split_gain=151.808 51.1282 59.6548 54.4724 14.9535 52.6496
threshold=2594.3871282299929 1143.8077380980415 272.33417352255145 0.87837969732492682 0.6830127018922193 2688.3215473720788
decision_type=2 2 2 2 2 2
left_child=1 3 -3 -1 -2 -6
right_child=4 2 -4 -5 5 -7
leaf_value=-0.040477265443511268 0.00073529712730681764 -0.00047844019195431248 0.00030297141390625451 0.0013770660242108958 0.00042232058290750721 -0.00031549174099168022
leaf_weight=714 5343 7548 3657 96 2066 911
leaf_count=714 5343 7548 3657 96 2066 911
internal_value=0.000429411 -0.00208701 -0.00147265 -0.0105734 0.00406321 0.00207438
internal_weight=20335 12015 11205 810 8320 2977
internal_count=20335 12015 11205 810 8320 2977
is_linear=0
shrinkage=0.035


Tree=34
num_leaves=7
num_cat=0
split_feature=10 9 9 4 8 6
split_gain=141.231 48.8241 48.1411 26.249 16.2912 15.2671
threshold=2555.3681136962246 613.8159928252461 2738.8341107588244 -0.56174490092936669 2141.59250908678 -0.5
decision_type=2 2 2 2 2 2
left_child=1 3 -3 -1 -2 -6
right_child=4 2 -4 -5 5 -7
leaf_value=-0.00033092502685577957 -0.0048474182618649447 -0.00053234503794261209 0.0010249806593358281 0.0011227049252460208 0.00074932860353174038 0.00034049332054562513
leaf_weight=144 104 10276 370 585 2931 5925
leaf_count=144 104 10276 370 585 2931 5925
internal_value=0.000424248 -0.00216443 -0.00276463 0.00659247 0.00371052 0.00387264
internal_weight=20335 11375 10646 729 8960 8856
internal_count=20335 11375 10646 729 8960 8856
is_linear=0
shrinkage=0.035


Tree=35
num_leaves=7
num_cat=0
split_feature=8 10 8 3 7 7
split_gain=133.54 50.688 80.7851 60.1509 42.2787 31.5508
threshold=2536.5949055542965 1587.3649959401489 1238.5440685530755 -0.60785761079279388 -0.25000000000000028 0.6830127018922193
decision_type=2 2 2 2 2 2
left_child=1 3 -3 -1 -2 -6
right_child=4 2 -4 -5 5 -7
leaf_value=0.001745968405009364 -0.00038143143893711653 -0.039349362681854481 -0.00044311902617184546 -0.00042262390684655765 0.00068641761401591736 0.00012901285811026453
leaf_weight=550 1272 568 7264 673 5934 4074
leaf_count=550 1272 568 7264 673 5934 4074
internal_value=0.000415642 -0.00274983 -0.00378463 0.00387459 0.00295674 0.00372065
internal_weight=20335 9055 7832 1223 11280 10008
internal_count=20335 9055 7832 1223 11280 10008
is_linear=0
shrinkage=0.035


Tree=36
num_leaves=7
num_cat=0
split_feature=8 10 8 3 7 7
split_gain=124.667 51.1982 80.9694 57.6821 37.74 30.2147
threshold=2536.5949055542965 1587.3649959401489 1238.5440685530755 -0.60785761079279388 -0.25000000000000028 0.6830127018922193
decision_type=2 2 2 2 2 2
left_child=1 3 -3 -1 -2 -6
right_child=4 2 -4 -5 5 -7
leaf_value=0.0016848595108340427 -0.00036808133857432204 -0.037972134987989563 -0.00042760986025583317 -0.0004078320701069283 0.00066239299752534958 0.00012449740807640055
leaf_weight=550 1272 568 7264 673 5934 4074
leaf_count=550 1272 568 7264 673 5934 4074
internal_value=0.000389826 -0.00266867 -0.00370867 0.00398897 0.00284505 0.00356679
internal_weight=20335 9055 7832 1223 11280 10008
internal_count=20335 9055 7832 1223 11280 10008
is_linear=0
shrinkage=0.035


Tree=37
num_leaves=7
num_cat=0
split_feature=8 10 8 3 7 9
split_gain=116.285 56.4218 78.7098 51.4717 44.0915 30.7352
threshold=2520.1809243502544 1587.3649959401489 1238.5440685530755 -0.60785761079279388 -0.25000000000000028 2576.0566460413479
decision_type=2 2 2 2 2 2
left_child=1 3 -3 -1 5 -2
right_child=4 2 -4 -5 -6 -7
leaf_value=0.0016258894279548499 -4.0033425046588361e-05 -0.036643110263409925 -0.00046741579145138885 -0.00034582276754201228 0.00039837694822361772 -0.0020938521785643063
leaf_weight=550 1152 568 6718 659 10390 298
leaf_count=550 1152 568 6718 659 10390 298
internal_value=0.000362289 -0.00276218 -0.00392411 0.0042376 0.00260409 -0.00311165
internal_weight=20335 8495 7286 1209 11840 1450
internal_count=20335 8495 7286 1209 11840 1450
is_linear=0
shrinkage=0.035


Tree=38
num_leaves=7
num_cat=0
split_feature=8 10 8 3 7 9
split_gain=109.332 54.1822 78.9035 49.3133 42.4207 30.7352
threshold=2520.1809243502544 1587.3649959401489 1238.5440685530755 -0.60785761079279388 -0.25000000000000028 2576.0566460413479
decision_type=2 2 2 2 2 2
left_child=1 3 -3 -1 5 -2
right_child=4 2 -4 -5 -6 -7
leaf_value=0.001568983297976423 -3.8632255169943625e-05 -0.035360601404190582 -0.00045105623875058682 -0.0003337189706780297 0.00038443375503579793 -0.0020205673523145487
leaf_weight=550 1152 568 6718 659 10390 298
leaf_count=550 1152 568 6718 659 10390 298
internal_value=0.000320982 -0.00270863 -0.00384726 0.00415083 0.00249472 -0.00311165
internal_weight=20335 8495 7286 1209 11840 1450
internal_count=20335 8495 7286 1209 11840 1450
is_linear=0
shrinkage=0.035


Tree=39
num_leaves=7
num_cat=0
split_feature=10 7 8 10 11 6
split_gain=100.791 47.0486 62.1734 54.4847 15.6715 36.9229
threshold=2555.3681136962246 0.6830127018922193 1263.09607205476 1620.23601824298 101.45263497360385 0.68301270189221941
decision_type=2 2 2 2 2 2
left_child=1 2 -1 -3 -2 -6
right_child=4 3 -4 -5 5 -7
leaf_value=-0.034020057438631568 0.00045581092423212515 0.00076764756841937851 0.00014634934388826351 -0.0011075646627205817 0.00042704757969933563 -0.00037886491500163546
leaf_weight=301 6665 973 5729 4372 1250 1045
leaf_count=301 6665 973 5729 4372 1250 1045
internal_value=0.000305493 -0.00188137 0.000237937 -0.00427189 0.00308169 0.00058689
internal_weight=20335 11375 6030 5345 8960 2295
internal_count=20335 11375 6030 5345 8960 2295
is_linear=0
shrinkage=0.035


Tree=40
num_leaves=7
num_cat=0
split_feature=8 9 10 7 7 3
split_gain=89.1206 73.5338 34.1561 32.5593 29.0811 24.5275
threshold=2538.867996221104 580.2589476340255 2629.6933350349077 -0.25000000000000028 0.6830127018922193 -0.60785761079279388
decision_type=2 2 2 2 2 2
left_child=1 -1 -3 5 -5 -2
right_child=3 2 -4 4 -6 -7
leaf_value=0.00091757477529815564 -0.0021744607893560632 -0.00066001550348625769 0.00099663914180613943 0.00060505429822677926 8.2452855710153373e-05 -5.1726231307607236e-05
leaf_weight=511 226 8223 401 5915 4033 1026
leaf_count=511 226 8223 401 5915 4033 1026
internal_value=0.000376057 -0.00218942 -0.0029542 0.00246853 0.003138 -0.00284916
internal_weight=20335 9135 8624 11200 9948 1252
internal_count=20335 9135 8624 11200 9948 1252
is_linear=0
shrinkage=0.035


Tree=41
num_leaves=7
num_cat=0
split_feature=8 9 7 7 9 10
split_gain=83.9087 73.487 37.4061 35.7672 30.6089 25.1506
threshold=2520.1809243502544 580.2589476340255 -0.25000000000000028 0.6830127018922193 2576.0566460413479 1989.1686172641109
decision_type=2 2 2 2 2 2
left_child=1 -1 4 -3 -2 -4
right_child=2 3 5 -5 -6 -7
leaf_value=0.00090096106939298716 -3.2386008944107483e-05 -0.00011804146852773202 -0.0013894232976769639 -0.0010611818577670308 -0.0019053663868948824 0.00040255800044230577
leaf_weight=490 1152 3933 377 4072 298 10013
leaf_count=490 1152 3933 377 4072 298 10013
internal_value=0.000345078 -0.00230903 0.00224939 -0.00311485 -0.00301516 0.00298431
internal_weight=20335 8495 11840 8005 1450 10390
internal_count=20335 8495 11840 8005 1450 10390
is_linear=0
shrinkage=0.035


Tree=42
num_leaves=7
num_cat=0
split_feature=8 10 8 3 7 9
split_gain=78.3364 66.5277 82.5931 43.7091 34.9428 28.3707
threshold=2520.1809243502544 1587.3649959401489 1238.5440685530755 -0.60785761079279388 -0.25000000000000028 2576.0566460413479
decision_type=2 2 2 2 2 2
left_child=1 3 -3 -1 5 -2
right_child=4 2 -4 -5 -6 -7
leaf_value=0.0014690232614506305 -3.1252498631069159e-05 -0.032905046350671326 -0.00038363897635331325 -4.3919752153422923e-05 0.0003380498112960684 -0.001838678563353562
leaf_weight=550 1152 568 6718 659 10390 298
leaf_count=550 1152 568 6718 659 10390 298
internal_value=0.000329588 -0.00223488 -0.00349664 0.0053657 0.00216958 -0.00291868
internal_weight=20335 8495 7286 1209 11840 1450
internal_count=20335 8495 7286 1209 11840 1450
is_linear=0
shrinkage=0.035


Tree=43
num_leaves=7
num_cat=0
split_feature=8 9 7 7 3 7
split_gain=72.6914 65.7154 33.8878 33.0483 27.2859 24.0362
threshold=2520.1809243502544 580.2589476340255 0.6830127018922193 -0.25000000000000028 -0.60785761079279388 0.6830127018922193
decision_type=2 2 2 2 2 2
left_child=1 -1 -3 4 -2 -5
right_child=3 2 -4 5 -6 -7
leaf_value=0.00084011314020043587 -0.0021213101419524996 -0.00010048265295690585 -0.001002639921769606 0.00053855139434792819 -4.7688465446711353e-05 8.6716200795713418e-05
leaf_weight=490 266 3933 4072 6062 1184 4328
leaf_count=490 266 3933 4072 6062 1184 4328
internal_value=0.000305493 -0.00216484 -0.00292687 0.00207795 -0.00287043 0.00276874
internal_weight=20335 8495 8005 11840 1450 10390
internal_count=20335 8495 8005 11840 1450 10390
is_linear=0
shrinkage=0.035


Tree=44
num_leaves=7
num_cat=0
split_feature=8 10 8 3 7 9
split_gain=68.0005 64.0281 81.5912 42.9492 28.7825 28.8421
threshold=2520.1809243502544 1587.3649959401489 1238.5440685530755 -0.60785761079279388 -0.25000000000000028 2576.0566460413479
decision_type=2 2 2 2 2 2
left_child=1 3 -3 -1 5 -2
right_child=4 2 -4 -5 -6 -7
leaf_value=0.0014013227689197907 -8.5696259400536161e-06 -0.031749852835544351 -0.00035447098370453792 -6.9375138933103214e-05 0.00031651559878857597 -0.0017388837037546946
leaf_weight=550 1152 568 6718 659 10390 298
leaf_count=550 1152 568 6718 659 10390 298
internal_value=0.000298608 -0.00209069 -0.00332853 0.0053657 0.00201292 -0.0026051
internal_weight=20335 8495 7286 1209 11840 1450
internal_count=20335 8495 7286 1209 11840 1450
is_linear=0
shrinkage=0.035


Tree=45
num_leaves=7
num_cat=0
split_feature=8 10 8 3 7 10
split_gain=63.317 61.9916 76.0079 42.5381 26.368 26.3524
threshold=2520.1809243502544 1587.3649959401489 1238.5440685530755 -0.60785761079279388 -0.25000000000000028 2473.7492314692145
decision_type=2 2 2 2 2 2
left_child=1 3 -3 -1 5 -2
right_child=4 2 -4 -5 -6 -7
leaf_value=0.0013522764720076054 0.00013364991096686654 -0.030638607986300314 -0.00034206449927489004 -6.6947009070443826e-05 0.00030543755283098497 -0.0011068219456977291
leaf_weight=550 829 568 6718 659 10390 621
leaf_count=550 829 568 6718 659 10390 621
internal_value=0.000305493 -0.00200006 -0.00321806 0.00533678 0.00195972 -0.00246037
internal_weight=20335 8495 7286 1209 11840 1450
internal_count=20335 8495 7286 1209 11840 1450
is_linear=0
shrinkage=0.035


Tree=46
num_leaves=7
num_cat=0
split_feature=8 9 6 7 9 7
split_gain=59.3485 60.8479 31.7957 23.1698 25.6567 23.6663
threshold=2520.1809243502544 580.2589476340255 -0.5 -0.25000000000000028 2576.0566460413479 0.6830127018922193
decision_type=2 2 2 2 2 2
left_child=1 -1 -3 4 -2 -5
right_child=3 2 -4 5 -6 -7
leaf_value=0.00074274962477512098 6.0954028220727715e-06 -0.0013549261839684813 2.1071864509552011e-05 0.00049793373523907339 -0.0016392840060238602 6.1912773461165761e-05
leaf_weight=490 1152 4943 3062 6062 298 4328
leaf_count=490 1152 4943 3062 6062 298 4328
internal_value=0.000322704 -0.00190943 -0.00264271 0.00192425 -0.00221916 0.00250265
internal_weight=20335 8495 8005 11840 1450 10390
internal_count=20335 8495 8005 11840 1450 10390
is_linear=0
shrinkage=0.035


Tree=47
num_leaves=7
num_cat=0
split_feature=8 10 7 6 10 6
split_gain=58.8513 68.2047 57.1974 71.9501 44.3341 23.4121
threshold=807.12184368370379 1545.5086241312208 0.6830127018922193 -1.0000000180025095e-35 2402.5455115168111 -0.6830127018922193
decision_type=2 2 2 2 2 2
left_child=1 5 4 -4 -2 -1
right_child=2 -3 3 -5 -6 -7
leaf_value=-0.032102342295447929 0.00052213676562458573 -0.030223089394405846 -0.001579426625445295 7.7486511032434099e-05 0.00017160588275368484 0.0015565610271727783
leaf_weight=39 1894 515 2484 5664 9564 175
leaf_count=39 1894 515 2484 5664 9564 175
internal_value=0.000336472 -0.00942123 0.00069975 -0.00154191 0.00229383 0.00716279
internal_weight=20335 729 19606 8148 11458 214
internal_count=20335 729 19606 8148 11458 214
is_linear=0
shrinkage=0.035


Tree=48
num_leaves=7
num_cat=0
split_feature=8 10 7 6 7 6
split_gain=58.4782 68.2047 53.2185 67.6702 44.2026 23.4121
threshold=807.12184368370379 1545.5086241312208 0.6830127018922193 -1.0000000180025095e-35 -0.25000000000000028 -0.6830127018922193
decision_type=2 2 2 2 2 2
left_child=1 5 4 -4 -2 -1
right_child=2 -3 3 -5 -6 -7
leaf_value=-0.030978760315107247 -0.00012504815379358992 -0.029165281265601636 -0.0015241466935546979 7.477448314629821e-05 0.00051388762738293411 0.0015020813912217214
leaf_weight=39 3614 515 2484 5664 7844 175
leaf_count=39 3614 515 2484 5664 7844 175
internal_value=0.000305493 -0.00942123 0.000667619 -0.00149466 0.00220525 0.00716279
internal_weight=20335 729 19606 8148 11458 214
internal_count=20335 729 19606 8148 11458 214
is_linear=0
shrinkage=0.035


Tree=49
num_leaves=7
num_cat=0
split_feature=8 10 7 8 7 6
split_gain=57.7591 69.1556 49.823 64.0325 40.8926 22.0482
threshold=807.12184368370379 1545.5086241312208 0.6830127018922193 2322.3730642526739 -0.25000000000000028 -0.6830127018922193
decision_type=2 2 2 2 2 2
left_child=1 5 4 -4 -2 -1
right_child=2 -3 3 -5 -6 -7
leaf_value=-0.029894503704078503 -0.00012067146841081568 -0.028144496421305572 -0.0015034050323764615 1.5073399795282329e-05 0.00049590156042453207 0.0014495085425289479
leaf_weight=39 3614 515 1597 6551 7844 175
leaf_count=39 3614 515 1597 6551 7844 175
internal_value=0.000293445 -0.00937329 0.000653338 -0.00143883 0.00214111 0.00732558
internal_weight=20335 729 19606 8148 11458 214
internal_count=20335 729 19606 8148 11458 214
is_linear=0
shrinkage=0.035


Tree=50
num_leaves=7
num_cat=0
split_feature=8 10 7 6 10 6
split_gain=57.6357 69.1556 46.5061 59.699 40.9127 22.0482
threshold=807.12184368370379 1545.5086241312208 0.6830127018922193 -1.0000000180025095e-35 2402.5455115168111 -0.6830127018922193
decision_type=2 2 2 2 2 2
left_child=1 5 4 -4 -2 -1
right_child=2 -3 3 -5 -6 -7
leaf_value=-0.02884819607443577 0.0004810195820426522 -0.027159439046559861 -0.0014436934922178104 7.2473049230699089e-05 0.00014619508491822808 0.0013987757435404327
leaf_weight=39 1894 515 2484 5664 9564 175
leaf_count=39 1894 515 2484 5664 9564 175
internal_value=0.000283119 -0.00937329 0.000642628 -0.0013787 0.00208002 0.00732558
internal_weight=20335 729 19606 8148 11458 214
internal_count=20335 729 19606 8148 11458 214
is_linear=0
shrinkage=0.035


Tree=51
num_leaves=7
num_cat=0
split_feature=8 10 7 8 7 6
split_gain=56.6364 68.7596 42.9894 57.579 38.59 22.0482
threshold=807.12184368370379 1545.5086241312208 0.6830127018922193 2309.9042397130215 -0.25000000000000028 -0.6830127018922193
decision_type=2 2 2 2 2 2
left_child=1 5 4 -4 -2 -1
right_child=2 -3 3 -5 -6 -7
leaf_value=-0.027838509211830516 -0.00012156479498857565 -0.026208858679930256 -0.0015371974596032967 1.0799625319921624e-05 0.00046828098623756813 0.0013498185925165142
leaf_weight=39 3614 515 1500 6648 7844 175
leaf_count=39 3614 515 1500 6648 7844 175
internal_value=0.000246976 -0.00932534 0.000603356 -0.00134004 0.00198534 0.00732558
internal_weight=20335 729 19606 8148 11458 214
internal_count=20335 729 19606 8148 11458 214
is_linear=0
shrinkage=0.035


Tree=52
num_leaves=7
num_cat=0
split_feature=8 10 7 6 10 6
split_gain=53.2241 67.7378 40.4181 55.9644 37.5337 20.7249
threshold=807.12184368370379 1545.5086241312208 0.6830127018922193 -1.0000000180025095e-35 2402.5455115168111 -0.6830127018922193
decision_type=2 2 2 2 2 2
left_child=1 5 4 -4 -2 -1
right_child=2 -3 3 -5 -6 -7
leaf_value=-0.026864161389416434 0.00046238877303623533 -0.025291548626132695 -0.0013481007477200804 7.3116391273049262e-05 0.00013100009686106695 0.0013025749417784295
leaf_weight=39 1894 515 2484 5664 9564 175
leaf_count=39 1894 515 2484 5664 9564 175
internal_value=0.000241813 -0.00903767 0.00058729 -0.00129709 0.00192731 0.00748837
internal_weight=20335 729 19606 8148 11458 214
internal_count=20335 729 19606 8148 11458 214
is_linear=0
shrinkage=0.035


Tree=53
num_leaves=7
num_cat=0
split_feature=8 10 7 8 7 9
split_gain=50.2216 65.7896 37.6461 53.8524 35.7691 18.9812
threshold=807.12184368370379 1545.5086241312208 0.6830127018922193 2316.6027376556872 -0.25000000000000028 2247.6530142059833
decision_type=2 2 2 2 2 2
left_child=1 5 4 -4 -2 -1
right_child=2 -3 3 -5 -6 -7
leaf_value=-0.019145627108257266 -0.00012452725201370641 -0.024406344424218067 -0.0013896699683644445 1.6782835644508776e-05 0.00044500240434601772 0.0012972747344257242
leaf_weight=58 3614 515 1548 6600 7844 156
leaf_count=58 3614 515 1548 6600 7844 156
internal_value=0.000215996 -0.00879795 0.000551589 -0.00126703 0.00184484 0.00748837
internal_weight=20335 729 19606 8148 11458 214
internal_count=20335 729 19606 8148 11458 214
is_linear=0
shrinkage=0.035


Tree=54
num_leaves=7
num_cat=0
split_feature=8 10 9 10 8 9
split_gain=49.4601 65.4034 35.4751 38.0863 17.7797 17.6723
threshold=807.12184368370379 1545.5086241312208 580.2589476340255 2555.3681136962246 2503.3291011750462 2247.6530142059833
decision_type=2 2 2 2 2 2
left_child=1 5 4 -4 -2 -1
right_child=2 -3 3 -5 -6 -7
leaf_value=-0.018475530159468279 0.00079818562843079653 -0.023552122369370439 -0.00017124728366658905 0.00025154798465358401 -7.8810966836861964e-06 0.0012518701187208305
leaf_weight=58 459 515 9998 8960 189 156
leaf_count=58 459 515 9998 8960 189 156
internal_value=0.000195343 -0.00875 0.000528383 0.000252914 0.00857473 0.00748837
internal_weight=20335 729 19606 18958 648 214
internal_count=20335 729 19606 18958 648 214
is_linear=0
shrinkage=0.035


Tree=55
num_leaves=7
num_cat=0
split_feature=8 10 7 11 10 9
split_gain=46.3485 63.1099 35.8055 52.1596 34.4977 17.6723
threshold=807.12184368370379 1545.5086241312208 0.6830127018922193 143.20700807816311 2402.5455115168111 2247.6530142059833
decision_type=2 2 2 2 2 2
left_child=1 5 4 -4 -2 -1
right_child=2 -3 3 -5 -6 -7
leaf_value=-0.017828886603886901 0.00043252565826371828 -0.022727798086442482 8.5122836968172248e-05 -0.0010350015589219907 0.00012086008720277875 0.0012080546645655966
leaf_weight=58 1894 515 5474 2674 9564 156
leaf_count=58 1894 515 5474 2674 9564 156
internal_value=0.000197064 -0.00846233 0.000519457 -0.00125414 0.0017807 0.00748837
internal_weight=20335 729 19606 8148 11458 214
internal_count=20335 729 19606 8148 11458 214
is_linear=0
shrinkage=0.035


Tree=56
num_leaves=7
num_cat=0
split_feature=8 9 8 8 10 3
split_gain=42.2796 36.7207 42.0306 18.5156 12.9365 1.58893
threshold=486.50315275934344 580.2589476340255 2520.1809243502544 2503.3291011750462 1545.5086241312208 0.6078576107927941
decision_type=2 2 2 2 2 2
left_child=4 3 -3 -2 -1 -6
right_child=1 2 -4 -5 5 -7
leaf_value=0.0042628696896071456 0.00080030600250208923 -0.00031550616929070912 0.00017847919299743389 -1.7136051358512817e-05 -0.025679436509551297 -0.027987583463134062
leaf_weight=14.999999999999998 459 7762 11682 189 202 26
leaf_count=15 459 7762 11682 189 202 26
internal_value=0.000209112 0.00038496 0.000111597 0.00857473 -0.0142725 -0.0163537
internal_weight=20335 20092 19444 648 243 228
internal_count=20335 20092 19444 648 243 228
is_linear=0
shrinkage=0.035


Tree=57
num_leaves=7
num_cat=0
split_feature=8 9 8 3 10 3
split_gain=42.2495 34.4077 39.9079 16.0959 12.9365 1.58893
threshold=486.50315275934344 613.8159928252461 2520.1809243502544 -0.60785761079279388 1545.5086241312208 0.6078576107927941
decision_type=2 2 2 2 2 2
left_child=4 3 -3 -2 -1 -6
right_child=1 2 -4 -5 5 -7
leaf_value=0.0041136692504708935 0.0010818850753070697 -0.00031109770039151831 0.00017093401887641416 0.00010629696239215393 -0.024780656231716998 -0.027008018041924362
leaf_weight=14.999999999999998 338 7689 11674 391 202 26
leaf_count=15 338 7689 11674 391 202 26
internal_value=0.000203949 0.000379734 9.85075e-05 0.00783904 -0.0142725 -0.0163537
internal_weight=20335 20092 19363 729 243 228
internal_count=20335 20092 19363 729 243 228
is_linear=0
shrinkage=0.035


Tree=58
num_leaves=7
num_cat=0
split_feature=8 9 10 3 10 3
split_gain=41.3269 34.1267 37.7279 16.3741 12.8178 2.11166
threshold=486.50315275934344 613.8159928252461 2586.2977283725527 -0.60785761079279388 1545.5086241312208 0.6078576107927941
decision_type=2 2 2 2 2 2
left_child=4 3 -3 -2 -1 -6
right_child=1 2 -4 -5 5 -7
leaf_value=0.0039696908267043973 0.0010440190976713116 -0.00017037424273139924 0.00023381793295959021 0.00010257656870842791 -0.023913333263606909 -0.026062737410456997
leaf_weight=14.999999999999998 338 10883 8480 391 202 26
leaf_count=15 338 10883 8480 391 202 26
internal_value=0.000188459 0.000362315 8.22402e-05 0.0077911 -0.0141291 -0.0162009
internal_weight=20335 20092 19363 729 243 228
internal_count=20335 20092 19363 729 243 228
is_linear=0
shrinkage=0.035


Tree=59
num_leaves=7
num_cat=0
split_feature=8 9 8 3 10 3
split_gain=39.7263 34.0947 35.6174 16.3741 12.5821 3.35312
threshold=486.50315275934344 613.8159928252461 2520.1809243502544 -0.60785761079279388 1545.5086241312208 0.6078576107927941
decision_type=2 2 2 2 2 2
left_child=4 3 -3 -2 -1 -6
right_child=1 2 -4 -5 5 -7
leaf_value=0.0038307516477697591 0.0010074784292528173 -0.00029801418513874638 0.0001630001207135168 9.898638880363465e-05 -0.023076366599380657 -0.025150541601091009
leaf_weight=14.999999999999998 338 7689 11674 391 202 26
leaf_count=15 338 7689 11674 391 202 26
internal_value=0.000195343 0.000365799 8.58552e-05 0.0077911 -0.0138422 -0.0158952
internal_weight=20335 20092 19363 729 243 228
internal_count=20335 20092 19363 729 243 228
is_linear=0
shrinkage=0.035


Tree=60
num_leaves=7
num_cat=0
split_feature=8 9 10 3 10 3
split_gain=39.6679 33.3146 33.2228 16.3317 12.5821 3.35312
threshold=486.50315275934344 613.8159928252461 2586.2977283725527 -0.60785761079279388 1545.5086241312208 0.6078576107927941
decision_type=2 2 2 2 2 2
left_child=4 3 -3 -2 -1 -6
right_child=1 2 -4 -5 5 -7
leaf_value=0.003696675340097824 0.00097221668422895933 -0.00016238649183297762 0.00022153064761751387 9.5521865195498113e-05 -0.02226869376840233 -0.024270272645052823
leaf_weight=14.999999999999998 338 10883 8480 391 202 26
leaf_count=15 338 10883 8480 391 202 26
internal_value=0.000185017 0.000355348 7.86253e-05 0.00769521 -0.0138422 -0.0158952
internal_weight=20335 20092 19363 729 243 228
internal_count=20335 20092 19363 729 243 228
is_linear=0
shrinkage=0.035


Tree=61
num_leaves=7
num_cat=0
split_feature=8 9 8 3 10 3
split_gain=39.6289 33.3778 31.6704 16.3317 12.5821 3.35312
threshold=486.50315275934344 613.8159928252461 2520.1809243502544 -0.60785761079279388 1545.5086241312208 0.6078576107927941
decision_type=2 2 2 2 2 2
left_child=4 3 -3 -2 -1 -6
right_child=1 2 -4 -5 5 -7
leaf_value=0.0035672917031943866 0.00093818910028095289 -0.00028755421140870931 0.00015598697726255885 9.2178599913657079e-05 -0.021489289486508256 -0.023420813102475974
leaf_weight=14.999999999999998 338 7689 11674 391 202 26
leaf_count=15 338 7689 11674 391 202 26
internal_value=0.000178132 0.00034838 7.13954e-05 0.00769521 -0.0138422 -0.0158952
internal_weight=20335 20092 19363 729 243 228
internal_count=20335 20092 19363 729 243 228
is_linear=0
shrinkage=0.035


Tree=62
num_leaves=7
num_cat=0
split_feature=8 9 10 3 10 3
split_gain=39.5803 33.0223 29.0965 16.012 12.5821 3.35312
threshold=486.50315275934344 613.8159928252461 2621.3091336011421 -0.60785761079279388 1545.5086241312208 0.6078576107927941
decision_type=2 2 2 2 2 2
left_child=4 3 -3 -2 -1 -6
right_child=1 2 -4 -5 5 -7
leaf_value=0.0034424364935825838 0.00090535248177112235 -0.00013104400495384639 0.00024424157103369648 8.8952348916668817e-05 -0.020737164354480458 -0.022601084643889321
leaf_weight=14.999999999999998 338 12243 7120 391 202 26
leaf_count=15 338 12243 7120 391 202 26
internal_value=0.000169527 0.000339671 6.41655e-05 0.00764726 -0.0138422 -0.0158952
internal_weight=20335 20092 19363 729 243 228
internal_count=20335 20092 19363 729 243 228
is_linear=0
shrinkage=0.035


Tree=63
num_leaves=7
num_cat=0
split_feature=8 9 8 3 10 3
split_gain=39.5026 32.2857 27.987 16.5692 12.5821 3.35312
threshold=486.50315275934344 613.8159928252461 2520.1809243502544 -0.60785761079279388 1545.5086241312208 0.6078576107927941
decision_type=2 2 2 2 2 2
left_child=4 3 -3 -2 -1 -6
right_child=1 2 -4 -5 5 -7
leaf_value=0.0033219512163072023 0.00087366514490912824 -0.00027463739390661603 0.00014844831486358735 8.5839016704576391e-05 -0.020011363602073635 -0.021810046681353203
leaf_weight=14.999999999999998 338 7689 11674 391 202 26
leaf_count=15 338 7689 11674 391 202 26
internal_value=0.000155758 0.000325735 5.33206e-05 0.00755137 -0.0138422 -0.0158952
internal_weight=20335 20092 19363 729 243 228
internal_count=20335 20092 19363 729 243 228
is_linear=0
shrinkage=0.035


Tree=64
num_leaves=7
num_cat=0
split_feature=8 9 10 3 10 3
split_gain=39.4831 31.4652 26.0809 16.5266 12.5821 3.35312
threshold=486.50315275934344 613.8159928252461 2555.3681136962246 -0.60785761079279388 1545.5086241312208 0.6078576107927941
decision_type=2 2 2 2 2 2
left_child=4 3 -3 -2 -1 -6
right_child=1 2 -4 -5 5 -7
leaf_value=0.0032056829237364507 0.0008430868648373036 -0.00016719461629638224 0.00019232000467790834 8.283465111992073e-05 -0.019310965876001045 -0.021046695047505837
leaf_weight=14.999999999999998 338 10403 8960 391 202 26
leaf_count=15 338 10403 8960 391 202 26
internal_value=0.000152316 0.000322252 5.33206e-05 0.00745548 -0.0138422 -0.0158952
internal_weight=20335 20092 19363 729 243 228
internal_count=20335 20092 19363 729 243 228
is_linear=0
shrinkage=0.035


Tree=65
num_leaves=7
num_cat=0
split_feature=8 9 10 3 10 3
split_gain=39.4249 29.4751 24.4102 14.9499 12.5821 3.35312
threshold=486.50315275934344 613.8159928252461 2621.3091336011421 -0.60785761079279388 1545.5086241312208 0.6078576107927941
decision_type=2 2 2 2 2 2
left_child=4 3 -3 -2 -1 -6
right_child=1 2 -4 -5 5 -7
leaf_value=0.0030934840214056707 0.00081357882456798434 -0.00012213568773463025 0.00022460871365981741 7.9935438330731588e-05 -0.018635082070340998 -0.02031006072084313
leaf_weight=14.999999999999998 338 12243 7120 391 202 26
leaf_count=15 338 12243 7120 391 202 26
internal_value=0.00014199 0.0003118 5.15131e-05 0.00721575 -0.0138422 -0.0158952
internal_weight=20335 20092 19363 729 243 228
internal_count=20335 20092 19363 729 243 228
is_linear=0
shrinkage=0.035


Tree=66
num_leaves=7
num_cat=0
split_feature=8 9 7 3 10 3
split_gain=38.5435 26.0314 24.0348 13.9243 12.4651 4.07187
threshold=486.50315275934344 613.8159928252461 0.6830127018922193 -0.60785761079279388 1545.5086241312208 0.6078576107927941
decision_type=2 2 2 2 2 2
left_child=4 3 -3 -2 -1 -6
right_child=1 2 -4 -5 5 -7
leaf_value=0.0029852120806564656 0.00078510356570811186 0.0001597063277168598 -0.0001751677921477013 7.713769798915583e-05 -0.017982854197879049 -0.019599208595613631
leaf_weight=14.999999999999998 338 11288 8075 391 202 26
leaf_count=15 338 11288 8075 391 202 26
internal_value=0.000128221 0.000296123 5.15131e-05 0.00678425 -0.0136988 -0.0157424
internal_weight=20335 20092 19363 729 243 228
internal_count=20335 20092 19363 729 243 228
is_linear=0
shrinkage=0.035


Tree=67
num_leaves=7
num_cat=0
split_feature=8 9 11 10 3 3
split_gain=36.0424 23.6471 22.8739 12.1171 11.9248 4.51561
threshold=486.50315275934344 613.8159928252461 121.81093075325332 1545.5086241312208 -0.60785761079279388 1.0000000180025095e-35
decision_type=2 2 2 2 2 2
left_child=3 4 -3 -1 -2 -5
right_child=1 2 -4 5 -6 -7
leaf_value=0.0028807296578334763 0.00075762494090831473 0.00015064595585307928 -0.00017935694836327179 -0.017500745722843526 7.4437878559536772e-05 -0.00053864187915455999
leaf_weight=14.999999999999998 338 10735 8628 192 391 36
leaf_count=15 338 10735 8628 192 391 36
internal_value=0.000102405 0.000264769 3.16309e-05 -0.0132684 0.00644863 -0.0152838
internal_weight=20335 20092 19363 243 729 228
internal_count=20335 20092 19363 243 729 228
is_linear=0
shrinkage=0.035


Tree=68
num_leaves=7
num_cat=0
split_feature=8 7 11 11 10 3
split_gain=35.154 21.4444 59.3534 46.0239 12.0023 5.19541
threshold=486.50315275934344 0.6830127018922193 722.07809988960264 818.32639060545466 1545.5086241312208 1.0000000180025095e-35
decision_type=2 2 2 2 2 2
left_child=4 2 -2 -3 -1 -6
right_child=1 3 -4 -5 5 -7
leaf_value=0.0027799041198093202 0.00021641133016240269 -0.00021337167483957977 -0.019552250200347322 0.00084175960397082428 -0.016888219622544002 -0.00051978941338413974
leaf_weight=14.999999999999998 11298 7942 338 514 192 36
leaf_count=15 11298 7942 338 514 192 36
internal_value=8.00305e-05 0.000240382 0.00121509 -0.00110086 -0.013125 -0.015131
internal_weight=20335 20092 11636 8456 243 228
internal_count=20335 20092 11636 8456 243 228
is_linear=0
shrinkage=0.035


Tree=69
num_leaves=7
num_cat=0
split_feature=8 9 8 10 10 3
split_gain=35.3742 32.6761 22.2649 12.0433 12.0023 5.19541
threshold=486.50315275934344 613.8159928252461 2520.1809243502544 1750.8962626115408 1545.5086241312208 1.0000000180025095e-35
decision_type=2 2 2 2 2 2
left_child=4 3 -3 -2 -1 -6
right_child=1 2 -4 -5 5 -7
leaf_value=0.0026826074756159859 0.00061156302410755989 -0.00026479482265040049 0.000136784163944641 -0.00058480302166757263 -0.016297131935754963 -0.00050159678391569439
leaf_weight=14.999999999999998 658 7689 11674 71 192 36
leaf_count=15 658 7689 11674 71 192 36
internal_value=0.000121337 0.000282188 8.13365e-06 0.00755137 -0.013125 -0.015131
internal_weight=20335 20092 19363 729 243 228
internal_count=20335 20092 19363 729 243 228
is_linear=0
shrinkage=0.035


Tree=70
num_leaves=7
num_cat=0
split_feature=8 9 11 10 10 3
split_gain=35.3283 29.8032 22.3375 12.0023 11.4595 5.19541
threshold=486.50315275934344 613.8159928252461 121.81093075325332 1545.5086241312208 1750.8962626115408 1.0000000180025095e-35
decision_type=2 2 2 2 2 2
left_child=3 4 -3 -1 -2 -5
right_child=1 2 -4 5 -6 -7
leaf_value=0.0025887162139694377 0.00059015831826379826 0.00014241025922882234 -0.00017492776442884497 -0.015726732318003554 -0.00056433491590920156 -0.00048404089647865247
leaf_weight=14.999999999999998 658 10735 8628 192 71 36
leaf_count=15 658 10735 8628 192 71 36
internal_value=0.000112731 0.000273478 1.17486e-05 -0.013125 0.00721575 -0.015131
internal_weight=20335 20092 19363 243 729 228
internal_count=20335 20092 19363 243 729 228
is_linear=0
shrinkage=0.035


Tree=71
num_leaves=7
num_cat=0
split_feature=8 9 7 10 10 3
split_gain=35.1723 26.066 20.8479 12.0023 9.85455 5.19541
threshold=486.50315275934344 613.8159928252461 0.6830127018922193 1545.5086241312208 1750.8962626115408 1.0000000180025095e-35
decision_type=2 2 2 2 2 2
left_child=3 4 -3 -1 -2 -5
right_child=1 2 -4 5 -6 -7
leaf_value=0.002498111146480513 0.00056950277712455313 0.00014523367679944999 -0.00016502669251387659 -0.015176296686873434 -0.00054458319385238603 -0.00046709946510191006
leaf_weight=14.999999999999998 658 11288 8075 192 71 36
leaf_count=15 658 11288 8075 192 71 36
internal_value=8.34727e-05 0.000243866 -9.03739e-07 -0.013125 0.0067363 -0.015131
internal_weight=20335 20092 19363 243 729 228
internal_count=20335 20092 19363 243 729 228
is_linear=0
shrinkage=0.035


Tree=72
num_leaves=7
num_cat=0
split_feature=8 9 11 10 10 3
split_gain=35.1723 23.4408 21.2576 12.0023 9.32716 5.19541
threshold=486.50315275934344 613.8159928252461 121.81093075325332 1545.5086241312208 1750.8962626115408 1.0000000180025095e-35
decision_type=2 2 2 2 2 2
left_child=3 4 -3 -1 -2 -5
right_child=1 2 -4 5 -6 -7
leaf_value=0.002410677256353693 0.00054957017992519842 0.00013807176049463355 -0.00017180644270104351 -0.014645126302832857 -0.00052552278206756679 -0.00045075098382335815
leaf_weight=14.999999999999998 658 10735 8628 192 71 36
leaf_count=15 658 10735 8628 192 71 36
internal_value=8.34727e-05 0.000243866 1.17486e-05 -0.013125 0.00640068 -0.015131
internal_weight=20335 20092 19363 243 729 228
internal_count=20335 20092 19363 243 729 228
is_linear=0
shrinkage=0.035


Tree=73
num_leaves=7
num_cat=0
split_feature=8 9 8 10 10 3
split_gain=35.0441 22.54 20.2908 12.0023 9.10557 5.19541
threshold=486.50315275934344 613.8159928252461 2520.1809243502544 1545.5086241312208 1750.8962626115408 1.0000000180025095e-35
decision_type=2 2 2 2 2 2
left_child=3 4 -3 -1 -2 -5
right_child=1 2 -4 5 -6 -7
leaf_value=0.0023263035523813217 0.00053033522362782475 -0.00024607365789830032 0.00012669304343413846 -0.014132546882233707 -0.000507129484695188 -0.00043497469938953871
leaf_weight=14.999999999999998 658 7689 11674 192 71 36
leaf_count=15 658 7689 11674 192 71 36
internal_value=5.93775e-05 0.000219479 -8.13365e-06 -0.013125 0.00625685 -0.015131
internal_weight=20335 20092 19363 243 729 228
internal_count=20335 20092 19363 243 729 228
is_linear=0
shrinkage=0.035


Tree=74
num_leaves=7
num_cat=0
split_feature=8 9 11 10 10 3
split_gain=35.0624 21.4534 19.8584 12.0023 8.88663 5.19541
threshold=486.50315275934344 613.8159928252461 121.81093075325332 1545.5086241312208 1750.8962626115408 1.0000000180025095e-35
decision_type=2 2 2 2 2 2
left_child=3 4 -3 -1 -2 -5
right_child=1 2 -4 5 -6 -7
leaf_value=0.0022448829280479689 0.00051177349080084873 0.00012938189529558387 -0.00016656712652575402 -0.013637907741355525 -0.00048937995273087072 -0.00041975058491089184
leaf_weight=14.999999999999998 658 10735 8628 192 71 36
leaf_count=15 658 10735 8628 192 71 36
internal_value=6.28196e-05 0.000222963 9.03739e-07 -0.013125 0.00611301 -0.015131
internal_weight=20335 20092 19363 243 729 228
internal_count=20335 20092 19363 243 729 228
is_linear=0
shrinkage=0.035


Tree=75
num_leaves=7
num_cat=0
split_feature=8 7 6 8 10 3
split_gain=34.9984 21.1602 39.4056 37.2519 12.0023 5.19541
threshold=486.50315275934344 0.6830127018922193 -1.0000000180025095e-35 807.12184368370379 1545.5086241312208 1.0000000180025095e-35
decision_type=2 2 2 2 2 2
left_child=4 3 -3 -2 -1 -6
right_child=1 2 -4 -5 5 -7
leaf_value=0.002166312025566284 -0.022981606209321791 -0.00092898753544612639 6.1416552694626431e-05 0.00018892423925965352 -0.013160580970408097 -0.00040505931443902027
leaf_weight=14.999999999999998 178 2792 5664 11458 192 36
leaf_count=15 178 2792 5664 11458 192 36
internal_value=5.0772e-05 0.00021077 -0.00112156 0.001179 -0.013125 -0.015131
internal_weight=20335 20092 8456 11636 243 228
internal_count=20335 20092 8456 11636 243 228
is_linear=0
shrinkage=0.035


Tree=76
num_leaves=7
num_cat=0
split_feature=8 9 4 10 10 3
split_gain=34.9344 20.6522 24.9309 22.7503 12.0023 5.19541
threshold=486.50315275934344 1300.3406411844969 -0.56174490092936669 2239.4497353115935 1545.5086241312208 1.0000000180025095e-35
decision_type=2 2 2 2 2 2
left_child=4 2 -2 -3 -1 -6
right_child=1 3 -4 -5 5 -7
leaf_value=0.0020904911046714684 -0.0002840629212180823 -0.0012486388423469542 0.00065504344915829466 4.2763910200851468e-05 -0.012699960636443823 -0.00039088223843364306
leaf_weight=14.999999999999998 328 1684 887 17193 192 36
leaf_count=15 328 1684 887 17193 192 36
internal_value=3.87244e-05 0.000198577 0.00461965 -8.62115e-05 -0.013125 -0.015131
internal_weight=20335 20092 1215 18877 243 228
internal_count=20335 20092 1215 18877 243 228
is_linear=0
shrinkage=0.035


Tree=77
num_leaves=7
num_cat=0
split_feature=8 9 4 10 10 3
split_gain=34.8887 19.4083 23.4388 21.549 12.0023 5.19541
threshold=486.50315275934344 1300.3406411844969 -0.56174490092936669 2239.4497353115935 1545.5086241312208 1.0000000180025095e-35
decision_type=2 2 2 2 2 2
left_child=4 2 -2 -3 -1 -6
right_child=1 3 -4 -5 5 -7
leaf_value=0.0020173239160079649 -0.00027412071897544579 -0.0012049364828647959 0.00063211692843776043 4.1267173343833011e-05 -0.012255462014168291 -0.00037720136008846168
leaf_weight=14.999999999999998 328 1684 887 17193 192 36
leaf_count=15 328 1684 887 17193 192 36
internal_value=3.0119e-05 0.000189867 0.00447574 -8.62115e-05 -0.013125 -0.015131
internal_weight=20335 20092 1215 18877 243 228
internal_count=20335 20092 1215 18877 243 228
is_linear=0
shrinkage=0.035


Tree=78
num_leaves=7
num_cat=0
split_feature=8 7 11 8 10 3
split_gain=34.834 18.9127 45.8363 36.8571 12.0023 5.19541
threshold=486.50315275934344 0.6830127018922193 818.32639060545466 807.12184368370379 1545.5086241312208 1.0000000180025095e-35
decision_type=2 2 2 2 2 2
left_child=4 3 -3 -2 -1 -6
right_child=1 2 -4 -5 5 -7
leaf_value=0.0019467175789476788 -0.022091374855613102 -0.0002138238356150213 0.00080057434184499076 0.00018033782620933359 -0.011826520843672413 -0.00036399931248535025
leaf_weight=14.999999999999998 178 7942 514 11458 192 36
leaf_count=15 178 7942 514 11458 192 36
internal_value=1.97925e-05 0.000179416 -0.00108017 0.00109478 -0.013125 -0.015131
internal_weight=20335 20092 8456 11636 243 228
internal_count=20335 20092 8456 11636 243 228
is_linear=0
shrinkage=0.035


Tree=79
num_leaves=7
num_cat=0
split_feature=8 7 11 8 10 3
split_gain=34.7702 17.338 42.448 36.6185 12.0023 5.19541
threshold=486.50315275934344 0.6830127018922193 818.32639060545466 807.12184368370379 1545.5086241312208 1.0000000180025095e-35
decision_type=2 2 2 2 2 2
left_child=4 3 -3 -2 -1 -6
right_child=1 2 -4 -5 5 -7
leaf_value=0.001878582463684513 -0.02131817673566665 -0.00020634000136848576 0.00077255423988041203 0.00017402600229201595 -0.011412592614143882 -0.00035125933654836408
leaf_weight=14.999999999999998 178 7942 514 11458 192 36
leaf_count=15 178 7942 514 11458 192 36
internal_value=7.74489e-06 0.000167222 -0.00103878 0.00104365 -0.013125 -0.015131
internal_weight=20335 20092 8456 11636 243 228
internal_count=20335 20092 8456 11636 243 228
is_linear=0
shrinkage=0.035


Tree=80
num_leaves=7
num_cat=0
split_feature=8 9 4 11 10 3
split_gain=34.8066 16.2972 23.7459 22.3444 12.0023 5.19541
threshold=486.50315275934344 1300.3406411844969 -0.56174490092936669 121.81093075325332 1545.5086241312208 1.0000000180025095e-35
decision_type=2 2 2 2 2 2
left_child=4 2 -2 -3 -1 -6
right_child=1 3 -4 -5 5 -7
leaf_value=0.0018128320774555419 -0.00030496761490129255 0.00012282400415021045 0.00059794261180773139 -0.00019807847290200355 -0.01101315187264886 -0.00033896525976918391
leaf_weight=14.999999999999998 328 10735 887 8142 192 36
leaf_count=15 328 10735 887 8142 192 36
internal_value=1.46292e-05 0.00017419 0.00410156 -7.87954e-05 -0.013125 -0.015131
internal_weight=20335 20092 1215 18877 243 228
internal_count=20335 20092 1215 18877 243 228
is_linear=0
shrinkage=0.035


Tree=81
num_leaves=7
num_cat=0
split_feature=8 7 11 8 10 3
split_gain=34.7519 16.0719 40.3367 36.4505 12.0023 5.19541
threshold=486.50315275934344 0.6830127018922193 818.32639060545466 807.12184368370379 1545.5086241312208 1.0000000180025095e-35
decision_type=2 2 2 2 2 2
left_child=4 3 -3 -2 -1 -6
right_child=1 2 -4 -5 5 -7
leaf_value=0.0017493829547445829 -0.020565107803366737 -0.00020168823751623991 0.00073575008525824444 0.00016981669864888361 -0.010627691557106151 -0.00032710147567726282
leaf_weight=14.999999999999998 178 7942 514 11458 192 36
leaf_count=15 178 7942 514 11458 192 36
internal_value=4.30271e-06 0.000163739 -0.000997399 0.00100756 -0.013125 -0.015131
internal_weight=20335 20092 8456 11636 243 228
internal_count=20335 20092 8456 11636 243 228
is_linear=0
shrinkage=0.035


Tree=82
num_leaves=7
num_cat=0
split_feature=8 9 4 11 10 3
split_gain=34.7519 15.44 22.4552 21.5374 12.0023 5.19541
threshold=486.50315275934344 1300.3406411844969 -0.56174490092936669 121.81093075325332 1545.5086241312208 1.0000000180025095e-35
decision_type=2 2 2 2 2 2
left_child=4 2 -2 -3 -1 -6
right_child=1 3 -4 -5 5 -7
leaf_value=0.0016881545513285224 -0.00031014116709813692 0.00011959679278419789 0.00055964237663502119 -0.00019519349313972702 -0.010255722352607433 -0.0003156529240285622
leaf_weight=14.999999999999998 328 10735 887 8142 192 36
leaf_count=15 328 10735 887 8142 192 36
internal_value=4.30271e-06 0.000163739 0.00398643 -8.25034e-05 -0.013125 -0.015131
internal_weight=20335 20092 1215 18877 243 228
internal_count=20335 20092 1215 18877 243 228
is_linear=0
shrinkage=0.035


Tree=83
num_leaves=7
num_cat=0
split_feature=8 7 11 8 10 3
split_gain=34.6609 15.2566 38.5193 36.2689 12.0023 5.19541
threshold=486.50315275934344 0.6830127018922193 818.32639060545466 807.12184368370379 1545.5086241312208 1.0000000180025095e-35
decision_type=2 2 2 2 2 2
left_child=4 3 -3 -2 -1 -6
right_child=1 2 -4 -5 5 -7
leaf_value=0.0016290691420320161 -0.019838497257989023 -0.00019594883130767739 0.00069847073023295188 0.00016607671744402587 -0.0098967720702661591 -0.00030460507168757368
leaf_weight=14.999999999999998 178 7942 514 11458 192 36
leaf_count=15 178 7942 514 11458 192 36
internal_value=-1.29081e-05 0.00014632 -0.000984983 0.000968463 -0.013125 -0.015131
internal_weight=20335 20092 8456 11636 243 228
internal_count=20335 20092 8456 11636 243 228
is_linear=0
shrinkage=0.035


Tree=84
num_leaves=6
num_cat=0
split_feature=8 11 10 10 3
split_gain=34.5882 14.5592 18.7976 12.0023 5.19541
threshold=486.50315275934344 968.06096274062929 1750.8962626115408 1545.5086241312208 1.0000000180025095e-35
decision_type=2 2 2 2 2
left_child=3 2 -2 -1 -5
right_child=1 -3 -4 4 -6
leaf_value=0.0015720517220608966 0.00040050878526883606 -0.01967134816862617 -1.699036263645759e-05 -0.0095503850478068537 -0.00029394389417850334
leaf_weight=14.999999999999998 1631 62 18399 192 36
leaf_count=15 1631 62 18399 192 36
internal_value=-2.66768e-05 0.000132384 0.000185213 -0.013125 -0.015131
internal_weight=20335 20092 20030 243 228
internal_count=20335 20092 20030 243 228
is_linear=0
shrinkage=0.035


Tree=85
num_leaves=6
num_cat=0
split_feature=8 11 10 10 3
split_gain=34.5155 14.535 16.7622 12.0023 5.19541
threshold=486.50315275934344 968.06096274062929 1750.8962626115408 1545.5086241312208 1.0000000180025095e-35
decision_type=2 2 2 2 2
left_child=3 2 -2 -1 -5
right_child=1 -3 -4 4 -6
leaf_value=0.00151702991178877 0.0003864909777844217 -0.018982850982724255 -1.6395699944169453e-05 -0.0092161215711336116 -0.00028365585788224127
leaf_weight=14.999999999999998 1631 62 18399 192 36
leaf_count=15 1631 62 18399 192 36
internal_value=-4.04455e-05 0.000118449 0.000171235 -0.013125 -0.015131
internal_weight=20335 20092 20030 243 228
internal_count=20335 20092 20030 243 228
is_linear=0
shrinkage=0.035


Tree=86
num_leaves=7
num_cat=0
split_feature=8 7 6 8 10 3
split_gain=34.4973 14.7501 43.2414 36.0599 12.0023 5.19541
threshold=486.50315275934344 0.6830127018922193 -1.0000000180025095e-35 807.12184368370379 1545.5086241312208 1.0000000180025095e-35
decision_type=2 2 2 2 2 2
left_child=4 3 -3 -2 -1 -6
right_child=1 2 -4 -5 5 -7
leaf_value=0.0014639338648761769 -0.018263927253474158 -0.00088419576225305945 7.9212605194169952e-05 0.00015934347973069142 -0.0088935573161439234 -0.00027372790285636219
leaf_weight=14.999999999999998 178 2792 5664 11458 192 36
leaf_count=15 178 2792 5664 11458 192 36
internal_value=-4.38877e-05 0.000114965 -0.000997399 0.000923348 -0.013125 -0.015131
internal_weight=20335 20092 8456 11636 243 228
internal_count=20335 20092 8456 11636 243 228
is_linear=0
shrinkage=0.035


Tree=87
num_leaves=6
num_cat=0
split_feature=8 11 10 10 3
split_gain=34.5246 14.5381 18.0373 12.0023 5.19541
threshold=486.50315275934344 968.06096274062929 1750.8962626115408 1545.5086241312208 1.0000000180025095e-35
decision_type=2 2 2 2 2
left_child=3 2 -2 -1 -5
right_child=1 -3 -4 4 -6
leaf_value=0.0014126961796055062 0.00037863390664174103 -0.017679213744457301 -1.9291116088040462e-05 -0.008582282810078886 -0.00026414742625639591
leaf_weight=14.999999999999998 1631 62 18399 192 36
leaf_count=15 1631 62 18399 192 36
internal_value=-3.87244e-05 0.000120191 0.000172982 -0.013125 -0.015131
internal_weight=20335 20092 20030 243 228
internal_count=20335 20092 20030 243 228
is_linear=0
shrinkage=0.035


Tree=88
num_leaves=6
num_cat=0
split_feature=8 11 11 10 3
split_gain=34.4519 14.5139 16.5465 12.0023 5.19541
threshold=486.50315275934344 968.06096274062929 910.97742070656784 1545.5086241312208 1.0000000180025095e-35
decision_type=2 2 2 2 2
left_child=3 2 -2 -1 -5
right_child=1 -3 -4 4 -6
leaf_value=0.0013632518133193062 9.2990822380478741e-06 -0.017060441263401303 0.001223388972932218 -0.0082819029117261207 -0.00025490226633741566
leaf_weight=14.999999999999998 19900 62 130 192 36
leaf_count=15 19900 62 130 192 36
internal_value=-5.24931e-05 0.000106256 0.000159004 -0.013125 -0.015131
internal_weight=20335 20092 20030 243 228
internal_count=20335 20092 20030 243 228
is_linear=0
shrinkage=0.035


Tree=89
num_leaves=6
num_cat=0
split_feature=8 11 11 10 3
split_gain=34.4519 14.5139 16.5465 12.0023 5.19541
threshold=486.50315275934344 968.06096274062929 910.97742070656784 1545.5086241312208 1.0000000180025095e-35
decision_type=2 2 2 2 2
left_child=3 2 -2 -1 -5
right_child=1 -3 -4 4 -6
leaf_value=0.0013155379998531381 8.973614359701899e-06 -0.016463325819182247 0.0011805703588795803 -0.0079920363098157088 -0.00024598068701561451
leaf_weight=14.999999999999998 19900 62 130 192 36
leaf_count=15 19900 62 130 192 36
internal_value=-5.24931e-05 0.000106256 0.000159004 -0.013125 -0.015131
internal_weight=20335 20092 20030 243 228
internal_count=20335 20092 20030 243 228
is_linear=0
shrinkage=0.035


Tree=90
num_leaves=6
num_cat=0
split_feature=8 11 11 10 3
split_gain=34.4429 14.5109 16.5511 12.0023 5.19541
threshold=486.50315275934344 968.06096274062929 910.97742070656784 1545.5086241312208 1.0000000180025095e-35
decision_type=2 2 2 2 2
left_child=3 2 -2 -1 -5
right_child=1 -3 -4 4 -6
leaf_value=0.0012694941698582652 8.6595378571008302e-06 -0.015887109415510869 0.0011392503963187852 -0.0077123150389721709 -0.0002373713629700669
leaf_weight=14.999999999999998 19900 62 130 192 36
leaf_count=15 19900 62 130 192 36
internal_value=-5.42142e-05 0.000104514 0.000157256 -0.013125 -0.015131
internal_weight=20335 20092 20030 243 228
internal_count=20335 20092 20030 243 228
is_linear=0
shrinkage=0.035


Tree=91
num_leaves=6
num_cat=0
split_feature=8 11 10 10 3
split_gain=34.3975 14.4959 15.3264 12.0023 5.19541
threshold=486.50315275934344 968.06096274062929 1750.8962626115408 1545.5086241312208 1.0000000180025095e-35
decision_type=2 2 2 2 2
left_child=3 2 -2 -1 -5
right_child=1 -3 -4 4 -6
leaf_value=0.0012250618739132158 0.00035417517187301243 -0.015331060585967997 -1.9558555230929645e-05 -0.0074423840126081374 -0.00022906336526611783
leaf_weight=14.999999999999998 1631 62 18399 192 36
leaf_count=15 1631 62 18399 192 36
internal_value=-6.28196e-05 9.58045e-05 0.00014852 -0.013125 -0.015131
internal_weight=20335 20092 20030 243 228
internal_count=20335 20092 20030 243 228
is_linear=0
shrinkage=0.035


Tree=92
num_leaves=6
num_cat=0
split_feature=8 11 7 10 3
split_gain=34.316 14.4688 15.5418 12.0023 5.19541
threshold=486.50315275934344 968.06096274062929 0.6830127018922193 1545.5086241312208 1.0000000180025095e-35
decision_type=2 2 2 2 2
left_child=3 2 -2 -1 -5
right_child=1 -3 -4 4 -6
leaf_value=0.0011821847083262639 0.00014064707660574883 -0.014794473465459116 -0.00011826033757583955 -0.007181900572166838 -0.00022104614748180931
leaf_weight=14.999999999999998 11575 62 8455 192 36
leaf_count=15 11575 62 8455 192 36
internal_value=-7.83094e-05 8.01274e-05 0.000132794 -0.013125 -0.015131
internal_weight=20335 20092 20030 243 228
internal_count=20335 20092 20030 243 228
is_linear=0
shrinkage=0.035


Tree=93
num_leaves=6
num_cat=0
split_feature=8 11 7 10 3
split_gain=34.316 14.4688 14.7622 12.0023 5.19541
threshold=486.50315275934344 968.06096274062929 0.6830127018922193 1545.5086241312208 1.0000000180025095e-35
decision_type=2 2 2 2 2
left_child=3 2 -2 -1 -5
right_child=1 -3 -4 4 -6
leaf_value=0.0011408082435348545 0.00013572442892455073 -0.014276666894168051 -0.00011412122576067941 -0.0069305340521409872 -0.00021330953231993635
leaf_weight=14.999999999999998 11575 62 8455 192 36
leaf_count=15 11575 62 8455 192 36
internal_value=-7.83094e-05 8.01274e-05 0.000132794 -0.013125 -0.015131
internal_weight=20335 20092 20030 243 228
internal_count=20335 20092 20030 243 228
is_linear=0
shrinkage=0.035


Tree=94
num_leaves=6
num_cat=0
split_feature=8 11 10 10 3
split_gain=34.2617 14.4507 13.9864 12.0023 5.19541
threshold=486.50315275934344 968.06096274062929 1750.8962626115408 1545.5086241312208 1.0000000180025095e-35
decision_type=2 2 2 2 2
left_child=3 2 -2 -1 -5
right_child=1 -3 -4 4 -6
leaf_value=0.0011008799550111404 0.00034078172990863469 -0.013776983552872168 -2.0038236580131042e-05 -0.0066879653603160579 -0.00020584369868872801
leaf_weight=14.999999999999998 1631 62 18399 192 36
leaf_count=15 1631 62 18399 192 36
internal_value=-8.86359e-05 6.9676e-05 0.00012231 -0.013125 -0.015131
internal_weight=20335 20092 20030 243 228
internal_count=20335 20092 20030 243 228
is_linear=0
shrinkage=0.035


Tree=95
num_leaves=7
num_cat=0
split_feature=8 8 10 7 10 3
split_gain=34.2346 14.6499 23.224 16.3099 12.0023 5.19541
threshold=486.50315275934344 2536.5949055542965 1750.8962626115408 -0.25000000000000028 1545.5086241312208 1.0000000180025095e-35
decision_type=2 2 2 2 2 2
left_child=4 2 -2 -3 -1 -6
right_child=1 3 -4 -5 5 -7
leaf_value=0.0010623491565857491 0.00038632041923418741 -0.00030751603828462539 -0.00029156192793645009 0.00018336294417236945 -0.0064538865727049814 -0.00019863916923461568
leaf_weight=14.999999999999998 1471 1272 7341 10008 192 36
leaf_count=15 1471 1272 7341 10008 192 36
internal_value=-9.37992e-05 6.44503e-05 -0.00100477 0.000899743 -0.013125 -0.015131
internal_weight=20335 20092 8812 11280 243 228
internal_count=20335 20092 8812 11280 243 228
is_linear=0
shrinkage=0.035


Tree=96
num_leaves=7
num_cat=0
split_feature=8 11 4 3 9 10
split_gain=33.4403 14.4236 14.6273 12.3224 5.67675 0.50554
threshold=486.50315275934344 968.06096274062929 1.0000000180025095e-35 1.0000000180025095e-35 2226.4070343310109 1620.23601824298
decision_type=2 2 2 2 2 2
left_child=3 2 -2 5 -5 -1
right_child=1 -3 -4 4 -6 -7
leaf_value=-0.002428651675844851 -8.4562872484874598e-05 -0.013308310343194837 0.00018218591500357653 -0.0095773071195330989 0.0014569274856505434 -0.0062516409368711355
leaf_weight=13.999999999999998 11223 62 8807 28 20 181
leaf_count=14 11223 62 8807 28 20 181
internal_value=-0.000102405 5.39989e-05 0.000106585 -0.0129816 0.00285714 -0.016875
internal_weight=20335 20092 20030 243 48 195
internal_count=20335 20092 20030 243 48 195
is_linear=0
shrinkage=0.035


Tree=97
num_leaves=7
num_cat=0
split_feature=8 3 11 7 9 10
split_gain=30.5442 16.2037 14.4176 14.0911 4.55509 0.50554
threshold=486.50315275934344 1.0000000180025095e-35 968.06096274062929 0.6830127018922193 2104.4540359915818 1620.23601824298
decision_type=2 2 2 2 2 2
left_child=1 5 3 -2 -3 -1
right_child=2 4 -4 -5 -6 -7
leaf_value=-0.0023436488671902782 0.00013082288805487787 -0.023475804983630676 -0.012842519481183012 -0.0001172158626545139 0.00094246080153451497 -0.0060328335040806371
leaf_weight=13.999999999999998 11575 14.999999999999998 62 8455 33 181
leaf_count=14 11575 15 62 8455 33 181
internal_value=-9.89624e-05 -0.0124078 5.05151e-05 0.00010309 0.00571429 -0.016875
internal_weight=20335 243 20092 20030 48 195
internal_count=20335 243 20092 20030 48 195
is_linear=0
shrinkage=0.035


Tree=98
num_leaves=7
num_cat=0
split_feature=8 3 11 4 9 10
split_gain=30.5528 16.2037 14.4206 13.3957 4.55509 0.50554
threshold=486.50315275934344 1.0000000180025095e-35 968.06096274062929 1.0000000180025095e-35 2104.4540359915818 1620.23601824298
decision_type=2 2 2 2 2 2
left_child=1 5 3 -2 -3 -1
right_child=2 4 -4 -5 -6 -7
leaf_value=-0.0022616211568386294 -8.2684953270635304e-05 -0.022654151809203615 -0.012393031299341592 0.00017382561682271816 0.00090947467348079247 -0.0058216843314378292
leaf_weight=13.999999999999998 11223 14.999999999999998 62 8807 33 181
leaf_count=14 11223 15 62 8807 33 181
internal_value=-9.72413e-05 -0.0124078 5.2257e-05 0.000104838 0.00571429 -0.016875
internal_weight=20335 243 20092 20030 48 195
internal_count=20335 243 20092 20030 48 195
is_linear=0
shrinkage=0.035


Tree=99
num_leaves=7
num_cat=0
split_feature=8 3 11 7 9 10
split_gain=30.5613 16.2037 14.4236 12.8158 4.55509 0.50554
threshold=486.50315275934344 1.0000000180025095e-35 968.06096274062929 0.6830127018922193 2104.4540359915818 1620.23601824298
decision_type=2 2 2 2 2 2
left_child=1 5 3 -2 -3 -1
right_child=2 4 -4 -5 -6 -7
leaf_value=-0.0021824644163492748 0.00012546712661997363 -0.021861256495881488 -0.011959275203864649 -0.00011606699076298634 0.00087764305990895692 -0.0056179253798375054
leaf_weight=13.999999999999998 11575 14.999999999999998 62 8455 33 181
leaf_count=14 11575 15 62 8455 33 181
internal_value=-9.55203e-05 -0.0124078 5.39989e-05 0.000106585 0.00571429 -0.016875
internal_weight=20335 243 20092 20030 48 195
internal_count=20335 243 20092 20030 48 195
is_linear=0
shrinkage=0.035


Tree=100
num_leaves=7
num_cat=0
split_feature=8 11 3 11 9 10
split_gain=32.0109 14.4327 14.1978 12.5054 3.77358 0.50554
threshold=486.50315275934344 968.06096274062929 1.0000000180025095e-35 118.38849829346495 2104.4540359915818 1620.23601824298
decision_type=2 2 2 2 2 2
left_child=2 3 5 -2 -4 -1
right_child=1 -3 4 -5 -6 -7
leaf_value=-0.00210607816177705 0.00011812145178808909 -0.011540700571729371 -0.021096112518525625 -0.00010401478225256167 0.00084692555281213006 -0.005421297991543189
leaf_weight=13.999999999999998 10495 62 14.999999999999998 9535 33 181
leaf_count=14 10495 62 15 9535 33 181
internal_value=-9.37992e-05 5.92246e-05 -0.0126947 0.000111827 0.00428571 -0.016875
internal_weight=20335 20092 243 20030 48 195
internal_count=20335 20092 243 20030 48 195
is_linear=0
shrinkage=0.035


Tree=101
num_leaves=7
num_cat=0
split_feature=8 11 3 10 9 10
split_gain=32.735 14.4327 13.2438 12.3905 3.89866 0.50554
threshold=486.50315275934344 968.06096274062929 1.0000000180025095e-35 1750.8962626115408 2226.4070343310109 1620.23601824298
decision_type=2 2 2 2 2 2
left_child=2 3 5 -2 -4 -1
right_child=1 -3 4 -5 -6 -7
leaf_value=-0.0020323654261148552 0.00030918886384772031 -0.011136776051718833 -0.0093672790134202415 -2.2039128863382554e-05 0.0012807573805819717 -0.0052315525618391642
leaf_weight=13.999999999999998 1631 62 28 18399 20 181
leaf_count=14 1631 62 28 18399 20 181
internal_value=-9.55203e-05 5.92246e-05 -0.0128381 0.000111827 0.00357143 -0.016875
internal_weight=20335 20092 243 20030 48 195
internal_count=20335 20092 243 20030 48 195
is_linear=0
shrinkage=0.035


Tree=102
num_leaves=7
num_cat=0
split_feature=8 3 11 7 9 10
split_gain=30.5613 16.2037 14.4236 12.5104 4.55509 0.50554
threshold=486.50315275934344 1.0000000180025095e-35 968.06096274062929 0.6830127018922193 2104.4540359915818 1620.23601824298
decision_type=2 2 2 2 2 2
left_child=1 5 3 -2 -3 -1
right_child=2 4 -4 -5 -6 -7
leaf_value=-0.0019612326362008314 0.00012131778480193757 -0.020029893814907499 -0.010746988889908687 -0.00011466924399791357 0.00089847006199494049 -0.005048448222174793
leaf_weight=13.999999999999998 11575 14.999999999999998 62 8455 33 181
leaf_count=14 11575 15 62 8455 33 181
internal_value=-9.55203e-05 -0.0124078 5.39989e-05 0.000106585 0.00571429 -0.016875
internal_weight=20335 243 20092 20030 48 195
internal_count=20335 243 20092 20030 48 195
is_linear=0
shrinkage=0.035


Tree=103
num_leaves=7
num_cat=0
split_feature=8 3 11 11 9 10
split_gain=31.3035 15.1844 14.4357 12.2541 4.15533 0.50554
threshold=486.50315275934344 1.0000000180025095e-35 968.06096274062929 118.38849829346495 2104.4540359915818 1620.23601824298
decision_type=2 2 2 2 2 2
left_child=1 5 3 -2 -3 -1
right_child=2 4 -4 -5 -6 -7
leaf_value=-0.0018925894939338097 0.00011589738106267513 -0.019328847531385734 -0.01037084427876188 -0.0001007903899604612 0.00086702360982511724 -0.0048717525343986885
leaf_weight=13.999999999999998 10495 14.999999999999998 62 9535 33 181
leaf_count=14 10495 15 62 9535 33 181
internal_value=-9.0357e-05 -0.0125512 6.09665e-05 0.000113574 0.005 -0.016875
internal_weight=20335 243 20092 20030 48 195
internal_count=20335 243 20092 20030 48 195
is_linear=0
shrinkage=0.035


Tree=104
num_leaves=7
num_cat=0
split_feature=8 11 3 10 9 9
split_gain=27.1367 14.4206 13.7381 12.2682 4.15533 1.1969
threshold=486.50315275934344 968.06096274062929 1.0000000180025095e-35 1750.8962626115408 2104.4540359915818 2723.4910793808008
decision_type=2 2 2 2 2 2
left_child=2 3 5 -2 -4 -1
right_child=1 -3 4 -5 -6 -7
leaf_value=-0.0050203573112647965 0.00029808610247463287 -0.010007864729005226 -0.01865233786778725 -2.1664390874343022e-05 0.00083667778348125229 -6.5724993369005173e-05
leaf_weight=173 1631 62 14.999999999999998 18399 33 22
leaf_count=173 1631 62 15 18399 33 22
internal_value=-8.86359e-05 5.2257e-05 -0.0116906 0.000104838 0.005 -0.0158036
internal_weight=20335 20092 243 20030 48 195
internal_count=20335 20092 243 20030 48 195
is_linear=0
shrinkage=0.035


Tree=105
num_leaves=7
num_cat=0
split_feature=8 11 3 4 9 9
split_gain=27.0965 14.4056 12.5749 12.3938 3.77358 1.4226
threshold=486.50315275934344 968.06096274062929 1.0000000180025095e-35 1.0000000180025095e-35 2104.4540359915818 2718.882740625319
decision_type=2 2 2 2 2 2
left_child=2 3 5 -2 -4 -1
right_child=1 -3 4 -5 -6 -7
leaf_value=-0.0048922593798028926 -8.2134431163907186e-05 -0.0096575894634900288 -0.017999506042414688 0.00016706046732925642 0.00080739406105940332 -6.6712410806912814e-05
leaf_weight=170 11223 62 14.999999999999998 8807 33 25
leaf_count=170 11223 62 15 8807 33 25
internal_value=-9.72413e-05 4.35475e-05 -0.0116906 9.6101e-05 0.00428571 -0.015625
internal_weight=20335 20092 243 20030 48 195
internal_count=20335 20092 243 20030 48 195
is_linear=0
shrinkage=0.035


Tree=106
num_leaves=7
num_cat=0
split_feature=8 11 3 11 9 9
split_gain=26.4221 14.3996 12.351 12.082 3.77358 1.4797
threshold=486.50315275934344 968.06096274062929 1.0000000180025095e-35 910.97742070656784 2104.4540359915818 2712.2473460321748
decision_type=2 2 2 2 2 2
left_child=2 3 5 -2 -4 -1
right_child=1 -3 4 -5 -6 -7
leaf_value=-0.0049297300047263454 3.8408027926162272e-06 -0.0093195738322678703 -0.017369523330930173 0.0010602398879984644 0.00077913526892232638 -8.9686800693189467e-05
leaf_weight=165 19900 62 14.999999999999998 130 33 30
leaf_count=165 19900 62 15 130 33 30
internal_value=-9.89624e-05 4.00637e-05 -0.0115471 9.26065e-05 0.00428571 -0.0154464
internal_weight=20335 20092 243 20030 48 195
internal_count=20335 20092 243 20030 48 195
is_linear=0
shrinkage=0.035


Tree=107
num_leaves=7
num_cat=0
split_feature=8 11 3 11 9 9
split_gain=26.4221 14.3996 12.351 12.082 3.77358 1.4797
threshold=486.50315275934344 968.06096274062929 1.0000000180025095e-35 910.97742070656784 2104.4540359915818 2712.2473460321748
decision_type=2 2 2 2 2 2
left_child=2 3 5 -2 -4 -1
right_child=1 -3 4 -5 -6 -7
leaf_value=-0.0047571894545609134 3.7063746948873268e-06 -0.0089933887481385057 -0.01676159001434762 0.0010231314919185277 0.00075186553451005893 -8.6547762668942604e-05
leaf_weight=165 19900 62 14.999999999999998 130 33 30
leaf_count=165 19900 62 15 130 33 30
internal_value=-9.89624e-05 4.00637e-05 -0.0115471 9.26065e-05 0.00428571 -0.0154464
internal_weight=20335 20092 243 20030 48 195
internal_count=20335 20092 243 20030 48 195
is_linear=0
shrinkage=0.035


Tree=108
num_leaves=7
num_cat=0
split_feature=8 8 6 7 3 9
split_gain=26.6169 14.0321 19.3352 14.3226 4.66446 4.23173
threshold=467.43776800641223 2544.9093182797437 -0.5 -0.25000000000000028 1.0000000180025095e-35 2205.1236965934004
decision_type=2 2 2 2 2 2
left_child=4 2 -2 -3 -1 -6
right_child=1 3 -4 -5 5 -7
leaf_value=-0.0062245453122834792 -0.00034746122662366653 -0.00030247450539640399 9.9867686883365898e-05 0.00016984981512289333 -0.016242417550567264 0.0040022604851918777
leaf_weight=130 5651 1164 3562 9796 15.999999999999998 15.999999999999998
leaf_count=130 5651 1164 3562 9796 16 16
internal_value=-8.51937e-05 2.8626e-05 -0.000978131 0.00087492 -0.0141718 -0.00212121
internal_weight=20335 20173 9213 10960 162 32
internal_count=20335 20173 9213 10960 162 32
is_linear=0
shrinkage=0.035


Tree=109
num_leaves=7
num_cat=0
split_feature=8 8 10 7 3 9
split_gain=25.8501 13.5372 20.2298 12.9024 5.37723 3.9294
threshold=467.43776800641223 2544.9093182797437 1750.8962626115408 -0.25000000000000028 1.0000000180025095e-35 2104.4540359915818
decision_type=2 2 2 2 2 2
left_child=4 2 -2 -3 -1 -6
right_child=1 3 -4 -5 5 -7
leaf_value=-0.0060066862263535468 0.00030630050135878941 -0.00029188789770753234 -0.00026270593066288764 0.00016390507159359525 -0.019406653549777012 0.00095350085071074905
leaf_weight=130 1524 1164 7689 9796 11.999999999999998 20
leaf_count=130 1524 1164 7689 9796 12 20
internal_value=-7.48672e-05 3.73005e-05 -0.000951541 0.000868534 -0.0139571 -0.00106061
internal_weight=20335 20173 9213 10960 162 32
internal_count=20335 20173 9213 10960 162 32
is_linear=0
shrinkage=0.035


Tree=110
num_leaves=7
num_cat=0
split_feature=8 8 6 7 3 9
split_gain=25.8437 12.8239 19.7627 13.3495 5.37723 3.9294
threshold=467.43776800641223 2536.5949055542965 -0.5 -0.25000000000000028 1.0000000180025095e-35 2104.4540359915818
decision_type=2 2 2 2 2 2
left_child=4 2 -2 -3 -1 -6
right_child=1 3 -4 -5 5 -7
leaf_value=-0.0057964522084311826 -0.00034144984030878069 -0.00027652445273149921 0.00011763622819184862 0.00015830157958028891 -0.018727420675534817 0.00092012832093586023
leaf_weight=130 5515 1272 3378 10008 11.999999999999998 20
leaf_count=130 5515 1272 3378 10008 12 20
internal_value=-7.65883e-05 3.55656e-05 -0.00095823 0.000819076 -0.0139571 -0.00106061
internal_weight=20335 20173 8893 11280 162 32
internal_count=20335 20173 8893 11280 162 32
is_linear=0
shrinkage=0.035


Tree=111
num_leaves=7
num_cat=0
split_feature=8 11 11 7 3 9
split_gain=25.8117 11.9748 28.252 26.6428 5.37723 3.9294
threshold=467.43776800641223 121.81093075325332 278.62246812915083 -0.68301270189221952 1.0000000180025095e-35 2104.4540359915818
decision_type=2 2 2 2 2 2
left_child=4 3 -3 -2 -1 -6
right_child=1 2 -4 -5 5 -7
leaf_value=-0.005593576381136103 -0.0029537919824185236 -0.00032047203904185919 0.00015451130440613083 0.00013459204983199858 -0.018071960951891109 0.00088792382970310341
leaf_weight=130 282 5200 4238 10453 11.999999999999998 20
leaf_count=130 282 5200 4238 10453 12 20
internal_value=-8.51937e-05 2.6891e-05 -0.000882509 0.000826425 -0.0139571 -0.00106061
internal_weight=20335 20173 9438 10735 162 32
internal_count=20335 20173 9438 10735 162 32
is_linear=0
shrinkage=0.035


Tree=112
num_leaves=7
num_cat=0
split_feature=8 8 10 7 3 9
split_gain=25.8245 11.9774 20.0634 11.3544 5.37723 3.9294
threshold=467.43776800641223 2538.867996221104 1750.8962626115408 -0.25000000000000028 1.0000000180025095e-35 2104.4540359915818
decision_type=2 2 2 2 2 2
left_child=4 2 -2 -3 -1 -6
right_child=1 3 -4 -5 5 -7
leaf_value=-0.0053978012077963468 0.00030598255821412846 -0.00026950905456462509 -0.00025680003472336124 0.00014987294636381157 -0.017439442318574912 0.00085684649566349698
leaf_weight=130 1512 1252 7461 9948 11.999999999999998 20
leaf_count=130 1512 1252 7461 9948 12 20
internal_value=-8.17516e-05 3.03609e-05 -0.000922387 0.000793679 -0.0139571 -0.00106061
internal_weight=20335 20173 8973 11200 162 32
internal_count=20335 20173 8973 11200 162 32
is_linear=0
shrinkage=0.035


Tree=113
num_leaves=7
num_cat=0
split_feature=8 11 7 3 9 9
split_gain=25.7925 12.7328 12.7801 5.37723 3.9294 2.1986
threshold=467.43776800641223 968.06096274062929 0.6830127018922193 1.0000000180025095e-35 2104.4540359915818 2701.5467666986492
decision_type=2 2 2 2 2 2
left_child=3 2 -2 -1 -5 -3
right_child=1 5 -4 4 -6 -7
leaf_value=-0.0052088781655234718 0.00011593980589101884 -0.0086716746076890422 -0.00012660037797682211 -0.016829061837424782 0.00082685686831527336 1.388914617517223e-06
leaf_weight=130 11616 68 8477 11.999999999999998 20 11.999999999999998
leaf_count=130 11616 68 8477 12 20 12
internal_value=-9.0357e-05 2.16863e-05 7.75107e-05 -0.0139571 -0.00106061 -0.0138272
internal_weight=20335 20173 20093 162 32 80
internal_count=20335 20173 20093 162 32 80
is_linear=0
shrinkage=0.035


Tree=114
num_leaves=7
num_cat=0
split_feature=8 11 7 11 3 9
split_gain=25.895 10.751 26.3091 24.5588 5.37723 3.9294
threshold=467.43776800641223 118.38849829346495 -0.68301270189221952 278.62246812915083 1.0000000180025095e-35 2104.4540359915818
decision_type=2 2 2 2 2 2
left_child=4 2 -2 -3 -1 -6
right_child=1 3 -4 -5 5 -7
leaf_value=-0.0050265674297301647 -0.002899597516434942 -0.00029172898722920062 0.00013305761630964864 0.00015682631553664008 -0.016240044673114927 0.00079791687792424965
leaf_weight=130 251 5440 10244 4238 11.999999999999998 20
leaf_count=130 251 5440 10244 4238 12 20
internal_value=-6.28196e-05 4.94448e-05 0.000825314 -0.000791921 -0.0139571 -0.00106061
internal_weight=20335 20173 10495 9678 162 32
internal_count=20335 20173 10495 9678 162 32
is_linear=0
shrinkage=0.035


Tree=115
num_leaves=7
num_cat=0
split_feature=8 8 6 7 3 9
split_gain=25.7989 11.2422 19.5809 10.0486 5.37723 3.9294
threshold=467.43776800641223 2536.5949055542965 -0.5 -0.25000000000000028 1.0000000180025095e-35 2104.4540359915818
decision_type=2 2 2 2 2 2
left_child=4 2 -2 -3 -1 -6
right_child=1 3 -4 -5 5 -7
leaf_value=-0.0048506375696896207 -0.00033221935265070895 -0.00025762523736559966 0.0001208698347785342 0.00014049500747399969 -0.015671643109555908 0.00076998978719690315
leaf_weight=130 5515 1272 3378 10008 11.999999999999998 20
leaf_count=130 5515 1272 3378 10008 12 20
internal_value=-8.86359e-05 2.34212e-05 -0.000907072 0.000757025 -0.0139571 -0.00106061
internal_weight=20335 20173 8893 11280 162 32
internal_count=20335 20173 8893 11280 162 32
is_linear=0
shrinkage=0.035


Tree=116
num_leaves=7
num_cat=0
split_feature=8 7 6 11 1 11
split_gain=26.6625 11.3188 41.0894 33.7967 5.15643 0.607366
threshold=467.43776800641223 0.6830127018922193 -1.0000000180025095e-35 722.07809988960264 0.77259657388510639 910.97742070656784
decision_type=2 2 2 2 2 2
left_child=4 3 -3 -2 5 -1
right_child=1 2 -4 -5 -6 -7
leaf_value=-0.0050639097360279453 0.00014683331787113785 -0.00082584417193889655 7.5916859092326489e-05 -0.015495685621625156 0.0004853529891477671 -0.0032102347540719214
leaf_weight=128 11298 2814 5664 397 22 11.999999999999998
leaf_count=128 11298 2814 5664 397 22 12
internal_value=-7.31461e-05 4.07703e-05 -0.000932893 0.000746623 -0.0141718 -0.0166312
internal_weight=20335 20173 8478 11695 162 140
internal_count=20335 20173 8478 11695 162 140
is_linear=0
shrinkage=0.035


Tree=117
num_leaves=7
num_cat=0
split_feature=8 7 6 10 3 9
split_gain=26.0685 11.8478 38.6596 19.4783 5.37723 3.9294
threshold=467.43776800641223 0.6830127018922193 -1.0000000180025095e-35 2471.9806492509833 1.0000000180025095e-35 2104.4540359915818
decision_type=2 2 2 2 2 2
left_child=4 3 -3 -2 -1 -6
right_child=1 2 -4 -5 5 -7
leaf_value=-0.0046782093026384655 0.00028834051937244755 -0.00079693962592102051 7.325976902408993e-05 -3.5379107787658628e-05 -0.014945898759960477 0.00082482944441396376
leaf_weight=130 4082 2814 5664 7613 11.999999999999998 20
leaf_count=130 4082 2814 5664 7613 12 20
internal_value=-1.63503e-05 9.62873e-05 -0.00089987 0.000818442 -0.0139571 -0.00106061
internal_weight=20335 20173 8478 11695 162 32
internal_count=20335 20173 8478 11695 162 32
is_linear=0
shrinkage=0.035


Tree=118
num_leaves=7
num_cat=0
split_feature=8 9 4 11 3 9
split_gain=25.2716 12.0235 25.0589 14.5729 5.19918 3.9294
threshold=467.43776800641223 1300.3406411844969 -0.56174490092936669 159.22944131997698 1.0000000180025095e-35 2104.4540359915818
decision_type=2 2 2 2 2 2
left_child=4 2 -2 -3 -1 -6
right_child=1 3 -4 -5 5 -7
leaf_value=-0.0045144719770461176 -0.00034199605737640361 6.5198853030570274e-05 0.00063840375500042964 -0.00021292343277320216 -0.014422792303361855 0.00079596041385946673
leaf_weight=130 328 12735 887 6223 11.999999999999998 20
leaf_count=130 328 12735 887 6223 12 20
internal_value=-1.63503e-05 9.45524e-05 0.00346834 -0.000121842 -0.0137423 -0.00106061
internal_weight=20335 20173 1215 18958 162 32
internal_count=20335 20173 1215 18958 162 32
is_linear=0
shrinkage=0.035


Tree=119
num_leaves=7
num_cat=0
split_feature=8 9 4 10 3 9
split_gain=24.4684 11.6654 22.8231 14.2686 5.02412 3.9294
threshold=467.43776800641223 1300.3406411844969 -0.56174490092936669 2239.4497353115935 1.0000000180025095e-35 2104.4540359915818
decision_type=2 2 2 2 2 2
left_child=4 2 -2 -3 -1 -6
right_child=1 3 -4 -5 5 -7
leaf_value=-0.0043564654578494991 -0.00033002619536821821 -0.00082705580728126738 0.00061605962357541349 2.1618044399036587e-05 -0.013917994572744178 0.00076810179937437896
leaf_weight=130 328 1765 887 17193 11.999999999999998 20
leaf_count=130 328 1765 887 17193 12 20
internal_value=-2.15136e-05 8.76128e-05 0.00341077 -0.000125534 -0.0135276 -0.00106061
internal_weight=20335 20173 1215 18958 162 32
internal_count=20335 20173 1215 18958 162 32
is_linear=0
shrinkage=0.035


end of trees

feature_importances:
lag_2d=157
same_slot_mean_2_8d=138
dow_sin=97
same_slot_std_2_8d=85
lag_7d=83
month_cos=74
month_sin=65
dow_cos=10
slot_sin=1

parameters:
[boosting: gbdt]
[objective: quantile]
[metric: quantile]
[tree_learner: serial]
[device_type: cpu]
[data_sample_strategy: bagging]
[data: ]
[valid: ]
[num_iterations: 120]
[learning_rate: 0.035]
[num_leaves: 7]
[num_threads: 1]
[seed: 20260901]
[deterministic: 1]
[force_col_wise: 0]
[force_row_wise: 0]
[histogram_pool_size: -1]
[max_depth: 3]
[min_data_in_leaf: 12]
[min_sum_hessian_in_leaf: 0.001]
[bagging_fraction: 1]
[pos_bagging_fraction: 1]
[neg_bagging_fraction: 1]
[bagging_freq: 0]
[bagging_seed: 12992]
[bagging_by_query: 0]
[feature_fraction: 1]
[feature_fraction_bynode: 1]
[feature_fraction_seed: 30141]
[extra_trees: 0]
[extra_seed: 31421]
[early_stopping_round: 0]
[early_stopping_min_delta: 0]
[first_metric_only: 0]
[max_delta_step: 0]
[lambda_l1: 0]
[lambda_l2: 1]
[linear_lambda: 0]
[min_gain_to_split: 0]
[drop_rate: 0.1]
[max_drop: 50]
[skip_drop: 0.5]
[xgboost_dart_mode: 0]
[uniform_drop: 0]
[drop_seed: 11049]
[top_rate: 0.2]
[other_rate: 0.1]
[min_data_per_group: 100]
[max_cat_threshold: 32]
[cat_l2: 10]
[cat_smooth: 10]
[max_cat_to_onehot: 4]
[top_k: 20]
[monotone_constraints: ]
[monotone_constraints_method: basic]
[monotone_penalty: 0]
[feature_contri: ]
[forcedsplits_filename: ]
[refit_decay_rate: 0.9]
[cegb_tradeoff: 1]
[cegb_penalty_split: 0]
[cegb_penalty_feature_lazy: ]
[cegb_penalty_feature_coupled: ]
[path_smooth: 0]
[interaction_constraints: ]
[verbosity: -1]
[saved_feature_importance_type: 0]
[use_quantized_grad: 0]
[num_grad_quant_bins: 4]
[quant_train_renew_leaf: 0]
[stochastic_rounding: 1]
[linear_tree: 0]
[max_bin: 255]
[max_bin_by_feature: ]
[min_data_in_bin: 3]
[bin_construct_sample_cnt: 200000]
[data_random_seed: 5023]
[is_enable_sparse: 1]
[enable_bundle: 1]
[use_missing: 1]
[zero_as_missing: 0]
[feature_pre_filter: 1]
[pre_partition: 0]
[two_round: 0]
[header: 0]
[label_column: ]
[weight_column: ]
[group_column: ]
[ignore_column: ]
[categorical_feature: ]
[forcedbins_filename: ]
[precise_float_parser: 0]
[parser_config_file: ]
[objective_seed: 6921]
[num_class: 1]
[is_unbalance: 0]
[scale_pos_weight: 1]
[sigmoid: 1]
[boost_from_average: 1]
[reg_sqrt: 0]
[alpha: 0.5]
[fair_c: 1]
[poisson_max_delta_step: 0.7]
[tweedie_variance_power: 1.5]
[lambdarank_truncation_level: 30]
[lambdarank_norm: 1]
[label_gain: ]
[lambdarank_position_bias_regularization: 0]
[eval_at: ]
[multi_error_top_k: 1]
[auc_mu_weights: ]
[num_machines: 1]
[local_listen_port: 12400]
[time_out: 120]
[machine_list_filename: ]
[machines: ]
[gpu_platform_id: -1]
[gpu_device_id: -1]
[gpu_use_dp: 0]
[num_gpu: 1]

end of parameters

pandas_categorical:[]
