tree
version=v4
num_class=1
num_tree_per_iteration=1
label_index=0
max_feature_idx=11
objective=quantile
feature_names=slot slot_sin slot_cos dow_sin dow_cos weekend month_sin month_cos lag_2d lag_7d same_slot_mean_2_8d same_slot_std_2_8d
feature_infos=[0:95] [-1:1] [-1:1] [-0.97492791218182362:0.97492791218182362] [-0.90096886790241903:1] [0:1] [-1:0.8660254037844386] [-0.86602540378443882:1] [381.44581147213773:2892.1969875462651] [381.44581147213773:2892.1969875462651] [667.40836824075052:2799.3812308422353] [10.169260040126204:1092.8236665517263]
tree_sizes=741 794 800 790 794 800 781 793 776 786 794 778 795 788 792 790 794 798 780 793 779 779 791 790 778 802 789 780 791 793 775 793 790 776 790 791 787 791 792 773 797 794 793 791 795 791 784 776 792 796 797 796 798 785 787 787 785 791 784 791 790 793 786 792 793 791 793 793 793 796 795 787 795 795 791 794 801 795 781 794 796 806 787 794 795 724 820 819 820 825 821 819 816 820 823 818 817 813 816 802 805 806 801 816 802 801 802 803 802 800 803 802 804 804 803 803 813 807 808 801

Tree=0
num_leaves=7
num_cat=0
split_feature=10 6 11 11 7 8
split_gain=1324.87 279.651 130.601 54.2573 51.5721 38.1166
threshold=2555.3769793602396 -0.6830127018922193 190.62916479812853 105.66961268946321 0.93301270189221952 2612.9123830812578
decision_type=2 2 2 2 2 2
left_child=1 2 -1 -2 -3 -5
right_child=3 4 -4 5 -6 -7
leaf_value=7.8497474968433378 7.8523673915863039 7.846841130256653 7.851381304264069 7.8507974457740781 7.8493112969398497 7.8520738434791566
leaf_weight=2160 6934 4058 2693 942 2369 1083
leaf_count=2160 6934 4058 2693 942 2369 1083
internal_value=7.85083 7.84285 7.84919 7.86088 7.83806 7.85584
internal_weight=20239 11280 4853 8959 6427 2025
internal_count=20239 11280 4853 8959 6427 2025
is_linear=0
shrinkage=1


Tree=1
num_leaves=7
num_cat=0
split_feature=10 6 11 11 10 8
split_gain=1245.21 253.889 124.017 52.4334 43.079 36.8487
threshold=2555.3769793602396 -0.6830127018922193 190.62916479812853 105.66961268946321 2455.4596566741347 2612.9123830812578
decision_type=2 2 2 2 2 2
left_child=1 2 -1 -2 -3 -5
right_child=3 4 -4 5 -6 -7
leaf_value=-0.0010492924153804718 0.0014789060115814137 -0.0027400307536125149 0.00052733174562452861 -3.6091697216025234e-05 -0.0011736731410026515 0.0011956320881843531
leaf_weight=2160 6934 4938 2693 942 1489 1083
leaf_count=2160 6934 4938 2693 942 1489 1083
internal_value=0.000132288 -0.00760438 -0.00156108 0.00987305 -0.0121667 0.00491486
internal_weight=20239 11280 4853 8959 6427 2025
internal_count=20239 11280 4853 8959 6427 2025
is_linear=0
shrinkage=0.035


Tree=2
num_leaves=7
num_cat=0
split_feature=10 6 11 11 6 6
split_gain=1159.82 231.439 116.632 49.0285 40.8761 35.8441
threshold=2555.3769793602396 -0.6830127018922193 190.62916479812853 105.66961268946321 -1.0000000180025095e-35 0.68301270189221941
decision_type=2 2 2 2 2 2
left_child=1 2 -1 -2 -3 -5
right_child=3 4 -4 5 -6 -7
leaf_value=-0.0010125671808421412 0.0014271443011760489 -0.0038497428016066684 0.00050887513452766439 0.0012747657046914009 -0.0012935229973197028 -3.4828487813474144e-05
leaf_weight=2160 6934 3827 2693 1103 2600 922
leaf_count=2160 6934 3827 2693 1103 2600 922
internal_value=0.000222208 -0.00724448 -0.00147456 0.00962305 -0.0116004 0.00482848
internal_weight=20239 11280 4853 8959 6427 2025
internal_count=20239 11280 4853 8959 6427 2025
is_linear=0
shrinkage=0.035


Tree=3
num_leaves=7
num_cat=0
split_feature=10 6 11 11 10 9
split_gain=1084.39 210.824 110.145 46.2801 36.6942 35.426
threshold=2555.3769793602396 -0.6830127018922193 190.62916479812853 105.66961268946321 2441.3847504712708 2610.109113958712
decision_type=2 2 2 2 2 2
left_child=1 2 -1 -2 -3 -5
right_child=3 4 -4 5 -6 -7
leaf_value=-0.00097712732951266818 0.0013771942506348902 -0.0026018103785249648 0.00049106450481920308 0.0010803776533487499 -0.0011961355156633103 0.00031002953189641192
leaf_weight=2160 6934 4536 2693 651 1891 1374
leaf_count=2160 6934 4536 2693 651 1891 1374
internal_value=0.0003104 -0.00690941 -0.00140245 0.00940039 -0.0110668 0.0047421
internal_weight=20239 11280 4853 8959 6427 2025
internal_count=20239 11280 4853 8959 6427 2025
is_linear=0
shrinkage=0.035


Tree=4
num_leaves=7
num_cat=0
split_feature=10 6 11 11 6 9
split_gain=1013.57 193.74 104.696 44.727 37.0055 36.5081
threshold=2555.3769793602396 -0.6830127018922193 190.62916479812853 105.66961268946321 -1.0000000180025095e-35 2610.109113958712
decision_type=2 2 2 2 2 2
left_child=1 2 -1 -2 -3 -5
right_child=3 4 -4 5 -6 -7
leaf_value=-0.0009429278729797153 0.0013289924518626697 -0.003647270082452954 0.00047387724715052042 0.0010425644354815501 -0.0011848529240876917 0.00029917849828002611
leaf_weight=2160 6934 3827 2693 651 2600 1374
leaf_count=2160 6934 3827 2693 651 2600 1374
internal_value=0.000377841 -0.00660225 -0.00132314 0.00916602 -0.0105877 0.00458662
internal_weight=20239 11280 4853 8959 6427 2025
internal_count=20239 11280 4853 8959 6427 2025
is_linear=0
shrinkage=0.035


Tree=5
num_leaves=7
num_cat=0
split_feature=10 6 11 11 6 6
split_gain=937.933 177.149 94.9282 43.3075 38.0552 34.8061
threshold=2555.3769793602396 -0.6830127018922193 187.85751322071431 105.66961268946321 0.68301270189221941 -1.0000000180025095e-35
decision_type=2 2 2 2 2 2
left_child=1 2 -1 -2 -5 -3
right_child=3 5 -4 4 -6 -7
leaf_value=-0.00091861217835499621 0.0012824777160474678 -0.0035196156295670901 0.00045619004966479087 0.001197168640048041 -7.5395811670277992e-05 -0.0011433830717446083
leaf_weight=2150 6934 3827 2703 1103 922 2600
leaf_count=2150 6934 3827 2703 1103 922 2600
internal_value=0.000466033 -0.00624856 -0.00120056 0.00891992 0.00441387 -0.0100595
internal_weight=20239 11280 4853 8959 2025 6427
internal_count=20239 11280 4853 8959 2025 6427
is_linear=0
shrinkage=0.035


Tree=6
num_leaves=7
num_cat=0
split_feature=10 6 11 11 6 6
split_gain=873.679 159.721 89.555 40.4155 37.5558 32.4127
threshold=2555.3769793602396 -0.6830127018922193 187.85751322071431 105.66961268946321 0.68301270189221941 -0.5
decision_type=2 2 2 2 2 2
left_child=1 2 -1 -2 -5 -3
right_child=3 5 -4 4 -6 -7
leaf_value=-0.00088646075211258342 0.0012375909959857934 -0.0044614067284062791 0.00044022339792652691 0.0011552677376463595 -7.2756958261814835e-05 -0.0011093153916366873
leaf_weight=2150 6934 2976 2703 1103 922 3451
leaf_count=2150 6934 2976 2703 1103 922 3451
internal_value=0.000573246 -0.00590728 -0.00111403 0.00873242 0.00437932 -0.0095259
internal_weight=20239 11280 4853 8959 2025 6427
internal_count=20239 11280 4853 8959 2025 6427
is_linear=0
shrinkage=0.035


Tree=7
num_leaves=7
num_cat=0
split_feature=10 6 11 8 8 3
split_gain=816.325 143.146 85.4595 38.6231 33.4144 21.5883
threshold=2555.3769793602396 -0.6830127018922193 190.62916479812853 2227.6517895678085 2631.9897030126517 0.87837969732492682
decision_type=2 2 2 2 2 2
left_child=1 2 -1 -2 -3 -5
right_child=3 4 -4 5 -6 -7
leaf_value=-0.00084674784485908375 -0.0061210057691518356 -0.0021522535582306347 0.00042591707283456075 0.0011832937513728626 9.0189486234848473e-05 0.00054350107063250608
leaf_weight=2160 193 6060 2693 7576 367 1190
leaf_count=2160 193 6060 2693 7576 367 1190
internal_value=0.000626853 -0.00563735 -0.00109961 0.00851367 -0.00906308 0.0088548
internal_weight=20239 11280 4853 8959 6427 8766
internal_count=20239 11280 4853 8959 6427 8766
is_linear=0
shrinkage=0.035


Tree=8
num_leaves=7
num_cat=0
split_feature=10 6 11 8 6 3
split_gain=766.69 135.789 80.4348 37.3664 32.001 20.7791
threshold=2555.3769793602396 -0.6830127018922193 187.85751322071431 2227.6517895678085 -0.5 0.87837969732492682
decision_type=2 2 2 2 2 2
left_child=1 2 -1 -2 -3 -5
right_child=3 4 -4 5 -6 -7
leaf_value=-0.00082579845121858234 -0.0059067705672315278 -0.004229928618373964 0.0004099084814499055 0.0011418784700748176 -0.00099603159562556176 0.0005244785331603686
leaf_weight=2150 193 2976 2703 7576 3451 1190
leaf_count=2150 193 2976 2703 7576 3451 1190
internal_value=0.000616477 -0.0054543 -0.00103471 0.00825977 -0.00879084 0.0085953
internal_weight=20239 11280 4853 8959 6427 8766
internal_count=20239 11280 4853 8959 6427 8766
is_linear=0
shrinkage=0.035


Tree=9
num_leaves=7
num_cat=0
split_feature=10 6 11 8 8 9
split_gain=720.23 126.17 75.444 35.393 33.5002 20.1867
threshold=2555.3769793602396 -0.6830127018922193 187.85751322071431 2227.6517895678085 2629.951607487993 2683.7679246339262
decision_type=2 2 2 2 2 2
left_child=1 2 -1 -2 -3 -5
right_child=3 4 -4 5 -6 -7
leaf_value=-0.00079689550542592533 -0.005700033597378416 -0.0020047808397838599 0.00039556168459917276 0.0010615779658308779 0.00011454701767461996 0.0010195677147720962
leaf_weight=2150 193 6043 2703 4616 384 4150
leaf_count=2150 193 6043 2703 4616 384 4150
internal_value=0.000625124 -0.00525884 -0.000998661 0.0080332 -0.00847503 0.00835976
internal_weight=20239 11280 4853 8959 6427 8766
internal_count=20239 11280 4853 8959 6427 8766
is_linear=0
shrinkage=0.035


Tree=10
num_leaves=7
num_cat=0
split_feature=10 6 11 11 6 8
split_gain=675.8 122.371 67.646 33.8107 43.6781 32.4231
threshold=2555.3769793602396 -0.6830127018922193 190.62916479812853 104.82435204745185 0.68301270189221941 2521.30936563968
decision_type=2 2 2 2 2 2
left_child=1 2 -1 -2 -5 -3
right_child=3 5 -4 4 -6 -7
leaf_value=-0.00076031738180646355 0.0010857025669921906 -0.0021514625834514068 0.00038281851947364226 0.0010164730059649286 -0.00016909875678984944 -0.00051192073036970603
leaf_weight=2160 6891 4835 2693 1121 947 1592
leaf_count=2160 6891 4835 2693 1121 947 1592
internal_value=0.000642416 -0.00505718 -0.00086166 0.00781836 0.00389077 -0.00822456
internal_weight=20239 11280 4853 8959 2068 6427
internal_count=20239 11280 4853 8959 2068 6427
is_linear=0
shrinkage=0.035


Tree=11
num_leaves=7
num_cat=0
split_feature=10 6 8 6 8 3
split_gain=634.513 117.16 66.0527 32.8663 32.6931 20.4965
threshold=2555.3769793602396 -0.6830127018922193 1321.5764162158491 -0.5 2183.0532079091204 0.87837969732492682
decision_type=2 2 2 2 2 2
left_child=1 2 -1 -3 -2 -6
right_child=4 3 -4 -5 5 -7
leaf_value=-0.054198734940567074 -0.0058747849524785119 -0.0039650423730974342 4.6373425445507272e-05 -0.00082930374990317643 0.0010288106889394656 0.00043589030950941693
leaf_weight=323 170 2976 4530 3451 7599 1190
leaf_count=323 170 2976 4530 3451 7599 1190
internal_value=0.000642416 -0.00488033 -0.000775134 -0.00797954 0.0075957 0.00788993
internal_weight=20239 11280 4853 6427 8959 8789
internal_count=20239 11280 4853 6427 8959 8789
is_linear=0
shrinkage=0.035


Tree=12
num_leaves=7
num_cat=0
split_feature=10 8 7 7 11 6
split_gain=592.985 95.9462 62.7459 50.3911 25.7124 31.667
threshold=2594.4108010269633 2546.221345571435 0.6830127018922193 -0.25000000000000028 101.90183298142223 0.68301270189221941
decision_type=2 2 2 2 2 2
left_child=1 2 -1 -3 -2 -6
right_child=4 3 -4 -5 5 -7
leaf_value=-0.00062092975347298744 0.0010596513081279648 -0.00056852534978646396 -0.0021028446469768848 0.00049419277197989338 0.00099356609815576041 -2.6416498190153796e-05
leaf_weight=3987 6444 1149 4415 2369 979 896
leaf_count=3987 6444 1149 4415 2369 979 896
internal_value=0.00060956 -0.00439518 -0.00642687 0.000457516 0.00778035 0.00416978
internal_weight=20239 11920 8402 3518 8319 1875
internal_count=20239 11920 8402 3518 8319 1875
is_linear=0
shrinkage=0.035


Tree=13
num_leaves=7
num_cat=0
split_feature=10 6 8 11 6 9
split_gain=560.68 105.795 66.4774 31.4 43.5888 31.2476
threshold=2549.1863363758052 -0.6830127018922193 1321.5764162158491 104.82435204745185 0.68301270189221941 675.31598607501985
decision_type=2 2 2 2 2 2
left_child=1 2 -1 -2 -5 -3
right_child=3 5 -4 4 -6 -7
leaf_value=-0.052280046676275657 0.0009771956074666366 0.00031018154631208051 5.5761797337279267e-05 0.0009153601828858183 -0.00020183613847938101 -0.0017502968415491218
leaf_weight=323 6918 404 4490 1170 951 5983
leaf_count=323 6918 404 4490 1170 951 5983
internal_value=0.000583622 -0.00464958 -0.000730681 0.00706775 0.00334001 -0.00760214
internal_weight=20239 11200 4813 9039 2121 6387
internal_count=20239 11200 4813 9039 2121 6387
is_linear=0
shrinkage=0.035


Tree=14
num_leaves=7
num_cat=0
split_feature=10 8 8 7 11 6
split_gain=531.896 90.3977 63.5245 45.8747 22.8477 27.0361
threshold=2594.4108010269633 2546.221345571435 1085.3770108041806 -0.25000000000000028 101.90183298142223 0.68301270189221941
decision_type=2 2 2 2 2 2
left_child=1 2 -1 -3 -2 -6
right_child=4 3 -4 -5 5 -7
leaf_value=-0.038854435582919719 0.00098836166608214267 -0.0005386652441964568 -0.0010405852979821085 0.00047949264348956083 0.00092675367831927878 -3.1465802361791975e-05
leaf_weight=800 6444 1149 7602 2369 979 896
leaf_count=800 6444 1149 7602 2369 979 896
internal_value=0.000576705 -0.00416324 -0.00613531 0.00054703 0.00736809 0.00396455
internal_weight=20239 11920 8402 3518 8319 1875
internal_count=20239 11920 8402 3518 8319 1875
is_linear=0
shrinkage=0.035


Tree=15
num_leaves=7
num_cat=0
split_feature=10 6 8 8 8 3
split_gain=480.559 90.7202 66.7391 28.2555 27.8101 19.7986
threshold=2549.1863363758052 -0.6830127018922193 1321.5764162158491 2629.951607487993 2183.0532079091204 0.87837969732492682
decision_type=2 2 2 2 2 2
left_child=1 2 -1 -3 -2 -6
right_child=4 3 -4 -5 5 -7
leaf_value=-0.049090339797203814 -0.0057448843639621048 -0.0016369436977246644 7.4201968717479974e-05 0.00022713530478741365 0.00089563182934823801 0.00034480116915786897
leaf_weight=323 174 6014 4490 373 7673 1192
leaf_count=323 174 6014 4490 373 7673 1192
internal_value=0.000623394 -0.0042215 -0.000592543 -0.00695562 0.00662638 0.00689855
internal_weight=20239 11200 4813 6387 9039 8865
internal_count=20239 11200 4813 6387 9039 8865
is_linear=0
shrinkage=0.035


Tree=16
num_leaves=7
num_cat=0
split_feature=10 8 9 7 9 3
split_gain=446.511 79.1337 54.8556 40.3497 22.1583 39.0419
threshold=2594.4108010269633 2546.221345571435 577.8783992561838 -0.25000000000000028 2628.2670385588212 0.6078576107927941
decision_type=2 2 2 2 2 2
left_child=1 2 -1 -3 -2 -6
right_child=4 3 -4 -5 5 -7
leaf_value=0.0010296771099797498 0.00090352126088380849 -0.00051354701096950617 -0.0014139802712152473 0.00045789365509085305 0.00093939576255821285 6.5312386297684556e-05
leaf_weight=512 2525 1149 7890 2369 4418 1376
leaf_count=512 2525 1149 7890 2369 4418 1376
internal_value=0.000552495 -0.00379037 -0.00563549 0.000616652 0.00677494 0.00558067
internal_weight=20239 11920 8402 3518 8319 5794
internal_count=20239 11920 8402 3518 8319 5794
is_linear=0
shrinkage=0.035


Tree=17
num_leaves=7
num_cat=0
split_feature=10 8 7 7 9 3
split_gain=418.002 73.4636 53.4725 38.2531 21.1767 36.4306
threshold=2594.4108010269633 2546.221345571435 0.6830127018922193 -0.25000000000000028 2628.2670385588212 0.6078576107927941
decision_type=2 2 2 2 2 2
left_child=1 2 -1 -3 -2 -6
right_child=4 3 -4 -5 5 -7
leaf_value=-0.00047252747736239005 0.00087189801675288789 -0.00049557286558556959 -0.0017953238173049391 0.00044186737716266138 0.00090651691086866446 6.3026452777272817e-05
leaf_weight=3987 2525 1149 4415 2369 4418 1376
leaf_count=3987 2525 1149 4415 2369 4418 1376
internal_value=0.000552495 -0.00364944 -0.00542723 0.00059676 0.00657302 0.00540552
internal_weight=20239 11920 8402 3518 8319 5794
internal_count=20239 11920 8402 3518 8319 5794
is_linear=0
shrinkage=0.035


Tree=18
num_leaves=7
num_cat=0
split_feature=10 6 8 6 9 3
split_gain=392.726 70.4094 65.702 47.6263 20.5173 33.9096
threshold=2594.4108010269633 -0.6830127018922193 1321.5764162158491 -0.5 2628.2670385588212 0.6078576107927941
decision_type=2 2 2 2 2 2
left_child=1 2 -1 -3 -2 -6
right_child=4 3 -4 -5 5 -7
leaf_value=-0.047306150133101431 0.00084138158616654758 -0.0032503788782820256 9.6582548788035636e-05 -0.00042385734734891491 0.00087478881898827025 6.0820526930054356e-05
leaf_weight=323 2525 2976 4682 3939 4418 1376
leaf_count=323 2525 2976 4682 3939 4418 1376
internal_value=0.000543849 -0.00352907 -0.00036706 -0.00581731 0.00637951 0.00523037
internal_weight=20239 11920 5005 6915 8319 5794
internal_count=20239 11920 5005 6915 8319 5794
is_linear=0
shrinkage=0.035


Tree=19
num_leaves=7
num_cat=0
split_feature=10 8 9 7 9 3
split_gain=366.067 70.9125 64.2908 36.3109 19.0469 31.7886
threshold=2600.5180443287159 2546.221345571435 610.56992788387743 -0.25000000000000028 2628.2670385588212 0.6078576107927941
decision_type=2 2 2 2 2 2
left_child=1 2 -1 -3 -2 -6
right_child=4 3 -4 -5 5 -7
leaf_value=0.0010892812833761269 0.00082485074926644144 -0.00046953673772560218 -0.0012991931005049118 0.00045277865261206257 0.0008546843586264742 7.158549305255946e-05
leaf_weight=586 2435 1149 7892 2453 4365 1359
leaf_count=586 2435 1149 7892 2453 4365 1359
internal_value=0.000580163 -0.00328822 -0.00503597 0.000825701 0.00630729 0.00520262
internal_weight=20239 12080 8478 3602 8159 5724
internal_count=20239 12080 8478 3602 8159 5724
is_linear=0
shrinkage=0.035


Tree=20
num_leaves=7
num_cat=0
split_feature=10 7 11 8 8 6
split_gain=341.9 87.0075 88.2337 52.3768 25.1287 20.2603
threshold=2555.3769793602396 0.6830127018922193 194.00834221791339 2389.7739103083086 2134.0773106067759 -0.5
decision_type=2 2 2 2 2 2
left_child=1 2 -1 -3 -2 -6
right_child=4 3 -4 -5 5 -7
leaf_value=-0.00063503087846131126 -0.0060816594546590965 -0.0024196959268647424 0.00048639316489645928 -0.00052084765750585191 0.0011497114542498555 0.00055620579222547049
leaf_weight=3027 92 2813 2908 2532 2942 5925
leaf_count=3027 92 2813 2908 2532 2942 5925
internal_value=0.000585351 -0.00346866 -0.000551297 -0.00670735 0.00568945 0.00587872
internal_weight=20239 11280 5935 5345 8959 8867
internal_count=20239 11280 5935 5345 8959 8867
is_linear=0
shrinkage=0.035


Tree=21
num_leaves=7
num_cat=0
split_feature=10 6 8 6 9 3
split_gain=318.192 64.8423 56.1568 53.7668 17.2081 29.2057
threshold=2600.5180443287159 -0.6830127018922193 685.76464353380811 -0.5 2628.2670385588212 0.6078576107927941
decision_type=2 2 2 2 2 2
left_child=1 2 -1 -3 -2 -6
right_child=4 3 -4 -5 5 -7
leaf_value=-0.046404164328969301 0.00077150698015309609 -0.0030224938132842887 0.00011509967258427124 -0.00033644286719878739 0.0008020240166568194 4.7991536115432615e-05
leaf_weight=231 2435 2976 4794 4079 4365 1359
leaf_count=231 2435 2976 4794 4079 4365 1359
internal_value=0.0005646 -0.00304197 -3.48189e-06 -0.00520585 0.00590411 0.00485415
internal_weight=20239 12080 5025 7055 8159 5724
internal_count=20239 12080 5025 7055 8159 5724
is_linear=0
shrinkage=0.035


Tree=22
num_leaves=7
num_cat=0
split_feature=10 8 9 7 9 7
split_gain=301.77 63.4546 66.1377 40.0072 16.9524 31.2284
threshold=2600.5180443287159 2521.30936563968 610.56992788387743 -0.25000000000000028 2634.5241376859753 0.6830127018922193
decision_type=2 2 2 2 2 2
left_child=1 2 -1 -3 -2 -6
right_child=4 3 -4 -5 5 -7
leaf_value=0.0012337709714657775 0.00074734141693904026 -0.00048900048522398714 -0.0012883632452462869 0.00042497493537775989 0.001041750643885111 8.0995313839897788e-05
leaf_weight=556 2552 1437 7285 2802 3877 1730
leaf_count=556 2552 1437 7285 2802 3877 1730
internal_value=0.000536932 -0.00297533 -0.00484028 0.000474646 0.00573683 0.00465897
internal_weight=20239 12080 7841 4239 8159 5607
internal_count=20239 12080 7841 4239 8159 5607
is_linear=0
shrinkage=0.035


Tree=23
num_leaves=7
num_cat=0
split_feature=10 8 6 3 9 7
split_gain=283.063 61.8961 80.0612 36.6372 16.3353 30.0404
threshold=2600.5180443287159 1085.3770108041806 -0.93301270189221908 0.87837969732492682 2634.5241376859753 0.6830127018922193
decision_type=2 2 2 2 2 2
left_child=1 3 -3 -1 -2 -6
right_child=4 2 -4 -5 5 -7
leaf_value=-0.04385851228011628 0.00072118446734618317 0.00098002362055508389 -0.00053727741646304229 0.00069468525521147132 0.0010052893713491473 7.8160477855502289e-05
leaf_weight=704 2552 1301 9979 96 3877 1730
leaf_count=704 2552 1301 9979 96 3877 1730
internal_value=0.000524827 -0.00287683 -0.00220902 -0.0122784 0.00556097 0.00450294
internal_weight=20239 12080 11280 800 8159 5607
internal_count=20239 12080 11280 800 8159 5607
is_linear=0
shrinkage=0.035


Tree=24
num_leaves=7
num_cat=0
split_feature=10 7 11 8 8 6
split_gain=270.718 80.1944 72.1921 54.6168 22.4395 19.8804
threshold=2555.3769793602396 0.6830127018922193 194.00834221791339 2389.7739103083086 2134.0773106067759 -0.5
decision_type=2 2 2 2 2 2
left_child=1 2 -1 -3 -2 -6
right_child=4 3 -4 -5 5 -7
leaf_value=-0.0005598237331016165 -0.0058711141724163947 -0.0020932917948690258 0.00046860854969517314 -0.000443111420430018 0.0010276100376039854 0.00048088468426788828
leaf_weight=3027 92 2813 2908 2532 2942 5925
leaf_count=3027 92 2813 2908 2532 2942 5925
internal_value=0.000526556 -0.00308084 -0.000280071 -0.00619014 0.00506836 0.00524724
internal_weight=20239 11280 5935 5345 8959 8867
internal_count=20239 11280 5935 5345 8959 8867
is_linear=0
shrinkage=0.035


Tree=25
num_leaves=7
num_cat=0
split_feature=10 7 11 8 11 6
split_gain=251.146 77.2557 68.521 54.2523 22.5536 45.9467
threshold=2555.3769793602396 0.6830127018922193 194.00834221791339 2318.3507525893551 101.90183298142223 0.68301270189221941
decision_type=2 2 2 2 2 2
left_child=1 2 -1 -3 -2 -6
right_child=4 3 -4 -5 5 -7
leaf_value=-0.00054022990244307234 0.00067627486594840308 -0.0033515169193975795 0.00045220725045585613 -0.00049552246157951178 0.00060336780553364559 -0.00033391018234347759
leaf_weight=3027 6705 2056 2908 3289 1225 1029
leaf_count=3027 6705 2056 2908 3289 1225 1029
internal_value=0.000486784 -0.00298777 -0.000238797 -0.00603956 0.00486133 0.00183149
internal_weight=20239 11280 5935 5345 8959 2254
internal_count=20239 11280 5935 5345 8959 2254
is_linear=0
shrinkage=0.035


Tree=26
num_leaves=7
num_cat=0
split_feature=10 8 6 3 11 6
split_gain=238.983 62.2006 70.0382 41.4031 17.5823 31.1588
threshold=2594.4108010269633 1085.3770108041806 -0.93301270189221908 0.87837969732492682 101.90183298142223 0.68301270189221941
decision_type=2 2 2 2 2 2
left_child=1 3 -3 -1 -2 -6
right_child=4 2 -4 -5 5 -7
leaf_value=-0.042355692903317491 0.0006792552246865591 0.00090107740123075437 -0.00048558053136901205 0.00086093957627836565 0.00058925943856555927 -0.00026924556969257777
leaf_weight=704 6444 1296 9824 96 979 896
leaf_count=704 6444 1296 9824 96 979 896
internal_value=0.000493701 -0.0026835 -0.00200477 -0.0121036 0.00504597 0.00206157
internal_weight=20239 11920 11120 800 8319 1875
internal_count=20239 11920 11120 800 8319 1875
is_linear=0
shrinkage=0.035


Tree=27
num_leaves=7
num_cat=0
split_feature=10 7 11 8 8 6
split_gain=220.269 68.1107 60.8449 46.7433 21.2196 19.3153
threshold=2555.3769793602396 0.6830127018922193 194.00834221791339 2389.7739103083086 2134.0773106067759 -0.5
decision_type=2 2 2 2 2 2
left_child=1 2 -1 -3 -2 -6
right_child=4 3 -4 -5 5 -7
leaf_value=-0.00050432653725965618 -0.0056885574304514318 -0.0018769404949956138 0.00043717456252180049 -0.0003932639159617635 0.00094702123716865487 0.00042983736521634791
leaf_weight=3027 92 2813 2908 2532 2942 5925
leaf_count=3027 92 2813 2908 2532 2942 5925
internal_value=0.000498888 -0.00275507 -0.000173939 -0.00562056 0.0045957 0.00476968
internal_weight=20239 11280 5935 5345 8959 8867
internal_count=20239 11280 5935 5345 8959 8867
is_linear=0
shrinkage=0.035


Tree=28
num_leaves=7
num_cat=0
split_feature=10 8 9 7 7 9
split_gain=204.589 50.9374 61.7732 29.6298 14.829 48.7405
threshold=2600.5180443287159 2521.30936563968 610.56992788387743 -0.25000000000000028 0.6830127018922193 2689.8970564636252
decision_type=2 2 2 2 2 2
left_child=1 2 -1 -3 -2 -6
right_child=4 3 -4 -5 5 -7
leaf_value=0.0012572467517963527 0.00085602727833283387 -0.00042133828865146053 -0.0010265621026465199 0.00037986373452435945 0.0004860811308476421 -0.00024216399256950629
leaf_weight=556 5278 1437 7285 2802 2002 879
leaf_count=556 5278 1437 7285 2802 2002 879
internal_value=0.000490242 -0.00240171 -0.00407262 0.000689269 0.00477175 0.00275069
internal_weight=20239 12080 7841 4239 8159 2881
internal_count=20239 12080 7841 4239 8159 2881
is_linear=0
shrinkage=0.035


Tree=29
num_leaves=7
num_cat=0
split_feature=10 8 6 10 7 9
split_gain=193.214 48.3828 59.1139 47.8803 14.0622 46.2928
threshold=2600.5180443287159 1085.3770108041806 -0.93301270189221908 1542.6519837073868 0.6830127018922193 2702.7173716864468
decision_type=2 2 2 2 2 2
left_child=1 3 -3 -1 -2 -6
right_child=4 2 -4 -5 5 -7
leaf_value=0.00025782000464445791 0.00082606632359117477 0.00086332370381132068 -0.00041728819840203274 -0.041749197691251586 0.00043880139457404878 -0.00028283824291134966
leaf_weight=248 5278 1301 9979 552 2218 663
leaf_count=248 5278 1301 9979 552 2218 663
internal_value=0.000460845 -0.00234956 -0.00175915 -0.0106617 0.00462163 0.00265354
internal_weight=20239 12080 11280 800 8159 2881
internal_count=20239 12080 11280 800 8159 2881
is_linear=0
shrinkage=0.035


Tree=30
num_leaves=7
num_cat=0
split_feature=10 7 8 8 8 6
split_gain=185.899 63.7795 55.3568 44.9797 20.2079 17.045
threshold=2555.3769793602396 0.6830127018922193 685.76464353380811 2318.3507525893551 2134.0773106067759 -0.5
decision_type=2 2 2 2 2 2
left_child=1 2 -1 -3 -2 -6
right_child=4 3 -4 -5 5 -7
leaf_value=-0.040267806752358699 -0.0054960335304769367 -0.0030581454903558505 0.00010919280380253584 -0.00039970640337031241 0.00085500221780041138 0.0003860678538169982
leaf_weight=231 92 2056 5704 3289 2942 5925
leaf_count=231 92 2056 5704 3289 2942 5925
internal_value=0.000429718 -0.00255961 -6.19104e-05 -0.00533249 0.00419336 0.00436316
internal_weight=20239 11280 5935 5345 8959 8867
internal_count=20239 11280 5935 5345 8959 8867
is_linear=0
shrinkage=0.035


Tree=31
num_leaves=7
num_cat=0
split_feature=10 7 8 10 11 6
split_gain=175.497 59.7416 55.3179 45.3787 19.5623 51.604
threshold=2555.3769793602396 0.6830127018922193 685.76464353380811 1612.836922597093 97.497129894620613 0.68301270189221941
decision_type=2 2 2 2 2 2
left_child=1 2 -1 -3 -2 -6
right_child=4 3 -4 -5 5 -7
leaf_value=-0.038858433516026157 0.00056643812444501457 0.00040281243480698952 0.00010537105566945204 -0.001273997217519245 0.00055935156572932692 -0.00037271965794232202
leaf_weight=231 6362 964 5704 4381 1426 1171
leaf_count=231 6362 964 5704 4381 1426 1171
internal_value=0.000419343 -0.00248515 -6.78066e-05 -0.00516882 0.00407617 0.00151559
internal_weight=20239 11280 5935 5345 8959 2597
internal_count=20239 11280 5935 5345 8959 2597
is_linear=0
shrinkage=0.035


Tree=32
num_leaves=7
num_cat=0
split_feature=10 8 11 10 11 7
split_gain=164.414 47.1664 55.9243 51.5981 14.8912 37.347
threshold=2594.4108010269633 1085.3770108041806 261.92092595030255 1542.6519837073868 97.497129894620613 0.6830127018922193
decision_type=2 2 2 2 2 2
left_child=1 3 -3 -1 5 -2
right_child=4 2 -4 -5 -6 -7
leaf_value=0.00034173296142613556 0.0010209475487601917 -0.00049114744077328077 0.0003028887462741548 -0.03752179508696854 0.00020129892502019023 0.00017604877541065991
leaf_weight=248 3381 7431 3689 552 2180 2758
leaf_count=248 3381 7431 3689 552 2180 2758
internal_value=0.000395133 -0.00224016 -0.00164913 -0.0104432 0.00417097 0.00505334
internal_weight=20239 11920 11120 800 8319 6139
internal_count=20239 11920 11120 800 8319 6139
is_linear=0
shrinkage=0.035


Tree=33
num_leaves=7
num_cat=0
split_feature=10 7 8 8 8 6
split_gain=156.839 54.2167 55.2789 46.6834 17.517 15.9222
threshold=2555.3769793602396 0.6830127018922193 685.76464353380811 2318.3507525893551 2134.0773106067759 -0.5
decision_type=2 2 2 2 2 2
left_child=1 2 -1 -3 -2 -6
right_child=4 3 -4 -5 5 -7
leaf_value=-0.036185242340025105 -0.0053302951240864847 -0.0029505373269493743 0.00010306721685871879 -0.00034402448902125742 0.00077119098370213033 0.00034840713213511347
leaf_weight=231 92 2056 5704 3289 2942 5925
leaf_count=231 92 2056 5704 3289 2942 5925
internal_value=0.000369195 -0.00237656 -7.37028e-05 -0.00493313 0.00382617 0.00398427
internal_weight=20239 11280 5935 5345 8959 8867
internal_count=20239 11280 5935 5345 8959 8867
is_linear=0
shrinkage=0.035


Tree=34
num_leaves=7
num_cat=0
split_feature=10 7 8 10 11 6
split_gain=145.014 49.7964 54.2489 46.3885 17.2597 40.8472
threshold=2555.3769793602396 0.6830127018922193 685.76464353380811 1612.836922597093 114.46291962104873 0.68301270189221941
decision_type=2 2 2 2 2 2
left_child=1 2 -1 -3 -2 -6
right_child=4 3 -4 -5 5 -7
leaf_value=-0.034918758858124226 0.00051190529792701335 0.00045354405392538771 9.9459864268656165e-05 -0.0011781405552197778 0.0003849796011750129 -0.0004394462749628625
leaf_weight=231 7330 964 5704 4381 918 711
leaf_count=231 7330 964 5704 4381 918 711
internal_value=0.000353631 -0.00228659 -7.95991e-05 -0.00473672 0.00367773 0.000418712
internal_weight=20239 11280 5935 5345 8959 1629
internal_count=20239 11280 5935 5345 8959 1629
is_linear=0
shrinkage=0.035


Tree=35
num_leaves=7
num_cat=0
split_feature=8 9 7 10 4 7
split_gain=138.947 48.2914 41.8611 34.9766 34.2613 30.2023
threshold=2535.5258267012091 577.8783992561838 -0.25000000000000028 2629.7084883173816 -0.56174490092936669 0.6830127018922193
decision_type=2 2 2 2 2 2
left_child=1 4 -2 -3 -1 -4
right_child=2 3 5 -5 -6 -7
leaf_value=-0.00049316489511332942 -0.00037278969372878562 -0.00076415650533015141 0.00068037015480181711 0.00091304772509296587 0.0013803912742588232 0.00012159524483289719
leaf_weight=105 1282 8074 5910 385 396 4087
leaf_count=105 1282 8074 5910 385 396 4087
internal_value=0.000339797 -0.00291374 0.00292442 -0.0035393 0.00763446 0.00368799
internal_weight=20239 8960 11279 8459 501 9997
internal_count=20239 8960 11279 8459 501 9997
is_linear=0
shrinkage=0.035


Tree=36
num_leaves=7
num_cat=0
split_feature=8 9 7 8 4 10
split_gain=127.694 48.353 38.8549 33.1376 32.2676 29.1409
threshold=2535.5258267012091 577.8783992561838 -0.25000000000000028 1085.3770108041806 -0.56174490092936669 1918.1458061871924
decision_type=2 2 2 2 2 2
left_child=1 4 -2 -3 -1 -4
right_child=2 3 5 -5 -6 -7
leaf_value=-0.00047590412378436755 -0.00035974205444828217 -0.026125945418752693 -0.0019062176893914098 -0.00045001632065449831 0.0013320775796597762 0.00046124986168004649
leaf_weight=105 1282 800 343 7659 396 9654
leaf_count=105 1282 800 343 7659 396 9654
internal_value=0.000338068 -0.00278094 0.00281582 -0.00340691 0.0077739 0.00355146
internal_weight=20239 8960 11279 8459 501 9997
internal_count=20239 8960 11279 8459 501 9997
is_linear=0
shrinkage=0.035


Tree=37
num_leaves=7
num_cat=0
split_feature=8 10 8 3 7 9
split_gain=117.651 55.8171 78.7677 57.905 44.5985 31.3237
threshold=2518.9475279965586 1580.4964585668083 1223.2919822555366 -0.60785761079279388 -0.25000000000000028 2576.0691922145029
decision_type=2 2 2 2 2 2
left_child=1 3 -3 -1 5 -2
right_child=4 2 -4 -5 -6 -7
leaf_value=0.0017624106171900691 -4.1235040032665545e-05 -0.03221242895917107 -0.00048687461048496866 -0.00041767658469769046 0.00039639748670279752 -0.0020147951340743209
leaf_weight=548 1159 571 6632 649 10379 301
leaf_count=548 1159 571 6632 649 10379 301
internal_value=0.000364007 -0.00280383 -0.00396689 0.0041924 0.0026117 -0.00311431
internal_weight=20239 8400 7203 1197 11839 1460
internal_count=20239 8400 7203 1197 11839 1460
is_linear=0
shrinkage=0.035


Tree=38
num_leaves=7
num_cat=0
split_feature=8 10 8 3 7 9
split_gain=108.708 54.3646 80.1253 57.026 42.4112 30.7527
threshold=2518.9475279965586 1580.4964585668083 1223.2919822555366 -0.60785761079279388 -0.25000000000000028 2576.0691922145029
decision_type=2 2 2 2 2 2
left_child=1 3 -3 -1 5 -2
right_child=4 2 -4 -5 -6 -7
leaf_value=0.0017007262455884088 -3.9791813631535612e-05 -0.031084993945600096 -0.00046983399911799679 -0.00040305790423328608 0.00038252357466820989 -0.0019442773043817276
leaf_weight=548 1159 571 6632 649 10379 301
leaf_count=548 1159 571 6632 649 10379 301
internal_value=0.00033288 -0.00271218 -0.00386001 0.0041924 0.00249345 -0.00309035
internal_weight=20239 8400 7203 1197 11839 1460
internal_count=20239 8400 7203 1197 11839 1460
is_linear=0
shrinkage=0.035


Tree=39
num_leaves=7
num_cat=0
split_feature=10 9 9 4 8 6
split_gain=103.818 44.3115 46.255 26.1555 15.8939 14.7009
threshold=2555.3769793602396 610.56992788387743 2737.8941013897661 -0.56174490092936669 2134.0773106067759 -0.5
decision_type=2 2 2 2 2 2
left_child=1 3 -3 -1 -2 -6
right_child=4 2 -4 -5 5 -7
leaf_value=-0.00031978245834519471 -0.005139930378603808 -0.00051705528721585298 0.00094746483772788052 0.0010303039512183077 0.00066145028180772728 0.00027918821627159751
leaf_weight=141 92 10180 380 579 2942 5925
leaf_count=141 92 10180 380 579 2942 5925
internal_value=0.000294837 -0.0019391 -0.00251207 0.00645631 0.00310742 0.00325806
internal_weight=20239 11280 10560 720 8959 8867
internal_count=20239 11280 10560 720 8959 8867
is_linear=0
shrinkage=0.035


Tree=40
num_leaves=7
num_cat=0
split_feature=8 10 8 3 7 3
split_gain=99.1511 51.2579 81.6194 53.4354 37.0283 30.7907
threshold=2518.9475279965586 1580.4964585668083 1223.2919822555366 -0.60785761079279388 -0.25000000000000028 -0.60785761079279388
decision_type=2 2 2 2 2 2
left_child=1 3 -3 -1 5 -2
right_child=4 2 -4 -5 -6 -7
leaf_value=0.0016155102637916553 -0.0022790846534964438 -0.029978922222451521 -0.00043716096919677044 -0.00037085394253257411 0.00035974767976466816 -5.3437711775075061e-05
leaf_weight=548 269 571 6632 649 10379 1191
leaf_count=548 269 571 6632 649 10379 1191
internal_value=0.000279274 -0.00262885 -0.00374341 0.00407554 0.00234269 -0.00287474
internal_weight=20239 8400 7203 1197 11839 1460
internal_count=20239 8400 7203 1197 11839 1460
is_linear=0
shrinkage=0.035


Tree=41
num_leaves=7
num_cat=0
split_feature=8 10 8 3 7 9
split_gain=91.2536 48.8013 80.5739 51.2332 33.9317 30.5291
threshold=2518.9475279965586 1580.4964585668083 1223.2919822555366 -0.60785761079279388 -0.25000000000000028 2576.0691922145029
decision_type=2 2 2 2 2 2
left_child=1 3 -3 -1 5 -2
right_child=4 2 -4 -5 -6 -7
leaf_value=0.0015589674045589576 -1.3202991637930595e-05 -0.028929659944665731 -0.00042186033527487956 -0.00035787405454392298 0.00034715651097290136 -0.0018562603437636807
leaf_weight=548 1159 571 6632 649 10379 301
leaf_count=548 1159 571 6632 649 10379 301
internal_value=0.000236042 -0.00255386 -0.00364138 0.0039879 0.00221558 -0.00277892
internal_weight=20239 8400 7203 1197 11839 1460
internal_count=20239 8400 7203 1197 11839 1460
is_linear=0
shrinkage=0.035


Tree=42
num_leaves=7
num_cat=0
split_feature=8 10 8 3 7 9
split_gain=84.419 47.9361 78.6982 49.2135 32.6588 30.5291
threshold=2518.9475279965586 1580.4964585668083 1223.2919822555366 -0.60785761079279388 -0.25000000000000028 2576.0691922145029
decision_type=2 2 2 2 2 2
left_child=1 3 -3 -1 5 -2
right_child=4 2 -4 -5 -6 -7
leaf_value=0.0015044035453993822 -1.2740886930608931e-05 -0.02791712184660243 -0.00040709522354024589 -0.00034534846263489799 0.00033500603308885603 -0.0017912912317319576
leaf_weight=548 1159 571 6632 649 10379 301
leaf_count=548 1159 571 6632 649 10379 301
internal_value=0.000217021 -0.00246637 -0.00354421 0.00401711 0.00212099 -0.00277892
internal_weight=20239 8400 7203 1197 11839 1460
internal_count=20239 8400 7203 1197 11839 1460
is_linear=0
shrinkage=0.035


Tree=43
num_leaves=7
num_cat=0
split_feature=8 10 8 3 7 9
split_gain=77.4946 47.4465 71.8074 48.4711 30.7104 29.4069
threshold=2518.9475279965586 1580.4964585668083 795.66461011401816 -0.60785761079279388 -0.25000000000000028 2576.0691922145029
decision_type=2 2 2 2 2 2
left_child=1 3 -3 -1 5 -2
right_child=4 2 -4 -5 -6 -7
leaf_value=0.0014517494213104 -1.2294955888045856e-05 -0.027604089850342923 -0.00041838665330772078 -0.00033326126644267267 0.00032328082193076039 -0.0017285960386213396
leaf_weight=548 1159 484 6719 649 10379 301
leaf_count=548 1159 484 6719 649 10379 301
internal_value=0.00019627 -0.00237472 -0.00344704 0.00407554 0.00202048 -0.00273101
internal_weight=20239 8400 7203 1197 11839 1460
internal_count=20239 8400 7203 1197 11839 1460
is_linear=0
shrinkage=0.035


Tree=44
num_leaves=7
num_cat=0
split_feature=8 10 8 3 7 3
split_gain=73.8796 46.4096 72.3989 47.2344 28.4045 30.0716
threshold=2518.9475279965586 1580.4964585668083 795.66461011401816 -0.60785761079279388 -0.25000000000000028 -0.60785761079279388
decision_type=2 2 2 2 2 2
left_child=1 3 -3 -1 5 -2
right_child=4 2 -4 -5 -6 -7
leaf_value=0.0014009381915645427 -0.0021099688726102174 -0.026637946705580905 -0.00040374312044196172 -0.00032159712211718097 0.00031196599316317912 -1.1864632431963785e-05
leaf_weight=548 269 484 6719 649 10379 1191
leaf_count=548 269 484 6719 649 10379 1191
internal_value=0.000177248 -0.00233306 -0.0033936 0.00404633 0.0019584 -0.00261123
internal_weight=20239 8400 7203 1197 11839 1460
internal_count=20239 8400 7203 1197 11839 1460
is_linear=0
shrinkage=0.035


Tree=45
num_leaves=7
num_cat=0
split_feature=8 10 8 3 7 7
split_gain=70.7668 45.6852 73.0471 47.2344 24.7401 28.442
threshold=2518.9475279965586 1580.4964585668083 795.66461011401816 -0.60785761079279388 -0.25000000000000028 0.6830127018922193
decision_type=2 2 2 2 2 2
left_child=1 3 -3 -1 -2 -6
right_child=4 2 -4 -5 5 -7
leaf_value=0.0013519053548597772 -0.00026302634694270967 -0.025705618570885581 -0.00038961211122649168 -0.00031034122284306692 0.0005198757242974761 3.3104858968584507e-05
leaf_weight=548 1460 484 6719 649 6025 4354
leaf_count=548 1460 484 6719 649 6025 4354
internal_value=0.00017379 -0.00228306 -0.0033353 0.00404633 0.00191702 0.0025171
internal_weight=20239 8400 7203 1197 11839 10379
internal_count=20239 8400 7203 1197 11839 10379
is_linear=0
shrinkage=0.035


Tree=46
num_leaves=7
num_cat=0
split_feature=10 7 8 10 11 6
split_gain=67.2102 47.5771 61.064 48.3472 14.6961 33.1014
threshold=2549.1863363758052 0.6830127018922193 1259.5305025581144 1612.836922597093 101.90183298142223 0.68301270189221941
decision_type=2 2 2 2 2 2
left_child=1 2 -1 -3 -2 -6
right_child=4 3 -4 -5 5 -7
leaf_value=-0.024420641073355152 0.00038099456172503655 0.00065101237890022648 0.00019134963322950285 -0.0010036842260951852 0.00036475265065689217 -0.00041434811419324371
leaf_weight=292 6731 964 5586 4358 1275 1033
leaf_count=292 6731 964 5586 4358 1275 1033
internal_value=0.000165143 -0.00164673 0.000523899 -0.00404377 0.00241012 0
internal_weight=20239 11200 5878 5322 9039 2308
internal_count=20239 11200 5878 5322 9039 2308
is_linear=0
shrinkage=0.035


Tree=47
num_leaves=7
num_cat=0
split_feature=8 9 6 10 9 7
split_gain=59.3791 56.0697 34.7199 18.4226 21.8743 20.8409
threshold=2535.5258267012091 610.56992788387743 -0.5 1918.1458061871924 610.56992788387743 -0.25000000000000028
decision_type=2 2 2 2 2 2
left_child=1 -1 -3 4 -2 -5
right_child=3 2 -4 5 -6 -7
leaf_value=0.0007000231683829928 0.00012379309216238978 -0.0013210748045332423 2.5296908444556457e-05 -0.00021600550645558549 -0.015303687050785754 0.00033230130280409003
leaf_weight=573 147 5091 3296 1282 196 9654
leaf_count=573 147 5091 3296 1282 196 9654
internal_value=0.000232584 -0.00189432 -0.00261832 0.00192221 -0.00605378 0.0021729
internal_weight=20239 8960 8387 11279 343 10936
internal_count=20239 8960 8387 11279 343 10936
is_linear=0
shrinkage=0.035


Tree=48
num_leaves=7
num_cat=0
split_feature=8 10 8 3 7 9
split_gain=57.241 56.9179 75.5582 44.9113 21.2049 26.9212
threshold=2518.9475279965586 1580.4964585668083 795.66461011401816 -0.60785761079279388 -0.25000000000000028 2576.0691922145029
decision_type=2 2 2 2 2 2
left_child=1 3 -3 -1 5 -2
right_child=4 2 -4 -5 -6 -7
leaf_value=0.0012603492528491069 2.2797313454767654e-05 -0.023910410921803859 -0.00035234652635737887 -0.00012622393352532235 0.00027843883949951742 -0.0016297902737820193
leaf_weight=548 1159 484 6719 649 10379 301
leaf_count=548 1159 484 6719 649 10379 301
internal_value=0.000272357 -0.00193727 -0.00311181 0.0051273 0.00184016 -0.00210815
internal_weight=20239 8400 7203 1197 11839 1460
internal_count=20239 8400 7203 1197 11839 1460
is_linear=0
shrinkage=0.035


Tree=49
num_leaves=7
num_cat=0
split_feature=7 11 10 11 10 9
split_gain=58.9039 72.2959 117.255 65.7732 58.1334 40.7173
threshold=0.6830127018922193 142.93499415825866 1741.7871710964662 724.06592833239131 2400.1148353865769 2706.2839313994214
decision_type=2 2 2 2 2 2
left_child=3 5 -3 4 -1 -2
right_child=1 2 -4 -5 -6 -7
leaf_value=0.00071941366724830762 0.00017948995047371686 0.00044598619974214773 -0.0041246159674431437 -0.022089203249211736 0.00017662360672143331 -0.0005002164431796264
leaf_weight=1606 4873 1211 1957 391 9602 599
leaf_count=1606 4873 1211 1957 391 9602 599
internal_value=0.000275815 -0.00191182 -0.00611865 0.00190539 0.00239807 0.000524392
internal_weight=20239 8640 3168 11599 11208 5472
internal_count=20239 8640 3168 11599 11208 5472
is_linear=0
shrinkage=0.035


Tree=50
num_leaves=7
num_cat=0
split_feature=7 6 10 8 10 9
split_gain=56.464 69.3614 121.187 64.4234 43.3904 37.1957
threshold=0.6830127018922193 -1.0000000180025095e-35 1741.7871710964662 685.76464353380811 2402.5833827418915 2706.2839313994214
decision_type=2 2 2 2 2 2
left_child=3 2 -2 -1 -5 -3
right_child=1 5 -4 4 -6 -7
leaf_value=-0.02230206832192122 0.00043037668275116572 0.00016492874520674495 -0.0049407436174001302 0.00064455767877920518 0.00016872162378393619 -0.00048083966600818599
leaf_weight=231 1211 5059 1765 1805 9563 605
leaf_count=231 1211 5059 1765 1805 9563 605
internal_value=0.000294837 -0.00184701 -0.00617232 0.0018903 0.00226273 0.000426302
internal_weight=20239 8640 2976 11599 11368 5664
internal_count=20239 8640 2976 11599 11368 5664
is_linear=0
shrinkage=0.035


Tree=51
num_leaves=7
num_cat=0
split_feature=8 10 8 3 7 3
split_gain=54.9271 55.3165 76.2202 44.0732 21.5978 26.0237
threshold=2518.9475279965586 1580.4964585668083 795.66461011401816 -0.60785761079279388 -0.25000000000000028 -0.60785761079279388
decision_type=2 2 2 2 2 2
left_child=1 3 -3 -1 5 -2
right_child=4 2 -4 -5 -6 -7
leaf_value=0.0011854554217204873 -0.0020085234570215828 -0.021519852034551069 -0.00033593025839547154 -0.00014536554886016351 0.00029414944845969961 2.6969852490354999e-06
leaf_weight=548 269 484 6719 649 10379 1191
leaf_count=548 269 484 6719 649 10379 1191
internal_value=0.000268898 -0.00189561 -0.00305351 0.00506886 0.00180469 -0.00218001
internal_weight=20239 8400 7203 1197 11839 1460
internal_count=20239 8400 7203 1197 11839 1460
is_linear=0
shrinkage=0.035


Tree=52
num_leaves=7
num_cat=0
split_feature=7 6 10 8 10 9
split_gain=53.7267 67.2702 118.528 62.9207 42.2137 35.5845
threshold=0.6830127018922193 -1.0000000180025095e-35 1741.7871710964662 685.76464353380811 2402.5833827418915 2706.2839313994214
decision_type=2 2 2 2 2 2
left_child=3 2 -2 -1 -5 -3
right_child=1 5 -4 4 -6 -7
leaf_value=-0.020809640506875112 0.00039694690257597649 0.00015044959857984266 -0.0047353486097807367 0.00062442700153736658 0.00015803549595137413 -0.00047430550839399737
leaf_weight=231 1211 5059 1765 1805 9563 605
leaf_count=231 1211 5059 1765 1805 9563 605
internal_value=0.000270627 -0.00181866 -0.00607827 0.00182694 0.002195 0.000420124
internal_weight=20239 8640 2976 11599 11368 5664
internal_count=20239 8640 2976 11599 11368 5664
is_linear=0
shrinkage=0.035


Tree=53
num_leaves=7
num_cat=0
split_feature=8 10 7 8 7 9
split_gain=53.217 71.6648 51.9205 57.7863 40.6208 18.6695
threshold=795.66461011401816 1542.6519837073868 0.6830127018922193 2323.9435931874982 -0.25000000000000028 2254.2323358032745
decision_type=2 2 2 2 2 2
left_child=1 5 4 -4 -2 -1
right_child=2 -3 3 -5 -6 -7
leaf_value=-0.018145652389531062 -0.00012612312840464714 -0.020133106678001673 -0.0013797403457935344 -6.9845294149817332e-06 0.0005200139146699079 0.0018844511844634761
leaf_weight=58 3614 507 1619 6538 7748 155
leaf_count=58 3614 507 1619 6538 7748 155
internal_value=0.000260252 -0.00907767 0.000605149 -0.00152519 0.00213456 0.00793224
internal_weight=20239 720 19519 8157 11362 213
internal_count=20239 720 19519 8157 11362 213
is_linear=0
shrinkage=0.035


Tree=54
num_leaves=7
num_cat=0
split_feature=8 10 7 6 10 9
split_gain=51.2601 70.4448 48.0351 55.5644 40.4275 18.6695
threshold=795.66461011401816 1542.6519837073868 0.6830127018922193 -1.0000000180025095e-35 2402.5833827418915 2254.2323358032745
decision_type=2 2 2 2 2 2
left_child=1 5 4 -4 -2 -1
right_child=2 -3 3 -5 -6 -7
leaf_value=-0.017510554555897465 0.00059089600613458702 -0.019428447944271607 -0.0013985031347022981 4.2154139888761494e-05 0.00013828177996854765 0.0018184953930072514
leaf_weight=58 1799 507 2493 5664 9563 155
leaf_count=58 1799 507 2493 5664 9563 155
internal_value=0.000232584 -0.00893204 0.000571081 -0.001478 0.00204215 0.00793224
internal_weight=20239 720 19519 8157 11362 213
internal_count=20239 720 19519 8157 11362 213
is_linear=0
shrinkage=0.035


Tree=55
num_leaves=7
num_cat=0
split_feature=8 10 7 6 10 9
split_gain=49.9694 68.2831 46.9485 54.1405 38.8294 18.3104
threshold=795.66461011401816 1542.6519837073868 0.6830127018922193 -1.0000000180025095e-35 2402.5833827418915 2254.2323358032745
decision_type=2 2 2 2 2 2
left_child=1 5 4 -4 -2 -1
right_child=2 -3 3 -5 -6 -7
leaf_value=-0.016897685146441042 0.00057021464591986435 -0.018748452266222106 -0.0013495555249877314 4.0678744992648232e-05 0.00013344191766963666 0.0017548480542519853
leaf_weight=58 1799 507 2493 5664 9563 155
leaf_count=58 1799 507 2493 5664 9563 155
internal_value=0.000213562 -0.00883495 0.000547772 -0.001478 0.00200211 0.00776869
internal_weight=20239 720 19519 8157 11362 213
internal_count=20239 720 19519 8157 11362 213
is_linear=0
shrinkage=0.035


Tree=56
num_leaves=7
num_cat=0
split_feature=8 10 7 8 10 9
split_gain=48.7896 66.1551 44.3326 52.4997 38.1446 17.9548
threshold=795.66461011401816 1542.6519837073868 0.6830127018922193 2323.9435931874982 2402.5833827418915 2254.2323358032745
decision_type=2 2 2 2 2 2
left_child=1 5 4 -4 -2 -1
right_child=2 -3 3 -5 -6 -7
leaf_value=-0.016306266166315607 0.00055025713331268388 -0.018092256436904326 -0.0012595989450226732 -4.7875456153589907e-06 0.00012877145055120389 0.0016934283723531742
leaf_weight=58 1799 507 1619 6538 9563 155
leaf_count=58 1799 507 1619 6538 9563 155
internal_value=0.000203187 -0.00873786 0.000533427 -0.00143509 0.00194667 0.00760514
internal_weight=20239 720 19519 8157 11362 213
internal_count=20239 720 19519 8157 11362 213
is_linear=0
shrinkage=0.035


Tree=57
num_leaves=7
num_cat=0
split_feature=8 10 7 6 7 9
split_gain=48.2237 64.4475 42.1845 50.3592 38.7086 18.7222
threshold=795.66461011401816 1542.6519837073868 0.6830127018922193 -1.0000000180025095e-35 -0.25000000000000028 2272.6310208215277
decision_type=2 2 2 2 2 2
left_child=1 5 4 -4 -2 -1
right_child=2 -3 3 -5 -6 -7
leaf_value=-0.014165345086192396 -0.00014144555913635505 -0.017459027461612691 -0.0012731956571442461 4.5812335459074487e-05 0.00047599120827063418 0.0016400497024104156
leaf_weight=63 3614 507 2493 5664 7748 150
leaf_count=63 3614 507 2493 5664 7748 150
internal_value=0.000199728 -0.00868932 0.000528048 -0.00139219 0.00190663 0.00744159
internal_weight=20239 720 19519 8157 11362 213
internal_count=20239 720 19519 8157 11362 213
is_linear=0
shrinkage=0.035


Tree=58
num_leaves=7
num_cat=0
split_feature=8 10 7 8 10 6
split_gain=45.5167 63.8214 39.6604 49.8432 36.9568 17.1553
threshold=795.66461011401816 1542.6519837073868 0.6830127018922193 2318.3507525893551 2402.5833827418915 -0.6830127018922193
decision_type=2 2 2 2 2 2
left_child=1 5 4 -4 -2 -1
right_child=2 -3 3 -5 -6 -7
leaf_value=-0.021144882181540096 0.00052993678587661915 -0.01684796150045623 -0.0012640237818899048 -4.1663316469264805e-07 0.00011628669188280317 0.0015767566397364564
leaf_weight=38 1799 507 1573 6584 9563 175
leaf_count=38 1799 507 1573 6584 9563 175
internal_value=0.000189353 -0.0084466 0.000508325 -0.00135358 0.00184502 0.00760514
internal_weight=20239 720 19519 8157 11362 213
internal_count=20239 720 19519 8157 11362 213
is_linear=0
shrinkage=0.035


Tree=59
num_leaves=7
num_cat=0
split_feature=8 9 8 3 10 3
split_gain=43.9407 34.7678 45.8882 13.7838 10.4371 1.58893
threshold=485.69696166045077 610.56992788387743 2521.30936563968 -0.60785761079279388 1558.9673955230312 0.6078576107927941
decision_type=2 2 2 2 2 2
left_child=4 3 -3 -2 -1 -6
right_child=1 2 -4 -5 5 -7
leaf_value=0.0057786352151001901 0.00099558466927468286 -0.00031522474569909423 0.00016937618658735334 0.00039856351994064013 -0.02582073893980457 -0.028656476522676607
leaf_weight=11.999999999999998 332 7684 11595 388 202 26
leaf_count=12 332 7684 11595 388 202 26
internal_value=0.000187624 0.000366625 8.44139e-05 0.00791262 -0.014668 -0.0163537
internal_weight=20239 19999 19279 720 240 228
internal_count=20239 19999 19279 720 240 228
is_linear=0
shrinkage=0.035


Tree=60
num_leaves=7
num_cat=0
split_feature=8 9 8 3 10 3
split_gain=43.8385 34.4824 42.6422 14.0418 10.4371 1.58893
threshold=485.69696166045077 610.56992788387743 2521.30936563968 -0.60785761079279388 1558.9673955230312 0.6078576107927941
decision_type=2 2 2 2 2 2
left_child=4 3 -3 -2 -1 -6
right_child=1 2 -4 -5 5 -7
leaf_value=0.0055763829825716772 0.00096073920585007869 -0.00030419187959962902 0.00016344802005679784 0.0003846137967427188 -0.024917013076911399 -0.02765349984438294
leaf_weight=11.999999999999998 332 7684 11595 388 202 26
leaf_count=12 332 7684 11595 388 202 26
internal_value=0.000170331 0.000349125 6.80757e-05 0.00786408 -0.014668 -0.0163537
internal_weight=20239 19999 19279 720 240 228
internal_count=20239 19999 19279 720 240 228
is_linear=0
shrinkage=0.035


Tree=61
num_leaves=7
num_cat=0
split_feature=8 9 8 4 10 3
split_gain=42.8228 31.6957 39.8119 16.1514 10.341 2.11166
threshold=485.69696166045077 610.56992788387743 2521.30936563968 -0.56174490092936669 1558.9673955230312 0.6078576107927941
decision_type=2 2 2 2 2 2
left_child=4 3 -3 -2 -1 -6
right_child=1 2 -4 -5 5 -7
leaf_value=0.0053812095781816767 -5.3708809722676782e-05 -0.00029354516381362665 0.00015772733935479622 0.00078120131876919803 -0.024044917619219498 -0.026685627349829544
leaf_weight=11.999999999999998 141 7684 11595 579 202 26
leaf_count=12 141 7684 11595 579 202 26
internal_value=0.000142663 0.000319375 4.99222e-05 0.00752427 -0.0145228 -0.0162009
internal_weight=20239 19999 19279 720 240 228
internal_count=20239 19999 19279 720 240 228
is_linear=0
shrinkage=0.035


Tree=62
num_leaves=7
num_cat=0
split_feature=8 9 8 4 10 3
split_gain=41.1533 31.7111 37.0049 15.4065 10.15 3.35312
threshold=485.69696166045077 610.56992788387743 2521.30936563968 -0.56174490092936669 1558.9673955230312 0.6078576107927941
decision_type=2 2 2 2 2 2
left_child=4 3 -3 -2 -1 -6
right_child=1 2 -4 -5 5 -7
leaf_value=0.00519286724294533 -5.1829001382395217e-05 -0.0002832710830801455 0.00015220688247738148 0.0007538592726122629 -0.02320334550254681 -0.02575163039258551
leaf_weight=11.999999999999998 141 7684 11595 579 202 26
leaf_count=12 141 7684 11595 579 202 26
internal_value=0.000144392 0.000317625 4.81068e-05 0.00752427 -0.0142324 -0.0158952
internal_weight=20239 19999 19279 720 240 228
internal_count=20239 19999 19279 720 240 228
is_linear=0
shrinkage=0.035


Tree=63
num_leaves=7
num_cat=0
split_feature=8 9 8 4 10 3
split_gain=41.084 31.819 33.9643 15.4065 10.15 3.35312
threshold=485.69696166045077 610.56992788387743 2535.5258267012091 -0.56174490092936669 1558.9673955230312 0.6078576107927941
decision_type=2 2 2 2 2 2
left_child=4 3 -3 -2 -1 -6
right_child=1 2 -4 -5 5 -7
leaf_value=0.0050111168894422511 -5.0014986334017132e-05 -0.00025718404651867924 0.00015076778281522652 0.00072747419807082112 -0.022391228409957661 -0.024850323328845011
leaf_weight=11.999999999999998 141 8147 11132 579 202 26
leaf_count=12 141 8147 11132 579 202 26
internal_value=0.000132288 0.000305375 3.53994e-05 0.00752427 -0.0142324 -0.0158952
internal_weight=20239 19999 19279 720 240 228
internal_count=20239 19999 19279 720 240 228
is_linear=0
shrinkage=0.035


Tree=64
num_leaves=7
num_cat=0
split_feature=8 9 10 3 10 3
split_gain=41.0444 31.4538 31.5497 15.5946 10.15 3.35312
threshold=485.69696166045077 610.56992788387743 2621.3196647906475 -0.60785761079279388 1558.9673955230312 0.6078576107927941
decision_type=2 2 2 2 2 2
left_child=4 3 -3 -2 -1 -6
right_child=1 2 -4 -5 5 -7
leaf_value=0.0048357277983117576 0.00084792461601447056 -0.00014386110056681113 0.0002529313095634489 0.00036077143690792517 -0.021607535415609152 -0.023980562012335425
leaf_weight=11.999999999999998 332 12160 7119 388 202 26
leaf_count=12 332 12160 7119 388 202 26
internal_value=0.000125371 0.000298375 2.99533e-05 0.00747573 -0.0142324 -0.0158952
internal_weight=20239 19999 19279 720 240 228
internal_count=20239 19999 19279 720 240 228
is_linear=0
shrinkage=0.035


Tree=65
num_leaves=7
num_cat=0
split_feature=8 9 8 4 10 3
split_gain=41.0247 30.2204 31.0741 16.3149 10.15 3.35312
threshold=485.69696166045077 610.56992788387743 2521.30936563968 -0.56174490092936669 1558.9673955230312 0.6078576107927941
decision_type=2 2 2 2 2 2
left_child=4 3 -3 -2 -1 -6
right_child=1 2 -4 -5 5 -7
leaf_value=0.0046664773253708618 -6.0891462104106794e-05 -0.00026008332365126566 0.00013632444141677082 0.00068149446033096697 -0.020851271676062832 -0.023141242341903692
leaf_weight=11.999999999999998 141 7684 11595 579 202 26
leaf_count=12 141 7684 11595 579 202 26
internal_value=0.000121912 0.000294875 3.17687e-05 0.0073301 -0.0142324 -0.0158952
internal_weight=20239 19999 19279 720 240 228
internal_count=20239 19999 19279 720 240 228
is_linear=0
shrinkage=0.035


Tree=66
num_leaves=7
num_cat=0
split_feature=8 9 8 4 10 3
split_gain=40.9555 30.745 29.1983 15.7116 10.15 3.35312
threshold=485.69696166045077 610.56992788387743 2518.9475279965586 -0.56174490092936669 1558.9673955230312 0.6078576107927941
decision_type=2 2 2 2 2 2
left_child=4 3 -3 -2 -1 -6
right_child=1 2 -4 -5 5 -7
leaf_value=0.0045031506189828902 -5.8760260930448289e-05 -0.00025222868058463857 0.00013115254275427815 0.00065764215421939556 -0.020121477167400644 -0.022331298859937062
leaf_weight=11.999999999999998 141 7610 11669 579 202 26
leaf_count=12 141 7610 11669 579 202 26
internal_value=0.000109807 0.000282625 1.72459e-05 0.00737864 -0.0142324 -0.0158952
internal_weight=20239 19999 19279 720 240 228
internal_count=20239 19999 19279 720 240 228
is_linear=0
shrinkage=0.035


Tree=67
num_leaves=7
num_cat=0
split_feature=8 9 10 4 10 3
split_gain=40.9654 30.3107 28.2671 15.5663 10.15 3.35312
threshold=485.69696166045077 610.56992788387743 2586.3532533963057 -0.56174490092936669 1558.9673955230312 0.6078576107927941
decision_type=2 2 2 2 2 2
left_child=4 3 -3 -2 -1 -6
right_child=1 2 -4 -5 5 -7
leaf_value=0.0043455403473184936 -5.6703651797871409e-05 -0.00015732852526415542 0.0001987849586957502 0.00063462467882172916 -0.019417225466541635 -0.021549703399839262
leaf_weight=11.999999999999998 141 10800 8479 579 202 26
leaf_count=12 141 10800 8479 579 202 26
internal_value=0.000111537 0.000284375 2.08766e-05 0.0073301 -0.0142324 -0.0158952
internal_weight=20239 19999 19279 720 240 228
internal_count=20239 19999 19279 720 240 228
is_linear=0
shrinkage=0.035


Tree=68
num_leaves=7
num_cat=0
split_feature=8 9 8 4 10 3
split_gain=40.847 29.2478 26.8949 15.1345 10.15 3.35312
threshold=485.69696166045077 610.56992788387743 2518.9475279965586 -0.56174490092936669 1558.9673955230312 0.6078576107927941
decision_type=2 2 2 2 2 2
left_child=4 3 -3 -2 -1 -6
right_child=1 2 -4 -5 5 -7
leaf_value=0.0041934464351623384 -5.4719023984941558e-05 -0.00024018061255351111 0.00012627147355528392 0.00061241281506298152 -0.018737622575212692 -0.020795463780844892
leaf_weight=11.999999999999998 141 7610 11669 579 202 26
leaf_count=12 141 7610 11669 579 202 26
internal_value=9.07856e-05 0.000263375 4.53838e-06 0.00718447 -0.0142324 -0.0158952
internal_weight=20239 19999 19279 720 240 228
internal_count=20239 19999 19279 720 240 228
is_linear=0
shrinkage=0.035


Tree=69
num_leaves=7
num_cat=0
split_feature=8 9 10 11 10 3
split_gain=40.0033 27.6729 25.6219 15.8421 10.0552 4.07187
threshold=485.69696166045077 610.56992788387743 2621.3196647906475 546.24400067610611 1558.9673955230312 0.6078576107927941
decision_type=2 2 2 2 2 2
left_child=4 3 -3 -2 -1 -6
right_child=1 2 -4 -5 5 -7
leaf_value=0.0040466758099316508 -0.00020694342496223152 -0.00012823044694336262 0.00022375404610046169 0.00057095441113299563 -0.018081805785080254 -0.020067622548515334
leaf_weight=11.999999999999998 100 12160 7119 620 202 26
leaf_count=12 100 12160 7119 620 202 26
internal_value=8.73271e-05 0.000258125 6.35373e-06 0.00699029 -0.0140871 -0.0157424
internal_weight=20239 19999 19279 720 240 228
internal_count=20239 19999 19279 720 240 228
is_linear=0
shrinkage=0.035


Tree=70
num_leaves=7
num_cat=0
split_feature=8 9 7 11 10 3
split_gain=38.3138 26.2255 24.8222 14.5386 9.86695 3.88308
threshold=485.69696166045077 610.56992788387743 0.6830127018922193 546.24400067610611 1558.9673955230312 0.6078576107927941
decision_type=2 2 2 2 2 2
left_child=4 3 -3 -2 -1 -6
right_child=1 2 -4 -5 5 -7
leaf_value=0.0039050421565840535 -0.00019970040508854317 0.00015263819952457514 -0.00017169044207617781 0.0005509710067433416 -0.017448942582602454 -0.019365255759317308
leaf_weight=11.999999999999998 100 11195 8084 620 202 26
leaf_count=12 100 11195 8084 620 202 26
internal_value=7.52223e-05 0.000242375 -2.72303e-06 0.00679612 -0.0137967 -0.0154367
internal_weight=20239 19999 19279 720 240 228
internal_count=20239 19999 19279 720 240 228
is_linear=0
shrinkage=0.035


Tree=71
num_leaves=7
num_cat=0
split_feature=8 10 7 6 10 6
split_gain=35.2789 56.7079 30.9372 43.9733 37.4847 17.1553
threshold=795.66461011401816 1542.6519837073868 0.6830127018922193 -1.0000000180025095e-35 2402.5833827418915 -0.6830127018922193
decision_type=2 2 2 2 2 2
left_child=1 5 4 -4 -2 -1
right_child=2 -3 3 -5 -6 -7
leaf_value=-0.020317917105879938 0.00048178872104203579 -0.015267779849653282 -0.001140225072410801 5.060658260250151e-05 9.954463694998861e-05 0.0016198158591079405
leaf_weight=38 1799 507 2493 5664 9563 175
leaf_count=38 1799 507 2493 5664 9563 175
internal_value=7.86808e-05 -0.00752427 0.000359503 -0.00128494 0.00154009 0.00760514
internal_weight=20239 720 19519 8157 11362 213
internal_count=20239 720 19519 8157 11362 213
is_linear=0
shrinkage=0.035


Tree=72
num_leaves=7
num_cat=0
split_feature=8 9 8 3 11 9
split_gain=32.1909 22.5492 22.1725 15.3787 14.2188 5.29584
threshold=485.69696166045077 610.56992788387743 2535.5258267012091 1.0000000180025095e-35 546.24400067610611 2102.387511586935
decision_type=2 2 2 2 2 2
left_child=3 4 -3 -1 -2 -5
right_child=1 2 -4 5 -6 -7
leaf_value=-0.016371766061359021 -0.00020957349614690203 -0.00020513369037631349 0.00012525464156779354 -0.027198032832095147 0.00053857843034367915 0.0033147755253115467
leaf_weight=195 100 8147 11132 11.999999999999998 620 33
leaf_count=195 100 8147 11132 12 620 33
internal_value=8.04101e-05 0.000233625 6.35373e-06 -0.0126349 0.00631068 0.00570652
internal_weight=20239 19999 19279 240 720 45
internal_count=20239 19999 19279 240 720 45
is_linear=0
shrinkage=0.035


Tree=73
num_leaves=7
num_cat=0
split_feature=8 7 8 11 3 9
split_gain=32.1997 20.5062 41.3125 38.2306 15.3787 5.29584
threshold=485.69696166045077 0.6830127018922193 685.76464353380811 820.75096363053001 1.0000000180025095e-35 2102.387511586935
decision_type=2 2 2 2 2 2
left_child=4 2 -2 -3 -1 -6
right_child=1 3 -4 -5 5 -7
leaf_value=-0.015798754249211469 -0.017674391923117275 -0.00019826967014010768 0.00018389290117434289 0.00079197680824140372 -0.026246101682971801 0.0031987583819256572
leaf_weight=195 172 7947 11368 512 11.999999999999998 33
leaf_count=195 172 7947 11368 512 12 33
internal_value=8.21393e-05 0.000235375 0.00119487 -0.00107358 -0.0126349 0.00570652
internal_weight=20239 19999 11540 8459 240 45
internal_count=20239 19999 11540 8459 240 45
is_linear=0
shrinkage=0.035


Tree=74
num_leaves=7
num_cat=0
split_feature=8 9 10 3 10 9
split_gain=32.8243 19.5563 21.1664 14.3482 13.4998 4.8943
threshold=485.69696166045077 610.56992788387743 2549.1863363758052 1.0000000180025095e-35 799.2391338365652 2102.387511586935
decision_type=2 2 2 2 2 2
left_child=3 4 -3 -1 -2 -5
right_child=1 2 -4 5 -6 -7
leaf_value=-0.015245797850489058 -0.00024222851405272919 -0.0001529183452075489 0.00016903459329236983 -0.025327488124067786 0.00049371538421053799 0.0030868018385582642
leaf_weight=195 54 10240 9039 11.999999999999998 666 33
leaf_count=195 54 10240 9039 12 666 33
internal_value=5.96591e-05 0.000214375 2.72303e-06 -0.0127801 0.00587379 0.00494565
internal_weight=20239 19999 19279 240 720 45
internal_count=20239 19999 19279 240 720 45
is_linear=0
shrinkage=0.035


Tree=75
num_leaves=7
num_cat=0
split_feature=8 7 8 11 3 9
split_gain=32.6389 18.9854 40.8564 34.4538 14.3482 4.8943
threshold=485.69696166045077 0.6830127018922193 685.76464353380811 820.75096363053001 1.0000000180025095e-35 2102.387511586935
decision_type=2 2 2 2 2 2
left_child=4 2 -2 -3 -1 -6
right_child=1 3 -4 -5 5 -7
leaf_value=-0.014712194925721943 -0.017050436063725888 -0.00019289396225913527 0.00017742118973135493 0.00074869212839233205 -0.024441026039725401 0.0029787637742087372
leaf_weight=195 172 7947 11368 512 11.999999999999998 33
leaf_count=195 172 7947 11368 512 12 33
internal_value=2.33449e-05 0.000177625 0.00110086 -0.00108186 -0.0127801 0.00494565
internal_weight=20239 19999 11540 8459 240 45
internal_count=20239 19999 11540 8459 240 45
is_linear=0
shrinkage=0.035


Tree=76
num_leaves=7
num_cat=0
split_feature=8 7 8 6 3 9
split_gain=32.6301 16.4074 40.5342 33.3919 14.3482 4.8943
threshold=485.69696166045077 0.6830127018922193 685.76464353380811 -1.0000000180025095e-35 1.0000000180025095e-35 2102.387511586935
decision_type=2 2 2 2 2 2
left_child=4 2 -2 -3 -1 -6
right_child=1 3 -4 -5 5 -7
leaf_value=-0.014197268103321671 -0.016453670801495485 -0.00084544578408412457 0.00017121144809077116 5.9967947593366774e-05 -0.023585590128335013 0.0028745070421114251
leaf_weight=195 172 2795 11368 5664 11.999999999999998 33
leaf_count=195 172 2795 11368 5664 12 33
internal_value=2.16156e-05 0.000175875 0.00103414 -0.000994976 -0.0127801 0.00494565
internal_weight=20239 19999 11540 8459 240 45
internal_count=20239 19999 11540 8459 240 45
is_linear=0
shrinkage=0.035


Tree=77
num_leaves=7
num_cat=0
split_feature=8 9 10 10 3 9
split_gain=34.0465 16.8982 25.9591 21.8498 12.3928 4.13727
threshold=485.69696166045077 1215.6113676819884 2090.3559027856313 799.2391338365652 1.0000000180025095e-35 2102.387511586935
decision_type=2 2 2 2 2 2
left_child=4 3 -3 -2 -1 -6
right_child=1 2 -4 -5 5 -7
leaf_value=-0.013700363719705401 -0.00075245213618664326 -0.0018295431358232551 3.7260460583674606e-05 0.00048163180371830989 -0.022760094473843279 0.0027738992956375164
leaf_weight=195 80 1321 17638 960 11.999999999999998 33
leaf_count=195 80 1321 17638 960 12 33
internal_value=6.05237e-06 0.000163625 -7.47627e-05 0.00450528 -0.0130705 0.00342391
internal_weight=20239 19999 18959 1040 240 45
internal_count=20239 19999 18959 1040 240 45
is_linear=0
shrinkage=0.035


Tree=78
num_leaves=7
num_cat=0
split_feature=8 9 11 3 11 9
split_gain=35.5297 15.7839 18.1323 10.578 10.4125 5.1194
threshold=485.69696166045077 610.56992788387743 118.26501225987811 1.0000000180025095e-35 546.24400067610611 2225.1064717415552
decision_type=2 2 2 2 2 2
left_child=3 4 -3 -1 -2 -5
right_child=1 2 -4 5 -6 -7
leaf_value=-0.013220850989515724 -0.00018606299488824974 0.00013398141611038918 -0.00015695467046852765 -0.0098020881236338172 0.00046821487503319938 0.0035702077673422086
leaf_weight=195 100 10480 8799 28 620 17
leaf_count=195 100 10480 8799 28 620 17
internal_value=-2.59387e-06 0.000158375 -3.17687e-05 -0.013361 0.00524272 0.00190217
internal_weight=20239 19999 19279 240 720 45
internal_count=20239 19999 19279 240 720 45
is_linear=0
shrinkage=0.035


Tree=79
num_leaves=7
num_cat=0
split_feature=8 7 8 11 3 9
split_gain=32.454 15.3289 40.2279 36.4424 14.3482 4.8943
threshold=485.69696166045077 0.6830127018922193 685.76464353380811 820.75096363053001 1.0000000180025095e-35 2102.387511586935
decision_type=2 2 2 2 2 2
left_child=4 2 -2 -3 -1 -6
right_child=1 3 -4 -5 5 -7
leaf_value=-0.012758121204882672 -0.01580826490022293 -0.00018995462322356717 0.00016129854137924228 0.00074928440819588943 -0.021620418082931577 0.002551855548433242
leaf_weight=195 172 7947 11368 512 11.999999999999998 33
leaf_count=195 172 7947 11368 512 12 33
internal_value=-1.29694e-05 0.000140875 0.000970453 -0.000990839 -0.0127801 0.00494565
internal_weight=20239 19999 11540 8459 240 45
internal_count=20239 19999 11540 8459 240 45
is_linear=0
shrinkage=0.035


Tree=80
num_leaves=7
num_cat=0
split_feature=8 11 11 3 9 9
split_gain=32.5332 14.6014 17.6325 14.3482 4.8943 0.454506
threshold=485.69696166045077 968.80140071347773 911.2986841592209 1.0000000180025095e-35 2102.387511586935 1947.16915919349
decision_type=2 2 2 2 2 2
left_child=3 2 -2 5 -5 -1
right_child=1 -3 -4 4 -6 -7
leaf_value=-0.016435947047245481 1.5350419184831933e-05 -0.015484646330571896 0.0012471746674384044 -0.02086370345002898 0.0024625406042380728 -0.012214430199635007
leaf_weight=14.999999999999998 19808 62 129 11.999999999999998 33 180
leaf_count=15 19808 62 129 12 33 180
internal_value=2.59387e-06 0.000156625 0.000209775 -0.0127801 0.00494565 -0.016875
internal_weight=20239 19999 19937 240 45 195
internal_count=20239 19999 19937 240 45 195
is_linear=0
shrinkage=0.035


Tree=81
num_leaves=7
num_cat=0
split_feature=8 11 4 3 9 9
split_gain=33.2054 14.5802 16.1361 13.3529 4.50812 0.454506
threshold=485.69696166045077 968.80140071347773 1.0000000180025095e-35 1.0000000180025095e-35 2102.387511586935 1947.16915919349
decision_type=2 2 2 2 2 2
left_child=3 2 -2 5 -5 -1
right_child=1 -3 -4 4 -6 -7
leaf_value=-0.015860688900591887 -7.0480029177832923e-05 -0.014942683709001875 0.00019567835827429382 -0.020133473829277958 0.002376351683089735 -0.011786925142647774
leaf_weight=14.999999999999998 11226 62 8711 11.999999999999998 33 180
leaf_count=15 11226 62 8711 12 33 180
internal_value=-1.12401e-05 0.000144375 0.000197487 -0.0129253 0.00418478 -0.016875
internal_weight=20239 19999 19937 240 45 195
internal_count=20239 19999 19937 240 45 195
is_linear=0
shrinkage=0.035


Tree=82
num_leaves=7
num_cat=0
split_feature=8 11 7 3 9 9
split_gain=34.616 14.5529 15.6305 11.4678 4.60965 0.454506
threshold=485.69696166045077 968.80140071347773 0.6830127018922193 1.0000000180025095e-35 2225.1064717415552 1947.16915919349
decision_type=2 2 2 2 2 2
left_child=3 2 -2 5 -5 -1
right_child=1 -3 -4 4 -6 -7
leaf_value=-0.015305564789071179 0.00013616231334906637 -0.01441968977918681 -0.00011699165088384867 -0.0097176912135582653 0.0031865743212335976 -0.011374382762655105
leaf_weight=14.999999999999998 11479 62 8458 28 17 180
leaf_count=15 11479 62 8458 28 17 180
internal_value=-3.02619e-05 0.000128625 0.000181688 -0.0132158 0.00266304 -0.016875
internal_weight=20239 19999 19937 240 45 195
internal_count=20239 19999 19937 240 45 195
is_linear=0
shrinkage=0.035


Tree=83
num_leaves=7
num_cat=0
split_feature=8 9 10 10 3 9
split_gain=32.4013 14.6221 24.3496 16.9884 14.3482 4.8943
threshold=485.69696166045077 1215.6113676819884 2090.3559027856313 799.2391338365652 1.0000000180025095e-35 2102.387511586935
decision_type=2 2 2 2 2 2
left_child=4 3 -3 -2 -1 -6
right_child=1 2 -4 -5 5 -7
leaf_value=-0.01107343612903895 -0.00072808570016472899 -0.0017473430566595162 3.3798904869561947e-05 0.00043952084028107356 -0.019088683052778693 0.0021816492729384196
leaf_weight=195 80 1321 17638 960 11.999999999999998 33
leaf_count=195 80 1321 17638 960 12 33
internal_value=-2.33449e-05 0.000130375 -9.13766e-05 0.00416907 -0.0127801 0.00494565
internal_weight=20239 19999 18959 1040 240 45
internal_count=20239 19999 18959 1040 240 45
is_linear=0
shrinkage=0.035


Tree=84
num_leaves=7
num_cat=0
split_feature=8 11 11 3 9 9
split_gain=32.4276 14.565 17.6903 14.3482 4.8943 0.454506
threshold=485.69696166045077 968.80140071347773 911.2986841592209 1.0000000180025095e-35 2102.387511586935 1947.16915919349
decision_type=2 2 2 2 2 2
left_child=3 2 -2 5 -5 -1
right_child=1 -3 -4 4 -6 -7
leaf_value=-0.014382299756937314 1.2880674182524921e-05 -0.013853843629932189 0.0012439967860838543 -0.018420579145931436 0.002105291548385564 -0.010588709101445796
leaf_weight=14.999999999999998 19808 62 129 11.999999999999998 33 180
leaf_count=15 19808 62 129 12 33 180
internal_value=-1.81571e-05 0.000135625 0.00018871 -0.0127801 0.00494565 -0.016875
internal_weight=20239 19999 19937 240 45 195
internal_count=20239 19999 19937 240 45 195
is_linear=0
shrinkage=0.035


Tree=85
num_leaves=6
num_cat=0
split_feature=8 11 10 3 9
split_gain=24.8655 18.8552 14.6091 6.37295 5.60608
threshold=462.66462807373608 968.80140071347773 1670.4432416217558 1.0000000180025095e-35 2225.1064717415552
decision_type=2 2 2 2 2
left_child=3 2 -2 -1 -5
right_child=1 -3 -4 4 -6
leaf_value=-0.012643251577893377 0.00036319361719558521 -0.013351143274561196 -1.1639474577631594e-05 -0.014110621449066036 0.0049374211518557701
leaf_weight=129 1516 79 18484 17.000000000000004 13.999999999999998
leaf_count=129 1516 79 18484 17 14
internal_value=4.32312e-06 0.000114168 0.000181991 -0.0136957 0.000546875
internal_weight=20239 20079 20000 160 31
internal_count=20239 20079 20000 160 31
is_linear=0
shrinkage=0.035


Tree=86
num_leaves=7
num_cat=0
split_feature=8 11 7 3 9 9
split_gain=24.8467 15.154 14.1194 6.37295 5.60608 0.962656
threshold=462.66462807373608 968.80140071347773 0.6830127018922193 1.0000000180025095e-35 2225.1064717415552 2701.0392359646344
decision_type=2 2 2 2 2 2
left_child=3 2 -2 -1 -5 -3
right_child=1 5 -4 4 -6 -7
leaf_value=-0.012200737772667109 0.00012820667540035303 -0.012892898860842666 -0.0001084841971457662 -0.013616749698348724 0.004764611411540825 -3.190386962024228e-06
leaf_weight=129 11521 67 8479 17.000000000000004 13.999999999999998 11.999999999999998
leaf_count=129 11521 67 8479 17 14 12
internal_value=-8.64625e-07 0.000108939 0.000169742 -0.0136957 0.000546875 -0.0150938
internal_weight=20239 20079 20000 160 31 79
internal_count=20239 20079 20000 160 31 79
is_linear=0
shrinkage=0.035


Tree=87
num_leaves=7
num_cat=0
split_feature=8 10 7 6 3 9
split_gain=24.8592 13.6493 21.7694 18.1667 6.37295 5.60608
threshold=462.66462807373608 2623.5764932899901 0.6830127018922193 0.68301270189221941 1.0000000180025095e-35 2225.1064717415552
decision_type=2 2 2 2 2 2
left_child=4 3 -3 -2 -1 -6
right_child=1 2 -4 -5 5 -7
leaf_value=-0.011773711950623765 -2.7839677023075994e-05 0.00039631134235052385 -0.00015668613430552372 -0.00069187371058922588 -0.013140163458906524 0.0045978500121368997
leaf_weight=129 12435 4749 2210 685 17.000000000000004 13.999999999999998
leaf_count=129 12435 4749 2210 685 17 14
internal_value=2.59387e-06 0.000112425 0.0013653 -0.000552168 -0.0136957 0.000546875
internal_weight=20239 20079 6959 13120 160 31
internal_count=20239 20079 6959 13120 160 31
is_linear=0
shrinkage=0.035


Tree=88
num_leaves=7
num_cat=0
split_feature=8 11 7 11 3 9
split_gain=24.8969 12.8966 29.0288 27.3947 6.37295 5.60608
threshold=462.66462807373608 118.26501225987811 -0.68301270189221952 261.92092595030255 1.0000000180025095e-35 2225.1064717415552
decision_type=2 2 2 2 2 2
left_child=4 2 -2 -3 -1 -6
right_child=1 3 -4 -5 5 -7
leaf_value=-0.011361632032351939 -0.0029775641816518665 -0.00026484831666733882 0.0001586316662596632 0.00014933250660909448 -0.012680257737844786 0.0044369252617121177
leaf_weight=129 251 5256 10229 4343 17.000000000000004 13.999999999999998
leaf_count=129 251 5256 10229 4343 17 14
internal_value=1.29694e-05 0.000122883 0.000971758 -0.000803906 -0.0136957 0.000546875
internal_weight=20239 20079 10480 9599 160 31
internal_count=20239 20079 10480 9599 160 31
is_linear=0
shrinkage=0.035


Tree=89
num_leaves=7
num_cat=0
split_feature=8 11 4 3 9 0
split_gain=24.8655 13.4696 13.684 6.37295 5.60608 2.56635
threshold=462.66462807373608 968.80140071347773 1.0000000180025095e-35 1.0000000180025095e-35 2225.1064717415552 32.500000000000007
decision_type=2 2 2 2 2 2
left_child=3 2 -2 -1 -5 -3
right_child=1 5 -4 4 -6 -7
leaf_value=-0.010963974911219629 -7.2459015445072174e-05 -4.6332528285564229e-07 0.00017374909157296783 -0.012236448717020214 0.0042816328775522041 -0.012450914784560091
leaf_weight=129 11239 14.999999999999998 8761 17.000000000000004 13.999999999999998 64
leaf_count=129 11239 15 8761 17 14 64
internal_value=4.32312e-06 0.000114168 0.000171491 -0.0136957 0.000546875 -0.0142188
internal_weight=20239 20079 20000 160 31 79
internal_count=20239 20079 20000 160 31 79
is_linear=0
shrinkage=0.035


Tree=90
num_leaves=7
num_cat=0
split_feature=8 10 7 6 3 9
split_gain=24.8091 12.7628 20.9382 17.2286 6.37295 5.60608
threshold=462.66462807373608 2623.5764932899901 0.6830127018922193 0.68301270189221941 1.0000000180025095e-35 2225.1064717415552
decision_type=2 2 2 2 2 2
left_child=4 3 -3 -2 -1 -6
right_child=1 2 -4 -5 5 -7
leaf_value=-0.010580235789326943 -2.5696681123803524e-05 0.00037544903098207799 -0.00015963018879188164 -0.00065585237409466763 -0.011808173011924496 0.0041317757268378875
leaf_weight=129 12435 4749 2210 685 17.000000000000004 13.999999999999998
leaf_count=129 12435 4749 2210 685 17 14
internal_value=-1.12401e-05 9.84811e-05 0.00130999 -0.000544166 -0.0136957 0.000546875
internal_weight=20239 20079 6959 13120 160 31
internal_count=20239 20079 6959 13120 160 31
is_linear=0
shrinkage=0.035


Tree=91
num_leaves=7
num_cat=0
split_feature=8 8 10 7 3 9
split_gain=24.8279 11.962 22.9754 15.2874 6.37295 5.60608
threshold=462.66462807373608 2544.3984751565381 1580.4964585668083 -0.25000000000000028 1.0000000180025095e-35 2225.1064717415552
decision_type=2 2 2 2 2 2
left_child=4 2 -2 -3 -1 -6
right_child=1 3 -4 -5 5 -7
leaf_value=-0.010209927536700506 0.00044298551356672714 -0.00035498955266557444 -0.00021446574328761961 0.00017223675597524582 -0.011394886956507149 0.003987163576398574
leaf_weight=129 1209 1174 7911 9785 17.000000000000004 13.999999999999998
leaf_count=129 1209 1174 7911 9785 17 14
internal_value=-6.05237e-06 0.00010371 -0.000832694 0.000882984 -0.0136957 0.000546875
internal_weight=20239 20079 9120 10959 160 31
internal_count=20239 20079 9120 10959 160 31
is_linear=0
shrinkage=0.035


Tree=92
num_leaves=7
num_cat=0
split_feature=8 7 11 11 3 9
split_gain=24.8279 11.9667 34.2175 32.0878 6.37295 5.60608
threshold=462.66462807373608 0.6830127018922193 724.06592833239131 820.75096363053001 1.0000000180025095e-35 2225.1064717415552
decision_type=2 2 2 2 2 2
left_child=4 2 -2 -3 -1 -6
right_child=1 3 -4 -5 5 -7
leaf_value=-0.0098525800729159889 0.00014888671510875141 -0.0001718267026969178 -0.012074257033941658 0.00065887254665095716 -0.010996065913029388 0.0038476128512246379
leaf_weight=129 11208 7965 391 515 17.000000000000004 13.999999999999998
leaf_count=129 11208 7965 391 515 17 14
internal_value=-6.05237e-06 0.00010371 0.000834267 -0.000895531 -0.0136957 0.000546875
internal_weight=20239 20079 11599 8480 160 31
internal_count=20239 20079 11599 8480 160 31
is_linear=0
shrinkage=0.035


Tree=93
num_leaves=7
num_cat=0
split_feature=8 4 7 8 3 9
split_gain=25.7503 13.1977 30.6803 21.3439 5.58413 4.87392
threshold=462.66462807373608 1.0000000180025095e-35 -0.25000000000000028 2781.6208544896826 1.0000000180025095e-35 2272.6310208215277
decision_type=2 2 2 2 2 2
left_child=4 2 -2 -3 -1 -6
right_child=1 3 -4 -5 5 -7
leaf_value=-0.0095077397703639179 -0.00063684025067195288 9.883323873364881e-05 1.8039547217283403e-05 0.00060193097525756533 -0.010464971954767211 0.0037129464014317853
leaf_weight=129 1881 8258 9358 582 19.000000000000004 11.999999999999998
leaf_count=129 1881 8258 9358 582 19 12
internal_value=2.85326e-05 0.000140314 -0.000655472 0.00115202 -0.013913 -0.000546875
internal_weight=20239 20079 11239 8840 160 31
internal_count=20239 20079 11239 8840 160 31
is_linear=0
shrinkage=0.035


Tree=94
num_leaves=7
num_cat=0
split_feature=8 7 6 11 3 9
split_gain=24.9346 12.2831 31.9709 22.4837 6.37295 5.60608
threshold=462.66462807373608 0.6830127018922193 -1.0000000180025095e-35 724.06592833239131 1.0000000180025095e-35 2225.1064717415552
decision_type=2 2 2 2 2 2
left_child=4 3 -3 -2 -1 -6
right_child=1 2 -4 -5 5 -7
leaf_value=-0.0091749688784011699 0.00014403642186871181 -0.00080732800301967843 6.6598148305272443e-05 -0.011655117201109367 -0.010244929587656514 0.0035829932773816632
leaf_weight=129 11208 2816 5664 391 17.000000000000004 13.999999999999998
leaf_count=129 11208 2816 5664 391 17 14
internal_value=2.33449e-05 0.000133342 -0.000879024 0.000873491 -0.0136957 0.000546875
internal_weight=20239 20079 8480 11599 160 31
internal_count=20239 20079 8480 11599 160 31
is_linear=0
shrinkage=0.035


Tree=95
num_leaves=7
num_cat=0
split_feature=8 8 11 3 9 2
split_gain=25.0353 14.0166 14.5074 6.37295 5.60608 2.48202
threshold=462.66462807373608 485.69696166045077 968.80140071347773 1.0000000180025095e-35 2225.1064717415552 -0.3520614488341256
decision_type=2 2 2 2 2 2
left_child=3 5 -3 -1 -5 -2
right_child=1 2 -4 4 -6 -7
leaf_value=-0.0088538449676571242 -3.1829162566365814e-06 1.8832154340504561e-05 -0.011183413239995834 -0.0098863570520885263 0.0034575885126732976 0.00082190972060537616
leaf_weight=129 11.999999999999998 19937 62 17.000000000000004 13.999999999999998 68
leaf_count=129 12 19937 62 17 14 68
internal_value=5.10128e-05 0.00016123 0.000102375 -0.0136957 0.000546875 0.0146914
internal_weight=20239 20079 19999 160 31 80
internal_count=20239 20079 19999 160 31 80
is_linear=0
shrinkage=0.035


Tree=96
num_leaves=7
num_cat=0
split_feature=8 8 11 3 9 2
split_gain=25.0038 13.2117 14.4953 6.37295 5.60608 2.33816
threshold=462.66462807373608 485.69696166045077 968.80140071347773 1.0000000180025095e-35 2225.1064717415552 -0.3520614488341256
decision_type=2 2 2 2 2 2
left_child=3 5 -3 -1 -5 -2
right_child=1 2 -4 4 -6 -7
leaf_value=-0.0085439603937891295 -3.0715141876491716e-06 1.8173028938575088e-05 -0.010791993776595975 -0.0095403345552654405 0.003336572914729732 0.00079314288038417674
leaf_weight=129 11.999999999999998 19937 62 17.000000000000004 13.999999999999998 68
leaf_count=129 12 19937 62 17 14 68
internal_value=4.23666e-05 0.000152515 9.5375e-05 -0.0136957 0.000546875 0.0142593
internal_weight=20239 20079 19999 160 31 80
internal_count=20239 20079 19999 160 31 80
is_linear=0
shrinkage=0.035


Tree=97
num_leaves=7
num_cat=0
split_feature=8 8 11 3 9 2
split_gain=25.763 13.228 14.4802 5.58413 4.87392 2.33816
threshold=462.66462807373608 485.69696166045077 968.80140071347773 1.0000000180025095e-35 2272.6310208215277 -0.3520614488341256
decision_type=2 2 2 2 2 2
left_child=3 5 -3 -1 -5 -2
right_child=1 2 -4 4 -6 -7
leaf_value=-0.0082449217800065182 -2.9640111910733683e-06 1.7536972925724648e-05 -0.010414273994415102 -0.009060191194524992 0.0032197928627141861 0.00076538287957074414
leaf_weight=129 11.999999999999998 19937 62 19.000000000000004 11.999999999999998 68
leaf_count=129 12 19937 62 19 12 68
internal_value=3.19911e-05 0.0001438 8.6625e-05 -0.013913 -0.000546875 0.0142593
internal_weight=20239 20079 19999 160 31 80
internal_count=20239 20079 19999 160 31 80
is_linear=0
shrinkage=0.035


Tree=98
num_leaves=7
num_cat=0
split_feature=8 8 11 3 9 2
split_gain=25.7439 13.2378 14.4711 5.58413 4.75046 2.33816
threshold=462.66462807373608 485.69696166045077 968.80140071347773 1.0000000180025095e-35 2213.6617160711849 -0.3520614488341256
decision_type=2 2 2 2 2 2
left_child=3 5 -3 -1 -5 -2
right_child=1 2 -4 4 -6 -7
leaf_value=-0.0079563495177062925 -2.8602707993830025e-06 1.6923178873335943e-05 -0.01004977440461056 -0.016219791007538398 0.0031071001125192034 0.00073859447878575689
leaf_weight=129 11.999999999999998 19937 62 15.000000000000002 15.999999999999998 68
leaf_count=129 12 19937 62 15 16 68
internal_value=2.68034e-05 0.000138571 8.1375e-05 -0.013913 -0.000546875 0.0142593
internal_weight=20239 20079 19999 160 31 80
internal_count=20239 20079 19999 160 31 80
is_linear=0
shrinkage=0.035


Tree=99
num_leaves=7
num_cat=0
split_feature=8 8 11 3 9 2
split_gain=25.7183 13.2509 14.459 5.58413 4.07274 2.33816
threshold=462.66462807373608 485.69696166045077 968.80140071347773 1.0000000180025095e-35 2153.7844701632366 -0.3520614488341256
decision_type=2 2 2 2 2 2
left_child=3 5 -3 -1 -5 -2
right_child=1 2 -4 4 -6 -7
leaf_value=-0.0076778772845865683 -2.7601613213912306e-06 1.6330867612768252e-05 -0.0096980323004492025 -0.015895970726373075 0.00099789797645443833 0.00071274367202826653
leaf_weight=129 11.999999999999998 19937 62 14.000000000000002 17 68
leaf_count=129 12 19937 62 14 17 68
internal_value=1.98864e-05 0.000131599 7.4375e-05 -0.013913 -0.000546875 0.0142593
internal_weight=20239 20079 19999 160 31 80
internal_count=20239 20079 19999 160 31 80
is_linear=0
shrinkage=0.035


Tree=100
num_leaves=7
num_cat=0
split_feature=8 4 7 8 3 9
split_gain=25.6737 13.021 28.5262 20.7391 5.58413 4.07274
threshold=462.66462807373608 1.0000000180025095e-35 -0.25000000000000028 2781.6208544896826 1.0000000180025095e-35 2153.7844701632366
decision_type=2 2 2 2 2 2
left_child=4 2 -2 -3 -1 -6
right_child=1 3 -4 -5 5 -7
leaf_value=-0.0074091515796260417 -0.00062266498375803455 9.5639434504732904e-05 1.4161653415671883e-05 0.00060052886430840286 -0.015339611750950001 0.0009629715472785484
leaf_weight=129 1881 8258 9358 582 14.000000000000002 17
leaf_count=129 1881 8258 9358 582 14 17
internal_value=7.78162e-06 0.000119397 -0.000671041 0.00112431 -0.013913 -0.000546875
internal_weight=20239 20079 11239 8840 160 31
internal_count=20239 20079 11239 8840 160 31
is_linear=0
shrinkage=0.035


Tree=101
num_leaves=7
num_cat=0
split_feature=8 4 7 8 3 9
split_gain=25.6545 12.2451 26.4094 19.0549 5.58413 4.07274
threshold=462.66462807373608 1.0000000180025095e-35 -0.25000000000000028 2781.6208544896826 1.0000000180025095e-35 2153.7844701632366
decision_type=2 2 2 2 2 2
left_child=4 2 -2 -3 -1 -6
right_child=1 3 -4 -5 5 -7
leaf_value=-0.0071498312743391249 -0.00060087170932651376 9.2292054297078433e-05 1.3665995546137123e-05 0.00057951035405761308 -0.01480272533966674 0.00092926754312379963
leaf_weight=129 1881 8258 9358 582 14.000000000000002 17
leaf_count=129 1881 8258 9358 582 14 17
internal_value=2.59387e-06 0.000114168 -0.000652358 0.00108868 -0.013913 -0.000546875
internal_weight=20239 20079 11239 8840 160 31
internal_count=20239 20079 11239 8840 160 31
is_linear=0
shrinkage=0.035


Tree=102
num_leaves=7
num_cat=0
split_feature=8 7 11 11 3 9
split_gain=25.6737 11.8485 31.9315 16.468 5.58413 4.07274
threshold=462.66462807373608 0.6830127018922193 820.75096363053001 724.06592833239131 1.0000000180025095e-35 2153.7844701632366
decision_type=2 2 2 2 2 2
left_child=4 3 -3 -2 -1 -6
right_child=1 2 -4 -5 5 -7
leaf_value=-0.0068995871797372524 0.00013676563524009036 -0.00017476367430875774 0.00065691946864800956 -0.01121760202271002 -0.014284629952778394 0.00089674317911446542
leaf_weight=129 11208 7965 515 391 14.000000000000002 17
leaf_count=129 11208 7965 515 391 14 17
internal_value=7.78162e-06 0.000119397 -0.000874897 0.000846336 -0.013913 -0.000546875
internal_weight=20239 20079 8480 11599 160 31
internal_count=20239 20079 8480 11599 160 31
is_linear=0
shrinkage=0.035


Tree=103
num_leaves=7
num_cat=0
split_feature=8 8 11 3 9 2
split_gain=26.4947 14.0873 14.4439 4.84538 4.0409 2.48202
threshold=462.66462807373608 485.69696166045077 968.80140071347773 1.0000000180025095e-35 2213.6617160711849 -0.3520614488341256
decision_type=2 2 2 2 2 2
left_child=3 5 -3 -1 -5 -2
right_child=1 2 -4 4 -6 -7
leaf_value=-0.0066581016284464403 2.4792052120448108e-06 1.5284067521195156e-05 -0.0089725627012466492 -0.013540795500332627 0.0028658107999720464 0.0010634303333092144
leaf_weight=129 11.999999999999998 19937 62 15.000000000000002 15.999999999999998 68
leaf_count=129 12 19937 62 15 16 68
internal_value=1.12401e-05 0.000124626 6.5625e-05 -0.0141304 -0.00164063 0.0146914
internal_weight=20239 20079 19999 160 31 80
internal_count=20239 20079 19999 160 31 80
is_linear=0
shrinkage=0.035


Tree=104
num_leaves=7
num_cat=0
split_feature=8 8 11 3 9 2
split_gain=26.4883 14.0907 14.4409 4.84538 3.45469 2.48202
threshold=462.66462807373608 485.69696166045077 968.80140071347773 1.0000000180025095e-35 2153.7844701632366 -0.3520614488341256
decision_type=2 2 2 2 2 2
left_child=3 5 -3 -1 -5 -2
right_child=1 2 -4 4 -6 -7
leaf_value=-0.0064250680714508018 2.3924330296321017e-06 1.4749125157962342e-05 -0.0086585230067030231 -0.013310740061919481 0.00076505378984643275 0.0010262102716434064
leaf_weight=129 11.999999999999998 19937 62 14.000000000000002 17 68
leaf_count=129 12 19937 62 14 17 68
internal_value=9.51087e-06 0.000122883 6.3875e-05 -0.0141304 -0.00164063 0.0146914
internal_weight=20239 20079 19999 160 31 80
internal_count=20239 20079 19999 160 31 80
is_linear=0
shrinkage=0.035


Tree=105
num_leaves=7
num_cat=0
split_feature=8 8 11 1 2 11
split_gain=27.2893 14.0974 14.4349 4.54296 2.48202 0.606761
threshold=462.66462807373608 485.69696166045077 968.80140071347773 0.77259657388510639 -0.3520614488341256 911.2986841592209
decision_type=2 2 2 2 2 2
left_child=3 4 -3 5 -2 -1
right_child=1 2 -4 -5 -6 -7
leaf_value=-0.0067326628225864976 2.3086978736008846e-06 1.423290577744485e-05 -0.0083554747014684076 0.00042030680325606091 0.00099029291213589507 -0.0039521463897754794
leaf_weight=127 11.999999999999998 19937 62 21 68 11.999999999999998
leaf_count=127 12 19937 62 21 68 12
internal_value=4.32312e-06 0.000119397 6.0375e-05 -0.0143478 0.0146914 -0.016625
internal_weight=20239 20079 19999 160 80 139
internal_count=20239 20079 19999 160 80 139
is_linear=0
shrinkage=0.035


Tree=106
num_leaves=7
num_cat=0
split_feature=8 8 11 3 9 2
split_gain=26.4624 14.1042 14.4288 4.84538 3.45469 2.48202
threshold=462.66462807373608 485.69696166045077 968.80140071347773 1.0000000180025095e-35 2153.7844701632366 -0.3520614488341256
decision_type=2 2 2 2 2 2
left_child=3 5 -3 -1 -5 -2
right_child=1 2 -4 4 -6 -7
leaf_value=-0.0062149014270639754 2.227893448019103e-06 1.3734754075231949e-05 -0.0080630330869170177 -0.012609220960961754 0.00087660203084395161 0.00095563266021112989
leaf_weight=129 11.999999999999998 19937 62 14.000000000000002 17 68
leaf_count=129 12 19937 62 14 17 68
internal_value=2.59387e-06 0.000115911 5.6875e-05 -0.0141304 -0.00164063 0.0146914
internal_weight=20239 20079 19999 160 31 80
internal_count=20239 20079 19999 160 31 80
is_linear=0
shrinkage=0.035


Tree=107
num_leaves=7
num_cat=0
split_feature=8 8 11 3 9 2
split_gain=26.4106 14.1312 14.4047 4.84538 3.45469 2.48202
threshold=462.66462807373608 485.69696166045077 968.80140071347773 1.0000000180025095e-35 2153.7844701632366 -0.3520614488341256
decision_type=2 2 2 2 2 2
left_child=3 5 -3 -1 -5 -2
right_child=1 2 -4 4 -6 -7
leaf_value=-0.0059973798771167488 2.1499171773253779e-06 1.3254037682592924e-05 -0.0077808269288749182 -0.01216789822732809 0.00084592095976442137 0.00092218551710375528
leaf_weight=129 11.999999999999998 19937 62 14.000000000000002 17 68
leaf_count=129 12 19937 62 14 17 68
internal_value=-1.12401e-05 0.000101967 4.2875e-05 -0.0141304 -0.00164063 0.0146914
internal_weight=20239 20079 19999 160 31 80
internal_count=20239 20079 19999 160 31 80
is_linear=0
shrinkage=0.035


Tree=108
num_leaves=7
num_cat=0
split_feature=8 8 11 3 9 2
split_gain=26.3847 14.1447 14.3926 4.84538 3.45469 2.48202
threshold=462.66462807373608 485.69696166045077 968.80140071347773 1.0000000180025095e-35 2153.7844701632366 -0.3520614488341256
decision_type=2 2 2 2 2 2
left_child=3 5 -3 -1 -5 -2
right_child=1 2 -4 4 -6 -7
leaf_value=-0.0057874715814176499 2.0746700761087312e-06 1.2790146363705902e-05 -0.0075084979863642917 -0.011742021789371613 0.0008163137261726661 0.00088990902400511564
leaf_weight=129 11.999999999999998 19937 62 14.000000000000002 17 68
leaf_count=129 12 19937 62 14 17 68
internal_value=-1.81571e-05 9.4995e-05 3.5875e-05 -0.0141304 -0.00164063 0.0146914
internal_weight=20239 20079 19999 160 31 80
internal_count=20239 20079 19999 160 31 80
is_linear=0
shrinkage=0.035


Tree=109
num_leaves=7
num_cat=0
split_feature=8 8 11 3 9 2
split_gain=26.3782 14.1481 14.3896 4.84538 3.45469 2.48202
threshold=462.66462807373608 485.69696166045077 968.80140071347773 1.0000000180025095e-35 2153.7844701632366 -0.3520614488341256
decision_type=2 2 2 2 2 2
left_child=3 5 -3 -1 -5 -2
right_child=1 2 -4 4 -6 -7
leaf_value=-0.0055849100760680462 2.002056623457982e-06 1.234249124098863e-05 -0.0072457005568415285 -0.011331051026743593 0.0007877427457566278 0.00085876220816492941
leaf_weight=129 11.999999999999998 19937 62 14.000000000000002 17 68
leaf_count=129 12 19937 62 14 17 68
internal_value=-1.98864e-05 9.3252e-05 3.4125e-05 -0.0141304 -0.00164063 0.0146914
internal_weight=20239 20079 19999 160 31 80
internal_count=20239 20079 19999 160 31 80
is_linear=0
shrinkage=0.035


Tree=110
num_leaves=7
num_cat=0
split_feature=8 8 11 3 9 2
split_gain=26.3782 14.1481 14.3896 4.84538 3.45469 2.48202
threshold=462.66462807373608 485.69696166045077 968.80140071347773 1.0000000180025095e-35 2153.7844701632366 -0.3520614488341256
decision_type=2 2 2 2 2 2
left_child=3 5 -3 -1 -5 -2
right_child=1 2 -4 4 -6 -7
leaf_value=-0.0053894382234056784 1.9319846416321343e-06 1.1910504047567551e-05 -0.0069921010373520881 -0.010934464240807556 0.00076017174965515644 0.00082870553087915249
leaf_weight=129 11.999999999999998 19937 62 14.000000000000002 17 68
leaf_count=129 12 19937 62 14 17 68
internal_value=-1.98864e-05 9.3252e-05 3.4125e-05 -0.0141304 -0.00164063 0.0146914
internal_weight=20239 20079 19999 160 31 80
internal_count=20239 20079 19999 160 31 80
is_linear=0
shrinkage=0.035


Tree=111
num_leaves=7
num_cat=0
split_feature=8 8 11 1 2 11
split_gain=27.1907 14.1481 14.3896 4.54296 2.48202 0.606761
threshold=462.66462807373608 485.69696166045077 968.80140071347773 0.77259657388510639 -0.3520614488341256 911.2986841592209
decision_type=2 2 2 2 2 2
left_child=3 4 -3 5 -2 -1
right_child=1 2 -4 -5 -6 -7
leaf_value=-0.0054829260823184584 1.8643651791760976e-06 1.1493636405890407e-05 -0.0067473775010447627 0.00026255977271538722 0.00079970083729837612 -0.0033782926416079319
leaf_weight=127 11.999999999999998 19937 62 21 68 11.999999999999998
leaf_count=127 12 19937 62 21 68 12
internal_value=-2.16156e-05 9.3252e-05 3.4125e-05 -0.0143478 0.0146914 -0.016625
internal_weight=20239 20079 19999 160 80 139
internal_count=20239 20079 19999 160 80 139
is_linear=0
shrinkage=0.035


Tree=112
num_leaves=7
num_cat=0
split_feature=8 8 11 3 9 2
split_gain=26.3589 13.3328 14.3836 4.84538 3.45469 2.33816
threshold=462.66462807373608 485.69696166045077 968.80140071347773 1.0000000180025095e-35 2153.7844701632366 -0.3520614488341256
decision_type=2 2 2 2 2 2
left_child=3 5 -3 -1 -5 -2
right_child=1 2 -4 4 -6 -7
leaf_value=-0.0052099974776315073 1.7991123978911007e-06 1.1091359131674139e-05 -0.0065112192885082064 -0.010359855579498164 0.00085180598087349242 0.00077171130799293943
leaf_weight=129 11.999999999999998 19937 62 14.000000000000002 17 68
leaf_count=129 12 19937 62 14 17 68
internal_value=-2.50741e-05 8.80229e-05 3.0625e-05 -0.0141304 -0.00164063 0.0142593
internal_weight=20239 20079 19999 160 31 80
internal_count=20239 20079 19999 160 31 80
is_linear=0
shrinkage=0.035


Tree=113
num_leaves=7
num_cat=0
split_feature=8 8 11 3 9 2
split_gain=26.3265 13.3492 14.3685 4.84538 3.45469 2.33816
threshold=462.66462807373608 485.69696166045077 968.80140071347773 1.0000000180025095e-35 2153.7844701632366 -0.3520614488341256
decision_type=2 2 2 2 2 2
left_child=3 5 -3 -1 -5 -2
right_child=1 2 -4 4 -6 -7
leaf_value=-0.0050276475659143931 1.7361434639706631e-06 1.0703161562068964e-05 -0.006283326613410428 -0.0099972606342157294 0.00082199277154293437 0.00074470141221317577
leaf_weight=129 11.999999999999998 19937 62 14.000000000000002 17 68
leaf_count=129 12 19937 62 14 17 68
internal_value=-3.37204e-05 7.93078e-05 2.1875e-05 -0.0141304 -0.00164063 0.0142593
internal_weight=20239 20079 19999 160 31 80
internal_count=20239 20079 19999 160 31 80
is_linear=0
shrinkage=0.035


Tree=114
num_leaves=7
num_cat=0
split_feature=8 8 11 3 9 2
split_gain=25.5145 13.3557 14.3625 4.6774 3.45469 2.33816
threshold=462.66462807373608 485.69696166045077 968.80140071347773 1.0000000180025095e-35 2153.7844701632366 -0.3520614488341256
decision_type=2 2 2 2 2 2
left_child=3 5 -3 -1 -5 -2
right_child=1 2 -4 4 -6 -7
leaf_value=-0.0048516799011073756 1.6753784427425701e-06 1.0328550907385826e-05 -0.0060634101819410499 -0.0096473565120181754 0.00079322302453891606 0.00071863686278572658
leaf_weight=129 11.999999999999998 19937 62 14.000000000000002 17 68
leaf_count=129 12 19937 62 14 17 68
internal_value=-3.54496e-05 7.58217e-05 1.8375e-05 -0.013913 -0.00164063 0.0142593
internal_weight=20239 20079 19999 160 31 80
internal_count=20239 20079 19999 160 31 80
is_linear=0
shrinkage=0.035


Tree=115
num_leaves=7
num_cat=0
split_feature=8 8 11 3 9 2
split_gain=24.7214 12.5575 14.3625 4.51237 3.45469 2.1986
threshold=462.66462807373608 485.69696166045077 968.80140071347773 1.0000000180025095e-35 2153.7844701632366 -0.3520614488341256
decision_type=2 2 2 2 2 2
left_child=3 5 -3 -1 -5 -2
right_child=1 2 -4 4 -6 -7
leaf_value=-0.0046818711045686183 1.6167401972344565e-06 9.9670516256411548e-06 -0.0058511908255731142 -0.009309699034097535 0.00076546021868004752 0.00069348457258823005
leaf_weight=129 11.999999999999998 19937 62 14.000000000000002 17 68
leaf_count=129 12 19937 62 14 17 68
internal_value=-3.54496e-05 7.40787e-05 1.8375e-05 -0.0136957 -0.00164063 0.0138272
internal_weight=20239 20079 19999 160 31 80
internal_count=20239 20079 19999 160 31 80
is_linear=0
shrinkage=0.035


Tree=116
num_leaves=7
num_cat=0
split_feature=8 10 9 3 9 2
split_gain=24.6963 12.0319 19.8218 4.51237 3.45469 1.09431
threshold=462.66462807373608 799.2391338365652 1215.6113676819884 1.0000000180025095e-35 2153.7844701632366 -0.097964660725097366
decision_type=2 2 2 2 2 2
left_child=3 5 -3 -1 -5 -2
right_child=1 2 -4 4 -6 -7
leaf_value=-0.0045180056159087158 -6.7764132468486345e-05 0.00050372055651126679 -1.5574157913733624e-05 -0.0089838595679041303 0.00073866911102623341 -0.00079778894407028127
leaf_weight=129 12.999999999999998 960 19039 14.000000000000002 17 67
leaf_count=129 13 960 19039 14 17 67
internal_value=-4.23666e-05 6.71066e-05 0.000121625 -0.0136957 -0.00164063 -0.0133951
internal_weight=20239 20079 19999 160 31 80
internal_count=20239 20079 19999 160 31 80
is_linear=0
shrinkage=0.035


Tree=117
num_leaves=7
num_cat=0
split_feature=8 4 7 8 1 11
split_gain=25.4763 11.2063 25.6779 17.4492 4.28644 0.525064
threshold=462.66462807373608 1.0000000180025095e-35 -0.25000000000000028 2784.7395347330198 0.77259657388510639 911.2986841592209
decision_type=2 2 2 2 2 2
left_child=4 2 -2 -3 5 -1
right_child=1 3 -4 -5 -6 -7
leaf_value=-0.0044409016111577283 -0.00058974876390897272 8.9639090915685232e-05 7.4016813392319142e-06 0.00057580304927311819 0.00011437989193716636 -0.0029044865143784617
leaf_weight=127 1881 8296 9358 544 21 11.999999999999998
leaf_count=127 1881 8296 9358 544 21 12
internal_value=-4.58251e-05 6.53635e-05 -0.000667927 0.000997625 -0.013913 -0.016125
internal_weight=20239 20079 11239 8840 160 139
internal_count=20239 20079 11239 8840 160 139
is_linear=0
shrinkage=0.035


Tree=118
num_leaves=7
num_cat=0
split_feature=8 7 6 11 3 9
split_gain=23.203 11.5831 30.4275 16.2434 4.1912 3.45469
threshold=462.66462807373608 0.6830127018922193 -1.0000000180025095e-35 724.06592833239131 1.0000000180025095e-35 2153.7844701632366
decision_type=2 2 2 2 2 2
left_child=4 3 -3 -2 -1 -6
right_child=1 2 -4 -5 5 -7
leaf_value=-0.0043245921021053671 0.00012874348970665973 -0.00079985597088926279 5.6429143624225914e-05 -0.010833244087272683 -0.0085139929266369718 0.00081447272014354875
leaf_weight=129 11208 2816 5664 391 14.000000000000002 17
leaf_count=129 11208 2816 5664 391 14 17
internal_value=-2.68034e-05 7.93078e-05 -0.000903785 0.00079806 -0.0132609 -0.00164063
internal_weight=20239 20079 8480 11599 160 31
internal_count=20239 20079 8480 11599 160 31
is_linear=0
shrinkage=0.035


Tree=119
num_leaves=7
num_cat=0
split_feature=8 8 11 3 9 2
split_gain=22.4888 14.1548 14.3836 4.03506 3.45469 2.48202
threshold=462.66462807373608 485.69696166045077 968.80140071347773 1.0000000180025095e-35 2153.7844701632366 -0.3520614488341256
decision_type=2 2 2 2 2 2
left_child=3 5 -3 -1 -5 -2
right_child=1 2 -4 4 -6 -7
leaf_value=-0.0041732313785316725 2.9841149951588267e-05 8.5113918050172551e-06 -0.00526982787627857 -0.0082160031742046884 0.00078596617493853949 0.001045783882947129
leaf_weight=129 11.999999999999998 19937 62 14.000000000000002 17 68
leaf_count=129 12 19937 62 14 17 68
internal_value=-1.46986e-05 8.97659e-05 3.0625e-05 -0.0130435 -0.00164063 0.0146914
internal_weight=20239 20079 19999 160 31 80
internal_count=20239 20079 19999 160 31 80
is_linear=0
shrinkage=0.035


end of trees

feature_importances:
lag_2d=178
lag_7d=105
same_slot_mean_2_8d=101
dow_sin=84
same_slot_std_2_8d=82
month_cos=70
month_sin=59
slot_cos=20
dow_cos=16
slot_sin=3
slot=1

parameters:
[boosting: gbdt]
[objective: quantile]
[metric: quantile]
[tree_learner: serial]
[device_type: cpu]
[data_sample_strategy: bagging]
[data: ]
[valid: ]
[num_iterations: 120]
[learning_rate: 0.035]
[num_leaves: 7]
[num_threads: 1]
[seed: 20260901]
[deterministic: 1]
[force_col_wise: 0]
[force_row_wise: 0]
[histogram_pool_size: -1]
[max_depth: 3]
[min_data_in_leaf: 12]
[min_sum_hessian_in_leaf: 0.001]
[bagging_fraction: 1]
[pos_bagging_fraction: 1]
[neg_bagging_fraction: 1]
[bagging_freq: 0]
[bagging_seed: 12992]
[bagging_by_query: 0]
[feature_fraction: 1]
[feature_fraction_bynode: 1]
[feature_fraction_seed: 30141]
[extra_trees: 0]
[extra_seed: 31421]
[early_stopping_round: 0]
[early_stopping_min_delta: 0]
[first_metric_only: 0]
[max_delta_step: 0]
[lambda_l1: 0]
[lambda_l2: 1]
[linear_lambda: 0]
[min_gain_to_split: 0]
[drop_rate: 0.1]
[max_drop: 50]
[skip_drop: 0.5]
[xgboost_dart_mode: 0]
[uniform_drop: 0]
[drop_seed: 11049]
[top_rate: 0.2]
[other_rate: 0.1]
[min_data_per_group: 100]
[max_cat_threshold: 32]
[cat_l2: 10]
[cat_smooth: 10]
[max_cat_to_onehot: 4]
[top_k: 20]
[monotone_constraints: ]
[monotone_constraints_method: basic]
[monotone_penalty: 0]
[feature_contri: ]
[forcedsplits_filename: ]
[refit_decay_rate: 0.9]
[cegb_tradeoff: 1]
[cegb_penalty_split: 0]
[cegb_penalty_feature_lazy: ]
[cegb_penalty_feature_coupled: ]
[path_smooth: 0]
[interaction_constraints: ]
[verbosity: -1]
[saved_feature_importance_type: 0]
[use_quantized_grad: 0]
[num_grad_quant_bins: 4]
[quant_train_renew_leaf: 0]
[stochastic_rounding: 1]
[linear_tree: 0]
[max_bin: 255]
[max_bin_by_feature: ]
[min_data_in_bin: 3]
[bin_construct_sample_cnt: 200000]
[data_random_seed: 5023]
[is_enable_sparse: 1]
[enable_bundle: 1]
[use_missing: 1]
[zero_as_missing: 0]
[feature_pre_filter: 1]
[pre_partition: 0]
[two_round: 0]
[header: 0]
[label_column: ]
[weight_column: ]
[group_column: ]
[ignore_column: ]
[categorical_feature: ]
[forcedbins_filename: ]
[precise_float_parser: 0]
[parser_config_file: ]
[objective_seed: 6921]
[num_class: 1]
[is_unbalance: 0]
[scale_pos_weight: 1]
[sigmoid: 1]
[boost_from_average: 1]
[reg_sqrt: 0]
[alpha: 0.5]
[fair_c: 1]
[poisson_max_delta_step: 0.7]
[tweedie_variance_power: 1.5]
[lambdarank_truncation_level: 30]
[lambdarank_norm: 1]
[label_gain: ]
[lambdarank_position_bias_regularization: 0]
[eval_at: ]
[multi_error_top_k: 1]
[auc_mu_weights: ]
[num_machines: 1]
[local_listen_port: 12400]
[time_out: 120]
[machine_list_filename: ]
[machines: ]
[gpu_platform_id: -1]
[gpu_device_id: -1]
[gpu_use_dp: 0]
[num_gpu: 1]

end of parameters

pandas_categorical:[]
