tree
version=v4
num_class=1
num_tree_per_iteration=1
label_index=0
max_feature_idx=11
objective=quantile
feature_names=slot slot_sin slot_cos dow_sin dow_cos weekend month_sin month_cos lag_2d lag_7d same_slot_mean_2_8d same_slot_std_2_8d
feature_infos=[0:95] [-1:1] [-1:1] [-0.97492791218182362:0.97492791218182362] [-0.90096886790241903:1] [0:1] [-1:0.8660254037844386] [-0.86602540378443882:1] [381.44581147213773:2892.1969875462651] [381.44581147213773:2892.1969875462651] [667.40836824075052:2799.3812308422353] [10.169260040126204:1092.8236665517263]
tree_sizes=727 781 780 770 779 776 783 782 781 785 785 786 787 789 785 788 789 787 786 780 778 785 775 780 784 775 787 787 779 788 780 786 787 784 786 787 786 794 786 783 794 795 785 793 796 792 792 787 798 796 801 793 792 790 797 791 793 788 798 795 790 789 792 799 794 790 788 792 799 790 794 781 785 770 785 614 612 608 617 615 612 616 615 607 691 694 692 691 690 695 695 690 691 697 691 691 694 693 691 692 689 691 690 694 696 697 694 693 699 697 695 695 694 697 696 699 688 688 696 691

Tree=0
num_leaves=7
num_cat=0
split_feature=8 10 11 10 9 8
split_gain=370.313 114.97 109.185 76.661 33.2698 16.9477
threshold=1143.8077380980415 2300.8738304262633 211.654402577414 1545.5086241312208 2237.4337738257668 2536.5949055542965
decision_type=2 2 2 2 2 2
left_child=3 2 -2 4 -1 -3
right_child=1 5 -4 -5 -6 -7
leaf_value=7.6003828878425148 7.5916666202605132 7.6401811519205785 7.6188881778816233 7.5897917275457498 7.6402967853679336 7.6445633617425637
leaf_weight=82 214 6202 2591 559 169 10518
leaf_count=82 214 6202 2591 559 169 10518
internal_value=7.6397 7.64066 7.6341 7.61652 7.63263 7.64176
internal_weight=20335 19525 2805 810 251 16720
internal_count=20335 19525 2805 810 251 16720
is_linear=0
shrinkage=1


Tree=1
num_leaves=7
num_cat=0
split_feature=8 10 11 10 9 8
split_gain=369.425 97.5704 115.667 77.1704 32.2409 16.6599
threshold=1143.8077380980415 2300.8738304262633 255.16459711835159 1545.5086241312208 2237.4337738257668 2536.5949055542965
decision_type=2 2 2 2 2 2
left_child=3 2 -2 4 -1 -3
right_child=1 5 -4 -5 -6 -7
leaf_value=-0.037937730353097263 -0.045210640567306531 0.00046759448223432815 -0.010493666042073229 -0.048158200039475803 0.00057918075893175218 0.0046964269604495403
leaf_weight=82 361 6202 2444 559 169 10518
leaf_count=82 361 6202 2444 559 169 10518
internal_value=5.76565e-05 0.00101903 -0.00502049 -0.0230888 -0.00693056 0.00203247
internal_weight=20335 19525 2805 810 251 16720
internal_count=20335 19525 2805 810 251 16720
is_linear=0
shrinkage=0.035


Tree=2
num_leaves=7
num_cat=0
split_feature=8 10 11 10 9 8
split_gain=368.104 90.8392 118.34 78.0964 31.2281 16.6201
threshold=1143.8077380980415 2300.8738304262633 255.16459711835159 1545.5086241312208 2237.4337738257668 2536.5949055542965
decision_type=2 2 2 2 2 2
left_child=3 2 -2 4 -1 -3
right_child=1 5 -4 -5 -6 -7
leaf_value=-0.036609909790738852 -0.043628268147450792 0.00045122867535611903 -0.010126387730600662 -0.046472663038094157 0.00055890943236915015 0.0045320520168338164
leaf_weight=82 361 6202 2444 559 169 10518
leaf_count=82 361 6202 2444 559 169 10518
internal_value=5.93776e-05 0.00101903 -0.00480845 -0.0230456 -0.00679167 0.00199689
internal_weight=20335 19525 2805 810 251 16720
internal_count=20335 19525 2805 810 251 16720
is_linear=0
shrinkage=0.035


Tree=3
num_leaves=7
num_cat=0
split_feature=8 10 11 10 9 8
split_gain=362.733 85.3682 116.579 80.485 28.2868 16.293
threshold=1143.8077380980415 2300.8738304262633 211.654402577414 1545.5086241312208 2237.4337738257668 2541.5075502724649
decision_type=2 2 2 2 2 2
left_child=3 2 -2 4 -1 -3
right_child=1 5 -4 -5 -6 -7
leaf_value=-0.035328562948062983 -0.0432395667647128 0.00046610400488858786 -0.017000904532022795 -0.044846119831760858 0.00053934760223622652 0.004419861550783835
leaf_weight=82 214 6348 2591 559 169 10372
leaf_count=82 214 6348 2591 559 169 10372
internal_value=6.28198e-05 0.00101544 -0.00463382 -0.022873 -0.006375 0.0019634
internal_weight=20335 19525 2805 810 251 16720
internal_count=20335 19525 2805 810 251 16720
is_linear=0
shrinkage=0.035


Tree=4
num_leaves=7
num_cat=0
split_feature=8 10 10 11 9 8
split_gain=358.108 79.2243 78.7651 102.799 28.2868 15.2789
threshold=1143.8077380980415 1545.5086241312208 2300.8738304262633 255.16459711835159 2237.4337738257668 2541.5075502724649
decision_type=2 2 2 2 2 2
left_child=1 4 3 -2 -1 -4
right_child=2 -3 5 -5 -6 -7
leaf_value=-0.034092063244880781 -0.041379738728909154 -0.043276505637649218 0.0004497903647174884 -0.0091769325014088212 0.00052047043615794492 0.0042651663965063953
leaf_weight=82 361 559 6348 2444 169 10372
leaf_count=82 361 559 6348 2444 169 10372
internal_value=4.56089e-05 -0.0227435 0.000992139 -0.00443425 -0.006375 0.0019027
internal_weight=20335 810 19525 2805 251 16720
internal_count=20335 810 19525 2805 251 16720
is_linear=0
shrinkage=0.035


Tree=5
num_leaves=7
num_cat=0
split_feature=8 10 10 11 9 8
split_gain=346.058 75.5018 72.9209 101.766 26.8795 15.3942
threshold=1143.8077380980415 1545.5086241312208 2288.40897631907 305.83297828294752 2237.4337738257668 2534.4580368311767
decision_type=2 2 2 2 2 2
left_child=1 4 3 -2 -1 -4
right_child=2 -3 5 -5 -6 -7
leaf_value=-0.032898841031309953 -0.040264666469461037 -0.041761827940331481 0.00028948654390843488 -0.0086833276905236238 0.00050225397089240351 0.0040834013806514908
leaf_weight=82 391 559 6226 2254 169 10654
leaf_count=82 391 559 6226 2254 169 10654
internal_value=4.733e-05 -0.0223551 0.000977799 -0.0044246 -0.006375 0.00182454
internal_weight=20335 810 19525 2645 251 16880
internal_count=20335 810 19525 2645 251 16880
is_linear=0
shrinkage=0.035


Tree=6
num_leaves=7
num_cat=0
split_feature=8 10 10 11 9 8
split_gain=333.167 72.7625 64.6215 134.352 25.9555 15.4141
threshold=1143.8077380980415 1545.5086241312208 2257.8480887292808 305.83297828294752 2237.4337738257668 2534.4580368311767
decision_type=2 2 2 2 2 2
left_child=1 4 3 -2 -1 -4
right_child=2 -3 5 -5 -6 -7
leaf_value=-0.031747381595214112 -0.041629538695297008 -0.040300163962419873 0.00024735916021401171 -0.0083595443193735901 0.00048467508191117229 0.0039888646870410768
leaf_weight=82 255 559 6348 2150 169 10772
leaf_count=82 255 559 6348 2150 169 10772
internal_value=5.76565e-05 -0.0219236 0.000970629 -0.00440046 -0.00623611 0.00172537
internal_weight=20335 810 19525 2405 251 17120
internal_count=20335 810 19525 2405 251 17120
is_linear=0
shrinkage=0.035


Tree=7
num_leaves=7
num_cat=0
split_feature=8 10 10 11 9 8
split_gain=331.599 72.3619 60.5775 124.088 24.6082 14.641
threshold=1143.8077380980415 1545.5086241312208 2257.8480887292808 305.83297828294752 2237.4337738257668 2534.4580368311767
decision_type=2 2 2 2 2 2
left_child=1 4 3 -2 -1 -4
right_child=2 -3 5 -5 -6 -7
leaf_value=-0.030636223239381612 -0.040172504840961618 -0.038889658223735177 0.00023870158960650968 -0.0080669602681954986 0.00046771145404427288 0.0038492544229946505
leaf_weight=82 255 559 6348 2150 169 10772
leaf_count=82 255 559 6348 2150 169 10772
internal_value=4.90511e-05 -0.0218804 0.000959874 -0.00424044 -0.00623611 0.00169061
internal_weight=20335 810 19525 2405 251 17120
internal_count=20335 810 19525 2405 251 17120
is_linear=0
shrinkage=0.035


Tree=8
num_leaves=7
num_cat=0
split_feature=8 10 10 11 9 8
split_gain=328.631 72.8566 53.541 118.896 23.1548 14.1166
threshold=1143.8077380980415 1545.5086241312208 2239.4497353115935 305.83297828294752 2215.0658792947538 2534.4580368311767
decision_type=2 2 2 2 2 2
left_child=1 4 3 -2 -1 -4
right_child=2 -3 5 -5 -6 -7
leaf_value=-0.029574546455028512 -0.038304040069459686 -0.037528520185904447 0.00021841614230846853 -0.0077933651861242315 0.00041941825940245987 0.0037223110401903539
leaf_weight=78 213 559 6410 2112 173 10790
leaf_count=78 213 559 6410 2112 173 10790
internal_value=3.70035e-05 -0.0217941 0.000943742 -0.0040402 -0.00609722 0.00161764
internal_weight=20335 810 19525 2325 251 17200
internal_count=20335 810 19525 2325 251 17200
is_linear=0
shrinkage=0.035


Tree=9
num_leaves=7
num_cat=0
split_feature=8 10 10 11 6 6
split_gain=323.789 74.6232 57.3161 117.033 23.8207 15.1461
threshold=807.12184368370379 1545.5086241312208 2239.4497353115935 305.83297828294752 -0.6830127018922193 -1.0000000180025095e-35
decision_type=2 2 2 2 2 2
left_child=1 4 3 -2 -1 -4
right_child=2 -3 5 -5 -6 -7
leaf_value=-0.049109966088971696 -0.036963398667028594 -0.036229671840924883 0.00025903201383574274 -0.0075139984590067328 0.00014183873645495562 0.004162549306996049
leaf_weight=39 213 515 8623 2193 175 8577
leaf_count=39 213 515 8623 2193 175 8577
internal_value=1.29083e-05 -0.0228747 0.000865048 -0.0041936 -0.00546977 0.00157287
internal_weight=20335 729 19606 2406 214 17200
internal_count=20335 729 19606 2406 214 17200
is_linear=0
shrinkage=0.035


Tree=10
num_leaves=7
num_cat=0
split_feature=8 10 10 11 6 6
split_gain=314.602 71.768 56.9064 117.171 23.8207 15.2051
threshold=807.12184368370379 1545.5086241312208 2239.4497353115935 305.83297828294752 -0.6830127018922193 -1.0000000180025095e-35
decision_type=2 2 2 2 2 2
left_child=1 4 3 -2 -1 -4
right_child=2 -3 5 -5 -6 -7
leaf_value=-0.047391117275857673 -0.035669679713682602 -0.034961633326492519 0.00024996589335148924 -0.0072510085129415067 0.0001368743806790418 0.0040168600812511774
leaf_weight=39 213 515 8623 2193 175 8577
leaf_count=39 213 515 8623 2193 175 8577
internal_value=2.15137e-05 -0.022539 0.000861478 -0.00417906 -0.00546977 0.00156677
internal_weight=20335 729 19606 2406 214 17200
internal_count=20335 729 19606 2406 214 17200
is_linear=0
shrinkage=0.035


Tree=11
num_leaves=7
num_cat=0
split_feature=8 10 10 11 6 6
split_gain=306.915 73.4924 55.6007 117.723 19.8265 15.4433
threshold=807.12184368370379 1545.5086241312208 2239.4497353115935 305.83297828294752 -0.6830127018922193 -1.0000000180025095e-35
decision_type=2 2 2 2 2 2
left_child=1 4 3 -2 -1 -4
right_child=2 -3 5 -5 -6 -7
leaf_value=-0.045732428171202655 -0.034421240923703723 -0.033737976160065276 0.00024121708708419568 -0.0069972232149885507 0.00013208377735526524 0.0038762699784073719
leaf_weight=39 213 515 8623 2193 175 8577
leaf_count=39 213 515 8623 2193 175 8577
internal_value=3.18402e-05 -0.0222514 0.000861478 -0.0041209 -0.0049814 0.00155863
internal_weight=20335 729 19606 2406 214 17200
internal_count=20335 729 19606 2406 214 17200
is_linear=0
shrinkage=0.035


Tree=12
num_leaves=7
num_cat=0
split_feature=8 10 10 11 6 6
split_gain=285.559 66.7083 54.5524 118.138 19.8265 15.6228
threshold=807.12184368370379 1545.5086241312208 2239.4497353115935 305.83297828294752 -0.6830127018922193 -1.0000000180025095e-35
decision_type=2 2 2 2 2 2
left_child=1 4 3 -2 -1 -4
right_child=2 -3 5 -5 -6 -7
leaf_value=-0.044131793185210565 -0.033216497491374078 -0.032557146994462993 0.00023277448903624712 -0.0067523204024639415 0.00012746084514782209 0.0037406005291631054
leaf_weight=39 213 515 8623 2193 175 8577
leaf_count=39 213 515 8623 2193 175 8577
internal_value=5.76565e-05 -0.0214363 0.000857908 -0.00407727 -0.0049814 0.00154846
internal_weight=20335 729 19606 2406 214 17200
internal_count=20335 729 19606 2406 214 17200
is_linear=0
shrinkage=0.035


Tree=13
num_leaves=7
num_cat=0
split_feature=8 10 10 11 6 6
split_gain=254.258 57.3528 53.6762 118.415 20.0535 15.8636
threshold=807.12184368370379 1564.4627564250536 2239.4497353115935 305.83297828294752 -0.6830127018922193 -1.0000000180025095e-35
decision_type=2 2 2 2 2 2
left_child=1 4 3 -2 -1 -4
right_child=2 -3 5 -5 -6 -7
leaf_value=-0.042571946429970906 -0.032053920079175999 -0.031412760222568732 0.00022462738191998623 -0.0065159891883776935 -3.1429722001194982e-05 0.0036096795106424031
leaf_weight=40 213 509 8623 2193 180 8577
leaf_count=40 213 509 8623 2193 180 8577
internal_value=9.20782e-05 -0.0201897 0.000847198 -0.00404819 -0.00522624 0.00153218
internal_weight=20335 729 19606 2406 220 17200
internal_count=20335 729 19606 2406 220 17200
is_linear=0
shrinkage=0.035


Tree=14
num_leaves=7
num_cat=0
split_feature=8 10 10 11 6 6
split_gain=229.86 61.1107 54.1724 118.504 20.0023 16.0458
threshold=700.93609117875906 1564.4627564250536 2239.4497353115935 305.83297828294752 -0.6830127018922193 -1.0000000180025095e-35
decision_type=2 2 2 2 2 2
left_child=1 4 3 -2 -1 -4
right_child=2 -3 5 -5 -6 -7
leaf_value=-0.041081928304921932 -0.030932032876404839 -0.03034772028026609 0.00021676542355278719 -0.0063219807355029906 -3.1668163654181572e-05 0.0034833407277699195
leaf_weight=40 213 429 8623 2274 179 8577
leaf_count=40 213 429 8623 2274 179 8577
internal_value=0.000152316 -0.0203421 0.00082789 -0.0039994 -0.00526591 0.00152607
internal_weight=20335 648 19687 2487 219 17200
internal_count=20335 648 19687 2487 219 17200
is_linear=0
shrinkage=0.035


Tree=15
num_leaves=7
num_cat=0
split_feature=8 10 10 11 6 6
split_gain=227.408 60.2377 52.7986 119.04 20.0023 16.3516
threshold=700.93609117875906 1564.4627564250536 2239.4497353115935 305.83297828294752 -0.6830127018922193 -1.0000000180025095e-35
decision_type=2 2 2 2 2 2
left_child=1 4 3 -2 -1 -4
right_child=2 -3 5 -5 -6 -7
leaf_value=-0.039644060814249663 -0.029849411725730676 -0.029285550070456766 0.00020917863372843295 -0.0061007114097603758 -3.0559777926288948e-05 0.0033614238022979808
leaf_weight=40 213 429 8623 2274 179 8577
leaf_count=40 213 429 8623 2274 179 8577
internal_value=0.000150595 -0.0202342 0.000822557 -0.00394313 -0.00526591 0.00151183
internal_weight=20335 648 19687 2487 219 17200
internal_count=20335 648 19687 2487 219 17200
is_linear=0
shrinkage=0.035


Tree=16
num_leaves=7
num_cat=0
split_feature=8 10 10 11 6 6
split_gain=226.168 59.8036 50.5621 119.982 20.0023 16.2885
threshold=700.93609117875906 1564.4627564250536 2239.4497353115935 305.83297828294752 -0.6830127018922193 -1.0000000180025095e-35
decision_type=2 2 2 2 2 2
left_child=1 4 3 -2 -1 -4
right_child=2 -3 5 -5 -6 -7
leaf_value=-0.038256518685750925 -0.028804682315330114 -0.028260555817990786 0.00020185738154794743 -0.0058871865104187611 -2.9490185698879404e-05 0.0032437739692175475
leaf_weight=40 213 429 8623 2274 179 8577
leaf_count=40 213 429 8623 2274 179 8577
internal_value=0.000148874 -0.0201803 0.000819002 -0.00384465 -0.00526591 0.00149352
internal_weight=20335 648 19687 2487 219 17200
internal_count=20335 648 19687 2487 219 17200
is_linear=0
shrinkage=0.035


Tree=17
num_leaves=7
num_cat=0
split_feature=8 10 10 11 6 6
split_gain=225.123 59.371 47.3742 110.686 20.0023 16.2873
threshold=700.93609117875906 1564.4627564250536 2239.4497353115935 305.83297828294752 -0.6830127018922193 -1.0000000180025095e-35
decision_type=2 2 2 2 2 2
left_child=1 4 3 -2 -1 -4
right_child=2 -3 5 -5 -6 -7
leaf_value=-0.03691754053174965 -0.027796518434293545 -0.027271436364361096 0.00019479237319377954 -0.0056811349825540928 -2.8458029199422978e-05 0.0031302418802949196
leaf_weight=40 213 429 8623 2274 179 8577
leaf_count=40 213 429 8623 2274 179 8577
internal_value=0.000155758 -0.0201263 0.000824335 -0.00368991 -0.00526591 0.00147724
internal_weight=20335 648 19687 2487 219 17200
internal_count=20335 648 19687 2487 219 17200
is_linear=0
shrinkage=0.035


Tree=18
num_leaves=7
num_cat=0
split_feature=8 10 10 11 6 6
split_gain=224.537 58.94 41.3476 82.6125 20.0023 16.1631
threshold=700.93609117875906 1564.4627564250536 2239.4497353115935 305.83297828294752 -0.6830127018922193 -1.0000000180025095e-35
decision_type=2 2 2 2 2 2
left_child=1 4 3 -2 -1 -4
right_child=2 -3 5 -5 -6 -7
leaf_value=-0.035625426613138403 -0.026823640289093283 -0.026316936091608449 0.00018797464013198264 -0.0054822952581647004 -2.746199817742934e-05 0.0030206834144845952
leaf_weight=40 213 429 8623 2274 179 8577
leaf_count=40 213 429 8623 2274 179 8577
internal_value=0.000183296 -0.0200724 0.000851001 -0.00336636 -0.00526591 0.00146096
internal_weight=20335 648 19687 2487 219 17200
internal_count=20335 648 19687 2487 219 17200
is_linear=0
shrinkage=0.035


Tree=19
num_leaves=7
num_cat=0
split_feature=8 3 10 11 9 11
split_gain=218.599 59.2704 40.3519 82.9483 32.9028 19.6105
threshold=700.93609117875906 1.0000000180025095e-35 2239.4497353115935 305.83297828294752 2255.3398787270467 658.91768079537439
decision_type=2 2 2 2 2 2
left_child=1 5 3 -2 -3 -1
right_child=2 4 -4 -5 -6 -7
leaf_value=-0.02088424474043523 -0.025884812878975025 -0.026249374214797096 0.0017173261892646729 -0.0052904149241289481 0.00057789217553737347 -0.025437616639501951
leaf_weight=29 213 113 17200 2274 165 341
leaf_count=29 213 113 17200 2274 165 341
internal_value=0.000183296 -0.0198028 0.000842112 -0.00332416 -0.00755197 -0.0289623
internal_weight=20335 648 19687 2487 278 370
internal_count=20335 648 19687 2487 278 370
is_linear=0
shrinkage=0.035


Tree=20
num_leaves=7
num_cat=0
split_feature=8 3 10 11 9 11
split_gain=211.961 62.8218 38.1257 79.635 28.9007 19.6105
threshold=700.93609117875906 1.0000000180025095e-35 2239.4497353115935 305.83297828294752 2255.3398787270467 658.91768079537439
decision_type=2 2 2 2 2 2
left_child=1 5 3 -2 -3 -1
right_child=2 4 -4 -5 -6 -7
leaf_value=-0.020153296174519986 -0.02497884442821089 -0.025330646117279206 0.0016572197726404247 -0.005105250401784423 0.00055766594939355319 -0.024547300057119369
leaf_weight=29 213 113 17200 2274 165 341
leaf_count=29 213 113 17200 2274 165 341
internal_value=0.000147153 -0.0195331 0.000795891 -0.00325382 -0.00692473 -0.0289623
internal_weight=20335 648 19687 2487 278 370
internal_count=20335 648 19687 2487 278 370
is_linear=0
shrinkage=0.035


Tree=21
num_leaves=7
num_cat=0
split_feature=8 3 6 7 9 11
split_gain=200.107 70.2309 37.9922 67.8239 22.3993 19.6105
threshold=700.93609117875906 1.0000000180025095e-35 -1.0000000180025095e-35 0.6830127018922193 2247.6530142059833 658.91768079537439
decision_type=2 2 2 2 2 2
left_child=1 5 3 -2 -3 -1
right_child=2 4 -4 -5 -6 -7
leaf_value=-0.019447930808411781 0.0011171630192616387 -0.024447838609431713 0.0028094842183444828 -0.012903377227222413 0.00053974981404020022 -0.02368814455512018
leaf_weight=29 8503 111 8619 2565 167 341
leaf_count=29 8503 111 8619 2565 167 341
internal_value=0.000128221 -0.0189938 0.000758559 -0.000598247 -0.00567025 -0.0289623
internal_weight=20335 648 19687 11068 278 370
internal_count=20335 648 19687 11068 278 370
is_linear=0
shrinkage=0.035


Tree=22
num_leaves=7
num_cat=0
split_feature=8 3 10 11 9 11
split_gain=190.019 78.853 35.2274 61.17 22.412 19.6105
threshold=700.93609117875906 1.0000000180025095e-35 2257.8480887292808 305.83297828294752 2038.3593176902853 658.91768079537439
decision_type=2 2 2 2 2 2
left_child=1 5 3 -2 -3 -1
right_child=2 4 -4 -5 -6 -7
leaf_value=-0.018767253230117357 -0.024213473466128885 -0.031433056306427405 0.0016049762996578317 -0.0049382151189676909 6.8545152653594072e-05 -0.022859059495690989
leaf_weight=29 255 44 17120 2312 234 341
leaf_count=29 255 44 17120 2312 234 341
internal_value=0.000233207 -0.0184006 0.000847445 -0.00297527 -0.00429032 -0.0289623
internal_weight=20335 648 19687 2567 278 370
internal_count=20335 648 19687 2567 278 370
is_linear=0
shrinkage=0.035


Tree=23
num_leaves=7
num_cat=0
split_feature=8 3 6 7 9 11
split_gain=189.458 78.853 34.5523 46.4777 22.412 19.6105
threshold=700.93609117875906 1.0000000180025095e-35 -1.0000000180025095e-35 0.6830127018922193 2038.3593176902853 658.91768079537439
decision_type=2 2 2 2 2 2
left_child=1 5 3 -2 -3 -1
right_child=2 4 -4 -5 -6 -7
leaf_value=-0.018110399367063251 0.0010218881430994597 -0.030332899335702431 0.0026549781002144094 -0.011604287452955112 6.6146072310724343e-05 -0.022058992413341819
leaf_weight=29 8503 44 8619 2565 234 341
leaf_count=29 8503 44 8619 2565 234 341
internal_value=0.00020567 -0.0184006 0.000819002 -0.00047493 -0.00429032 -0.0289623
internal_weight=20335 648 19687 11068 278 370
internal_count=20335 648 19687 11068 278 370
is_linear=0
shrinkage=0.035


Tree=24
num_leaves=7
num_cat=0
split_feature=8 3 6 7 9 11
split_gain=188.536 78.2506 33.4215 41.4286 22.412 19.4768
threshold=700.93609117875906 1.0000000180025095e-35 -1.0000000180025095e-35 0.6830127018922193 2038.3593176902853 658.91768079537439
decision_type=2 2 2 2 2 2
left_child=1 5 3 -2 -3 -1
right_child=2 4 -4 -5 -6 -7
leaf_value=-0.017476535389216046 0.00098612205809098675 -0.029271247858952847 0.0025620538667068928 -0.011198137392101688 6.3830959779838115e-05 -0.021286927678874846
leaf_weight=29 8503 44 8619 2565 234 341
leaf_count=29 8503 44 8619 2565 234 341
internal_value=0.000214275 -0.0183467 0.000826112 -0.000446472 -0.00429032 -0.0288679
internal_weight=20335 648 19687 11068 278 370
internal_count=20335 648 19687 11068 278 370
is_linear=0
shrinkage=0.035


Tree=25
num_leaves=7
num_cat=0
split_feature=8 3 10 11 9 11
split_gain=189.832 78.2506 32.2337 69.6322 22.412 19.4768
threshold=700.93609117875906 1.0000000180025095e-35 2239.4497353115935 298.73376851265755 2038.3593176902853 658.91768079537439
decision_type=2 2 2 2 2 2
left_child=1 5 3 -2 -3 -1
right_child=2 4 -4 -5 -6 -7
leaf_value=-0.01686485665059349 -0.021910772484544913 -0.02824675418388951 0.0015033305795745617 -0.0048565162247344602 6.1596876187537398e-05 -0.02054188521011422
leaf_weight=29 203 44 17200 2284 234 341
leaf_count=29 203 44 17200 2284 234 341
internal_value=0.000277955 -0.0183467 0.000891889 -0.00283179 -0.00429032 -0.0288679
internal_weight=20335 648 19687 2487 278 370
internal_count=20335 648 19687 2487 278 370
is_linear=0
shrinkage=0.035


Tree=26
num_leaves=7
num_cat=0
split_feature=8 3 6 7 11 6
split_gain=181.139 83.3516 30.3882 28.2267 19.3436 16.7836
threshold=700.93609117875906 1.0000000180025095e-35 -1.0000000180025095e-35 0.6830127018922193 658.91768079537439 -0.6830127018922193
decision_type=2 2 2 2 2 2
left_child=1 4 3 -2 -1 -3
right_child=2 5 -4 -5 -6 -7
leaf_value=-0.016274586667822728 0.00089899121577268534 -0.016434882481342061 0.0024197654110870337 -0.010079845570759171 -0.019822919227760239 -9.9594699533769326e-05
leaf_weight=29 8503 33 8619 2565 341 245
leaf_count=29 8503 33 8619 2565 341 245
internal_value=0.000277955 -0.0179153 0.000877667 -0.000335803 -0.0287736 -0.00341219
internal_weight=20335 648 19687 11068 370 278
internal_count=20335 648 19687 11068 370 278
is_linear=0
shrinkage=0.035


Tree=27
num_leaves=7
num_cat=0
split_feature=8 3 6 7 11 6
split_gain=182.203 83.3516 27.6689 21.3186 19.3436 16.7836
threshold=700.93609117875906 1.0000000180025095e-35 -1.0000000180025095e-35 0.6830127018922193 658.91768079537439 -0.6830127018922193
decision_type=2 2 2 2 2 2
left_child=1 4 3 -2 -1 -3
right_child=2 5 -4 -5 -6 -7
leaf_value=-0.01570497613444893 0.00086752652322063519 -0.015859661594495107 0.0023350736216989844 -0.0097270509757825929 -0.019129117054788633 -9.6108885050090191e-05
leaf_weight=29 8503 33 8619 2565 341 245
leaf_count=29 8503 33 8619 2565 341 245
internal_value=0.000331309 -0.0179153 0.000932776 -0.000225133 -0.0287736 -0.00341219
internal_weight=20335 648 19687 11068 370 278
internal_count=20335 648 19687 11068 370 278
is_linear=0
shrinkage=0.035


Tree=28
num_leaves=7
num_cat=0
split_feature=8 3 10 11 11 6
split_gain=182.547 83.3516 27.136 62.5013 19.3436 16.7836
threshold=700.93609117875906 1.0000000180025095e-35 2239.4497353115935 245.71422588649145 658.91768079537439 -0.6830127018922193
decision_type=2 2 2 2 2 2
left_child=1 4 3 -2 -1 -3
right_child=2 5 -4 -5 -6 -7
leaf_value=-0.015155301969743205 -0.018760531948813407 -0.015304573438687765 0.0014962224925717396 -0.0047744149606741854 -0.018459597957871037 -9.2745074073325999e-05
leaf_weight=29 157 33 17200 2330 341 245
leaf_count=29 157 33 17200 2330 341 245
internal_value=0.00034852 -0.0179153 0.000950554 -0.00246604 -0.0287736 -0.00341219
internal_weight=20335 648 19687 2487 370 278
internal_count=20335 648 19687 2487 370 278
is_linear=0
shrinkage=0.035


Tree=29
num_leaves=7
num_cat=0
split_feature=8 3 6 11 7 6
split_gain=181.093 82.7323 26.6027 19.2108 17.2475 16.7836
threshold=700.93609117875906 1.0000000180025095e-35 -1.0000000180025095e-35 658.91768079537439 0.6830127018922193 -0.6830127018922193
decision_type=2 2 2 2 2 2
left_child=1 3 4 -1 -2 -3
right_child=2 5 -4 -5 -6 -7
leaf_value=-0.014624866400802185 0.00078479530766790149 -0.014768913368333681 0.0022009782576995064 -0.017813512029345557 -0.0091093149432444689 -8.9498996480767993e-05
leaf_weight=29 8503 33 8619 341 2565 245
leaf_count=29 8503 33 8619 341 2565 245
internal_value=0.000329588 -0.0178613 0.000929221 -0.0286792 -0.000206161 -0.00341219
internal_weight=20335 648 19687 370 11068 278
internal_count=20335 648 19687 370 11068 278
is_linear=0
shrinkage=0.035


Tree=30
num_leaves=7
num_cat=0
split_feature=8 3 10 11 11 6
split_gain=181.196 82.7323 26.2194 62.7493 19.2108 16.7836
threshold=700.93609117875906 1.0000000180025095e-35 2239.4497353115935 245.71422588649145 658.91768079537439 -0.6830127018922193
decision_type=2 2 2 2 2 2
left_child=1 4 3 -2 -1 -3
right_child=2 5 -4 -5 -6 -7
leaf_value=-0.014112996076774109 -0.017785087307591388 -0.014252001400441992 0.0014133027001267441 -0.004634778272818974 -0.017190039108318469 -8.6366531603947473e-05
leaf_weight=29 157 33 17200 2330 341 245
leaf_count=29 157 33 17200 2330 341 245
internal_value=0.000334751 -0.0178613 0.000934554 -0.00242383 -0.0286792 -0.00341219
internal_weight=20335 648 19687 2487 370 278
internal_count=20335 648 19687 2487 370 278
is_linear=0
shrinkage=0.035


Tree=31
num_leaves=7
num_cat=0
split_feature=8 3 6 11 7 6
split_gain=179.816 83.56 26.6123 19.2108 15.9759 15.4926
threshold=700.93609117875906 1.0000000180025095e-35 -1.0000000180025095e-35 658.91768079537439 0.6830127018922193 -0.6830127018922193
decision_type=2 2 2 2 2 2
left_child=1 3 4 -1 -2 -3
right_child=2 5 -4 -5 -6 -7
leaf_value=-0.013619041214087023 0.00070786187739508731 -0.013753181351426511 0.0020744784241755769 -0.016588387739527317 -0.0086282716806822535 -8.3343702997815686e-05
leaf_weight=29 8503 33 8619 341 2565 245
leaf_count=29 8503 33 8619 341 2565 245
internal_value=0.000319262 -0.0178074 0.000916777 -0.0286792 -0.000218809 -0.00328674
internal_weight=20335 648 19687 370 11068 278
internal_count=20335 648 19687 370 11068 278
is_linear=0
shrinkage=0.035


Tree=32
num_leaves=7
num_cat=0
split_feature=8 3 6 11 7 6
split_gain=176.62 86.0677 26.3629 19.2108 14.7404 11.9297
threshold=700.93609117875906 1.0000000180025095e-35 -1.0000000180025095e-35 658.91768079537439 0.6830127018922193 -0.6830127018922193
decision_type=2 2 2 2 2 2
left_child=1 3 4 -1 -2 -3
right_child=2 5 -4 -5 -6 -7
leaf_value=-0.013142374771593992 0.00068308671168624592 -0.013271820004126576 0.0020018716793294413 -0.016007794168643865 -0.0083262821718583756 -8.0426673392897113e-05
leaf_weight=29 8503 33 8619 341 2565 245
leaf_count=29 8503 33 8619 341 2565 245
internal_value=0.000319262 -0.0176456 0.000911444 -0.0286792 -0.000218809 -0.00291039
internal_weight=20335 648 19687 370 11068 278
internal_count=20335 648 19687 370 11068 278
is_linear=0
shrinkage=0.035


Tree=33
num_leaves=7
num_cat=0
split_feature=8 3 6 11 7 6
split_gain=176.384 86.0677 25.6399 19.2108 13.9273 11.9297
threshold=700.93609117875906 1.0000000180025095e-35 -1.0000000180025095e-35 658.91768079537439 0.6830127018922193 -0.6830127018922193
decision_type=2 2 2 2 2 2
left_child=1 3 4 -1 -2 -3
right_child=2 5 -4 -5 -6 -7
leaf_value=-0.012682391654588187 0.00065917867677722666 -0.012807306303982153 0.0019318061705529078 -0.01544752137274133 -0.0080348622958433241 -7.7611739824137173e-05
leaf_weight=29 8503 33 8619 341 2565 245
leaf_count=29 8503 33 8619 341 2565 245
internal_value=0.000307214 -0.0176456 0.000899 -0.0286792 -0.000215647 -0.00291039
internal_weight=20335 648 19687 370 11068 278
internal_count=20335 648 19687 370 11068 278
is_linear=0
shrinkage=0.035


Tree=34
num_leaves=7
num_cat=0
split_feature=8 3 10 11 11 6
split_gain=176.384 86.0677 25.4503 62.832 19.2108 12.0976
threshold=700.93609117875906 1.0000000180025095e-35 2239.4497353115935 245.71422588649145 658.91768079537439 -1.0000000180025095e-35
decision_type=2 2 2 2 2 2
left_child=1 4 3 -2 -1 -4
right_child=2 -3 5 -5 -6 -7
leaf_value=-0.012238507946677584 -0.016287979686632256 -0.0029462902729004408 0.00059247818401110455 -0.0045318919620616479 -0.014906858124695381 0.0018515591225500264
leaf_weight=29 157 278 8623 2330 341 8577
leaf_count=29 157 278 8623 2330 341 8577
internal_value=0.000307214 -0.0176456 0.000899 -0.00240977 -0.0286792 0.00137754
internal_weight=20335 648 19687 2487 370 17200
internal_count=20335 648 19687 2487 370 17200
is_linear=0
shrinkage=0.035


Tree=35
num_leaves=7
num_cat=0
split_feature=8 3 6 11 10 6
split_gain=173.152 88.6121 24.2325 19.2108 12.6043 12.3963
threshold=700.93609117875906 1.0000000180025095e-35 -1.0000000180025095e-35 658.91768079537439 2239.4497353115935 -0.6830127018922193
decision_type=2 2 2 2 2 2
left_child=1 3 4 -1 -2 -3
right_child=2 5 -4 -5 -6 -7
leaf_value=-0.01181016016854387 -0.0047652105182859252 -0.012255930423791273 0.0017993883852942807 -0.014385118090331035 0.00057174144757072794 2.8224830621228495e-05
leaf_weight=29 2445 33 8619 341 8623 245
leaf_count=29 2445 33 8619 341 8623 245
internal_value=0.000303772 -0.0174838 0.000890111 -0.0286792 -0.000193513 -0.00253405
internal_weight=20335 648 19687 370 11068 278
internal_count=20335 648 19687 370 11068 278
is_linear=0
shrinkage=0.035


Tree=36
num_leaves=7
num_cat=0
split_feature=8 3 6 11 10 6
split_gain=171.836 89.4684 23.9421 19.2108 12.612 11.2905
threshold=700.93609117875906 1.0000000180025095e-35 -1.0000000180025095e-35 658.91768079537439 2352.1044835175894 -0.6830127018922193
decision_type=2 2 2 2 2 2
left_child=1 3 4 -1 -2 -3
right_child=2 5 -4 -5 -6 -7
leaf_value=-0.011396804562644835 -0.0042523438662253766 -0.011826972858958588 0.0017364097918089662 -0.013881638957169443 0.00063190062948086047 2.7236961549488295e-05
leaf_weight=29 3258 33 8619 341 7810 245
leaf_count=29 3258 33 8619 341 7810 245
internal_value=0.000290003 -0.0174299 0.000874111 -0.0286792 -0.000202999 -0.0024086
internal_weight=20335 648 19687 370 11068 278
internal_count=20335 648 19687 370 11068 278
is_linear=0
shrinkage=0.035


Tree=37
num_leaves=7
num_cat=0
split_feature=8 3 6 11 10 4
split_gain=168.779 92.0619 23.1665 19.2108 12.0773 9.82006
threshold=700.93609117875906 1.0000000180025095e-35 -1.0000000180025095e-35 658.91768079537439 1564.4627564250536 -0.22252093395631442
decision_type=2 2 2 2 2 2
left_child=1 3 4 -1 -2 -4
right_child=2 -3 5 -5 -6 -7
leaf_value=-0.010997916402952277 0.0079401650152252194 -0.0020002684984526775 0.00076243866307632848 -0.013395781593668513 -0.00055907185580405204 0.002009660043557369
leaf_weight=29 1076 278 3725 341 9992 4894
leaf_count=29 1076 278 3725 341 9992 4894
internal_value=0.000293445 -0.0172681 0.000872334 -0.0286792 -0.000187189 0.00223277
internal_weight=20335 648 19687 370 11068 8619
internal_count=20335 648 19687 370 11068 8619
is_linear=0
shrinkage=0.035


Tree=38
num_leaves=7
num_cat=0
split_feature=8 3 6 11 10 4
split_gain=167.678 92.9345 22.523 19.2108 12.0123 9.4699
threshold=700.93609117875906 1.0000000180025095e-35 -1.0000000180025095e-35 658.91768079537439 1564.4627564250536 -0.22252093395631442
decision_type=2 2 2 2 2 2
left_child=1 3 4 -1 -2 -4
right_child=2 -3 5 -5 -6 -7
leaf_value=-0.010612989328848946 0.00766225923969234 -0.0019302591010068372 0.00073575330986865245 -0.0129269292378901 -0.00053950434085091379 0.0019393219420328479
leaf_weight=29 1076 278 3725 341 9992 4894
leaf_count=29 1076 278 3725 341 9992 4894
internal_value=0.000290003 -0.0172142 0.000867 -0.0286792 -0.000177703 0.00220841
internal_weight=20335 648 19687 370 11068 8619
internal_count=20335 648 19687 370 11068 8619
is_linear=0
shrinkage=0.035


Tree=39
num_leaves=7
num_cat=0
split_feature=8 3 10 10 11 7
split_gain=167.48 92.9345 22.301 54.4596 19.2108 12.0276
threshold=700.93609117875906 1.0000000180025095e-35 2239.4497353115935 1713.1002975115 658.91768079537439 0.6830127018922193
decision_type=2 2 2 2 2 2
left_child=1 4 3 -2 -1 -4
right_child=2 -3 5 -5 -6 -7
leaf_value=-0.010241534702339227 0.0068213896785092824 -0.0018627000324715893 0.00070847147631653029 -0.038040705167113081 -0.012474486714563936 0.0015057029986969585
leaf_weight=29 1361 278 10650 1126 341 6550
leaf_count=29 1361 278 10650 1126 341 6550
internal_value=0.000279677 -0.0172142 0.000856334 -0.00224096 -0.0286792 0.00130428
internal_weight=20335 648 19687 2487 370 17200
internal_count=20335 648 19687 2487 370 17200
is_linear=0
shrinkage=0.035


Tree=40
num_leaves=7
num_cat=0
split_feature=8 3 6 11 10 6
split_gain=165.651 94.6921 20.9741 19.2108 11.7756 9.36204
threshold=700.93609117875906 1.0000000180025095e-35 -1.0000000180025095e-35 658.91768079537439 1564.4627564250536 0.68301270189221941
decision_type=2 2 2 2 2 2
left_child=1 3 4 -1 -2 -4
right_child=2 -3 5 -5 -6 -7
leaf_value=-0.009883080987757361 0.0071553315275552669 -0.0017975055313350686 0.0015873786349072906 -0.012037879679554201 -0.00054541819059220401 0.00080170665216964035
leaf_weight=29 1076 278 5664 341 9992 2955
leaf_count=29 1076 278 5664 341 9992 2955
internal_value=0.000291724 -0.0171063 0.000865223 -0.0286792 -0.000142922 0.00215969
internal_weight=20335 648 19687 370 11068 8619
internal_count=20335 648 19687 370 11068 8619
is_linear=0
shrinkage=0.035


Tree=41
num_leaves=7
num_cat=0
split_feature=8 3 6 11 10 6
split_gain=165.618 94.6921 20.6383 19.2108 11.5141 9.35811
threshold=700.93609117875906 1.0000000180025095e-35 -1.0000000180025095e-35 658.91768079537439 1564.4627564250536 0.68301270189221941
decision_type=2 2 2 2 2 2
left_child=1 3 4 -1 -2 -4
right_child=2 -3 5 -5 -6 -7
leaf_value=-0.0095371731531858576 0.0069048949240908195 -0.0017345928377383493 0.0015318203826855383 -0.011616553890769798 -0.00052632855392147797 0.00077364691934370014
leaf_weight=29 1076 278 5664 341 9992 2955
leaf_count=29 1076 278 5664 341 9992 2955
internal_value=0.000290003 -0.0171063 0.000863445 -0.0286792 -0.000136598 0.00214751
internal_weight=20335 648 19687 370 11068 8619
internal_count=20335 648 19687 370 11068 8619
is_linear=0
shrinkage=0.035


Tree=42
num_leaves=7
num_cat=0
split_feature=8 3 10 10 11 7
split_gain=165.225 94.6921 19.7639 46.6179 19.2108 12.0638
threshold=700.93609117875906 1.0000000180025095e-35 2257.8480887292808 1713.1002975115 658.91768079537439 0.6830127018922193
decision_type=2 2 2 2 2 2
left_child=1 4 3 -2 -1 -4
right_child=2 -3 5 -5 -6 -7
leaf_value=-0.0092033720928243502 0.0060996509713713652 -0.0016738820884175222 0.00070037041155134548 -0.035827368010134426 -0.011209974504592856 0.0013832993568213287
leaf_weight=29 1361 278 10607 1206 341 6513
leaf_count=29 1361 278 10607 1206 341 6513
internal_value=0.00026935 -0.0171063 0.000842112 -0.00202122 -0.0286792 0.00127154
internal_weight=20335 648 19687 2567 370 17120
internal_count=20335 648 19687 2567 370 17120
is_linear=0
shrinkage=0.035


Tree=43
num_leaves=7
num_cat=0
split_feature=8 3 11 6 10 4
split_gain=165.585 94.6921 19.2108 17.92 11.0737 9.60589
threshold=700.93609117875906 1.0000000180025095e-35 658.91768079537439 -1.0000000180025095e-35 1564.4627564250536 -0.22252093395631442
decision_type=2 2 2 2 2 2
left_child=1 2 -1 4 -2 -5
right_child=3 -3 -4 5 -6 -7
leaf_value=-0.0088812540695754963 0.0064497358177496274 -0.0016152962153229036 -0.010817625396932115 0.00052582168609389176 -0.00043295646045676979 0.001666050266926198
leaf_weight=29 1076 278 341 3725 9992 4894
leaf_count=29 1076 278 341 3725 9992 4894
internal_value=0.000288282 -0.0171063 -0.0286792 0.000861667 -7.01959e-05 0.00205818
internal_weight=20335 648 370 19687 11068 8619
internal_count=20335 648 370 19687 11068 8619
is_linear=0
shrinkage=0.035


Tree=44
num_leaves=7
num_cat=0
split_feature=8 3 11 6 10 4
split_gain=165.192 94.6921 19.2108 16.8721 11.0322 9.33164
threshold=700.93609117875906 1.0000000180025095e-35 658.91768079537439 -1.0000000180025095e-35 1564.4627564250536 -0.22252093395631442
decision_type=2 2 2 2 2 2
left_child=1 2 -1 4 -2 -5
right_child=3 -3 -4 5 -6 -7
leaf_value=-0.0085704101771403446 0.0062239950641283853 -0.0015587608477866113 -0.010439008508039499 0.00050741792708060382 -0.00041780298434078878 0.0016077385075837915
leaf_weight=29 1076 278 341 3725 9992 4894
leaf_count=29 1076 278 341 3725 9992 4894
internal_value=0.000267629 -0.0171063 -0.0286792 0.000840334 -6.38719e-05 0.00200133
internal_weight=20335 648 370 19687 11068 8619
internal_count=20335 648 370 19687 11068 8619
is_linear=0
shrinkage=0.035


Tree=45
num_leaves=7
num_cat=0
split_feature=8 3 11 6 10 4
split_gain=164.996 94.6921 19.2108 16.3599 11.0115 9.196
threshold=700.93609117875906 1.0000000180025095e-35 658.91768079537439 -1.0000000180025095e-35 1564.4627564250536 -0.22252093395631442
decision_type=2 2 2 2 2 2
left_child=1 2 -1 4 -2 -5
right_child=3 -3 -4 5 -6 -7
leaf_value=-0.0082704458209404454 0.0060061552368838953 -0.0015042042181140759 -0.010073643210258117 0.00048965829963279288 -0.00040317987988885691 0.0015514676598183553
leaf_weight=29 1076 278 341 3725 9992 4894
leaf_count=29 1076 278 341 3725 9992 4894
internal_value=0.000257302 -0.0171063 -0.0286792 0.000829668 -6.071e-05 0.00197291
internal_weight=20335 648 370 19687 11068 8619
internal_count=20335 648 370 19687 11068 8619
is_linear=0
shrinkage=0.035


Tree=46
num_leaves=7
num_cat=0
split_feature=8 3 11 6 10 6
split_gain=164.669 94.6921 19.2108 15.7132 11.0115 9.05956
threshold=700.93609117875906 1.0000000180025095e-35 658.91768079537439 -1.0000000180025095e-35 1564.4627564250536 0.68301270189221941
decision_type=2 2 2 2 2 2
left_child=1 2 -1 4 -2 -5
right_child=3 -3 -4 5 -6 -7
leaf_value=-0.0079809802172075232 0.005795939803592956 -0.0014515570704800808 -0.0097210656978990971 0.001302875959181628 -0.00038906858409273713 0.00057544401643860063
leaf_weight=29 1076 278 341 5664 9992 2955
leaf_count=29 1076 278 341 5664 9992 2955
internal_value=0.000240092 -0.0171063 -0.0286792 0.000811891 -6.071e-05 0.00193231
internal_weight=20335 648 370 19687 11068 8619
internal_count=20335 648 370 19687 11068 8619
is_linear=0
shrinkage=0.035


Tree=47
num_leaves=7
num_cat=0
split_feature=8 3 11 10 10 9
split_gain=164.604 94.6921 19.2108 15.7041 42.9527 12.2497
threshold=700.93609117875906 1.0000000180025095e-35 658.91768079537439 2239.4497353115935 1713.1002975115 2738.8341107588244
decision_type=2 2 2 2 2 2
left_child=1 2 -1 4 -2 -5
right_child=3 -3 -4 5 -6 -7
leaf_value=-0.0077016459096052531 0.0050692798416699962 -0.0014007525730132865 -0.0093808283984726168 0.0011052042841275225 -0.035360306193044172 -0.00059269636994095046
leaf_weight=29 1361 278 341 14485 1126 2715
leaf_count=29 1361 278 341 14485 1126 2715
internal_value=0.000236649 -0.0171063 -0.0286792 0.000808335 -0.0017908 0.00118423
internal_weight=20335 648 370 19687 2487 17200
internal_count=20335 648 370 19687 2487 17200
is_linear=0
shrinkage=0.035


Tree=48
num_leaves=7
num_cat=0
split_feature=8 3 11 6 3 4
split_gain=165.88 94.6921 19.2108 12.3608 10.2158 9.8942
threshold=700.93609117875906 1.0000000180025095e-35 658.91768079537439 -1.0000000180025095e-35 -1.0000000180025095e-35 -0.22252093395631442
decision_type=2 2 2 2 2 2
left_child=1 2 -1 4 -2 -5
right_child=3 -3 -4 5 -6 -7
leaf_value=-0.0074320883027690831 -0.00079864917799783003 -0.0013517262329578285 -0.0090524994045260744 0.00041859723401038539 0.00097504035663067881 0.0014150356148710126
leaf_weight=29 4875 278 341 3725 6193 4894
leaf_count=29 4875 278 341 3725 6193 4894
internal_value=0.000303772 -0.0171063 -0.0286792 0.000877667 0.000103713 0.0018714
internal_weight=20335 648 370 19687 11068 8619
internal_count=20335 648 370 19687 11068 8619
is_linear=0
shrinkage=0.035


Tree=49
num_leaves=7
num_cat=0
split_feature=8 3 11 6 3 4
split_gain=164.593 94.032 19.0785 11.9541 9.91929 9.8318
threshold=700.93609117875906 1.0000000180025095e-35 658.91768079537439 -1.0000000180025095e-35 -1.0000000180025095e-35 -0.22252093395631442
decision_type=2 2 2 2 2 2
left_child=1 2 -1 4 -2 -5
right_child=3 -3 -4 5 -6 -7
leaf_value=-0.0071719652121721607 -0.00077069645676789648 -0.001304415814804303 -0.0087356619253676562 0.000403946330820018 0.00094091394414861371 0.0013655093683505356
leaf_weight=29 4875 278 341 3725 6193 4894
leaf_count=29 4875 278 341 3725 6193 4894
internal_value=0.000290003 -0.0170524 -0.0285849 0.000861667 0.000100551 0.00183892
internal_weight=20335 648 370 19687 11068 8619
internal_count=20335 648 370 19687 11068 8619
is_linear=0
shrinkage=0.035


Tree=50
num_leaves=7
num_cat=0
split_feature=8 3 11 6 3 4
split_gain=163.506 93.3741 18.9467 11.6888 9.61303 9.59752
threshold=700.93609117875906 1.0000000180025095e-35 658.91768079537439 -1.0000000180025095e-35 -1.0000000180025095e-35 -0.22252093395631442
decision_type=2 2 2 2 2 2
left_child=1 2 -1 4 -2 -5
right_child=3 -3 -4 5 -6 -7
leaf_value=-0.0069209464297461405 -0.00074372208078101745 -0.0012587612612861589 -0.0084299137579797907 0.00038980820924130734 0.00090798195610340758 0.0013177165404582543
leaf_weight=29 4875 278 341 3725 6193 4894
leaf_count=29 4875 278 341 3725 6193 4894
internal_value=0.000286561 -0.0169985 -0.0284906 0.000856334 0.000103713 0.00182268
internal_weight=20335 648 370 19687 11068 8619
internal_count=20335 648 370 19687 11068 8619
is_linear=0
shrinkage=0.035


Tree=51
num_leaves=7
num_cat=0
split_feature=8 3 11 8 7 3
split_gain=162.227 92.7186 18.8153 11.5556 21.7268 11.8859
threshold=700.93609117875906 1.0000000180025095e-35 658.91768079537439 2235.2062025673076 1.0000000180025095e-35 -1.0000000180025095e-35
decision_type=2 2 2 2 2 2
left_child=1 2 -1 4 -2 -5
right_child=3 -3 -4 5 -6 -7
leaf_value=-0.0066787133047050244 0.0046484831900483019 -0.0012147046171411492 -0.0081348667764504917 6.7928077159877816e-05 -0.003164777795293405 0.0013307892751763344
leaf_weight=29 818 278 341 7085 1909 9875
leaf_count=29 818 278 341 7085 1909 9875
internal_value=0.000272792 -0.0169445 -0.0283962 0.000840334 -0.00127401 0.00118036
internal_weight=20335 648 370 19687 2727 16960
internal_count=20335 648 370 19687 2727 16960
is_linear=0
shrinkage=0.035


Tree=52
num_leaves=7
num_cat=0
split_feature=8 3 11 6 10 10
split_gain=160.04 91.4144 18.5539 11.1073 9.81819 9.32942
threshold=700.93609117875906 1.0000000180025095e-35 658.91768079537439 -1.0000000180025095e-35 1564.4627564250536 2609.3784156860747
decision_type=2 2 2 2 2 2
left_child=1 2 -1 4 -2 -5
right_child=3 -3 -4 5 -6 -7
leaf_value=-0.0064449583390403485 0.0053493802009492476 -0.0011721899555411943 -0.0078501464392747178 0.00014967193836935982 -0.00022514134363703001 0.0022563278355666231
leaf_weight=29 1076 278 341 3640 9992 4979
leaf_count=29 1076 278 341 3640 9992 4979
internal_value=0.000264187 -0.0168367 -0.0282075 0.00082789 9.42272e-05 0.0017699
internal_weight=20335 648 370 19687 11068 8619
internal_count=20335 648 370 19687 11068 8619
is_linear=0
shrinkage=0.035


Tree=53
num_leaves=7
num_cat=0
split_feature=8 3 11 6 10 10
split_gain=156.092 88.8339 18.0365 10.9049 9.42736 9.40119
threshold=700.93609117875906 1.0000000180025095e-35 658.91768079537439 -1.0000000180025095e-35 2609.3784156860747 1564.4627564250536
decision_type=2 2 2 2 2 2
left_child=1 2 -1 5 -5 -2
right_child=3 -3 -4 4 -6 -7
leaf_value=-0.0062193847971739394 0.00516215189391601 -0.0011311633070972427 -0.0075753913139001133 0.00014443342052643276 0.0021773563613217872 -0.000217261396609745
leaf_weight=29 1076 278 341 3640 4979 9992
leaf_count=29 1076 278 341 3640 4979 9992
internal_value=0.000267629 -0.016621 -0.0278302 0.000824335 0.00175771 9.73892e-05
internal_weight=20335 648 370 19687 8619 11068
internal_count=20335 648 370 19687 8619 11068
is_linear=0
shrinkage=0.035


Tree=54
num_leaves=7
num_cat=0
split_feature=8 3 11 6 10 3
split_gain=150.136 85.0323 17.2743 10.722 9.14674 9.05602
threshold=700.93609117875906 1.0000000180025095e-35 658.91768079537439 -1.0000000180025095e-35 2609.3784156860747 -1.0000000180025095e-35
decision_type=2 2 2 2 2 2
left_child=1 2 -1 5 -5 -2
right_child=3 -3 -4 4 -6 -7
leaf_value=-0.006001706329272838 -0.00067020768937366625 -0.0010915725913488263 -0.0073102526179135959 0.00013937825080799742 0.002101148888675537 0.00087458842677895368
leaf_weight=29 4875 278 341 3640 4979 6193
leaf_count=29 4875 278 341 3640 4979 6193
internal_value=0.000265908 -0.0162974 -0.0272642 0.000811891 0.00173741 9.10653e-05
internal_weight=20335 648 370 19687 8619 11068
internal_count=20335 648 370 19687 8619 11068
is_linear=0
shrinkage=0.035


Tree=55
num_leaves=7
num_cat=0
split_feature=8 3 11 6 6 10
split_gain=141.618 79.4857 16.1933 10.5115 9.35907 9.04947
threshold=700.93609117875906 1.0000000180025095e-35 748.40019041252197 -1.0000000180025095e-35 0.68301270189221941 1564.4627564250536
decision_type=2 2 2 2 2 2
left_child=1 2 -1 5 -5 -2
right_child=3 -3 -4 4 -6 -7
leaf_value=-0.0057499473840418808 0.0050049338467570122 -0.001053367550651605 -0.007059979697237778 0.00103005011202746 0.00020740797058847637 -0.00021555454776903395
leaf_weight=116 1076 278 254 5664 2955 9992
leaf_count=116 1076 278 254 5664 2955 9992
internal_value=0.000274513 -0.015812 -0.0264151 0.00080478 0.00172117 9.10653e-05
internal_weight=20335 648 370 19687 8619 11068
internal_count=20335 648 370 19687 8619 11068
is_linear=0
shrinkage=0.035


Tree=56
num_leaves=7
num_cat=0
split_feature=8 3 11 8 7 9
split_gain=138.754 77.6785 18.1383 10.5511 21.262 10.9316
threshold=700.93609117875906 1.0000000180025095e-35 748.40019041252197 2235.2062025673076 1.0000000180025095e-35 2745.7228875915193
decision_type=2 2 2 2 2 2
left_child=1 2 -1 4 -2 -5
right_child=3 -3 -4 5 -6 -7
leaf_value=-0.0055486992256004071 0.0042429983537436633 -0.001016499686378789 -0.0068128804078344506 0.00095931085288205058 -0.0030507792432243946 -0.00067715131254894991
leaf_weight=116 818 278 254 14593 1909 2367
leaf_count=116 818 278 254 14593 1909 2367
internal_value=0.000272792 -0.0156502 -0.0261321 0.000797669 -0.00122269 0.00112258
internal_weight=20335 648 370 19687 2727 16960
internal_count=20335 648 370 19687 2727 16960
is_linear=0
shrinkage=0.035


Tree=57
num_leaves=7
num_cat=0
split_feature=8 3 11 6 10 9
split_gain=131.278 72.9606 23.8401 9.4349 10.4724 9.01778
threshold=700.93609117875906 1.0000000180025095e-35 748.40019041252197 -1.0000000180025095e-35 2609.3784156860747 2247.6530142059833
decision_type=2 2 2 2 2 2
left_child=1 2 -1 -2 -5 -3
right_child=3 5 -4 4 -6 -7
leaf_value=-0.0053544947527044001 0.00013634154136248747 -0.022437217573756208 -0.0065744295935602362 6.4872378257871665e-05 0.0019735885939077416 0.0016569790719423551
leaf_weight=116 11068 111 254 3640 4979 167
leaf_count=116 11068 111 254 3640 4979 167
internal_value=0.00026935 -0.0152188 -0.0253774 0.000779891 0.00164809 -0.00165591
internal_weight=20335 648 370 19687 8619 278
internal_count=20335 648 370 19687 8619 278
is_linear=0
shrinkage=0.035


Tree=58
num_leaves=7
num_cat=0
split_feature=8 3 11 6 10 10
split_gain=121.639 74.7183 27.7841 9.37441 10.3536 8.99324
threshold=700.93609117875906 1.0000000180025095e-35 748.40019041252197 -1.0000000180025095e-35 2609.3784156860747 1564.4627564250536
decision_type=2 2 2 2 2 2
left_child=1 2 -1 5 -5 -2
right_child=3 -3 -4 4 -6 -7
leaf_value=-0.0051670874363597529 0.0046764842657918146 -0.00019561958227407142 -0.0063443245577856243 6.2601845018852288e-05 0.0019045129931209829 -0.00021348739355003089
leaf_weight=116 1076 278 254 3640 4979 9992
leaf_count=116 1076 278 254 3640 4979 9992
internal_value=0.000283119 -0.0146256 -0.0249057 0.000774558 0.00163997 0.000100551
internal_weight=20335 648 370 19687 8619 11068
internal_count=20335 648 370 19687 8619 11068
is_linear=0
shrinkage=0.035


Tree=59
num_leaves=7
num_cat=0
split_feature=8 3 11 8 7 3
split_gain=118.117 72.387 31.1499 9.44355 20.5741 10.9681
threshold=700.93609117875906 1.0000000180025095e-35 748.40019041252197 2235.2062025673076 1.0000000180025095e-35 -1.0000000180025095e-35
decision_type=2 2 2 2 2 2
left_child=1 2 -1 4 -2 -5
right_child=3 -3 -4 5 -6 -7
leaf_value=-0.0049862393760871657 0.0040192362189100453 -0.00018877289689447799 -0.0061222731982631335 1.9757195333952363e-05 -0.0029413018648849769 0.0011528106466085865
leaf_weight=116 818 278 254 7085 1909 9875
leaf_count=116 818 278 254 7085 1909 9875
internal_value=0.000281398 -0.0144099 -0.0245283 0.00076567 -0.00114571 0.00107305
internal_weight=20335 648 370 19687 2727 16960
internal_count=20335 648 370 19687 2727 16960
is_linear=0
shrinkage=0.035


Tree=60
num_leaves=7
num_cat=0
split_feature=8 3 11 9 10 11
split_gain=113.875 69.5249 35.6206 8.91749 18.9954 8.47817
threshold=700.93609117875906 1.0000000180025095e-35 748.40019041252197 2738.8341107588244 2610.8238727897278 157.6250450585523
decision_type=2 2 2 2 2 2
left_child=1 2 -1 4 -2 -5
right_child=3 -3 -4 5 -6 -7
leaf_value=-0.0048117209979241012 0.00014170022870510737 -0.00018216584550316829 -0.0059079936363239096 -0.00095937764266136886 0.0020597729412831804 0.0022972434300786485
leaf_weight=116 11453 278 254 1915 5519 800
leaf_count=116 11453 278 254 1915 5519 800
internal_value=0.00028484 -0.0141402 -0.0240566 0.000760336 0.00105827 -0.0011018
internal_weight=20335 648 370 19687 16972 2715
internal_count=20335 648 370 19687 16972 2715
is_linear=0
shrinkage=0.035


Tree=61
num_leaves=7
num_cat=0
split_feature=8 3 11 9 10 11
split_gain=111.2 69.1485 37.4907 8.53854 18.4639 7.62142
threshold=700.93609117875906 1.0000000180025095e-35 748.40019041252197 2738.8341107588244 2610.8238727897278 157.6250450585523
decision_type=2 2 2 2 2 2
left_child=1 2 -1 4 -2 -5
right_child=3 -3 -4 5 -6 -7
leaf_value=-0.004643310762996772 0.00013674072070041801 -0.00017579004091055508 -0.0057012138590525705 -0.00092579942516823118 0.0019876808883382592 0.0022168399100259075
leaf_weight=116 11453 278 254 1915 5519 800
leaf_count=116 11453 278 254 1915 5519 800
internal_value=0.000276234 -0.0139784 -0.0238679 0.000746114 0.00103765 -0.00107603
internal_weight=20335 648 370 19687 16972 2715
internal_count=20335 648 370 19687 16972 2715
is_linear=0
shrinkage=0.035


Tree=62
num_leaves=7
num_cat=0
split_feature=8 3 11 9 10 11
split_gain=109.311 68.0229 39.4077 8.49279 18.0337 7.45845
threshold=700.93609117875906 1.0000000180025095e-35 748.40019041252197 2738.8341107588244 2610.8238727897278 157.6250450585523
decision_type=2 2 2 2 2 2
left_child=1 2 -1 4 -2 -5
right_child=3 -3 -4 5 -6 -7
leaf_value=-0.0044807948862918973 0.00013195479547590939 -0.00016963738947868735 -0.0055016713739857353 -0.00089339644528733898 0.0019181120572464175 0.0021392505131750065
leaf_weight=116 11453 278 254 1915 5519 800
leaf_count=116 11453 278 254 1915 5519 800
internal_value=0.000262466 -0.0138706 -0.0236792 0.000728337 0.00101909 -0.00108892
internal_weight=20335 648 370 19687 16972 2715
internal_count=20335 648 370 19687 16972 2715
is_linear=0
shrinkage=0.035


Tree=63
num_leaves=7
num_cat=0
split_feature=8 3 11 3 6 8
split_gain=105.816 65.7994 43.3821 8.51556 14.0406 13.5882
threshold=700.93609117875906 1.0000000180025095e-35 748.40019041252197 -1.0000000180025095e-35 -0.93301270189221908 2637.8861220535241
decision_type=2 2 2 2 2 2
left_child=1 2 -1 5 -5 -2
right_child=3 -3 -4 4 -6 -7
leaf_value=-0.0043239670652716802 -0.00076892280769070968 -0.00016370008084693578 -0.0053091128758962431 -0.00070771714665355872 0.0010595899159883725 0.0019391983288566592
leaf_weight=116 5735 278 254 1188 9886 2878
leaf_count=116 5735 278 254 1188 9886 2878
internal_value=0.000250418 -0.0136549 -0.0233019 0.000708782 0.0013507 -0.000116612
internal_weight=20335 648 370 19687 11074 8613
internal_count=20335 648 370 19687 11074 8613
is_linear=0
shrinkage=0.035


Tree=64
num_leaves=7
num_cat=0
split_feature=8 3 11 8 7 9
split_gain=104.84 65.2493 44.405 8.28901 20.1219 9.6969
threshold=700.93609117875906 1.0000000180025095e-35 748.40019041252197 2235.2062025673076 1.0000000180025095e-35 2743.4291845747534
decision_type=2 2 2 2 2 2
left_child=1 2 -1 4 -2 -5
right_child=3 -3 -4 5 -6 -7
leaf_value=-0.0041726282179871703 0.0038788281574582933 -0.00015797057801728354 -0.0051232939252398605 0.00081916982020413098 -0.0029168065007203372 -0.00064013682925613015
leaf_weight=116 818 278 254 14517 1909 2443
leaf_count=116 818 278 254 14517 1909 2443
internal_value=0.000240092 -0.0136009 -0.0232075 0.000696338 -0.00109439 0.000984317
internal_weight=20335 648 370 19687 2727 16960
internal_count=20335 648 370 19687 2727 16960
is_linear=0
shrinkage=0.035


Tree=65
num_leaves=7
num_cat=0
split_feature=8 3 11 9 10 11
split_gain=103.843 64.7015 45.4395 8.18413 17.6355 7.52633
threshold=700.93609117875906 1.0000000180025095e-35 748.40019041252197 2738.8341107588244 2609.3784156860747 157.6250450585523
decision_type=2 2 2 2 2 2
left_child=1 2 -1 4 -2 -5
right_child=3 -3 -4 5 -6 -7
leaf_value=-0.0040265862303576084 0.00010072814228417663 -0.00015244160778666416 -0.0049439786378564637 -0.00086920201642473789 0.001784269062408577 0.0020327109569567318
leaf_weight=116 11387 278 254 1915 5585 800
leaf_count=116 11387 278 254 1915 5585 800
internal_value=0.000228044 -0.013547 -0.0231132 0.000682116 0.000967537 -0.0011018
internal_weight=20335 648 370 19687 16972 2715
internal_count=20335 648 370 19687 16972 2715
is_linear=0
shrinkage=0.035


Tree=66
num_leaves=7
num_cat=0
split_feature=8 6 4 9 3 6
split_gain=102.146 64.5861 41.0965 15.2935 7.79774 14.2377
threshold=700.93609117875906 -0.93301270189221908 0.81174490092936691 1882.8375232776009 -1.0000000180025095e-35 -0.93301270189221908
decision_type=2 2 2 2 2 2
left_child=1 3 -3 -1 -2 -6
right_child=4 2 -4 -5 5 -7
leaf_value=0.00013791036701152229 -9.393189251170936e-05 0.00099344274742327733 -0.0043203625295291015 -0.0047815871603410281 -0.00068288554114848436 0.0009984745092145354
leaf_weight=17 8613 333 88 210 1188 9886
leaf_count=17 8613 333 88 210 1188 9886
internal_value=0.000222881 -0.0134391 -0.00529976 -0.0284452 0.000673227 0.00128749
internal_weight=20335 648 421 227 19687 11074
internal_count=20335 648 421 227 19687 11074
is_linear=0
shrinkage=0.035


Tree=67
num_leaves=7
num_cat=0
split_feature=8 3 11 9 10 11
split_gain=94.0189 65.8039 51.8927 7.56824 16.7626 7.39086
threshold=700.93609117875906 1.0000000180025095e-35 748.40019041252197 2738.8341107588244 2609.3784156860747 157.6250450585523
decision_type=2 2 2 2 2 2
left_child=1 2 -1 4 -2 -5
right_child=3 -3 -4 5 -6 -7
leaf_value=-0.0038241623511523141 8.7512361512463613e-05 2.0249399097811428e-05 -0.0046035838349195316 -0.00083726994618775919 0.0016876519507863553 0.0019519977939550525
leaf_weight=116 11387 278 254 1915 5585 800
leaf_count=116 11387 278 254 1915 5585 800
internal_value=0.000207391 -0.0128998 -0.0225472 0.000639451 0.000913922 -0.00107603
internal_weight=20335 648 370 19687 16972 2715
internal_count=20335 648 370 19687 16972 2715
is_linear=0
shrinkage=0.035


Tree=68
num_leaves=7
num_cat=0
split_feature=8 3 11 3 6 8
split_gain=93.1731 65.2537 53.0091 7.24141 13.5182 12.7598
threshold=700.93609117875906 1.0000000180025095e-35 748.40019041252197 -1.0000000180025095e-35 -0.93301270189221908 2637.8861220535241
decision_type=2 2 2 2 2 2
left_child=1 2 -1 5 -5 -2
right_child=3 -3 -4 4 -6 -7
leaf_value=-0.0036903166688619974 -0.00075285657171133029 1.9540670129383211e-05 -0.0044424584006973519 -0.00066437248998737792 0.00094889047036742294 0.0018403963519730362
leaf_weight=116 5735 278 254 1188 9886 2878
leaf_count=116 5735 278 254 1188 9886 2878
internal_value=0.000202228 -0.0128459 -0.0224528 0.00063234 0.00122429 -0.000128802
internal_weight=20335 648 370 19687 11074 8613
internal_count=20335 648 370 19687 11074 8613
is_linear=0
shrinkage=0.035


Tree=69
num_leaves=7
num_cat=0
split_feature=8 3 11 9 10 11
split_gain=92.8048 65.2537 53.0091 7.27778 16.2542 7.12337
threshold=700.93609117875906 1.0000000180025095e-35 748.40019041252197 2735.1370535297956 2620.02381426995 157.6250450585523
decision_type=2 2 2 2 2 2
left_child=1 2 -1 4 -2 -5
right_child=3 -3 -4 5 -6 -7
leaf_value=-0.0035611555854518119 0.00011342670349011005 1.8856746674864591e-05 -0.0042869723566729559 -0.00083740227413680039 0.0016951182366454543 0.0018270877520834541
leaf_weight=116 11839 278 254 2036 4987 825
leaf_count=116 11839 278 254 2036 4987 825
internal_value=0.000176411 -0.0128459 -0.0224528 0.000605674 0.000883164 -0.00102603
internal_weight=20335 648 370 19687 16826 2861
internal_count=20335 648 370 19687 16826 2861
is_linear=0
shrinkage=0.035


Tree=70
num_leaves=7
num_cat=0
split_feature=8 3 11 8 7 9
split_gain=91.8668 64.7059 52.5004 7.23513 20.0096 8.23255
threshold=700.93609117875906 1.0000000180025095e-35 748.40019041252197 2235.2062025673076 1.0000000180025095e-35 2745.7228875915193
decision_type=2 2 2 2 2 2
left_child=1 2 -1 4 -2 -5
right_child=3 -3 -4 5 -6 -7
leaf_value=-0.0034365151399610074 0.0037298362138680477 1.819676054123143e-05 -0.0041369283241894017 0.00069996023734811383 -0.0029615884596361801 -0.00058641771477525233
leaf_weight=116 818 278 254 14593 1909 2367
leaf_count=116 818 278 254 14593 1909 2367
internal_value=0.000164364 -0.012792 -0.0223585 0.000591452 -0.00108156 0.000860504
internal_weight=20335 648 370 19687 2727 16960
internal_count=20335 648 370 19687 2727 16960
is_linear=0
shrinkage=0.035


Tree=71
num_leaves=7
num_cat=0
split_feature=8 6 4 9 9 10
split_gain=88.9773 64.0926 29.9105 19.3833 6.96782 16.0333
threshold=700.93609117875906 -0.93301270189221908 0.81174490092936691 2038.3593176902853 2735.1370535297956 2620.02381426995
decision_type=2 2 2 2 2 2
left_child=1 3 -3 -1 5 -2
right_child=4 2 -4 -5 -6 -7
leaf_value=1.7559856016617916e-05 0.00010037056698532809 0.00099601214884804013 -0.0036301677850303152 -0.004005205225609188 -0.00052317049977637826 0.0016112904900556836
leaf_weight=28 11839 333 88 199 2861 4987
leaf_count=28 11839 333 88 199 2861 4987
internal_value=0.00017469 -0.0125763 -0.00447038 -0.0275241 0.000595007 0.000866524
internal_weight=20335 648 421 227 19687 16826
internal_count=20335 648 421 227 19687 16826
is_linear=0
shrinkage=0.035


Tree=72
num_leaves=7
num_cat=0
split_feature=8 6 4 9 9 10
split_gain=88.7852 64.0926 29.9105 19.3833 6.73886 15.8764
threshold=700.93609117875906 -0.93301270189221908 0.81174490092936691 2038.3593176902853 2735.1370535297956 2610.8238727897278
decision_type=2 2 2 2 2 2
left_child=1 3 -3 -1 5 -2
right_child=4 2 -4 -5 -6 -7
leaf_value=1.6945261056044994e-05 7.3957929640516582e-05 0.00096115172363836271 -0.0035031119125542454 -0.0038650230427128653 -0.00050485953228420605 0.0015366449135037446
leaf_weight=28 11424 333 88 199 2861 5402
leaf_count=28 11424 333 88 199 2861 5402
internal_value=0.000160922 -0.0125763 -0.00447038 -0.0275241 0.000580785 0.000847804
internal_weight=20335 648 421 227 19687 16826
internal_count=20335 648 421 227 19687 16826
is_linear=0
shrinkage=0.035


Tree=73
num_leaves=7
num_cat=0
split_feature=8 6 8 9 10 10
split_gain=81.541 68.8075 29.7976 19.3833 6.61933 29.33
threshold=700.93609117875906 -0.93301270189221908 397.74972106383842 2038.3593176902853 2239.4497353115935 1713.1002975115
decision_type=2 2 2 2 2 2
left_child=1 3 -3 -1 5 -2
right_child=4 2 -4 -5 -6 -7
leaf_value=1.635217691909663e-05 0.0038466041963025012 -0.021736599877292689 0.00011694042924750737 -0.0037297472362179153 0.00054621535779570719 -0.033542734213252955
leaf_weight=28 1361 81 340 199 17200 1126
leaf_count=28 1361 81 340 199 17200 1126
internal_value=0.000169527 -0.012037 -0.003641 -0.0275241 0.000571897 -0.00111555
internal_weight=20335 648 421 227 19687 2487
internal_count=20335 648 421 227 19687 2487
is_linear=0
shrinkage=0.035


Tree=74
num_leaves=7
num_cat=0
split_feature=8 6 8 9 3 8
split_gain=76.0192 72.2827 19.7454 19.1657 8.69469 12.2952
threshold=700.93609117875906 -0.93301270189221908 397.74972106383842 2038.3593176902853 -1.0000000180025095e-35 2609.6109113877351
decision_type=2 2 2 2 2 2
left_child=1 3 -3 -1 5 -2
right_child=4 2 -4 -5 -6 -7
leaf_value=1.5779850726924672e-05 -0.00085918254761663455 -0.020975818881587453 0.00011284751422384166 -0.0035992060829502974 0.00075360021544146523 0.001595750148977395
leaf_weight=28 5215 81 340 199 11074 3398
leaf_count=28 5215 81 340 199 11074 3398
internal_value=0.000288282 -0.0114977 -0.00289455 -0.0273706 0.000676783 -0.000157244
internal_weight=20335 648 421 227 19687 8613
internal_count=20335 648 421 227 19687 8613
is_linear=0
shrinkage=0.035


Tree=75
num_leaves=5
num_cat=0
split_feature=11 8 9 3
split_gain=63.911 20.9759 35.7197 8.43455
threshold=968.06096274062929 700.93609117875906 2626.4358569641986 -1.0000000180025095e-35
decision_type=2 2 2 2
left_child=1 2 -1 -3
right_child=-2 3 -4 -5
leaf_value=-0.0020323569994242599 -0.0035082597047609012 -0.00010763229391635449 -0.0027588967582786862 0.00072719557090981392
leaf_weight=459 80 8613 110 11073
leaf_count=459 80 8613 110 11073
internal_value=0.00034852 0.000472576 -0.00614649 0.000664195
internal_weight=20335 20255 569 19686
internal_count=20335 20255 569 19686
is_linear=0
shrinkage=0.035


Tree=76
num_leaves=5
num_cat=0
split_feature=11 8 6 3
split_gain=63.989 15.9342 20.3708 9.21788
threshold=968.06096274062929 486.50315275934344 -0.6830127018922193 -1.0000000180025095e-35
decision_type=2 2 2 2
left_child=1 2 -1 -3
right_child=-2 3 -4 -5
leaf_value=-0.00095240471486906847 -0.0033854706150942709 -0.00012943130146996149 -0.0030912148693183579 0.00068685338886673663
leaf_weight=41 80 8713 184 11317
leaf_count=41 80 8713 184 11317
internal_value=0.000367452 0.000491583 -0.00875 0.000595827
internal_weight=20335 20255 225 20030
internal_count=20335 20255 225 20030
is_linear=0
shrinkage=0.035


Tree=77
num_leaves=5
num_cat=0
split_feature=11 8 9 9
split_gain=63.9819 12.887 25.2196 7.92542
threshold=968.06096274062929 807.12184368370379 2626.4358569641986 2341.3574268761531
decision_type=2 2 2 2
left_child=1 2 -1 -3
right_child=-2 3 -4 -5
leaf_value=-0.0026920983989527692 -0.0032669791435659739 0.0014438578893707055 -0.0026578052761874818 0.00021177057789627696
leaf_weight=540 80 4168 110 15437
leaf_count=540 80 4168 110 15437
internal_value=0.000365731 0.000489855 -0.00435484 0.000650694
internal_weight=20335 20255 650 19605
internal_count=20335 20255 650 19605
is_linear=0
shrinkage=0.035


Tree=78
num_leaves=5
num_cat=0
split_feature=11 8 10 3
split_gain=64.067 10.6543 14.025 9.45493
threshold=968.06096274062929 2235.2062025673076 2549.1509278024855 -1.0000000180025095e-35
decision_type=2 2 2 2
left_child=1 2 -1 -3
right_child=-2 3 -4 -5
leaf_value=-0.00062171816358670294 -0.0031526348735411562 -6.6892176007480233e-05 -0.0019175662138261797 0.00075902722123249078
leaf_weight=3092 80 7085 204 9874
leaf_count=3092 80 7085 204 9874
internal_value=0.000386384 0.00051059 -0.00130998 0.000864475
internal_weight=20335 20255 3296 16959
internal_count=20335 20255 3296 16959
is_linear=0
shrinkage=0.035


Tree=79
num_leaves=5
num_cat=0
split_feature=11 8 10 3
split_gain=64.067 9.21542 13.356 8.98104
threshold=968.06096274062929 2235.2062025673076 2549.1509278024855 -1.0000000180025095e-35
decision_type=2 2 2 2
left_child=1 2 -1 -3
right_child=-2 3 -4 -5
leaf_value=-0.000599958027861157 -0.0030422926529672092 -6.4550949847228456e-05 -0.0018504513963422777 0.00073246126848934361
leaf_weight=3092 80 7085 204 9874
leaf_count=3092 80 7085 204 9874
internal_value=0.000386384 0.00051059 -0.00118259 0.000839711
internal_weight=20335 20255 3296 16959
internal_count=20335 20255 3296 16959
is_linear=0
shrinkage=0.035


Tree=80
num_leaves=5
num_cat=0
split_feature=11 8 10 3
split_gain=64.0741 8.44224 12.5 8.56542
threshold=968.06096274062929 2235.2062025673076 1587.3649959401489 -1.0000000180025095e-35
decision_type=2 2 2 2
left_child=1 2 -1 -3
right_child=-2 3 -4 -5
leaf_value=0.002300368362367813 -0.0029358124101133503 -6.2291666602562934e-05 -0.0021756648169638411 0.000706825124092216
leaf_weight=818 80 7085 2478 9874
leaf_count=818 80 7085 2478 9874
internal_value=0.000388105 0.000512317 -0.00110828 0.000827329
internal_weight=20335 20255 3296 16959
internal_count=20335 20255 3296 16959
is_linear=0
shrinkage=0.035


Tree=81
num_leaves=5
num_cat=0
split_feature=11 8 9 9
split_gain=64.0599 7.56156 12.7158 11.0744
threshold=968.06096274062929 2518.0766594228121 2341.3574268761531 2732.5884956261721
decision_type=2 2 2 2
left_child=1 2 -1 -3
right_child=-2 3 -4 -5
leaf_value=0.00091223458257691189 -0.0028330589757593842 0.00077544888442493626 -0.00062850826170289206 -0.00060456001334736366
leaf_weight=2819 80 9410 5517 2509
leaf_count=2819 80 9410 5517 2509
internal_value=0.000384663 0.000508862 -0.000299748 0.00107437
internal_weight=20335 20255 8336 11919
internal_count=20335 20255 8336 11919
is_linear=0
shrinkage=0.035


Tree=82
num_leaves=5
num_cat=0
split_feature=11 8 10 9
split_gain=64.0457 7.20275 11.4593 8.11665
threshold=968.06096274062929 2235.2062025673076 1587.3649959401489 2743.4291845747534
decision_type=2 2 2 2
left_child=1 2 -1 -3
right_child=-2 3 -4 -5
leaf_value=0.0022418532588445264 -0.0027339019116078105 0.00056290929739977907 -0.002114419623249411 -0.00062472374451449843
leaf_weight=818 80 14516 2478 2443
leaf_count=818 80 14516 2478 2443
internal_value=0.000381221 0.000505406 -0.000991507 0.000796374
internal_weight=20335 20255 3296 16959
internal_count=20335 20255 3296 16959
is_linear=0
shrinkage=0.035


Tree=83
num_leaves=5
num_cat=0
split_feature=11 9 10 8
split_gain=62.2972 6.60357 21.6939 4.85968
threshold=968.06096274062929 2341.3574268761531 2239.4497353115935 397.74972106383842
decision_type=2 2 2 2
left_child=1 3 -3 -1
right_child=-2 2 -4 -5
leaf_value=-0.019822612675737223 -0.0026382153447015401 -0.023809282500830819 0.00023389652750545738 0.0011415388666598917
leaf_weight=70 80 541 15221 4423
leaf_count=70 80 541 15221 4423
internal_value=0.000386384 0.000508862 0.000171414 0.00169237
internal_weight=20335 20255 15762 4493
internal_count=20335 20255 15762 4493
is_linear=0
shrinkage=0.035


Tree=84
num_leaves=6
num_cat=0
split_feature=11 8 9 8 11
split_gain=37.5406 11.701 6.6449 13.1692 7.6949
threshold=968.06096274062929 533.16915041801542 2738.8341107588244 2597.3362550811594 157.6250450585523
decision_type=2 2 2 2 2
left_child=2 -2 3 -1 -4
right_child=1 -3 4 -5 -6
leaf_value=1.3331018581941585e-05 7.31313849203108e-06 -0.0025510598360619376 -0.00084534522916994035 0.00092214498508991119 0.0017825005025323267
leaf_weight=10736 18 62 1915 6799 805
leaf_count=10736 18 62 1915 6799 805
internal_value=0.000446622 -0.0233333 0.000541691 0.000791372 -0.00106762
internal_weight=20335 80 20255 17535 2720
internal_count=20335 80 20255 17535 2720
is_linear=0
shrinkage=0.035


Tree=85
num_leaves=6
num_cat=0
split_feature=11 8 9 8 11
split_gain=37.5461 11.701 6.2406 12.9634 7.42156
threshold=968.06096274062929 533.16915041801542 2738.8341107588244 2597.3362550811594 157.6250450585523
decision_type=2 2 2 2 2
left_child=2 -2 3 -1 -4
right_child=1 -3 4 -5 -6
leaf_value=1.2864432931558874e-05 7.0571786448070394e-06 -0.0024617727417997727 -0.00081575814614900152 0.00088986991061176812 0.0017201129849436976
leaf_weight=10736 18 62 1915 6799 805
leaf_count=10736 18 62 1915 6799 805
internal_value=0.000448343 -0.0233333 0.000543419 0.000785384 -0.00101617
internal_weight=20335 80 20255 17535 2720
internal_count=20335 80 20255 17535 2720
is_linear=0
shrinkage=0.035


Tree=86
num_leaves=6
num_cat=0
split_feature=11 8 9 10 11
split_gain=37.5135 11.701 5.95509 12.5265 7.28675
threshold=968.06096274062929 533.16915041801542 2738.8341107588244 2620.02381426995 157.6250450585523
decision_type=2 2 2 2 2
left_child=2 -2 3 -1 -4
right_child=1 -3 4 -5 -6
leaf_value=6.863292462245773e-05 6.8101773922313321e-06 -0.0023756106958367829 -0.00078720661103379489 0.0012087020955288575 0.001659909030470665
leaf_weight=12435 18 62 1915 5100 805
leaf_count=12435 18 62 1915 5100 805
internal_value=0.000438016 -0.0233333 0.000533052 0.000769417 -0.000990445
internal_weight=20335 80 20255 17535 2720
internal_count=20335 80 20255 17535 2720
is_linear=0
shrinkage=0.035


Tree=87
num_leaves=6
num_cat=0
split_feature=11 8 9 10 10
split_gain=37.432 11.701 6.02761 11.5535 4.84311
threshold=968.06096274062929 533.16915041801542 2341.3574268761531 2239.4497353115935 2239.4497353115935
decision_type=2 2 2 2 2
left_child=2 -2 4 -4 -1
right_child=1 -3 3 -5 -6
leaf_value=0.00037230424122385313 6.5718211835186228e-06 -0.0022924643214824948 -0.022979276606466516 0.00019805270057310137 0.0014070149624551772
leaf_weight=2514 18 62 541 15221 1979
leaf_count=2514 18 62 541 15221 1979
internal_value=0.0004122 -0.0233333 0.000507134 0.000184737 0.00163785
internal_weight=20335 80 20255 15762 4493
internal_count=20335 80 20255 15762 4493
is_linear=0
shrinkage=0.035


Tree=88
num_leaves=6
num_cat=0
split_feature=11 8 9 8 8
split_gain=37.4104 11.701 5.85347 9.94471 4.77692
threshold=968.06096274062929 533.16915041801542 2341.3574268761531 2510.6323734690845 397.74972106383842
decision_type=2 2 2 2 2
left_child=2 -2 4 -4 -1
right_child=1 -3 3 -5 -6
leaf_value=-0.019145170873694026 6.341807442105108e-06 -0.0022122280702306131 -0.00055369741170858424 0.00046578015305113215 0.0010544105815576555
leaf_weight=70 18 62 5325 10437 4423
leaf_count=70 18 62 5325 10437 4423
internal_value=0.000405316 -0.0233333 0.000500222 0.000182516 0.00161449
internal_weight=20335 80 20255 15762 4493
internal_count=20335 80 20255 15762 4493
is_linear=0
shrinkage=0.035


Tree=89
num_leaves=6
num_cat=0
split_feature=11 8 9 10 11
split_gain=36.0129 11.2982 5.56984 11.8802 7.28675
threshold=968.06096274062929 533.16915041801542 2738.8341107588244 2620.02381426995 157.6250450585523
decision_type=2 2 2 2 2
left_child=2 -2 3 -1 -4
right_child=1 -3 4 -5 -6
leaf_value=5.5803982898901444e-05 6.1198441816401336e-06 -0.0021348000877725506 -0.00078288852952443692 0.0011431633723085312 0.0016666545545601253
leaf_weight=12435 18 62 1915 5100 805
leaf_count=12435 18 62 1915 5100 805
internal_value=0.000389826 -0.0229012 0.000482943 0.000711536 -0.000990445
internal_weight=20335 80 20255 17535 2720
internal_count=20335 80 20255 17535 2720
is_linear=0
shrinkage=0.035


Tree=90
num_leaves=6
num_cat=0
split_feature=11 8 9 10 11
split_gain=36.0023 11.2982 5.41647 11.7495 7.47206
threshold=968.06096274062929 533.16915041801542 2743.4291845747534 2623.5740983410519 157.6250450585523
decision_type=2 2 2 2 2
left_child=2 -2 3 -1 -4
right_child=1 -3 4 -5 -6
leaf_value=5.6103269291817491e-05 5.905649635282729e-06 -0.0020600820847005031 -0.00076758141023692075 0.0011031459785474729 0.0016562158941963361
leaf_weight=12696 18 62 1791 4999 769
leaf_count=12696 18 62 1791 4999 769
internal_value=0.000386384 -0.0229012 0.000479488 0.000697192 -0.00102499
internal_weight=20335 80 20255 17695 2560
internal_count=20335 80 20255 17695 2560
is_linear=0
shrinkage=0.035


Tree=91
num_leaves=6
num_cat=0
split_feature=11 8 9 10 8
split_gain=35.9597 11.2982 5.251 9.75468 5.26299
threshold=968.06096274062929 533.16915041801542 2341.3574268761531 2239.4497353115935 700.93609117875906
decision_type=2 2 2 2 2
left_child=2 -2 4 -4 -1
right_child=1 -3 3 -5 -6
leaf_value=-0.0029174601321127237 5.6989518980543615e-06 -0.0019879792117359998 -0.022159539269657021 0.00016677312148398015 0.0011683316063458894
leaf_weight=263 18 62 541 15221 4230
leaf_count=263 18 62 541 15221 4230
internal_value=0.000372615 -0.0229012 0.000465665 0.000164753 0.00152103
internal_weight=20335 80 20255 15762 4493
internal_count=20335 80 20255 15762 4493
is_linear=0
shrinkage=0.035


Tree=92
num_leaves=6
num_cat=0
split_feature=11 8 10 10 8
split_gain=35.9651 11.2982 5.60456 10.8557 1.36811
threshold=968.06096274062929 533.16915041801542 1545.5086241312208 2239.4497353115935 533.16915041801542
decision_type=2 2 2 2 2
left_child=2 -2 4 -4 -1
right_child=1 -3 3 -5 -6
leaf_value=-0.0063552999392629287 5.499488581626189e-06 -0.0019183999393252284 -0.01015919836155476 0.00032538469769590969 0.0034491731796418242
leaf_weight=59 18 62 1844 17200 1152
leaf_count=59 18 62 1844 17200 1152
internal_value=0.000374336 -0.0229012 0.000467392 0.000320504 0.00277517
internal_weight=20335 80 20255 19044 1211
internal_count=20335 80 20255 19044 1211
is_linear=0
shrinkage=0.035


Tree=93
num_leaves=6
num_cat=0
split_feature=11 8 9 10 10
split_gain=35.9916 11.2982 5.69953 8.38174 3.79532
threshold=968.06096274062929 533.16915041801542 2341.3574268761531 2607.6378965399249 2215.0665052594522
decision_type=2 2 2 2 2
left_child=2 -2 4 -4 -1
right_child=1 -3 3 -5 -6
leaf_value=0.00066991612274654221 5.3070064812610347e-06 -0.0018512559414488507 -0.00029522450587735267 0.00070795705988224136 0.0012800124667601551
leaf_weight=2474 18 62 8015 7747 2019
leaf_count=2474 18 62 8015 7747 2019
internal_value=0.000382942 -0.0229012 0.000476032 0.000162533 0.00157555
internal_weight=20335 80 20255 15762 4493
internal_count=20335 80 20255 15762 4493
is_linear=0
shrinkage=0.035


Tree=94
num_leaves=6
num_cat=0
split_feature=11 8 9 10 11
split_gain=37.3074 9.9456 5.8446 10.1651 7.10297
threshold=968.06096274062929 533.16915041801542 2738.8341107588244 2620.02381426995 157.6250450585523
decision_type=2 2 2 2 2
left_child=2 -2 3 -1 -4
right_child=1 -3 4 -5 -6
leaf_value=6.7689361824525563e-05 5.1212612544127014e-06 -0.0017864619834981445 -0.00076954815121427992 0.0010225385242613962 0.0015338349949085288
leaf_weight=12435 18 62 1915 5100 805
leaf_count=12435 18 62 1915 5100 805
internal_value=0.000372615 -0.0233333 0.000467392 0.000701557 -0.0010419
internal_weight=20335 80 20255 17535 2720
internal_count=20335 80 20255 17535 2720
is_linear=0
shrinkage=0.035


Tree=95
num_leaves=6
num_cat=0
split_feature=11 8 9 8 8
split_gain=37.3128 9.9456 5.45098 8.02528 3.72235
threshold=968.06096274062929 533.16915041801542 2341.3574268761531 2510.6323734690845 397.74972106383842
decision_type=2 2 2 2 2
left_child=2 -2 4 -4 -1
right_child=1 -3 3 -5 -6
leaf_value=-0.018047139791623021 4.9420171105163393e-06 -0.0017239358140757235 -0.00051193837986780678 0.00038887164314789713 0.00096520651326816151
leaf_weight=70 18 62 5325 10437 4423
leaf_count=70 18 62 5325 10437 4423
internal_value=0.000374336 -0.0233333 0.00046912 0.000162533 0.00154439
internal_weight=20335 80 20255 15762 4493
internal_count=20335 80 20255 15762 4493
is_linear=0
shrinkage=0.035


Tree=96
num_leaves=6
num_cat=0
split_feature=11 8 9 10 10
split_gain=37.237 9.9456 5.45936 7.35968 3.46922
threshold=968.06096274062929 533.16915041801542 2341.3574268761531 2600.5007182552913 2215.0665052594522
decision_type=2 2 2 2 2
left_child=2 -2 4 -4 -1
right_child=1 -3 3 -5 -6
leaf_value=0.00061583947771537396 4.7690465116589927e-06 -0.0016635980605830582 -0.00028614747915689965 0.00062737500813159425 0.0011990606747952946
leaf_weight=2474 18 62 7722 8040 2019
leaf_count=2474 18 62 7722 8040 2019
internal_value=0.000350241 -0.0233333 0.00044493 0.000138108 0.00152103
internal_weight=20335 80 20255 15762 4493
internal_count=20335 80 20255 15762 4493
is_linear=0
shrinkage=0.035


Tree=97
num_leaves=6
num_cat=0
split_feature=11 8 9 10 11
split_gain=37.1937 9.9456 5.56698 9.44763 7.10297
threshold=968.06096274062929 533.16915041801542 2738.8341107588244 2620.02381426995 157.6250450585523
decision_type=2 2 2 2 2
left_child=2 -2 3 -1 -4
right_child=1 -3 4 -5 -6
leaf_value=7.3874137338425373e-05 4.6021298837573004e-06 -0.0016053721284626523 -0.00076121095156614501 0.00095118104311745291 0.0014674914712851153
leaf_weight=12435 18 62 1915 5100 805
leaf_count=12435 18 62 1915 5100 805
internal_value=0.000336472 -0.0233333 0.000431107 0.000659643 -0.0010419
internal_weight=20335 80 20255 17535 2720
internal_count=20335 80 20255 17535 2720
is_linear=0
shrinkage=0.035


Tree=98
num_leaves=6
num_cat=0
split_feature=11 8 9 3 3
split_gain=37.1613 9.9456 5.1288 5.71162 0.267134
threshold=968.06096274062929 533.16915041801542 613.8159928252461 -1.0000000180025095e-35 0.6078576107927941
decision_type=2 2 2 2 2
left_child=2 -2 4 -4 -1
right_child=1 -3 3 -5 -6
leaf_value=0.0035029653477760153 4.4410553378382295e-06 -0.0015491841039664547 -0.00025005872336367549 0.00040700086092165566 0.00051923954895681664
leaf_weight=673 18 62 8323 11204 55
leaf_count=673 18 62 8323 11204 55
internal_value=0.000326146 -0.0233333 0.00042074 0.000313115 0.00330316
internal_weight=20335 80 20255 19527 728
internal_count=20335 80 20255 19527 728
is_linear=0
shrinkage=0.035


Tree=99
num_leaves=6
num_cat=0
split_feature=11 8 9 3 3
split_gain=37.1289 9.9456 5.16577 5.20088 0.267134
threshold=968.06096274062929 533.16915041801542 613.8159928252461 -1.0000000180025095e-35 0.6078576107927941
decision_type=2 2 2 2 2
left_child=2 -2 4 -4 -1
right_child=1 -3 3 -5 -6
leaf_value=0.003380361560603853 4.2856184010187095e-06 -0.0014949626603276258 -0.00024130666804595763 0.00039275583078938401 0.00050106616474334309
leaf_weight=673 18 62 8323 11204 55
leaf_count=673 18 62 8323 11204 55
internal_value=0.000315819 -0.0233333 0.000410372 0.000302361 0.00330316
internal_weight=20335 80 20255 19527 728
internal_count=20335 80 20255 19527 728
is_linear=0
shrinkage=0.035


Tree=100
num_leaves=6
num_cat=0
split_feature=11 8 9 0 3
split_gain=37.1073 9.9456 5.19049 5.18876 0.267134
threshold=968.06096274062929 533.16915041801542 613.8159928252461 28.500000000000004 0.6078576107927941
decision_type=2 2 2 2 2
left_child=2 -2 4 -4 -1
right_child=1 -3 3 -5 -6
leaf_value=0.0032620489059827264 4.1356217569976655e-06 -0.0014426389672161611 -0.00027538892242638284 0.00034933570868857233 0.00048352884897731125
leaf_weight=673 18 62 5906 13621 55
leaf_count=673 18 62 5906 13621 55
internal_value=0.000308935 -0.0233333 0.000403461 0.000295192 0.00330316
internal_weight=20335 80 20255 19527 728
internal_count=20335 80 20255 19527 728
is_linear=0
shrinkage=0.035


Tree=101
num_leaves=6
num_cat=0
split_feature=11 8 9 10 8
split_gain=37.0911 9.9456 5.30171 7.2036 4.1009
threshold=968.06096274062929 533.16915041801542 2341.3574268761531 2607.6378965399249 1143.8077380980415
decision_type=2 2 2 2 2
left_child=2 -2 4 -4 -1
right_child=1 -3 3 -5 -6
leaf_value=-0.0017670239661555832 3.9908749955008821e-06 -0.0013921466033636023 -0.00028134437466843885 0.00057025843682982093 0.0010548951091991882
leaf_weight=400 18 62 8015 7747 4093
leaf_count=400 18 62 8015 7747 4093
internal_value=0.000303772 -0.0233333 0.000398277 9.5921e-05 0.00145872
internal_weight=20335 80 20255 15762 4493
internal_count=20335 80 20255 15762 4493
is_linear=0
shrinkage=0.035


Tree=102
num_leaves=6
num_cat=0
split_feature=11 8 9 8 8
split_gain=37.0911 9.9456 5.5379 6.645 3.34783
threshold=968.06096274062929 533.16915041801542 2341.3574268761531 2510.6323734690845 1143.8077380980415
decision_type=2 2 2 2 2
left_child=2 -2 4 -4 -1
right_child=1 -3 3 -5 -6
leaf_value=-0.0017051781273401457 3.8511943706476263e-06 -0.0013434214722458872 -0.00051932964318445439 0.00032196864093994083 0.00101797378037722
leaf_weight=400 18 62 5325 10437 4093
leaf_count=400 18 62 5325 10437 4093
internal_value=0.000303772 -0.0233333 0.000398277 8.92598e-05 0.00148209
internal_weight=20335 80 20255 15762 4493
internal_count=20335 80 20255 15762 4493
is_linear=0
shrinkage=0.035


Tree=103
num_leaves=6
num_cat=0
split_feature=11 8 10 10 8
split_gain=37.1019 9.9456 5.50318 7.27537 1.51711
threshold=968.06096274062929 533.16915041801542 1545.5086241312208 2239.4497353115935 1143.8077380980415
decision_type=2 2 2 2 2
left_child=2 -2 4 -4 -1
right_child=1 -3 3 -5 -6
leaf_value=6.9685069307165903e-05 3.7164025676794667e-06 -0.0012964017207172818 -0.0099066632454781547 0.00024859463105599022 0.0035268387375601618
leaf_weight=247 18 62 1844 17200 964
leaf_count=247 18 62 1844 17200 964
internal_value=0.000307214 -0.0233333 0.000401733 0.000256183 0.00268853
internal_weight=20335 80 20255 19044 1211
internal_count=20335 80 20255 19044 1211
is_linear=0
shrinkage=0.035


Tree=104
num_leaves=6
num_cat=0
split_feature=11 8 9 9 0
split_gain=37.1127 9.9456 5.70732 6.37316 2.81754
threshold=968.06096274062929 533.16915041801542 2341.3574268761531 2560.0987159876531 22.500000000000004
decision_type=2 2 2 2 2
left_child=2 -2 4 -4 -1
right_child=1 -3 3 -5 -6
leaf_value=2.2492808153118384e-05 3.5863284778026033e-06 -0.0012510276604921833 -0.00031030799368718647 0.0003277863847655341 0.0010148807451544277
leaf_weight=1127 18 62 5349 10413 3366
leaf_count=1127 18 62 5349 10413 3366
internal_value=0.000310656 -0.0233333 0.000405189 9.14802e-05 0.00150545
internal_weight=20335 80 20255 15762 4493
internal_count=20335 80 20255 15762 4493
is_linear=0
shrinkage=0.035


Tree=105
num_leaves=6
num_cat=0
split_feature=11 8 9 10 0
split_gain=37.0641 9.9456 5.62654 6.15437 2.73129
threshold=968.06096274062929 533.16915041801542 2341.3574268761531 2610.8238727897278 22.500000000000004
decision_type=2 2 2 2 2
left_child=2 -2 4 -4 -1
right_child=1 -3 3 -5 -6
leaf_value=2.1705559867766236e-05 3.4608069810815326e-06 -0.0012072416923749475 -0.00026472162690867578 0.00052758242407740586 0.00097935991907401455
leaf_weight=1127 18 62 8166 7596 3366
leaf_count=1127 18 62 8166 7596 3366
internal_value=0.000295166 -0.0233333 0.000389638 7.81578e-05 0.00148209
internal_weight=20335 80 20255 15762 4493
internal_count=20335 80 20255 15762 4493
is_linear=0
shrinkage=0.035


Tree=106
num_leaves=6
num_cat=0
split_feature=11 8 10 10 8
split_gain=37.0263 9.9456 5.62023 6.21297 1.51711
threshold=968.06096274062929 533.16915041801542 1545.5086241312208 2239.4497353115935 1143.8077380980415
decision_type=2 2 2 2 2
left_child=2 -2 4 -4 -1
right_child=1 -3 3 -5 -6
leaf_value=6.5699149000701855e-05 3.3396787367312443e-06 -0.0011649882331418394 -0.0095549750213665113 0.00023222463990458321 0.0033592074521799258
leaf_weight=247 18 62 1844 17200 964
leaf_count=247 18 62 1844 17200 964
internal_value=0.000283119 -0.0233333 0.000377543 0.000230454 0.00268853
internal_weight=20335 80 20255 19044 1211
internal_count=20335 80 20255 19044 1211
is_linear=0
shrinkage=0.035


Tree=107
num_leaves=6
num_cat=0
split_feature=11 8 9 9 0
split_gain=36.9831 9.9456 5.81485 5.72893 2.48127
threshold=968.06096274062929 533.16915041801542 2341.3574268761531 2560.0987159876531 22.500000000000004
decision_type=2 2 2 2 2
left_child=2 -2 4 -4 -1
right_child=1 -3 3 -5 -6
leaf_value=4.7446051297834056e-05 3.2227899809322838e-06 -0.0011242136449818797 -0.00030093601899139577 0.00030730798143260965 0.001150109758437954
leaf_weight=1127 18 62 5349 10413 3366
leaf_count=1127 18 62 5349 10413 3366
internal_value=0.00026935 -0.0233333 0.00036372 4.70724e-05 0.0014743
internal_weight=20335 80 20255 15762 4493
internal_count=20335 80 20255 15762 4493
is_linear=0
shrinkage=0.035


Tree=108
num_leaves=6
num_cat=0
split_feature=11 8 10 3 8
split_gain=36.9508 9.9456 5.73852 5.72723 1.51711
threshold=968.06096274062929 533.16915041801542 1545.5086241312208 -1.0000000180025095e-35 1143.8077380980415
decision_type=2 2 2 2 2
left_child=2 -2 4 -4 -1
right_child=1 -3 3 -5 -6
leaf_value=6.1739066990247238e-05 3.1099923316091354e-06 -0.0010848661674075235 -0.00027846806638418925 0.00034471966056399348 0.0032129593741138723
leaf_weight=247 18 62 8101 10943 964
leaf_count=247 18 62 8101 10943 964
internal_value=0.000259024 -0.0233333 0.000353352 0.000204726 0.00268853
internal_weight=20335 80 20255 19044 1211
internal_count=20335 80 20255 19044 1211
is_linear=0
shrinkage=0.035


Tree=109
num_leaves=6
num_cat=0
split_feature=11 8 9 8 0
split_gain=36.9292 9.9456 5.67048 5.52891 2.48093
threshold=968.06096274062929 533.16915041801542 2341.3574268761531 2510.6323734690845 22.500000000000004
decision_type=2 2 2 2 2
left_child=2 -2 4 -4 -1
right_child=1 -3 3 -5 -6
leaf_value=4.3624572157755928e-05 3.0011426000164933e-06 -0.0010468958515482552 -0.00052354665573255599 0.00027443634767800561 0.0010936434460415124
leaf_weight=1127 18 62 5325 10437 3366
leaf_count=1127 18 62 5325 10437 3366
internal_value=0.000252139 -0.0233333 0.000346441 3.37501e-05 0.00144315
internal_weight=20335 80 20255 15762 4493
internal_count=20335 80 20255 15762 4493
is_linear=0
shrinkage=0.035


Tree=110
num_leaves=6
num_cat=0
split_feature=11 8 9 10 0
split_gain=36.8861 9.9456 5.57224 5.3187 2.40004
threshold=968.06096274062929 533.16915041801542 2341.3574268761531 2610.8238727897278 22.500000000000004
decision_type=2 2 2 2 2
left_child=2 -2 4 -4 -1
right_child=1 -3 3 -5 -6
leaf_value=4.2097712132248977e-05 2.8961026090090774e-06 -0.0010102544967440696 -0.00024181802302121431 0.00048012786246357062 0.0010553659254300652
leaf_weight=1127 18 62 8166 7596 3366
leaf_count=1127 18 62 8166 7596 3366
internal_value=0.000238371 -0.0233333 0.000332618 2.26481e-05 0.00141978
internal_weight=20335 80 20255 15762 4493
internal_count=20335 80 20255 15762 4493
is_linear=0
shrinkage=0.035


Tree=111
num_leaves=6
num_cat=0
split_feature=11 8 10 10 8
split_gain=36.9023 9.9456 5.53297 5.61337 1.44636
threshold=968.06096274062929 533.16915041801542 1545.5086241312208 2239.4497353115935 1143.8077380980415
decision_type=2 2 2 2 2
left_child=2 -2 4 -4 -1
right_child=1 -3 3 -5 -6
leaf_value=5.6577919695448464e-05 2.7947390176841228e-06 -0.00097489558935804255 -0.0092246824353411066 0.00019546418707376873 0.0030461669601254786
leaf_weight=247 18 62 1844 17200 964
leaf_count=247 18 62 1844 17200 964
internal_value=0.000243534 -0.0233333 0.000337801 0.000191862 0.00263078
internal_weight=20335 80 20255 19044 1211
internal_count=20335 80 20255 19044 1211
is_linear=0
shrinkage=0.035


Tree=112
num_leaves=6
num_cat=0
split_feature=11 8 10 10 8
split_gain=36.8377 9.9456 5.49374 5.49036 1.41161
threshold=968.06096274062929 533.16915041801542 1545.5086241312208 2239.4497353115935 1143.8077380980415
decision_type=2 2 2 2 2
left_child=2 -2 4 -4 -1
right_child=1 -3 3 -5 -6
leaf_value=5.4597692506121911e-05 2.6969231520546092e-06 -0.00094077424373049565 -0.0089018185501041798 0.00018862294052620005 0.0029395511165210978
leaf_weight=247 18 62 1844 17200 964
leaf_count=247 18 62 1844 17200 964
internal_value=0.000222881 -0.0233333 0.000317067 0.000171646 0.0026019
internal_weight=20335 80 20255 19044 1211
internal_count=20335 80 20255 19044 1211
is_linear=0
shrinkage=0.035


Tree=113
num_leaves=6
num_cat=0
split_feature=11 8 9 10 6
split_gain=36.8162 9.9456 5.4046 5.23529 2.54817
threshold=968.06096274062929 533.16915041801542 2341.3574268761531 2607.6378965399249 -0.6830127018922193
decision_type=2 2 2 2 2
left_child=2 -2 4 -4 -1
right_child=1 -3 3 -5 -6
leaf_value=0.0016539375911925314 2.6025308417221287e-06 -0.00090784714519993154 -0.00024685752853500717 0.00043849201331426686 0.00048886501015366068
leaf_weight=1645 18 62 8015 7747 2848
leaf_count=1645 18 62 8015 7747 2848
internal_value=0.000215996 -0.0233333 0.000310155 4.88499e-06 0.00138084
internal_weight=20335 80 20255 15762 4493
internal_count=20335 80 20255 15762 4493
is_linear=0
shrinkage=0.035


Tree=114
num_leaves=6
num_cat=0
split_feature=11 8 10 10 8
split_gain=36.7624 9.9456 5.19757 5.03354 1.65676
threshold=968.06096274062929 533.16915041801542 1545.5086241312208 2239.4497353115935 1143.8077380980415
decision_type=2 2 2 2 2
left_child=2 -2 4 -4 -1
right_child=1 -3 3 -5 -6
leaf_value=-5.2010424233107579e-06 2.5114422622696254e-06 -0.00087607249511793221 -0.0085996400188320891 0.00018531388361569596 0.0027787790117511338
leaf_weight=247 18 62 1844 17200 964
leaf_count=247 18 62 1844 17200 964
internal_value=0.000198786 -0.0233333 0.000292876 0.000151431 0.00251526
internal_weight=20335 80 20255 19044 1211
internal_count=20335 80 20255 19044 1211
is_linear=0
shrinkage=0.035


Tree=115
num_leaves=6
num_cat=0
split_feature=11 8 9 9 6
split_gain=36.7516 9.9456 5.37835 5.05429 3.11667
threshold=968.06096274062929 533.16915041801542 2360.1489264456332 2560.0987159876531 -0.6830127018922193
decision_type=2 2 2 2 2
left_child=2 -2 4 -4 -1
right_child=1 -3 3 -5 -6
leaf_value=0.001802716466089141 2.4235417830942297e-06 -0.00084540995778879422 -0.00033732454164912135 0.00026400305064246018 0.00040301182726372258
leaf_weight=1723 18 62 5029 10413 3090
leaf_count=1723 18 62 5029 10413 3090
internal_value=0.000195343 -0.0233333 0.000289421 -2.90098e-05 0.00131086
internal_weight=20335 80 20255 15442 4813
internal_count=20335 80 20255 15442 4813
is_linear=0
shrinkage=0.035


Tree=116
num_leaves=6
num_cat=0
split_feature=11 8 9 0 3
split_gain=36.6764 9.9456 5.16979 4.28841 0.821044
threshold=968.06096274062929 533.16915041801542 613.8159928252461 28.500000000000004 0.6078576107927941
decision_type=2 2 2 2 2
left_child=2 -2 4 -4 -1
right_child=1 -3 3 -5 -6
leaf_value=0.0022631732755293223 2.338717820680181e-06 -0.00081582060926619357 -0.00024762192031023813 0.0002709642847538454 -0.00037521510631244673
leaf_weight=673 18 62 5906 13621 55
leaf_count=673 18 62 5906 13621 55
internal_value=0.000171248 -0.0233333 0.00026523 0.000157185 0.00315912
internal_weight=20335 80 20255 19527 728
internal_count=20335 80 20255 19527 728
is_linear=0
shrinkage=0.035


Tree=117
num_leaves=6
num_cat=0
split_feature=11 8 9 9 3
split_gain=36.6979 9.9456 5.14512 4.251 0.821044
threshold=968.06096274062929 533.16915041801542 613.8159928252461 2738.8341107588244 0.6078576107927941
decision_type=2 2 2 2 2
left_child=2 -2 4 -4 -1
right_child=1 -3 3 -5 -6
leaf_value=0.0021839622108858017 2.2568626969698969e-06 -0.00078726688794187986 0.00018767920252095642 -0.00067985424746816513 -0.0003620825775915151
leaf_weight=673 18 62 16807 2720 55
leaf_count=673 18 62 16807 2720 55
internal_value=0.000178133 -0.0233333 0.000272142 0.000164354 0.00315912
internal_weight=20335 80 20255 19527 728
internal_count=20335 80 20255 19527 728
is_linear=0
shrinkage=0.035


Tree=118
num_leaves=6
num_cat=0
split_feature=11 8 9 3 3
split_gain=36.6388 9.9456 5.21309 4.05109 0.821044
threshold=968.06096274062929 533.16915041801542 613.8159928252461 -1.0000000180025095e-35 0.6078576107927941
decision_type=2 2 2 2 2
left_child=2 -2 4 -4 -1
right_child=1 -3 3 -5 -6
leaf_value=0.0021075235335048029 2.1778725025844992e-06 -0.00075971254686391554 -0.00025190098941169358 0.00026259033765296629 -0.00034940968737580039
leaf_weight=673 18 62 8323 11204 55
leaf_count=673 18 62 8323 11204 55
internal_value=0.000159201 -0.0233333 0.000253135 0.000144639 0.00315912
internal_weight=20335 80 20255 19527 728
internal_count=20335 80 20255 19527 728
is_linear=0
shrinkage=0.035


Tree=119
num_leaves=6
num_cat=0
split_feature=11 8 9 9 3
split_gain=36.6281 9.9456 5.05446 4.02637 0.801974
threshold=968.06096274062929 533.16915041801542 613.8159928252461 2738.8341107588244 0.6078576107927941
decision_type=2 2 2 2 2
left_child=2 -2 4 -4 -1
right_child=1 -3 3 -5 -6
leaf_value=0.0020337602098321251 2.1016469649870475e-06 -0.00073312260772368638 0.00018035377765376074 -0.00066216788991131442 -0.00033718034831765745
leaf_weight=673 18 62 16807 2720 55
leaf_count=673 18 62 16807 2720 55
internal_value=0.000155758 -0.0233333 0.000249679 0.000142846 0.00311111
internal_weight=20335 80 20255 19527 728
internal_count=20335 80 20255 19527 728
is_linear=0
shrinkage=0.035


end of trees

feature_importances:
lag_2d=157
same_slot_std_2_8d=135
same_slot_mean_2_8d=114
dow_sin=77
lag_7d=75
month_sin=74
month_cos=16
dow_cos=11
slot=7

parameters:
[boosting: gbdt]
[objective: quantile]
[metric: quantile]
[tree_learner: serial]
[device_type: cpu]
[data_sample_strategy: bagging]
[data: ]
[valid: ]
[num_iterations: 120]
[learning_rate: 0.035]
[num_leaves: 7]
[num_threads: 1]
[seed: 20260901]
[deterministic: 1]
[force_col_wise: 0]
[force_row_wise: 0]
[histogram_pool_size: -1]
[max_depth: 3]
[min_data_in_leaf: 12]
[min_sum_hessian_in_leaf: 0.001]
[bagging_fraction: 1]
[pos_bagging_fraction: 1]
[neg_bagging_fraction: 1]
[bagging_freq: 0]
[bagging_seed: 12992]
[bagging_by_query: 0]
[feature_fraction: 1]
[feature_fraction_bynode: 1]
[feature_fraction_seed: 30141]
[extra_trees: 0]
[extra_seed: 31421]
[early_stopping_round: 0]
[early_stopping_min_delta: 0]
[first_metric_only: 0]
[max_delta_step: 0]
[lambda_l1: 0]
[lambda_l2: 1]
[linear_lambda: 0]
[min_gain_to_split: 0]
[drop_rate: 0.1]
[max_drop: 50]
[skip_drop: 0.5]
[xgboost_dart_mode: 0]
[uniform_drop: 0]
[drop_seed: 11049]
[top_rate: 0.2]
[other_rate: 0.1]
[min_data_per_group: 100]
[max_cat_threshold: 32]
[cat_l2: 10]
[cat_smooth: 10]
[max_cat_to_onehot: 4]
[top_k: 20]
[monotone_constraints: ]
[monotone_constraints_method: basic]
[monotone_penalty: 0]
[feature_contri: ]
[forcedsplits_filename: ]
[refit_decay_rate: 0.9]
[cegb_tradeoff: 1]
[cegb_penalty_split: 0]
[cegb_penalty_feature_lazy: ]
[cegb_penalty_feature_coupled: ]
[path_smooth: 0]
[interaction_constraints: ]
[verbosity: -1]
[saved_feature_importance_type: 0]
[use_quantized_grad: 0]
[num_grad_quant_bins: 4]
[quant_train_renew_leaf: 0]
[stochastic_rounding: 1]
[linear_tree: 0]
[max_bin: 255]
[max_bin_by_feature: ]
[min_data_in_bin: 3]
[bin_construct_sample_cnt: 200000]
[data_random_seed: 5023]
[is_enable_sparse: 1]
[enable_bundle: 1]
[use_missing: 1]
[zero_as_missing: 0]
[feature_pre_filter: 1]
[pre_partition: 0]
[two_round: 0]
[header: 0]
[label_column: ]
[weight_column: ]
[group_column: ]
[ignore_column: ]
[categorical_feature: ]
[forcedbins_filename: ]
[precise_float_parser: 0]
[parser_config_file: ]
[objective_seed: 6921]
[num_class: 1]
[is_unbalance: 0]
[scale_pos_weight: 1]
[sigmoid: 1]
[boost_from_average: 1]
[reg_sqrt: 0]
[alpha: 0.1]
[fair_c: 1]
[poisson_max_delta_step: 0.7]
[tweedie_variance_power: 1.5]
[lambdarank_truncation_level: 30]
[lambdarank_norm: 1]
[label_gain: ]
[lambdarank_position_bias_regularization: 0]
[eval_at: ]
[multi_error_top_k: 1]
[auc_mu_weights: ]
[num_machines: 1]
[local_listen_port: 12400]
[time_out: 120]
[machine_list_filename: ]
[machines: ]
[gpu_platform_id: -1]
[gpu_device_id: -1]
[gpu_use_dp: 0]
[num_gpu: 1]

end of parameters

pandas_categorical:[]
