tree
version=v4
num_class=1
num_tree_per_iteration=1
label_index=0
max_feature_idx=11
objective=quantile
feature_names=slot slot_sin slot_cos dow_sin dow_cos weekend month_sin month_cos lag_2d lag_7d same_slot_mean_2_8d same_slot_std_2_8d
feature_infos=[0:95] [-1:1] [-1:1] [-0.97492791218182362:0.97492791218182362] [-0.90096886790241903:1] [0:1] [-1:0.8660254037844386] [-0.86602540378443882:1] [381.44581147213773:2892.1969875462651] [381.44581147213773:2892.1969875462651] [667.40836824075052:2799.3812308422353] [10.169260040126204:1092.8236665517263]
tree_sizes=743 801 800 797 792 797 787 787 796 795 792 797 796 798 801 793 792 799 798 794 795 773 798 798 801 800 803 793 800 786 795 793 797 803 801 801 801 806 802 793 797 809 796 808 797 806 804 801 805 806 802 808 811 800 805 805 798 800 799 803 802 800 834 801 833 813 833 834 804 807 800 807 815 808 786 788 789 787 825 807 794 807 806 796 794 807 806 807 803 800 810 809 810 808 808 810 802 811 811 813 801 818 800 817 801 797 792 798 799 788 795 795 796 807 795 798 796 806 805 801

Tree=0
num_leaves=7
num_cat=0
split_feature=10 7 6 3 11 9
split_gain=170.208 101.161 25.6409 38.2607 24.537 15.4012
threshold=2609.3784156860747 0.6830127018922193 -0.93301270189221908 0.87837969732492682 101.45263497360385 2791.1966582834289
decision_type=2 2 2 2 2 2
left_child=2 4 3 -1 -2 -4
right_child=1 -3 5 -5 -6 -7
leaf_value=7.9223531312521818 7.9229913103510183 7.9222116746436235 7.9210864252351394 7.9234135312026304 7.9229708040890099 7.9235058131173224
leaf_weight=1354 3534 2664 10882 192 1562 147
leaf_count=1354 3534 2664 10882 192 1562 147
internal_value=7.92242 7.9265 7.91991 7.92413 7.92939 7.91931
internal_weight=20335 7760 12575 1546 5096 11029
internal_count=20335 7760 12575 1546 5096 11029
is_linear=0
shrinkage=1


Tree=1
num_leaves=7
num_cat=0
split_feature=10 7 6 3 3 9
split_gain=159.121 90.3686 25.2368 36.3807 22.264 16.0992
threshold=2609.3784156860747 0.6830127018922193 -0.93301270189221908 0.87837969732492682 1.0000000180025095e-35 2725.2705953844411
decision_type=2 2 2 2 2 2
left_child=2 4 3 -1 -2 -4
right_child=1 -3 5 -5 -6 -7
leaf_value=-6.547263867253684e-05 0.00057632879475233727 -0.00020197826593102875 -0.0013403051918164934 0.0009578133135105738 0.00040733278443953139 0.00072332697166402674
leaf_weight=1354 3052 2664 10598 192 2044 431
leaf_count=1354 3052 2664 10598 192 2044 431
internal_value=-4.90518e-05 0.00389189 -0.00248112 0.00170588 0.00662233 -0.00306813
internal_weight=20335 7760 12575 1546 5096 11029
internal_count=20335 7760 12575 1546 5096 11029
is_linear=0
shrinkage=0.035


Tree=2
num_leaves=7
num_cat=0
split_feature=10 7 6 3 3 9
split_gain=147.611 76.6557 30.9977 31.8519 20.8307 17.1539
threshold=2621.3091336011421 0.6830127018922193 -0.93301270189221908 0.87837969732492682 1.0000000180025095e-35 2725.2705953844411
decision_type=2 2 2 2 2 2
left_child=2 4 3 -1 -2 -4
right_child=1 -3 5 -5 -6 -7
leaf_value=5.130871077374977e-05 0.00056621239111360306 -0.00020356594383432738 -0.0011832282906218963 0.0009242898475377093 0.00040658114859955409 0.00062834244629505456
leaf_weight=1424 2822 2314 11073 192 1984 526
leaf_count=1424 2822 2314 11073 192 1984 526
internal_value=-0.000135106 0.00392712 -0.00232389 0.00221645 0.00644664 -0.0029566
internal_weight=20335 7120 13215 1616 4806 11599
internal_count=20335 7120 13215 1616 4806 11599
is_linear=0
shrinkage=0.035


Tree=3
num_leaves=7
num_cat=0
split_feature=10 7 6 3 4 9
split_gain=140.714 61.7327 34.4309 28.5455 19.6949 17.4861
threshold=2629.6933350349077 0.6830127018922193 -0.93301270189221908 0.87837969732492682 0.81174490092936691 2725.2705953844411
decision_type=2 2 2 2 2 2
left_child=2 4 3 -1 -2 -4
right_child=1 -3 5 -5 -6 -7
leaf_value=0.00011858205339406514 0.00048473467034368503 -0.00018009720411597653 -0.0010179974677498251 0.00089193970287389853 0.00072732376935532369 0.0005354931542316285
leaf_weight=1477 3919 1973 11521 192 668 585
leaf_count=1477 3919 1973 11521 192 668 585
internal_value=-0.000164365 0.00405426 -0.00217353 0.00253802 0.00628062 -0.00282324
internal_weight=20335 6560 13775 1669 4587 12106
internal_count=20335 6560 13775 1669 4587 12106
is_linear=0
shrinkage=0.035


Tree=4
num_leaves=7
num_cat=0
split_feature=10 7 10 8 3 9
split_gain=136.537 69.2567 21.5519 36.9155 21.1612 11.5442
threshold=2607.6378965399249 0.6830127018922193 1099.2157696355264 2033.3011737085087 0.6078576107927941 2737.0326232848593
decision_type=2 2 2 2 2 2
left_child=2 4 3 -1 -2 -4
right_child=1 -3 5 -5 -6 -7
leaf_value=-0.0050660444233613378 0.00052780336857607296 -0.00015696934373302441 -0.00099070269581006017 0.00061577680761925723 0.00021601733747045774 0.00050930930927570736
leaf_weight=144 3808 2706 11692 99 1326 560
leaf_count=144 3808 2706 11692 99 1326 560
internal_value=-0.000183296 0.00343706 -0.00245499 0.00784631 0.00582493 -0.00265992
internal_weight=20335 7840 12495 243 5134 12252
internal_count=20335 7840 12495 243 5134 12252
is_linear=0
shrinkage=0.035


Tree=5
num_leaves=7
num_cat=0
split_feature=10 7 6 3 3 9
split_gain=127.516 63.5237 21.4755 33.1997 19.705 14.373
threshold=2606.2321171120016 0.6830127018922193 -0.93301270189221908 0.87837969732492682 0.6078576107927941 2799.9683046048281
decision_type=2 2 2 2 2 2
left_child=2 4 3 -1 -2 -4
right_child=1 -3 5 -5 -6 -7
leaf_value=-9.2042330696062721e-05 0.00050873838613138794 -0.00015449800404545579 -0.0011756019615507629 0.00089539640762665413 0.0002070831887254432 0.00097817275745625053
leaf_weight=1345 3835 2745 10759 192 1340 119
leaf_count=1345 3835 2745 10759 192 1340 119
internal_value=-0.000217718 0.00325211 -0.00243134 0.00144051 0.00553468 -0.00297849
internal_weight=20335 7920 12415 1537 5175 10878
internal_count=20335 7920 12415 1537 5175 10878
is_linear=0
shrinkage=0.035


Tree=6
num_leaves=7
num_cat=0
split_feature=10 7 10 8 3 9
split_gain=121.068 59.3599 20.8091 35.9878 18.6207 11.2187
threshold=2603.0036570391462 0.6830127018922193 1099.2157696355264 2033.3011737085087 0.6078576107927941 2752.3579818792409
decision_type=2 2 2 2 2 2
left_child=2 4 3 -1 -2 -4
right_child=1 -3 5 -5 -6 -7
leaf_value=-0.00487413388154582 0.00048965533115793785 -0.00013912254204436064 -0.0009846293301487897 0.00059744610092694829 0.00019927286728592454 0.00060019141499882537
leaf_weight=144 3896 2834 11582 99 1350 430
leaf_count=144 3896 2834 11582 99 1350 430
internal_value=-0.000224603 0.0031011 -0.00241739 0.00770287 0.0053057 -0.00262274
internal_weight=20335 8080 12255 243 5246 12012
internal_count=20335 8080 12255 243 5246 12012
is_linear=0
shrinkage=0.035


Tree=7
num_leaves=7
num_cat=0
split_feature=10 7 10 8 3 9
split_gain=110.438 53.3062 20.6373 35.9878 16.5543 10.9736
threshold=2597.7105459318377 0.6830127018922193 1099.2157696355264 2033.3011737085087 0.6078576107927941 2752.3579818792409
decision_type=2 2 2 2 2 2
left_child=2 4 3 -1 -2 -4
right_child=1 -3 5 -5 -6 -7
leaf_value=-0.0047035391956917133 0.00047140126350914379 -0.00012050184648303337 -0.0010002015219022818 0.0005765354873945095 0.000192206528342469 0.00059003330060781686
leaf_weight=144 3953 2925 11439 99 1362 413
leaf_count=144 3953 2925 11439 99 1362 413
internal_value=-0.000245256 0.0028795 -0.00237413 0.00770287 0.00496755 -0.00258137
internal_weight=20335 8240 12095 243 5315 11852
internal_count=20335 8240 12095 243 5315 11852
is_linear=0
shrinkage=0.035


Tree=8
num_leaves=7
num_cat=0
split_feature=10 7 8 6 3 3
split_gain=107.615 45.1176 23.8215 22.5273 34.0231 10.5265
threshold=2529.230783749264 0.6830127018922193 2621.4405013457022 -0.93301270189221908 0.87837969732492682 -0.60785761079279388
decision_type=2 2 2 2 2 2
left_child=3 2 -2 4 -1 -3
right_child=1 5 -4 -5 -6 -7
leaf_value=-5.7583082402066277e-05 0.00014761996424209834 0.00014516967398610955 0.00043626524583015861 -0.001404327046869276 0.0009632302177426989 -0.00026516043459613514
leaf_weight=1243 1819 942 4247 9475 177 2432
leaf_count=1243 1819 942 4247 9475 177 2432
internal_value=-0.000262466 0.00247272 0.00427707 -0.00263239 0.00147783 -0.000771556
internal_weight=20335 9440 6066 10895 1420 3374
internal_count=20335 9440 6066 10895 1420 3374
is_linear=0
shrinkage=0.035


Tree=9
num_leaves=7
num_cat=0
split_feature=10 7 8 6 3 3
split_gain=101.343 42.4767 21.9991 21.6672 33.2102 10.279
threshold=2529.230783749264 0.6830127018922193 2621.4405013457022 -0.93301270189221908 0.87837969732492682 -0.60785761079279388
decision_type=2 2 2 2 2 2
left_child=3 2 -2 4 -1 -3
right_child=1 5 -4 -5 -6 -7
leaf_value=-5.5567674518000101e-05 0.00014245326549363393 0.00014008873539660612 0.0004209959622260984 -0.0013551756002288418 0.00092951716012168906 -0.00025587981938527473
leaf_weight=1243 1819 942 4247 9475 177 2432
leaf_count=1243 1819 942 4247 9475 177 2432
internal_value=-0.000277956 0.00237634 0.00412708 -0.00257778 0.0014532 -0.000771556
internal_weight=20335 9440 6066 10895 1420 3374
internal_count=20335 9440 6066 10895 1420 3374
is_linear=0
shrinkage=0.035


Tree=10
num_leaves=7
num_cat=0
split_feature=10 7 10 8 8 3
split_gain=95.4183 38.8408 20.9807 35.0718 20.8268 9.5286
threshold=2518.8293474016787 0.6830127018922193 1099.2157696355264 2033.3011737085087 2592.1782344694748 -0.60785761079279388
decision_type=2 2 2 2 2 2
left_child=2 4 3 -1 -2 -3
right_child=1 5 -4 -5 -6 -7
leaf_value=-0.0045171890718895425 4.2548505074866411e-05 0.00013318070805584998 -0.0010599483585506375 0.00056031702182788754 0.00040579089060065079 -0.00024520353453124949
leaf_weight=144 1602 954 10332 99 4727 2477
leaf_count=144 1602 954 10332 99 4727 2477
internal_value=-0.000283119 0.00221237 -0.00258628 0.00755943 0.00383783 -0.000786277
internal_weight=20335 9760 10575 243 6329 3431
internal_count=20335 9760 10575 243 6329 3431
is_linear=0
shrinkage=0.035


Tree=11
num_leaves=7
num_cat=0
split_feature=10 7 6 3 8 3
split_gain=88.57 35.3716 23.5232 31.8868 18.9353 8.97474
threshold=2518.8293474016787 0.6830127018922193 -0.93301270189221908 0.87837969732492682 2592.1782344694748 -0.60785761079279388
decision_type=2 2 2 2 2 2
left_child=2 4 3 -1 -2 -3
right_child=1 5 -4 -5 -6 -7
leaf_value=-1.3914741315549054e-05 4.1059307397248729e-05 0.00012851938327390505 -0.0013063780493188172 0.0010091872286383376 0.00039158820942962361 -0.00023662141082266247
leaf_weight=1172 1602 954 9239 164 4727 2477
leaf_count=1172 1602 954 9239 164 4727 2477
internal_value=-0.000277956 0.00212632 -0.00249693 0.00184293 0.00367749 -0.000735286
internal_weight=20335 9760 10575 1336 6329 3431
internal_count=20335 9760 10575 1336 6329 3431
is_linear=0
shrinkage=0.035


Tree=12
num_leaves=7
num_cat=0
split_feature=10 7 6 3 8 3
split_gain=84.7237 31.8744 23.1465 30.6302 17.2307 8.3721
threshold=2513.4711299366436 0.6830127018922193 -0.93301270189221908 0.87837969732492682 2592.1782344694748 -0.60785761079279388
decision_type=2 2 2 2 2 2
left_child=2 4 3 -1 -2 -3
right_child=1 5 -4 -5 -6 -7
leaf_value=-9.1760980096551486e-06 4.2335764212305512e-05 0.00012878244201893749 -0.0012770001010991648 0.0010631701596360667 0.00037584265182605351 -0.0002317730782918927
leaf_weight=1144 1680 959 9118 153 4781 2500
leaf_count=1144 1680 959 9118 153 4781 2500
internal_value=-0.00030033 0.00201441 -0.00250504 0.00186864 0.00346588 -0.000696966
internal_weight=20335 9920 10415 1297 6461 3459
internal_count=20335 9920 10415 1297 6461 3459
is_linear=0
shrinkage=0.035


Tree=13
num_leaves=7
num_cat=0
split_feature=10 7 6 3 8 3
split_gain=81.7716 30.902 21.1402 25.3209 16.737 7.78475
threshold=2511.0723021900671 0.6830127018922193 -0.93301270189221908 0.87837969732492682 2592.1782344694748 -0.60785761079279388
decision_type=2 2 2 2 2 2
left_child=2 4 3 -1 -2 -3
right_child=1 5 -4 -5 -6 -7
leaf_value=-8.9825291185270043e-06 4.2015623025502354e-05 0.00012778271845217013 -0.0012407220667262032 0.0010339667323556558 0.00036208739135918175 -0.00022438418718832276
leaf_weight=1137 1725 965 9046 152 4797 2513
leaf_count=1137 1725 965 9046 152 4797 2513
internal_value=-0.000324426 0.00193181 -0.0025075 0.00168488 0.00335244 -0.000732395
internal_weight=20335 10000 10335 1289 6522 3478
internal_count=20335 10000 10335 1289 6522 3478
is_linear=0
shrinkage=0.035


Tree=14
num_leaves=7
num_cat=0
split_feature=10 7 6 3 8 3
split_gain=77.4671 28.3685 19.629 21.6456 15.1823 7.51722
threshold=2511.0723021900671 0.6830127018922193 -0.93301270189221908 0.87837969732492682 2592.1782344694748 -0.60785761079279388
decision_type=2 2 2 2 2 2
left_child=2 4 3 -1 -2 -3
right_child=1 5 -4 -5 -6 -7
leaf_value=-8.6681405993711203e-06 4.0545076219620587e-05 0.00012331032330635647 -0.0011972967943907743 0.00099777789672319552 0.00034941433266161634 -0.00021653074063674048
leaf_weight=1137 1725 965 9046 152 4797 2513
leaf_count=1137 1725 965 9046 152 4797 2513
internal_value=-0.000365732 0.00183032 -0.00249057 0.00154922 0.00319148 -0.000722335
internal_weight=20335 10000 10335 1289 6522 3478
internal_count=20335 10000 10335 1289 6522 3478
is_linear=0
shrinkage=0.035


Tree=15
num_leaves=7
num_cat=0
split_feature=10 7 10 8 8 6
split_gain=73.8711 26.5039 19.1729 33.2754 14.3833 7.34648
threshold=2513.4711299366436 0.6830127018922193 1099.2157696355264 2033.3011737085087 2592.1782344694748 -0.93301270189221908
decision_type=2 2 2 2 2 2
left_child=2 4 3 -1 -2 -4
right_child=1 -3 5 -5 -6 -7
leaf_value=-0.0043131763368395061 3.7964387991285941e-05 -7.0986666390218114e-05 7.1027189748607009e-06 0.00054213187888042303 0.00033778559867143925 -0.0011465541019563519
leaf_weight=144 1680 3459 1076 99 4781 9096
leaf_count=144 1680 3459 1076 99 4781 9096
internal_value=-0.000365732 0.00179569 -0.0024244 0.00727254 0.00311923 -0.00265674
internal_weight=20335 9920 10415 243 6461 10172
internal_count=20335 9920 10415 243 6461 10172
is_linear=0
shrinkage=0.035


Tree=16
num_leaves=7
num_cat=0
split_feature=10 7 10 8 8 3
split_gain=70.5804 24.9489 18.5281 32.3948 13.3844 7.23193
threshold=2511.0723021900671 0.6830127018922193 1099.2157696355264 2033.3011737085087 2594.1594655580366 -0.60785761079279388
decision_type=2 2 2 2 2 2
left_child=2 4 3 -1 -2 -3
right_child=1 5 -4 -5 -6 -7
leaf_value=-0.0041622151650501362 4.0603874175579869e-05 0.0001214789953143086 -0.0008776466902254516 0.00052315726311960467 0.00032495270613862982 -0.0002064676313908058
leaf_weight=144 1750 965 10092 99 4772 2513
leaf_count=144 1750 965 10092 99 4772 2513
internal_value=-0.000374337 0.00172183 -0.00240253 0.0071291 0.00299831 -0.000672033
internal_weight=20335 10000 10335 243 6522 3478
internal_count=20335 10000 10335 243 6522 3478
is_linear=0
shrinkage=0.035


Tree=17
num_leaves=7
num_cat=0
split_feature=10 7 6 3 3 3
split_gain=65.7479 23.3963 20.7358 19.8383 12.9806 6.86362
threshold=2511.0723021900671 0.6830127018922193 -0.93301270189221908 0.87837969732492682 0.6078576107927941 -0.60785761079279388
decision_type=2 2 2 2 2 2
left_child=2 4 3 -1 -2 -3
right_child=1 5 -4 -5 -6 -7
leaf_value=1.6254595370588923e-05 0.00032118165770910623 0.00011722723047829896 -0.0010845443788606969 0.00099332470933168006 4.3249364875914692e-05 -0.00019924126429212528
leaf_weight=1137 4814 965 9046 152 1708 2513
leaf_count=1137 4814 965 9046 152 1708 2513
internal_value=-0.0003468 0.00167633 -0.00230433 0.00184767 0.00291246 -0.000641852
internal_weight=20335 10000 10335 1289 6522 3478
internal_count=20335 10000 10335 1289 6522 3478
is_linear=0
shrinkage=0.035


Tree=18
num_leaves=7
num_cat=0
split_feature=10 7 6 3 9 3
split_gain=61.8148 21.5449 19.7327 18.5091 12.2459 6.55864
threshold=2511.0723021900671 0.6830127018922193 -0.93301270189221908 0.87837969732492682 2737.0326232848593 -0.60785761079279388
decision_type=2 2 2 2 2 2
left_child=2 4 3 -1 -2 -3
right_child=1 5 -4 -5 -6 -7
leaf_value=1.56856845326031e-05 0.00015581174243788995 0.00011312427741155649 -0.0010465853256005709 0.00095855834450507169 0.00042245389031279196 -0.0001922678200418919
leaf_weight=1137 4219 965 9046 152 2303 2513
leaf_count=1137 4219 965 9046 152 2303 2513
internal_value=-0.000358847 0.00160284 -0.00225692 0.00179341 0.00278905 -0.000621731
internal_weight=20335 10000 10335 1289 6522 3478
internal_count=20335 10000 10335 1289 6522 3478
is_linear=0
shrinkage=0.035


Tree=19
num_leaves=7
num_cat=0
split_feature=10 6 6 3 3 8
split_gain=58.0966 19.9189 18.1205 18.6863 15.6847 7.50988
threshold=2503.0034458485393 -0.6830127018922193 -0.93301270189221908 0.87837969732492682 0.6078576107927941 2368.6202240882358
decision_type=2 2 2 2 2 2
left_child=2 4 3 -1 -2 -3
right_child=1 5 -4 -5 -6 -7
leaf_value=1.4650943555247463e-05 0.00037936847531944081 0.00072062431357159177 -0.0010302070672349518 0.0009555504548261108 -6.2115461009963383e-05 1.0027651265450173e-05
leaf_weight=1102 2973 76 8780 133 1056 6215
leaf_count=1102 2973 76 8780 133 1056 6215
internal_value=-0.000384664 0.00145819 -0.0022836 0.00168487 0.00337928 0.00022751
internal_weight=20335 10320 10015 1235 4029 6291
internal_count=20335 10320 10015 1235 4029 6291
is_linear=0
shrinkage=0.035


Tree=20
num_leaves=7
num_cat=0
split_feature=10 9 10 8 3 8
split_gain=54.8375 20.5526 17.3645 31.5261 10.4126 7.70468
threshold=2503.0034458485393 2737.0326232848593 1099.2157696355264 2033.3011737085087 -0.60785761079279388 2616.3097948505806
decision_type=2 2 2 2 2 2
left_child=2 4 3 -1 -2 -4
right_child=1 -3 5 -5 -6 -7
leaf_value=-0.0040181683270944383 0.00018501272620873979 0.00036938052183100488 -0.00093962917214254662 0.00050321606608937151 -3.081575056043317e-05 2.5936079761073082e-05
leaf_weight=144 2090 2559 8579 99 5671 1193
leaf_count=144 2090 2559 8579 99 5671 1193
internal_value=-0.000393269 0.00139715 -0.00223817 0.00698565 0.000500064 -0.00246823
internal_weight=20335 10320 10015 243 7761 9772
internal_count=20335 10320 10015 243 7761 9772
is_linear=0
shrinkage=0.035


Tree=21
num_leaves=7
num_cat=0
split_feature=10 6 6 9 3 8
split_gain=51.1127 21.577 16.425 16.7042 14.8184 9.61499
threshold=2529.230783749264 -0.5 -0.93301270189221908 1300.3406411844969 0.87837969732492682 2368.6202240882358
decision_type=2 2 2 2 2 2
left_child=2 4 3 -1 -2 -3
right_child=1 5 -4 -5 -6 -7
leaf_value=0.0004081171939290171 0.00037906863370013526 0.00072642201368045456 -0.00090521690263778887 -0.00023191081300445553 -0.00095530129262302009 1.2111147542605766e-05
leaf_weight=490 2998 65 9475 930 382 5995
leaf_count=490 2998 65 9475 930 382 5995
internal_value=-0.000398432 0.0014866 -0.00203171 0.00147783 0.00372671 0.000236759
internal_weight=20335 9440 10895 1420 3380 6060
internal_count=20335 9440 10895 1420 3380 6060
is_linear=0
shrinkage=0.035


Tree=22
num_leaves=7
num_cat=0
split_feature=10 9 6 3 3 4
split_gain=50.6627 21.0493 18.7097 19.8454 8.9074 6.95272
threshold=2491.4792980627922 2737.0326232848593 -0.93301270189221908 0.87837969732492682 -0.60785761079279388 0.81174490092936691
decision_type=2 2 2 2 2 2
left_child=2 4 3 -1 -2 -3
right_child=1 5 -4 -5 -6 -7
leaf_value=2.3092997234388513e-05 0.00017806797584066366 0.00032517906895907856 -0.00096241580498382406 0.00094924337972199355 -3.5976968345314472e-05 0.00058941761256847876
leaf_weight=1051 2194 2150 8376 108 5999 457
leaf_count=1051 2194 2150 8376 108 5999 457
internal_value=-0.000403595 0.00123785 -0.00226274 0.00190388 0.00036606 0.00397642
internal_weight=20335 10800 9535 1159 8193 2607
internal_count=20335 10800 9535 1159 8193 2607
is_linear=0
shrinkage=0.035


Tree=23
num_leaves=7
num_cat=0
split_feature=10 9 6 3 3 4
split_gain=49.3222 20.597 18.7651 20.1048 8.38302 6.32278
threshold=2489.6500292501587 2737.0326232848593 -0.93301270189221908 0.87837969732492682 -0.60785761079279388 0.81174490092936691
decision_type=2 2 2 2 2 2
left_child=2 4 3 -1 -2 -3
right_child=1 5 -4 -5 -6 -7
leaf_value=2.2479872560046751e-05 0.00017163434508613655 0.00031410614818749757 -0.00093412093927981677 0.00091889876646075849 -3.5557481214997997e-05 0.00056842598377713105
leaf_weight=1048 2216 2154 8300 107 6052 458
leaf_count=1048 2216 2154 8300 107 6052 458
internal_value=-0.000407038 0.0011998 -0.00225598 0.00192258 0.000343692 0.00390853
internal_weight=20335 10880 9455 1155 8268 2612
internal_count=20335 10880 9455 1155 8268 2612
is_linear=0
shrinkage=0.035


Tree=24
num_leaves=7
num_cat=0
split_feature=10 9 6 3 3 2
split_gain=46.6905 18.4255 18.2638 19.2915 7.58918 5.97407
threshold=2489.6500292501587 2737.0326232848593 -0.93301270189221908 0.87837969732492682 -0.60785761079279388 -0.29012925520284105
decision_type=2 2 2 2 2 2
left_child=2 4 3 -1 -2 -3
right_child=1 5 -4 -5 -6 -7
leaf_value=2.1693077020451042e-05 0.00016562714300813656 0.0002261202433242857 -0.00090142670640501975 0.00088673730963463105 -3.4312969372458287e-05 0.00039964273094986777
leaf_weight=1048 2216 1103 8300 107 6052 1509
leaf_count=1048 2216 1103 8300 107 6052 1509
internal_value=-0.000431133 0.00113225 -0.00223007 0.0018923 0.000322529 0.00369422
internal_weight=20335 10880 9455 1155 8268 2612
internal_count=20335 10880 9455 1155 8268 2612
is_linear=0
shrinkage=0.035


Tree=25
num_leaves=7
num_cat=0
split_feature=10 9 6 3 6 6
split_gain=44.9472 18.4243 17.2849 17.6368 6.98792 6.38926
threshold=2480.8902899909276 2737.0326232848593 -0.93301270189221908 0.87837969732492682 -0.93301270189221908 -1.0000000180025095e-35
decision_type=2 2 2 2 2 2
left_child=2 4 3 -1 -2 -3
right_child=1 5 -4 -5 -6 -7
leaf_value=1.9738346579984045e-05 0.00024450617850038078 0.0004339170509630855 -0.00091213348555834242 0.000861459313855475 -6.9586895195072895e-06 0.00017854812981636881
leaf_weight=1033 944 1356 7917 105 7704 1276
leaf_count=1033 944 1356 7917 105 7704 1276
internal_value=-0.000438017 0.00103625 -0.00227446 0.00175768 0.000255751 0.0035997
internal_weight=20335 11280 9055 1138 8648 2632
internal_count=20335 11280 9055 1138 8648 2632
is_linear=0
shrinkage=0.035


Tree=26
num_leaves=7
num_cat=0
split_feature=10 9 6 3 6 6
split_gain=43.6553 18.204 17.6392 17.0676 6.9308 6.58279
threshold=2471.9806492509833 2737.0326232848593 -0.93301270189221908 0.87837969732492682 -0.93301270189221908 -1.0000000180025095e-35
decision_type=2 2 2 2 2 2
left_child=2 4 3 -1 -2 -3
right_child=1 5 -4 -5 -6 -7
leaf_value=1.9477073431537486e-05 0.00023554005999108405 0.00042387725865322695 -0.00091455375712786032 0.00083418714289955624 -9.0175530910677339e-06 0.00017229894527280131
leaf_weight=1027 945 1366 7524 104 8093 1276
leaf_count=1027 945 1366 7524 104 8093 1276
internal_value=-0.000431133 0.000964814 -0.00231487 0.00175927 0.000217612 0.00351986
internal_weight=20335 11680 8655 1131 9038 2642
internal_count=20335 11680 8655 1131 9038 2642
is_linear=0
shrinkage=0.035


Tree=27
num_leaves=7
num_cat=0
split_feature=10 10 8 9 6 2
split_gain=42.5694 17.1507 30.6692 16.8142 6.76976 6.27404
threshold=2471.9806492509833 1099.2157696355264 2033.3011737085087 2737.0326232848593 -0.93301270189221908 -0.29012925520284105
decision_type=2 2 2 2 2 2
left_child=1 2 -1 4 -2 -5
right_child=3 -3 -4 5 -6 -7
leaf_value=-0.0038955433852725643 0.00022729615789138577 -0.00070760243273439995 0.00046759255414979166 0.00018652182439041814 -8.7019387328860074e-06 0.00037234947170374319
leaf_weight=144 945 8412 99 1116 8093 1526
leaf_count=144 945 8412 99 1116 8093 1526
internal_value=-0.000446623 -0.00230678 0.00684221 0.000931854 0.00021374 0.00338744
internal_weight=20335 8655 243 11680 9038 2642
internal_count=20335 8655 243 11680 9038 2642
is_linear=0
shrinkage=0.035


Tree=28
num_leaves=7
num_cat=0
split_feature=10 6 3 9 3 9
split_gain=39.7637 17.3857 17.3125 15.7396 6.48536 5.97631
threshold=2469.1854166231201 -0.93301270189221908 0.87837969732492682 2741.0219698890019 -0.60785761079279388 2802.8537521145868
decision_type=2 2 2 2 2 2
left_child=1 2 -1 4 -2 -5
right_child=3 -3 -4 5 -6 -7
leaf_value=3.6677421102424979e-05 0.00014120943307312022 -0.00087337757901232956 0.00083263558307280063 0.00022808013274992761 -4.1496952465093019e-05 0.00047284951833825975
leaf_weight=1025 2495 7367 103 1899 6839 607
leaf_count=1025 2495 7367 103 1899 6839 607
internal_value=-0.000444902 -0.00227195 0.00177325 0.000866058 0.000204713 0.00332828
internal_weight=20335 8495 1128 11840 9334 2506
internal_count=20335 8495 1128 11840 9334 2506
is_linear=0
shrinkage=0.035


Tree=29
num_leaves=7
num_cat=0
split_feature=10 9 10 8 2 6
split_gain=38.4001 15.5709 15.3713 28.1693 11.4561 8.75526
threshold=2469.1854166231201 2802.8537521145868 1099.2157696355264 2033.3011737085087 0.41248606129204551 -0.6830127018922193
decision_type=2 2 2 2 2 2
left_child=2 5 3 -1 -3 -2
right_child=1 4 -4 -5 -6 -7
leaf_value=-0.0037604830765265887 0.0001809745291179521 0.00028990526472418693 -0.0006674387721736253 0.0004499431050159642 0.00076901165860004787 -1.476448310032536e-05
leaf_weight=144 4366 361 8252 99 246 6867
leaf_count=144 4366 361 8252 99 246 6867
internal_value=-0.000451786 0.000836499 -0.00224723 0.00641188 0.00629194 0.000541169
internal_weight=20335 11840 8495 243 607 11233
internal_count=20335 11840 8495 243 607 11233
is_linear=0
shrinkage=0.035


Tree=30
num_leaves=7
num_cat=0
split_feature=10 6 3 9 2 7
split_gain=35.8308 16.3678 16.2315 14.147 9.85636 8.06643
threshold=2471.9806492509833 -0.93301270189221908 0.87837969732492682 2802.8537521145868 0.41248606129204551 0.6830127018922193
decision_type=2 2 2 2 2 2
left_child=1 2 -1 5 -5 -2
right_child=3 -3 -4 4 -6 -7
leaf_value=4.4813324231708139e-05 0.00012830634267830982 -0.00080384971819120272 0.00082397478966226515 0.00027975858045884501 0.00074209625054903641 -6.8168088089015427e-05
leaf_weight=1027 7007 7524 104 361 246 4066
leaf_count=1027 7007 7524 104 361 246 4066
internal_value=-0.00045867 -0.00216526 0.00175927 0.000806009 0.00600411 0.000520543
internal_weight=20335 8655 1131 11680 607 11073
internal_count=20335 8655 1131 11680 607 11073
is_linear=0
shrinkage=0.035


Tree=31
num_leaves=7
num_cat=0
split_feature=10 6 8 9 8 2
split_gain=35.1629 15.4355 13.2701 13.2321 6.7867 5.01061
threshold=2458.1318979318407 -0.93301270189221908 2033.3011737085087 2741.0219698890019 2626.270767231576 0.83146961230254501
decision_type=2 2 2 2 2 2
left_child=1 2 -1 4 -2 -5
right_child=3 -3 -4 5 -6 -7
leaf_value=-0.00087936597399340243 -9.7127123391680398e-05 -0.00085531160110932105 0.00028532087740497115 0.00023531329911129629 9.403191080375217e-05 0.00039031978111446508
leaf_weight=463 4858 6827 645 1988 5014 540
leaf_count=463 4858 6827 645 1988 5014 540
internal_value=-0.00045867 -0.00227791 0.00155275 0.000705587 0.000126911 0.00296441
internal_weight=20335 7935 1108 12400 9872 2528
internal_count=20335 7935 1108 12400 9872 2528
is_linear=0
shrinkage=0.035


Tree=32
num_leaves=7
num_cat=0
split_feature=10 6 8 9 2 8
split_gain=33.7674 14.5489 12.9022 12.4499 6.30008 6.1569
threshold=2458.1318979318407 -0.93301270189221908 2033.3011737085087 2756.6228080769556 -0.41248606129204529 2626.270767231576
decision_type=2 2 2 2 2 2
left_child=1 2 -1 5 -5 -2
right_child=3 -3 -4 4 -6 -7
leaf_value=-0.00084858816490362542 -8.1563520739051372e-05 -0.00082537569507050716 0.00027533464669578201 9.1104845750913382e-05 0.00034896569594996933 9.4136339901897191e-05
leaf_weight=463 5043 6827 645 744 1241 5372
leaf_count=463 5043 6827 645 744 1241 5372
internal_value=-0.000446623 -0.0022294 0.00148963 0.000694298 0.00323389 0.000210013
internal_weight=20335 7935 1108 12400 1985 10415
internal_count=20335 7935 1108 12400 1985 10415
is_linear=0
shrinkage=0.035


Tree=33
num_leaves=7
num_cat=0
split_feature=10 6 8 9 6 6
split_gain=32.6602 13.5111 12.1818 11.3621 5.75678 4.60731
threshold=2458.1318979318407 -0.93301270189221908 2033.3011737085087 2737.0326232848593 -0.93301270189221908 -1.0000000180025095e-35
decision_type=2 2 2 2 2 2
left_child=1 2 -1 4 -2 -5
right_child=3 -3 -4 5 -6 -7
leaf_value=-0.00081888757913199054 0.00020537653116874658 -0.00079648754574304095 0.00026569793406143981 0.00034069368701934261 -1.5595024636712909e-05 0.00012389576373969476
leaf_weight=463 950 6827 645 1391 8782 1277
leaf_count=463 950 6827 645 1391 8782 1277
internal_value=-0.000467276 -0.00222058 0.00136339 0.000654785 9.99683e-05 0.00267778
internal_weight=20335 7935 1108 12400 9732 2668
internal_count=20335 7935 1108 12400 9732 2668
is_linear=0
shrinkage=0.035


Tree=34
num_leaves=7
num_cat=0
split_feature=10 6 8 9 8 6
split_gain=32.5041 12.6077 11.4883 10.6177 5.55837 4.30138
threshold=2458.1318979318407 -0.93301270189221908 1639.9996363407574 2737.0326232848593 2736.4251649077619 -1.0000000180025095e-35
decision_type=2 2 2 2 2 2
left_child=1 2 -1 4 -2 -5
right_child=3 -3 -4 5 -6 -7
leaf_value=-0.00087870028229689783 -2.8190837953067549e-05 -0.00076861048164204697 0.00024568825801468024 0.00032876940797366399 0.00016042171530838842 0.00011955941200879667
leaf_weight=446 7947 6827 662 1391 1785 1277
leaf_count=446 7947 6827 662 1391 1785 1277
internal_value=-0.000475881 -0.00222499 0.00123715 0.000643496 0.00010716 0.0025991
internal_weight=20335 7935 1108 12400 9732 2668
internal_count=20335 7935 1108 12400 9732 2668
is_linear=0
shrinkage=0.035


Tree=35
num_leaves=7
num_cat=0
split_feature=10 6 9 6 7 9
split_gain=31.5989 12.7164 13.0272 10.0909 14.4972 3.60603
threshold=2458.1318979318407 -0.6830127018922193 1300.3406411844969 -0.6830127018922193 -0.25000000000000028 2477.1470545772322
decision_type=2 2 2 2 2 2
left_child=1 2 -1 4 -2 -5
right_child=3 -3 -4 5 -6 -7
leaf_value=0.00028692694965701276 -0.0002027633821831556 -0.0013116654323527756 -0.00019203040390376459 -0.00058943367209077853 0.00025425034556757485 6.2186744386776569e-06
leaf_weight=502 1371 5119 2314 969 3700 6360
leaf_count=502 1371 5119 2314 969 3700 6360
internal_value=-0.000482765 -0.00220735 -0.00031807 0.000620917 0.00182108 -0.000209619
internal_weight=20335 7935 2816 12400 5071 7329
internal_count=20335 7935 2816 12400 5071 7329
is_linear=0
shrinkage=0.035


Tree=36
num_leaves=7
num_cat=0
split_feature=10 6 9 6 7 4
split_gain=31.2138 12.432 12.0445 9.77171 13.5314 3.5815
threshold=2458.1318979318407 -0.6830127018922193 1300.3406411844969 -0.6830127018922193 -0.25000000000000028 0.81174490092936691
decision_type=2 2 2 2 2 2
left_child=1 2 -1 4 -2 -5
right_child=3 -3 -4 5 -6 -7
leaf_value=0.0002768845064190319 -0.00019566666380674858 -0.0012657571422204186 -0.00018530933976713905 6.782319286297639e-06 0.00024535158347271713 -0.00017726860200435745
leaf_weight=502 1371 5119 2314 6322 3700 1007
leaf_count=502 1371 5119 2314 6322 3700 1007
internal_value=-0.000484486 -0.00219853 -0.000330494 0.00061245 0.00179347 -0.000204844
internal_weight=20335 7935 2816 12400 5071 7329
internal_count=20335 7935 2816 12400 5071 7329
is_linear=0
shrinkage=0.035


Tree=37
num_leaves=7
num_cat=0
split_feature=10 6 9 9 3 6
split_gain=30.4584 12.1507 11.1003 9.20386 5.45932 4.57222
threshold=2458.1318979318407 -0.6830127018922193 1300.3406411844969 2732.5884956261721 -0.60785761079279388 -1.0000000180025095e-35
decision_type=2 2 2 2 2 2
left_child=1 2 -1 4 -2 -5
right_child=3 -3 -4 5 -6 -7
leaf_value=0.00026719354869437681 0.00012080362832735197 -0.0012214556422427149 -0.00017882351287528577 0.0003166103627807952 -5.5012935911045455e-05 9.2159994216893773e-05
leaf_weight=502 2487 5119 2314 1438 7100 1375
leaf_count=502 2487 5119 2314 1438 7100 1375
internal_value=-0.000496534 -0.00218971 -0.000342919 0.000587049 7.04518e-05 0.00234701
internal_weight=20335 7935 2816 12400 9587 2813
internal_count=20335 7935 2816 12400 9587 2813
is_linear=0
shrinkage=0.035


Tree=38
num_leaves=7
num_cat=0
split_feature=10 6 9 6 7 0
split_gain=29.6244 11.4488 9.73978 8.61902 12.1418 3.5356
threshold=2458.1318979318407 -0.6830127018922193 1300.3406411844969 -0.6830127018922193 -0.25000000000000028 39.500000000000007
decision_type=2 2 2 2 2 2
left_child=1 2 -1 4 -2 -5
right_child=3 -3 -4 5 -6 -7
leaf_value=0.00025784177449007204 -0.00019304645756497619 -0.0011787046947642345 -0.00017256468992463692 -9.9804769647511544e-05 0.00023200144746138253 4.4734221720071592e-05
leaf_weight=502 1371 5119 2314 3150 3700 4179
leaf_count=502 1371 5119 2314 3150 3700 4179
internal_value=-0.000515466 -0.0021853 -0.000392617 0.00055318 0.00166236 -0.000214394
internal_weight=20335 7935 2816 12400 5071 7329
internal_count=20335 7935 2816 12400 5071 7329
is_linear=0
shrinkage=0.035


Tree=39
num_leaves=7
num_cat=0
split_feature=10 6 9 9 3 6
split_gain=28.1323 11.4079 9.22063 8.3483 7.98248 5.41761
threshold=2458.1318979318407 -0.6830127018922193 1300.3406411844969 2802.8537521145868 -0.8783796973249266 -0.6830127018922193
decision_type=2 2 2 2 2 2
left_child=1 2 -1 5 -5 -2
right_child=3 -3 -4 4 -6 -7
leaf_value=0.00024881731238290424 0.00013071125361906703 -0.0011374500304474867 -0.00016652492577728942 0.00047671312133404256 0.0002917698677773645 -2.4387674569606715e-05
leaf_weight=502 4621 5119 2314 94 516 7169
leaf_count=502 4621 5119 2314 94 516 7169
internal_value=-0.00050514 -0.00213237 -0.000342919 0.000536246 0.00452537 0.000329488
internal_weight=20335 7935 2816 12400 610 11790
internal_count=20335 7935 2816 12400 610 11790
is_linear=0
shrinkage=0.035


Tree=40
num_leaves=7
num_cat=0
split_feature=10 6 9 9 3 9
split_gain=26.6932 10.6539 8.16434 7.32471 6.64196 5.20767
threshold=2458.1318979318407 -0.6830127018922193 1300.3406411844969 2802.8537521145868 -0.8783796973249266 2477.1470545772322
decision_type=2 2 2 2 2 2
left_child=1 2 -1 5 -5 -2
right_child=3 -3 -4 4 -6 -7
leaf_value=0.00024010870644949463 -0.00030025802405277428 -0.0010976392793818235 -0.00016069655337507262 0.00046002816208734037 0.00028155792240515734 5.4475526550861923e-05
leaf_weight=502 1769 5119 2314 94 516 10021
leaf_count=502 1769 5119 2314 94 516 10021
internal_value=-0.000512024 -0.00209709 -0.000367768 0.000502378 0.00423895 0.000308709
internal_weight=20335 7935 2816 12400 610 11790
internal_count=20335 7935 2816 12400 610 11790
is_linear=0
shrinkage=0.035


Tree=41
num_leaves=7
num_cat=0
split_feature=10 6 9 6 3 6
split_gain=26.0451 10.2866 7.66029 7.42056 10.8273 3.45265
threshold=2458.1318979318407 -0.6830127018922193 1300.3406411844969 -0.6830127018922193 1.0000000180025095e-35 -1.0000000180025095e-35
decision_type=2 2 2 2 2 2
left_child=1 2 -1 4 -2 -5
right_child=3 -3 -4 5 -6 -7
leaf_value=0.00023170490172374955 0.00021718207500137871 -0.0010592219046034535 -0.00015507217400694275 -0.0018828106388224756 -7.195478516658989e-05 -4.1022373149287368e-06
leaf_weight=502 2924 5119 2314 375 2147 6954
leaf_count=502 2924 5119 2314 375 2147 6954
internal_value=-0.000513745 -0.00207945 -0.000380193 0.000488266 0.00151745 -0.000223944
internal_weight=20335 7935 2816 12400 5071 7329
internal_count=20335 7935 2816 12400 5071 7329
is_linear=0
shrinkage=0.035


Tree=42
num_leaves=7
num_cat=0
split_feature=10 6 9 9 3 0
split_gain=25.0667 10.0741 7.12534 6.81836 4.49171 3.08456
threshold=2458.1318979318407 -0.6830127018922193 1300.3406411844969 2741.0219698890019 -0.60785761079279388 10.500000000000002
decision_type=2 2 2 2 2 2
left_child=1 2 -1 4 -2 -5
right_child=3 -3 -4 5 -6 -7
leaf_value=0.00022359523016341051 9.5899533087064995e-05 -0.0010221491379423231 -0.00014964464791670907 0.0003449109958892236 -4.8798696715032891e-05 0.000168648695385331
leaf_weight=502 2610 5119 2314 348 7262 2180
leaf_count=502 2610 5119 2314 348 7262 2180
internal_value=-0.000525793 -0.00206181 -0.000380193 0.00045722 4.18304e-05 0.00207869
internal_weight=20335 7935 2816 12400 9872 2528
internal_count=20335 7935 2816 12400 9872 2528
is_linear=0
shrinkage=0.035


Tree=43
num_leaves=7
num_cat=0
split_feature=10 6 9 6 7 6
split_gain=23.8735 10.0982 6.7278 6.66279 10.4426 3.41239
threshold=2458.1318979318407 -0.6830127018922193 1300.3406411844969 -0.6830127018922193 -0.25000000000000028 -1.0000000180025095e-35
decision_type=2 2 2 2 2 2
left_child=1 2 -1 4 -2 -5
right_child=3 -3 -4 5 -6 -7
leaf_value=0.00021576939710770478 -0.00020372922513924442 -0.00098637391811432721 -0.00014440708523962177 -0.0018152043120786634 0.00020583496455137091 -4.5891581080255585e-06
leaf_weight=502 1371 5119 2314 375 3700 6954
leaf_count=502 1371 5119 2314 375 3700 6954
internal_value=-0.000527514 -0.00202653 -0.000342919 0.000431819 0.00140704 -0.000243043
internal_weight=20335 7935 2816 12400 5071 7329
internal_count=20335 7935 2816 12400 5071 7329
is_linear=0
shrinkage=0.035


Tree=44
num_leaves=7
num_cat=0
split_feature=10 6 9 9 2 9
split_gain=22.9216 9.66502 6.55017 6.18149 5.89581 4.76947
threshold=2453.8380828005688 -0.6830127018922193 1300.3406411844969 2791.1966582834289 0.72947329433276265 2477.1470545772322
decision_type=2 2 2 2 2 2
left_child=1 2 -1 5 -5 -2
right_child=3 -3 -4 4 -6 -7
leaf_value=0.00020821746820893678 -0.00029848048179743295 -0.00097933477004561462 -0.00015087512671577486 0.00013862294440064642 0.00064473801370236103 4.3150896088246531e-05
leaf_weight=502 1864 4998 2195 664 257 9855
leaf_count=502 1864 4998 2195 664 257 9855
internal_value=-0.000529235 -0.00203515 -0.000346369 0.000387627 0.00314696 0.00017052
internal_weight=20335 7695 2697 12640 921 11719
internal_count=20335 7695 2697 12640 921 11719
is_linear=0
shrinkage=0.035


Tree=45
num_leaves=7
num_cat=0
split_feature=10 6 9 6 3 6
split_gain=21.6889 9.50192 5.95638 5.89186 9.62398 3.83851
threshold=2453.8380828005688 -0.6830127018922193 1546.5782876808328 -0.6830127018922193 0.87837969732492682 -1.0000000180025095e-35
decision_type=2 2 2 2 2 2
left_child=1 2 -1 4 -2 -5
right_child=3 -3 -4 5 -6 -7
leaf_value=0.00015671895839610296 0.00018427303768597789 -0.00094505805309402118 -0.00017579883476206428 -0.0016992479587511035 -0.00080054133651806221 -6.5520303973061585e-06
leaf_weight=675 4498 4998 2022 429 692 7021
leaf_count=675 4498 4998 2022 429 692 7021
internal_value=-0.000543003 -0.00200786 -0.000333396 0.000348864 0.00125409 -0.000281842
internal_weight=20335 7695 2697 12640 5190 7450
internal_count=20335 7695 2697 12640 5190 7450
is_linear=0
shrinkage=0.035


Tree=46
num_leaves=7
num_cat=0
split_feature=10 6 9 6 3 6
split_gain=20.8705 9.24558 5.53375 5.4853 8.86297 3.83851
threshold=2453.8380828005688 -0.6830127018922193 1300.3406411844969 -0.6830127018922193 0.87837969732492682 -1.0000000180025095e-35
decision_type=2 2 2 2 2 2
left_child=1 2 -1 4 -2 -5
right_child=3 -3 -4 5 -6 -7
leaf_value=0.00019544469327776332 0.00017782348136697644 -0.00091198102123574382 -0.00014152767880615258 -0.0016397742801948269 -0.00077252238973994105 -6.322709333399107e-06
leaf_weight=502 4498 4998 2195 429 692 7021
leaf_count=502 4498 4998 2195 429 692 7021
internal_value=-0.000548167 -0.00198512 -0.000333396 0.000326714 0.00120015 -0.000281842
internal_weight=20335 7695 2697 12640 5190 7450
internal_count=20335 7695 2697 12640 5190 7450
is_linear=0
shrinkage=0.035


Tree=47
num_leaves=7
num_cat=0
split_feature=10 6 7 6 8 9
split_gain=19.6354 9.35183 5.81269 9.5194 9.29794 5.29973
threshold=2452.1510673051903 -0.6830127018922193 -0.25000000000000028 -0.6830127018922193 2303.3858337816696 1546.5782876808328
decision_type=2 2 2 2 2 2
left_child=1 5 4 -4 -2 -1
right_child=2 -3 3 -5 -6 -7
leaf_value=0.00014631619506330894 0.00042821349596616998 -0.00088837309651785385 0.0001845046273297614 -1.0661927319863587e-05 -0.00071302029191168111 -0.0001621589162625803
leaf_weight=675 228 4949 3722 7174 1596 1991
leaf_count=675 228 4949 3722 7174 1596 1991
internal_value=-0.000536119 -0.00194164 0.0003054 0.000611544 -0.00152274 -0.000270342
internal_weight=20335 7615 12720 10896 1824 2666
internal_count=20335 7615 12720 10896 1824 2666
is_linear=0
shrinkage=0.035


Tree=48
num_leaves=7
num_cat=0
split_feature=10 6 7 6 8 9
split_gain=18.5276 8.79462 5.60515 8.67284 8.1046 4.70273
threshold=2452.1510673051903 -0.6830127018922193 -0.25000000000000028 -0.6830127018922193 2322.3730642526739 1546.5782876808328
decision_type=2 2 2 2 2 2
left_child=1 5 4 -4 -2 -1
right_child=2 -3 3 -5 -6 -7
leaf_value=0.00014119512823610391 0.00035775009051884686 -0.00085728003813972725 0.00017804696537320768 -1.0288759863674492e-05 -0.00072943505617365412 -0.00015648335419338191
leaf_weight=675 265 4949 3722 7174 1559 1991
leaf_count=675 265 4949 3722 7174 1559 1991
internal_value=-0.000525793 -0.00189109 0.000291643 0.000592272 -0.00150356 -0.000270342
internal_weight=20335 7615 12720 10896 1824 2666
internal_count=20335 7615 12720 10896 1824 2666
is_linear=0
shrinkage=0.035


Tree=49
num_leaves=7
num_cat=0
split_feature=10 6 7 6 8 11
split_gain=17.6187 8.30292 5.20185 8.09393 7.45923 5.12303
threshold=2452.1510673051903 -0.6830127018922193 -0.25000000000000028 -0.6830127018922193 2303.3858337816696 51.695305987404204
decision_type=2 2 2 2 2 2
left_child=1 -1 4 -4 -2 -3
right_child=2 5 3 -5 -6 -7
leaf_value=-2.8567560492103613e-05 0.00040070477043919979 0.00026969917784761324 0.00017181532158515493 -9.9286532684470435e-06 -0.00066253435472869205 -0.00086922499160718909
leaf_weight=2666 228 143 3722 7174 1596 4806
leaf_count=2666 228 143 3722 7174 1596 4806
internal_value=-0.000513745 -0.00184513 0.000283389 0.000573001 -0.00144603 -0.00269323
internal_weight=20335 7615 12720 10896 1824 4949
internal_count=20335 7615 12720 10896 1824 4949
is_linear=0
shrinkage=0.035


Tree=50
num_leaves=7
num_cat=0
split_feature=10 6 9 1 9 11
split_gain=17.1504 8.06237 4.94795 4.78649 4.70273 4.6938
threshold=2452.1510673051903 -0.6830127018922193 2477.1470545772322 0.5277851165098012 1546.5782876808328 51.695305987404204
decision_type=2 2 2 2 2 2
left_child=1 4 -2 -4 -1 -3
right_child=2 5 3 -5 -6 -7
leaf_value=0.00013725316336506019 -0.00029018546217660459 0.00026025970662295176 0.00010919286678732839 -4.2711841865125942e-05 -0.0001500065721793753 -0.00083880211690093168
leaf_weight=675 1904 143 7199 3617 1991 4806
leaf_count=675 1904 143 7199 3617 1991 4806
internal_value=-0.000508582 -0.00182215 0.000277886 0.000567532 -0.000270342 -0.00265788
internal_weight=20335 7615 12720 10816 2666 4949
internal_count=20335 7615 12720 10816 2666 4949
is_linear=0
shrinkage=0.035


Tree=51
num_leaves=7
num_cat=0
split_feature=10 6 9 3 11 8
split_gain=16.2918 7.82536 4.93448 4.6612 3.94019 3.46079
threshold=2452.1510673051903 -0.6830127018922193 2741.0219698890019 -1.0000000180025095e-35 51.695305987404204 2680.536956461443
decision_type=2 2 2 2 2 2
left_child=1 3 5 -1 -3 -2
right_child=2 4 -4 -5 -6 -7
leaf_value=9.7720426475329043e-05 -5.5492365654380381e-05 0.00025115061689113817 0.00016980622768496368 -0.00020056615980064871 -0.0008094440428094039 6.8843546236754374e-05
leaf_weight=1314 6706 143 2547 1352 4806 3467
leaf_count=1314 6706 143 2547 1352 4806 3467
internal_value=-0.000518908 -0.00179917 0.000247621 -0.000270342 -0.00262253 -9.73568e-05
internal_weight=20335 7615 12720 2666 4949 10173
internal_count=20335 7615 12720 2666 4949 10173
is_linear=0
shrinkage=0.035


Tree=52
num_leaves=7
num_cat=0
split_feature=10 6 3 9 1 11
split_gain=15.6989 7.71834 4.71459 4.57519 4.01704 3.91124
threshold=2450.6712552673475 -0.6830127018922193 -1.0000000180025095e-35 2477.1470545772322 0.5277851165098012 51.695305987404204
decision_type=2 2 2 2 2 2
left_child=1 2 -1 -2 -5 -3
right_child=3 5 -4 4 -6 -7
leaf_value=0.00010080121758683042 -0.00028337227587607198 0.00024236034529995457 -0.00020722926030078499 0.00010155134905669406 -3.9991404728622487e-05 -0.00078552649336580691
leaf_weight=1296 1939 143 1332 7227 3634 4764
leaf_count=1296 1939 143 1332 7227 3634 4764
internal_value=-0.000513745 -0.00178112 -0.000250286 0.000232403 0.000512014 -0.00260075
internal_weight=20335 7535 2628 12800 10861 4907
internal_count=20335 7535 2628 12800 10861 4907
is_linear=0
shrinkage=0.035


Tree=53
num_leaves=7
num_cat=0
split_feature=10 6 3 9 3 11
split_gain=15.2714 7.71214 4.63144 4.40039 4.07786 3.89169
threshold=2450.6712552673475 -0.6830127018922193 -1.0000000180025095e-35 2802.8537521145868 -0.8783796973249266 51.695305987404204
decision_type=2 2 2 2 2 2
left_child=1 2 -1 -2 -5 -3
right_child=3 5 -4 4 -6 -7
leaf_value=9.727317497128002e-05 7.5653040031708368e-06 0.00023387773321444262 -0.00019997623619024879 0.00041900535497823026 0.00018671879897592448 -0.00075803306609800291
leaf_weight=1296 12186 143 1332 98 516 4764
leaf_count=1296 12186 143 1332 98 516 4764
internal_value=-0.000517187 -0.00176719 -0.000236973 0.000218732 0.00310732 -0.00258649
internal_weight=20335 7535 2628 12800 614 4907
internal_count=20335 7535 2628 12800 614 4907
is_linear=0
shrinkage=0.035


Tree=54
num_leaves=7
num_cat=0
split_feature=10 6 9 6 4 6
split_gain=14.6229 7.7404 4.64568 4.27159 8.41819 4.09785
threshold=2450.6712552673475 -0.6830127018922193 1546.5782876808328 -0.6830127018922193 0.81174490092936691 -1.0000000180025095e-35
decision_type=2 2 2 2 2 2
left_child=1 2 -1 4 -2 -5
right_child=3 -3 -4 5 -6 -7
leaf_value=0.00013751775957348536 3.6795853776098311e-05 -0.00069088355515042562 -0.00013994789919955853 -0.0014536180791657157 0.00042294468285527604 -8.7022554105204555e-06
leaf_weight=675 4441 4907 1953 467 818 7074
leaf_count=675 4441 4907 1953 467 818 7074
internal_value=-0.000506861 -0.00173003 -0.000197034 0.000213264 0.000978801 -0.000320672
internal_weight=20335 7535 2628 12800 5259 7541
internal_count=20335 7535 2628 12800 5259 7541
is_linear=0
shrinkage=0.035


Tree=55
num_leaves=7
num_cat=0
split_feature=10 6 8 7 8 6
split_gain=14.1255 7.46154 4.51697 4.2109 7.65332 7.11445
threshold=2450.6712552673475 -0.6830127018922193 1639.9996363407574 -0.25000000000000028 2397.1747860578685 -0.6830127018922193
decision_type=2 2 2 2 2 2
left_child=1 2 -1 4 -2 -5
right_child=3 -3 -4 5 -6 -7
leaf_value=-0.00064444769148344866 0.00023851723040882884 -0.00066670263072015961 3.3722319122580697e-05 0.00016002584308320026 -0.00083300392176068559 -1.3499527539929923e-05
leaf_weight=510 459 4907 2118 3727 1410 7204
leaf_count=510 459 4907 2118 3727 1410 7204
internal_value=-0.000499976 -0.00170216 -0.000197034 0.000207795 -0.00132701 0.000470316
internal_weight=20335 7535 2628 12800 1869 10931
internal_count=20335 7535 2628 12800 1869 10931
is_linear=0
shrinkage=0.035


Tree=56
num_leaves=7
num_cat=0
split_feature=10 6 11 8 9 2
split_gain=13.4544 7.01995 4.77228 4.43592 4.15034 3.6773
threshold=2450.6712552673475 -0.6830127018922193 51.695305987404204 1639.9996363407574 2756.6228080769556 -0.41248606129204529
decision_type=2 2 2 2 2 2
left_child=1 3 -3 -1 -2 -6
right_child=4 2 -4 -5 5 -7
leaf_value=-0.00062189202228153293 -6.0617718118485818e-06 0.0002732075290574132 -0.000683986392279099 3.2542037953278894e-05 -3.2392997344922792e-05 0.00022501947359364111
leaf_weight=510 10792 143 4764 2118 753 1255
leaf_count=510 10792 143 4764 2118 753 1255
internal_value=-0.000510303 -0.00168359 -0.00246526 -0.00022366 0.000180454 0.00164111
internal_weight=20335 7535 4907 2628 12800 2008
internal_count=20335 7535 4907 2628 12800 2008
is_linear=0
shrinkage=0.035


Tree=57
num_leaves=7
num_cat=0
split_feature=10 6 8 11 7 8
split_gain=13.3993 6.80421 4.39567 4.37855 3.99114 7.3245
threshold=2450.6712552673475 -0.6830127018922193 1639.9996363407574 51.695305987404204 -0.25000000000000028 2405.7040845680422
decision_type=2 2 2 2 2 2
left_child=1 2 -1 -3 5 -2
right_child=4 3 -4 -5 -6 -7
leaf_value=-0.00060012580150167771 0.00021873434975070891 0.00026364526554041758 3.140306662491618e-05 -0.00066004686854931999 4.5791554335424083e-05 -0.00080364203900793927
leaf_weight=510 478 143 2118 4764 10931 1391
leaf_count=510 478 143 2118 4764 10931 1391
internal_value=-0.000503418 -0.0016743 -0.000236973 -0.00244387 0.000185922 -0.00130829
internal_weight=20335 7535 2628 4907 12800 1869
internal_count=20335 7535 2628 4907 12800 1869
is_linear=0
shrinkage=0.035


Tree=58
num_leaves=7
num_cat=0
split_feature=10 6 8 9 11 7
split_gain=12.8076 6.41984 4.35561 4.02998 3.96224 3.52101
threshold=2450.6712552673475 -0.6830127018922193 1639.9996363407574 2802.8537521145868 51.695305987404204 -0.68301270189221952
decision_type=2 2 2 2 2 2
left_child=1 2 -1 5 -3 -2
right_child=3 4 -4 -5 -6 -7
leaf_value=-0.00057912139844910632 -0.001161326155699428 0.0002544176812465171 3.0303959293030619e-05 0.00022854684975627445 -0.00063694522815010762 1.0864696968821486e-05
leaf_weight=510 337 143 2118 614 4764 11849
leaf_count=510 337 143 2118 614 4764 11849
internal_value=-0.000501697 -0.00164643 -0.000250286 0.000172251 -0.00239395 3.2739e-05
internal_weight=20335 7535 2628 12800 4907 12186
internal_count=20335 7535 2628 12800 4907 12186
is_linear=0
shrinkage=0.035


Tree=59
num_leaves=7
num_cat=0
split_feature=10 6 8 9 11 1
split_gain=12.6388 6.2136 4.31572 3.91692 3.60421 3.56592
threshold=2450.6712552673475 -0.6830127018922193 1639.9996363407574 2477.1470545772322 51.695305987404204 0.5277851165098012
decision_type=2 2 2 2 2 2
left_child=1 2 -1 -2 -3 -5
right_child=3 4 -4 5 -6 -7
leaf_value=-0.00055885214950340063 -0.00027563418317079778 0.00024551306240287566 2.9243320717774106e-05 9.1354971615285142e-05 -0.00061465214516485576 -4.8225467254879523e-05
leaf_weight=510 1939 143 2118 7227 4764 3634
leaf_count=510 1939 143 2118 7227 4764 3634
internal_value=-0.000499976 -0.00163714 -0.000263599 0.000169517 -0.00237256 0.000428235
internal_weight=20335 7535 2628 12800 4907 10861
internal_count=20335 7535 2628 12800 4907 10861
is_linear=0
shrinkage=0.035


Tree=60
num_leaves=7
num_cat=0
split_feature=10 6 8 9 11 2
split_gain=11.9897 5.84653 4.27602 3.83256 3.53871 3.52439
threshold=2450.6712552673475 -0.6830127018922193 1639.9996363407574 2756.6228080769556 51.695305987404204 -0.41248606129204529
decision_type=2 2 2 2 2 2
left_child=1 2 -1 -2 -3 -5
right_child=3 4 -4 5 -6 -7
leaf_value=-0.00053929232427077172 -8.7355436425150386e-06 0.0002369201052187764 2.8219804492649241e-05 -3.6311405938399335e-05 -0.00059313932008407742 0.00021137462660586275
leaf_weight=510 10792 143 2118 753 4764 1255
leaf_count=510 10792 143 2118 753 4764 1255
internal_value=-0.000501697 -0.00160928 -0.000276912 0.000150378 -0.00232264 0.00155401
internal_weight=20335 7535 2628 12800 4907 2008
internal_count=20335 7535 2628 12800 4907 2008
is_linear=0
shrinkage=0.035


Tree=61
num_leaves=7
num_cat=0
split_feature=10 3 8 9 2 7
split_gain=11.5398 5.57337 5.09304 3.79071 4.30955 3.21218
threshold=2450.6712552673475 -1.0000000180025095e-35 1639.9996363407574 2791.1966582834289 0.72947329433276265 -0.68301270189221952
decision_type=2 2 2 2 2 2
left_child=1 2 -1 5 -5 -2
right_child=3 -3 -4 4 -6 -7
leaf_value=-0.00050998498883025 -0.0011158645450819735 -0.00044727641772547517 2.1004964389371984e-05 7.4488586634884247e-05 0.00052599790367968018 6.3734419988361934e-06
leaf_weight=698 337 4262 2575 665 257 11541
leaf_count=698 337 4262 2575 665 257 11541
internal_value=-0.000494813 -0.00158141 -0.000494961 0.00014491 0.00230552 -2.29826e-05
internal_weight=20335 7535 3273 12800 922 11878
internal_count=20335 7535 3273 12800 922 11878
is_linear=0
shrinkage=0.035


Tree=62
num_leaves=7
num_cat=0
split_feature=11 6 11 6 10 2
split_gain=10.9698 9.32008 15.3382 7.24576 0.298752 0.373972
threshold=650.74683700006926 -0.6830127018922193 560.31953814889175 -1.0000000180025095e-35 1099.2157696355264 -0.83146961230254512
decision_type=2 2 2 2 2 2
left_child=1 2 -1 -3 5 -2
right_child=4 3 -4 -5 -6 -7
leaf_value=4.9512347684217113e-05 -0.0014469506037633108 -0.00073089588791288738 0.00036342737814862861 -3.3703731877437031e-05 -0.00063243004378308329 0.00014148771808258689
leaf_weight=7149 14.000000000000002 2696 204 8606 1654 11.999999999999998
leaf_count=7149 14 2696 204 8606 1654 12
internal_value=-0.000477602 -0.000233572 0.000736265 -0.00086455 -0.0031856 0.000518518
internal_weight=20335 18655 7353 11302 1680 26
internal_count=20335 18655 7353 11302 1680 26
is_linear=0
shrinkage=0.035


Tree=63
num_leaves=7
num_cat=0
split_feature=8 7 10 4 8 3
split_gain=10.6998 7.76235 7.67531 13.6724 6.48312 5.83014
threshold=2616.3097948505806 0.6830127018922193 2629.6933350349077 -0.22252093395631442 2771.3499419210334 -0.60785761079279388
decision_type=2 2 2 2 2 2
left_child=2 4 -1 -4 -2 -3
right_child=1 5 3 -5 -6 -7
leaf_value=-0.00023578383290880206 0.00016965326713404283 0.00012519062528124625 0.00031303645084817871 -0.00036516547812888368 -5.5857823374026922e-05 -0.00031651953013469571
leaf_weight=11084 3978 717 744 587 1445 1780
leaf_count=11084 3978 717 744 587 1445 1780
internal_value=-0.000479323 0.000525817 -0.00112053 0.00139001 0.00126927 -0.00108867
internal_weight=20335 7920 12415 1331 5423 2497
internal_count=20335 7920 12415 1331 5423 2497
is_linear=0
shrinkage=0.035


Tree=64
num_leaves=7
num_cat=0
split_feature=11 6 11 6 10 2
split_gain=10.5515 8.41191 13.8508 7.22956 0.288806 0.373972
threshold=650.74683700006926 -0.6830127018922193 560.31953814889175 -1.0000000180025095e-35 1099.2157696355264 -0.83146961230254512
decision_type=2 2 2 2 2 2
left_child=1 2 -1 -3 5 -2
right_child=4 3 -4 -5 -6 -7
leaf_value=4.6989159177283476e-05 -0.001388054898479787 -0.00069741675966964855 0.0003447695555637154 -3.174338322476448e-05 -0.00060204255809886314 0.00014478808210149021
leaf_weight=7149 14.000000000000002 2696 204 8606 1654 11.999999999999998
leaf_count=7149 14 2696 204 8606 1654 12
internal_value=-0.000467276 -0.000227944 0.000693431 -0.000827392 -0.00312314 0.000518518
internal_weight=20335 18655 7353 11302 1680 26
internal_count=20335 18655 7353 11302 1680 26
is_linear=0
shrinkage=0.035


Tree=65
num_leaves=7
num_cat=0
split_feature=10 3 11 7 7 7
split_gain=10.5921 4.88141 4.57703 3.52793 3.20138 2.52201
threshold=2450.6712552673475 -1.0000000180025095e-35 650.74683700006926 -0.68301270189221952 0.6830127018922193 1.0000000180025095e-35
decision_type=2 2 2 2 2 2
left_child=1 2 -1 -2 -5 -3
right_child=3 5 -4 4 -6 -7
leaf_value=1.4953924302631521e-05 -0.0010185659091868802 -0.00016096551196027122 -0.00045741185762611993 6.8951604177565424e-05 -5.1396760974695381e-05 -0.0006751499063310407
leaf_weight=2675 337 1541 598 7979 4484 2721
leaf_count=2675 337 1541 598 7979 4484 2721
internal_value=-0.000470718 -0.00151174 -0.000494961 0.000142176 0.000237844 -0.00229228
internal_weight=20335 7535 3273 12800 12463 4262
internal_count=20335 7535 3273 12800 12463 4262
is_linear=0
shrinkage=0.035


Tree=66
num_leaves=7
num_cat=0
split_feature=11 6 11 6 10 2
split_gain=10.1279 7.58277 12.4392 7.42367 0.279029 0.373972
threshold=650.74683700006926 -0.6830127018922193 560.31953814889175 -1.0000000180025095e-35 1099.2157696355264 -0.83146961230254512
decision_type=2 2 2 2 2 2
left_child=1 2 -1 -3 5 -2
right_child=4 3 -4 -5 -6 -7
leaf_value=4.4236087981720618e-05 -0.0013158427303114008 -0.00066247187841051282 0.00033833641403760775 -2.9911020462029405e-05 -0.0005665856152314053 0.00015572991424485318
leaf_weight=7149 14.000000000000002 2696 204 8606 1654 11.999999999999998
leaf_count=7149 14 2696 204 8606 1654 12
internal_value=-0.00045867 -0.000224191 0.000650597 -0.00079333 -0.00306068 0.000518518
internal_weight=20335 18655 7353 11302 1680 26
internal_count=20335 18655 7353 11302 1680 26
is_linear=0
shrinkage=0.035


Tree=67
num_leaves=7
num_cat=0
split_feature=11 6 11 6 10 2
split_gain=9.84588 7.22454 11.0378 7.32695 0.272605 0.373972
threshold=650.74683700006926 -0.6830127018922193 560.31953814889175 -1.0000000180025095e-35 1099.2157696355264 -0.83146961230254512
decision_type=2 2 2 2 2 2
left_child=1 2 -1 -3 5 -2
right_child=4 3 -4 -5 -6 -7
leaf_value=4.2687824902351111e-05 -0.0012697882347505064 -0.00063928536266615282 0.00032649463954630424 -2.8864134745851125e-05 -0.00054675511869831887 0.0001502793672462799
leaf_weight=7149 14.000000000000002 2696 204 8606 1654 11.999999999999998
leaf_count=7149 14 2696 204 8606 1654 12
internal_value=-0.000453507 -0.000222315 0.00063156 -0.000777847 -0.00301904 0.000518518
internal_weight=20335 18655 7353 11302 1680 26
internal_count=20335 18655 7353 11302 1680 26
is_linear=0
shrinkage=0.035


Tree=68
num_leaves=7
num_cat=0
split_feature=11 6 11 6 9 11
split_gain=9.68671 6.85836 10.1794 7.20258 0.275935 0.466931
threshold=650.74683700006926 -0.6830127018922193 560.31953814889175 -1.0000000180025095e-35 1639.9996363407574 910.97742070656784
decision_type=2 2 2 2 2 2
left_child=1 2 -1 -3 5 -2
right_child=4 3 -4 -5 -6 -7
leaf_value=4.1193751030764824e-05 -0.00037286600926204514 -0.00061691037497282734 0.00031506732716217738 -2.7853890029760222e-05 -0.0021499775234081978 4.0596069628973108e-05
leaf_weight=7149 810 2696 204 8606 834 36
leaf_count=7149 810 2696 204 8606 834 36
internal_value=-0.000453507 -0.000224191 0.000607764 -0.000765461 -0.00299822 -0.00254546
internal_weight=20335 18655 7353 11302 1680 846
internal_count=20335 18655 7353 11302 1680 846
is_linear=0
shrinkage=0.035


Tree=69
num_leaves=7
num_cat=0
split_feature=10 3 8 7 8 6
split_gain=9.47205 4.54017 4.15061 3.70439 6.61134 4.3263
threshold=2450.6712552673475 -1.0000000180025095e-35 1639.9996363407574 -0.25000000000000028 2303.3858337816696 -0.6830127018922193
decision_type=2 2 2 2 2 2
left_child=1 2 -1 4 -2 -5
right_child=3 -3 -4 5 -6 -7
leaf_value=-0.00041365065349878628 0.00037581762112816227 -0.00038648529858919552 1.8925459443250767e-05 0.00013264222975286407 -0.00058723557809488758 -9.9095756918464629e-06
leaf_weight=698 238 4262 2575 3727 1631 7204
leaf_count=698 238 4262 2575 3727 1631 7204
internal_value=-0.000448344 -0.00143279 -0.0004522 0.000131239 -0.00130829 0.000377469
internal_weight=20335 7535 3273 12800 1869 10931
internal_count=20335 7535 3273 12800 1869 10931
is_linear=0
shrinkage=0.035


Tree=70
num_leaves=7
num_cat=0
split_feature=11 6 11 6 9 9
split_gain=9.39682 6.07129 8.93919 6.51577 0.358822 0.53392
threshold=650.74683700006926 -0.6830127018922193 560.31953814889175 -1.0000000180025095e-35 1639.9996363407574 1405.0827427573247
decision_type=2 2 2 2 2 2
left_child=1 2 -1 -3 5 -2
right_child=4 3 -4 -5 -6 -7
leaf_value=3.5585248133789719e-05 -0.00032653985869117452 -0.00058459003635245605 0.00031756695616213642 -2.5628020452851729e-05 -0.002061201324638278 9.8481303346873453e-05
leaf_weight=7149 803 2696 204 8606 834 43
leaf_count=7149 803 2696 204 8606 834 43
internal_value=-0.000429412 -0.000203555 0.000579208 -0.00071282 -0.00293575 -0.00242149
internal_weight=20335 18655 7353 11302 1680 846
internal_count=20335 18655 7353 11302 1680 846
is_linear=0
shrinkage=0.035


Tree=71
num_leaves=7
num_cat=0
split_feature=11 8 10 10 10 1
split_gain=9.0172 6.00315 7.98624 4.72077 0.874856 1.55392
threshold=641.41390886297177 2634.0222073725645 2193.2980888269381 2629.6933350349077 1099.2157696355264 0.065403129230143103
decision_type=2 2 2 2 2 2
left_child=1 3 -3 -1 5 -2
right_child=4 2 -4 -5 -6 -7
leaf_value=-0.00014700141346826357 0.00019069174810093829 0.0008677652339905207 6.0132216257881218e-05 0.00011827693057315508 -0.0004953669099100063 -0.0012432252608080231
leaf_weight=9993 12.999999999999998 17 6918 1647 1727 20
leaf_count=9993 13 17 6918 1647 1727 20
internal_value=-0.000408759 -0.000181821 0.000633289 -0.000667469 -0.00280239 0.00277941
internal_weight=20335 18575 6935 11640 1760 33
internal_count=20335 18575 6935 11640 1760 33
is_linear=0
shrinkage=0.035


Tree=72
num_leaves=7
num_cat=0
split_feature=11 6 11 6 10 1
split_gain=8.41563 5.85777 10.7677 5.82181 0.850297 1.55392
threshold=641.41390886297177 -0.6830127018922193 560.31953814889175 -1.0000000180025095e-35 1099.2157696355264 0.065403129230143103
decision_type=2 2 2 2 2 2
left_child=1 2 -1 -3 5 -2
right_child=4 3 -4 -5 -6 -7
leaf_value=3.6995981425105695e-05 0.00018401753691739002 -0.00056286102050183396 0.00035370393335555303 -2.513787659732097e-05 -0.00047802906806314354 -0.001199712376679747
leaf_weight=7149 12.999999999999998 2651 169 8606 1727 20
leaf_count=7149 13 2651 169 8606 1727 20
internal_value=-0.00041048 -0.000191242 0.000579587 -0.000692353 -0.00272289 0.00277941
internal_weight=20335 18575 7318 11257 1760 33
internal_count=20335 18575 7318 11257 1760 33
is_linear=0
shrinkage=0.035


Tree=73
num_leaves=7
num_cat=0
split_feature=11 8 10 10 10 1
split_gain=8.25238 5.70081 6.71753 4.50954 0.838147 1.55392
threshold=641.41390886297177 2634.0222073725645 2193.2980888269381 2629.6933350349077 1099.2157696355264 0.065403129230143103
decision_type=2 2 2 2 2 2
left_child=1 3 -3 -1 5 -2
right_child=4 2 -4 -5 -6 -7
leaf_value=-0.00014306448570775465 0.00017757692312527201 0.00083609859145098223 5.9058574204099547e-05 0.00011388583481589047 -0.0004612980506809447 -0.0011577224434959456
leaf_weight=9993 12.999999999999998 17 6918 1647 1727 20
leaf_count=9993 13 17 6918 1647 1727 20
internal_value=-0.000393269 -0.000176169 0.000618151 -0.00064943 -0.00268314 0.00277941
internal_weight=20335 18575 6935 11640 1760 33
internal_count=20335 18575 6935 11640 1760 33
is_linear=0
shrinkage=0.035


Tree=74
num_leaves=7
num_cat=0
split_feature=8 10 7 0 9 10
split_gain=8.16667 6.79808 5.33488 3.8281 0.867042 2.19103
threshold=1639.9996363407574 1099.2157696355264 0.6830127018922193 60.500000000000007 1965.240507243095 1285.5818246242134
decision_type=2 2 2 2 2 2
left_child=4 3 -3 -2 5 -1
right_child=1 2 -4 -5 -6 -7
leaf_value=-0.0020198672269182037 0.00016542848204415328 2.6907884980670995e-05 -0.0001420391348055703 0.00021616381729538061 -0.00057589391737186907 0.00022172413926077004
leaf_weight=196 67 10994 7784 35 1165 94
leaf_count=196 67 10994 7784 35 1165 94
internal_value=-0.00039499 -0.000200202 -0.000249375 0.00876699 -0.00292067 -0.00120275
internal_weight=20335 18880 18778 102 1455 290
internal_count=20335 18880 18778 102 1455 290
is_linear=0
shrinkage=0.035


Tree=75
num_leaves=7
num_cat=0
split_feature=8 10 8 0 9 10
split_gain=7.79371 6.78404 5.21498 3.8281 1.04744 1.99354
threshold=1639.9996363407574 1099.2157696355264 2634.0222073725645 60.500000000000007 1965.240507243095 1198.0184144327955
decision_type=2 2 2 2 2 2
left_child=4 3 -3 -2 5 -1
right_child=1 2 -4 -5 -6 -7
leaf_value=-0.0033754902240098615 0.00015963848517259639 -9.9199189536711287e-05 5.6435998376174448e-05 0.00020859808369003033 -0.00055573763026386057 0.00010936488991011975
leaf_weight=165 67 11658 7120 35 1165 125
leaf_count=165 67 11658 7120 35 1165 125
internal_value=-0.000381221 -0.000190934 -0.000240056 0.00876699 -0.00284856 -0.0009622
internal_weight=20335 18880 18778 102 1455 290
internal_count=20335 18880 18778 102 1455 290
is_linear=0
shrinkage=0.035


Tree=76
num_leaves=7
num_cat=0
split_feature=8 10 6 0 9 9
split_gain=7.89151 6.28992 4.94124 3.31936 0.942399 2.05118
threshold=1639.9996363407574 1099.2157696355264 -0.6830127018922193 60.500000000000007 1965.240507243095 1882.8375232776009
decision_type=2 2 2 2 2 2
left_child=4 3 -3 -2 5 -1
right_child=1 2 -4 -5 -6 -7
leaf_value=-0.00092998425496391274 0.00015405113819156558 5.0923634755715092e-05 -8.7319344788705177e-05 0.00020129715076088408 -0.00053628681320462622 0.00022585631885337689
leaf_weight=245 67 7287 11491 35 1165 45
leaf_count=245 67 7287 11491 35 1165 45
internal_value=-0.000389827 -0.000198348 -0.000245648 0.00842718 -0.0028726 -0.00108248
internal_weight=20335 18880 18778 102 1455 290
internal_count=20335 18880 18778 102 1455 290
is_linear=0
shrinkage=0.035


Tree=77
num_leaves=7
num_cat=0
split_feature=8 10 8 0 9 10
split_gain=7.52496 5.79112 4.86804 3.45361 0.9946 1.99354
threshold=1639.9996363407574 1099.2157696355264 2634.0222073725645 67.500000000000014 1965.240507243095 1198.0184144327955
decision_type=2 2 2 2 2 2
left_child=4 3 -3 -2 5 -1
right_child=1 2 -4 -5 -6 -7
leaf_value=-0.0032247986172457754 0.00014049269663444209 -9.6639526126146875e-05 5.5191932046299719e-05 0.00019907494935481829 -0.00051751677474246472 0.00010995536117247244
leaf_weight=165 74 11658 7120 28 1165 125
leaf_count=165 74 11658 7120 28 1165 125
internal_value=-0.000376058 -0.00018908 -0.000234465 0.00808738 -0.00280048 -0.0009622
internal_weight=20335 18880 18778 102 1455 290
internal_count=20335 18880 18778 102 1455 290
is_linear=0
shrinkage=0.035


Tree=78
num_leaves=7
num_cat=0
split_feature=11 6 3 6 9 11
split_gain=7.33485 4.71766 8.53372 5.58261 0.751672 0.854839
threshold=650.74683700006926 -0.6830127018922193 1.0000000180025095e-35 -1.0000000180025095e-35 1639.9996363407574 932.39433893697617
decision_type=2 2 2 2 2 2
left_child=1 2 -1 -3 5 -2
right_child=4 3 -4 -5 -6 -7
leaf_value=0.00011344633437241224 -0.00025866615870646296 -0.00052878405362571793 -0.00016089078732679261 -1.6048696779950916e-05 -0.0018852850461367786 0.00018264376243837257
leaf_weight=4405 833 2696 2948 8606 834 12.999999999999998
leaf_count=4405 833 2696 2948 8606 834 13
internal_value=-0.000367453 -0.000167909 0.000522096 -0.000616828 -0.0025818 -0.00184298
internal_weight=20335 18655 7353 11302 1680 846
internal_count=20335 18655 7353 11302 1680 846
is_linear=0
shrinkage=0.035


Tree=79
num_leaves=7
num_cat=0
split_feature=11 6 3 6 9 0
split_gain=7.25847 5.48161 7.90719 6.52635 0.449449 1.31636
threshold=722.07809988960264 -0.6830127018922193 1.0000000180025095e-35 -1.0000000180025095e-35 613.8159928252461 33.500000000000007
decision_type=2 2 2 2 2 2
left_child=1 2 -1 -3 5 -2
right_child=4 3 -4 -5 -6 -7
leaf_value=0.00010686749376907975 3.2957416810942914e-05 -0.00050995609931403897 -0.00014744739862525036 -1.5746562551503862e-05 -0.0018646863137364569 -0.00045980149578789048
leaf_weight=4501 127 3032 2989 8613 785 288
leaf_count=4501 127 3032 2989 8613 785 288
internal_value=-0.000362289 -0.00019662 0.000541983 -0.000671691 -0.00300167 -0.0020613
internal_weight=20335 19135 7490 11645 1200 415
internal_count=20335 19135 7490 11645 1200 415
is_linear=0
shrinkage=0.035


Tree=80
num_leaves=7
num_cat=0
split_feature=11 8 9 10 9 0
split_gain=7.29638 5.56155 7.89768 4.88928 0.449449 1.31636
threshold=722.07809988960264 2634.0222073725645 2144.8196556153021 2630.7143174135458 613.8159928252461 33.500000000000007
decision_type=2 2 2 2 2 2
left_child=1 3 -3 -1 5 -2
right_child=4 2 -4 -5 -6 -7
leaf_value=-0.00012635857781761041 3.1803907222566568e-05 0.00046502680381122884 3.4784686615017749e-05 0.00011950980697668798 -0.0017994222927556682 -0.0004437084434353045
leaf_weight=10570 127 270 6687 1608 785 288
leaf_count=10570 127 270 6687 1608 785 288
internal_value=-0.000355405 -0.000189304 0.0006001 -0.000640283 -0.00300167 -0.0020613
internal_weight=20335 19135 6957 12178 1200 415
internal_count=20335 19135 6957 12178 1200 415
is_linear=0
shrinkage=0.035


Tree=81
num_leaves=7
num_cat=0
split_feature=11 6 3 6 9 0
split_gain=7.1178 5.24893 7.48867 6.21112 0.504756 1.24281
threshold=722.07809988960264 -0.6830127018922193 1.0000000180025095e-35 -1.0000000180025095e-35 613.8159928252461 33.500000000000007
decision_type=2 2 2 2 2 2
left_child=1 2 -1 -3 5 -2
right_child=4 3 -4 -5 -6 -7
leaf_value=0.00010192606277394373 3.0690770469780443e-05 -0.0004884085760971979 -0.00014266496160873548 -1.4043252340932796e-05 -0.0017364425125092244 -0.00042817864791507178
leaf_weight=4501 127 3032 2989 8613 785 288
leaf_count=4501 127 3032 2989 8613 785 288
internal_value=-0.000358847 -0.000194791 0.000527966 -0.000659669 -0.00297252 -0.00197716
internal_weight=20335 19135 7490 11645 1200 415
internal_count=20335 19135 7490 11645 1200 415
is_linear=0
shrinkage=0.035


Tree=82
num_leaves=7
num_cat=0
split_feature=11 6 3 6 9 0
split_gain=7.17416 5.1578 7.28338 5.93044 0.504756 1.24281
threshold=722.07809988960264 -0.6830127018922193 1.0000000180025095e-35 -1.0000000180025095e-35 613.8159928252461 33.500000000000007
decision_type=2 2 2 2 2 2
left_child=1 2 -1 -3 5 -2
right_child=4 3 -4 -5 -6 -7
leaf_value=9.8358650576856285e-05 2.9616593503333592e-05 -0.0004713142759337952 -0.00013767168795242917 -1.355173850901332e-05 -0.0016756670245713925 -0.00041319239523803121
leaf_weight=4501 127 3032 2989 8613 785 288
leaf_count=4501 127 3032 2989 8613 785 288
internal_value=-0.000348521 -0.000183817 0.000532638 -0.000644643 -0.00297252 -0.00197716
internal_weight=20335 19135 7490 11645 1200 415
internal_count=20335 19135 7490 11645 1200 415
is_linear=0
shrinkage=0.035


Tree=83
num_leaves=7
num_cat=0
split_feature=11 8 9 10 9 0
split_gain=7.04364 5.17058 7.0255 4.30357 0.475308 1.24281
threshold=722.07809988960264 2629.951607487993 2144.8196556153021 2630.7143174135458 613.8159928252461 33.500000000000007
decision_type=2 2 2 2 2 2
left_child=1 3 -3 -1 5 -2
right_child=4 2 -4 -5 -6 -7
leaf_value=-0.00012194927263469074 2.8580012730729324e-05 0.00046481071214978355 3.4511674186530037e-05 0.00011700669431981713 -0.0016170186787113996 -0.00039873066140468707
leaf_weight=10485 127 290 6826 1534 785 288
leaf_count=10485 127 290 6826 1534 785 288
internal_value=-0.000343357 -0.000180159 0.000567514 -0.000622838 -0.00294338 -0.00197716
internal_weight=20335 19135 7116 12019 1200 415
internal_count=20335 19135 7116 12019 1200 415
is_linear=0
shrinkage=0.035


Tree=84
num_leaves=7
num_cat=0
split_feature=11 8 9 6 9 0
split_gain=6.96986 4.77214 6.74987 4.46263 0.44674 1.24281
threshold=722.07809988960264 2629.951607487993 2144.8196556153021 -0.93301270189221908 613.8159928252461 33.500000000000007
decision_type=2 2 2 2 2 2
left_child=1 3 -3 -1 5 -2
right_child=4 2 -4 -5 -6 -7
leaf_value=0.00011585130449346627 2.7579712285156568e-05 0.00044854233722453792 3.3303765589988963e-05 -0.00011567388999631569 -0.0015604230249564989 -0.00038477508825551793
leaf_weight=867 127 290 6826 11152 785 288
leaf_count=867 127 290 6826 11152 785 288
internal_value=-0.000327868 -0.000165527 0.00055276 -0.000590808 -0.00291424 -0.00197716
internal_weight=20335 19135 7116 12019 1200 415
internal_count=20335 19135 7116 12019 1200 415
is_linear=0
shrinkage=0.035


Tree=85
num_leaves=7
num_cat=0
split_feature=8 6 3 6 9 9
split_gain=6.95086 4.62382 8.11021 5.63173 1.24542 3.28745
threshold=1639.9996363407574 -0.6830127018922193 1.0000000180025095e-35 -1.0000000180025095e-35 1965.240507243095 1882.8375232776009
decision_type=2 2 2 2 2 2
left_child=4 2 -2 -3 5 -1
right_child=1 3 -4 -5 -6 -7
leaf_value=-0.00078874125935967548 0.00010708047251767848 -0.00035173408760634322 -0.0001412061221224515 -9.438822334669284e-06 -0.00048242358863593931 0.00029678847614215801
leaf_weight=245 4367 2985 3010 8518 1165 45
leaf_count=245 4367 2985 3010 8518 1165 45
internal_value=-0.000326147 -0.000146444 0.000537475 -0.000585058 -0.00265625 -0.000601375
internal_weight=20335 18880 7377 11503 1455 290
internal_count=20335 18880 7377 11503 1455 290
is_linear=0
shrinkage=0.035


Tree=86
num_leaves=7
num_cat=0
split_feature=8 6 3 6 9 9
split_gain=6.50738 4.24411 7.28711 5.40974 1.02228 2.81487
threshold=1639.9996363407574 -0.6830127018922193 1.0000000180025095e-35 -1.0000000180025095e-35 1965.240507243095 1882.8375232776009
decision_type=2 2 2 2 2 2
left_child=4 2 -2 -3 5 -1
right_child=1 3 -4 -5 -6 -7
leaf_value=-0.00076113531528208659 0.00010333265597956963 -0.00033942339454013233 -0.00013626390784817426 -9.1084635529654406e-06 -0.000465538763033678 0.00028640087947719552
leaf_weight=245 4367 2985 3010 8518 1165 45
leaf_count=245 4367 2985 3010 8518 1165 45
internal_value=-0.000329589 -0.000155713 0.000499525 -0.000575931 -0.00258414 -0.00072165
internal_weight=20335 18880 7377 11503 1455 290
internal_count=20335 18880 7377 11503 1455 290
is_linear=0
shrinkage=0.035


Tree=87
num_leaves=7
num_cat=0
split_feature=8 6 3 6 3 9
split_gain=6.51732 4.15907 6.85779 5.36227 0.976304 1.93747
threshold=1639.9996363407574 -0.6830127018922193 1.0000000180025095e-35 -1.0000000180025095e-35 -0.60785761079279388 1965.240507243095
decision_type=2 2 2 2 2 2
left_child=4 2 -2 -3 5 -1
right_child=1 3 -4 -5 -6 -7
leaf_value=0.0002156734965743601 9.9716013020290865e-05 -0.0003275435757312259 -0.00013149467107349659 -8.7896673286042902e-06 -0.00079850501405113203 -0.00022648322589777499
leaf_weight=85 4367 2985 3010 8518 955 415
leaf_count=85 4367 2985 3010 8518 955 415
internal_value=-0.000327868 -0.000153859 0.000494781 -0.000569846 -0.00258414 -0.00132735
internal_weight=20335 18880 7377 11503 1455 500
internal_count=20335 18880 7377 11503 1455 500
is_linear=0
shrinkage=0.035


Tree=88
num_leaves=7
num_cat=0
split_feature=8 7 8 6 3 9
split_gain=6.61713 4.18799 6.66992 3.73515 0.976304 1.62161
threshold=1639.9996363407574 0.6830127018922193 2351.3054892402502 -1.0000000180025095e-35 -0.60785761079279388 1965.240507243095
decision_type=2 2 2 2 2 2
left_child=4 2 -2 -3 5 -1
right_child=1 3 -4 -5 -6 -7
leaf_value=0.00020812492419427288 0.00017053228685966546 -0.00037143445746740659 -8.8206749487723164e-06 -3.2365391608571138e-05 -0.00077055733855932809 -0.00021855631299134423
leaf_weight=85 1786 2132 9298 5664 955 415
leaf_count=85 1786 2132 9298 5664 955 415
internal_value=-0.000310657 -0.000135322 0.000301849 -0.00075683 -0.00258414 -0.00132735
internal_weight=20335 18880 11084 7796 1455 500
internal_count=20335 18880 11084 7796 1455 500
is_linear=0
shrinkage=0.035


Tree=89
num_leaves=7
num_cat=0
split_feature=8 7 7 11 3 9
split_gain=6.46803 3.78524 5.97113 3.61518 1.04943 1.57046
threshold=1639.9996363407574 0.6830127018922193 -0.25000000000000028 132.14732163207529 -0.60785761079279388 1965.240507243095
decision_type=2 2 2 2 2 2
left_child=4 2 -2 -3 5 -1
right_child=1 3 -4 -5 -6 -7
leaf_value=0.00020084055184747208 -0.00012831183384313515 -2.4407331930041472e-05 7.7421832007694704e-05 -0.00032222254317414818 -0.00074358783170974684 -0.00021090684203664163
leaf_weight=85 3560 5331 7524 2465 955 415
leaf_count=85 3560 5331 7524 2465 955 415
internal_value=-0.000312378 -0.000139029 0.000276589 -0.000729897 -0.0025601 -0.00125749
internal_weight=20335 18880 11084 7796 1455 500
internal_count=20335 18880 11084 7796 1455 500
is_linear=0
shrinkage=0.035


Tree=90
num_leaves=7
num_cat=0
split_feature=8 9 6 7 7 10
split_gain=6.34751 3.32468 7.05065 3.739 0.297961 0.15148
threshold=1238.5440685530755 2652.3739086557075 -0.93301270189221908 0.6830127018922193 -0.25000000000000028 1245.387795117643
decision_type=2 2 2 2 2 2
left_child=4 2 -2 -3 -1 -6
right_child=1 3 -4 -5 5 -7
leaf_value=0.00011174893594005482 0.00011013049292221706 9.4591350984905693e-05 -9.763268288432163e-05 -0.0001305026986018302 -0.00051333776157439729 -0.0017245162567912288
leaf_weight=11.999999999999998 1419 4694 11752 1579 49 830
leaf_count=12 1419 4694 11752 1579 49 830
internal_value=-0.000295167 -0.000162716 -0.000478554 0.000500398 -0.00318218 -0.00325739
internal_weight=20335 19444 13171 6273 891 879
internal_count=20335 19444 13171 6273 891 879
is_linear=0
shrinkage=0.035


Tree=91
num_leaves=7
num_cat=0
split_feature=8 8 8 6 7 9
split_gain=6.0958 3.26767 4.13987 3.81444 0.289427 0.211517
threshold=1238.5440685530755 2634.0222073725645 2769.3599124144216 -0.93301270189221908 -0.25000000000000028 1965.240507243095
decision_type=2 2 2 2 2 2
left_child=4 3 -3 -2 -1 -6
right_child=1 2 -4 -5 5 -7
leaf_value=0.00010783772318214263 0.00010772984765338761 8.215584851238846e-05 -9.4135354744920484e-05 -9.2221482613242186e-05 -0.00032451397070020339 -0.0015055879415307599
leaf_weight=11.999999999999998 884 5520 1600 11440 60 819
leaf_count=12 884 5520 1600 11440 60 819
internal_value=-0.000274514 -0.000144717 0.000452183 -0.000489575 -0.0031037 -0.00317784
internal_weight=20335 19444 7120 12324 891 879
internal_count=20335 19444 7120 12324 891 879
is_linear=0
shrinkage=0.035


Tree=92
num_leaves=7
num_cat=0
split_feature=8 9 6 11 7 9
split_gain=6.09988 2.97753 6.36005 3.60535 0.304388 0.25389
threshold=1143.8077380980415 2652.3739086557075 -0.93301270189221908 66.534175648262035 -0.25000000000000028 1965.240507243095
decision_type=2 2 2 2 2 2
left_child=4 2 -2 -3 -1 -6
right_child=1 3 -4 -5 5 -7
leaf_value=0.00010406340287076439 0.00010250538100206392 -7.0692402258522478e-05 -9.005416243010027e-05 0.00011372309216725677 -0.0003090469901601456 -0.0020636865925448247
leaf_weight=11.999999999999998 1419 1963 11833 4310 58 740
leaf_count=12 1419 1963 11833 4310 58 740
internal_value=-0.000262466 -0.000138918 -0.000436279 0.00048924 -0.00323675 -0.0033204
internal_weight=20335 19525 13252 6273 810 798
internal_count=20335 19525 13252 6273 810 798
is_linear=0
shrinkage=0.035


Tree=93
num_leaves=7
num_cat=0
split_feature=8 8 8 10 7 9
split_gain=6.12108 2.98288 3.72632 3.4396 0.304388 0.25389
threshold=1143.8077380980415 2634.0222073725645 2769.3599124144216 2630.7143174135458 -0.25000000000000028 1965.240507243095
decision_type=2 2 2 2 2 2
left_child=4 3 -3 -2 -1 -6
right_child=1 2 -4 -5 5 -7
leaf_value=0.00010042118377028514 -8.742158427581721e-05 7.8646493427896475e-05 -9.0562272706738747e-05 0.00010608849334948696 -0.00029823034550454985 -0.0019914575618057428
leaf_weight=11.999999999999998 10797 5520 1600 1608 58 740
leaf_count=12 10797 5520 1600 1608 58 740
internal_value=-0.000257303 -0.000133541 0.000437438 -0.00046127 -0.00323675 -0.0033204
internal_weight=20335 19525 7120 12405 810 798
internal_count=20335 19525 7120 12405 810 798
is_linear=0
shrinkage=0.035


Tree=94
num_leaves=7
num_cat=0
split_feature=8 8 7 6 7 9
split_gain=6.10695 2.66954 3.65092 3.27799 0.304388 0.25389
threshold=1143.8077380980415 2634.0222073725645 0.6830127018922193 -0.93301270189221908 -0.25000000000000028 1965.240507243095
decision_type=2 2 2 2 2 2
left_child=4 3 -3 -2 -1 -6
right_child=1 2 -4 -5 5 -7
leaf_value=9.690644233832486e-05 0.00010145318016222653 8.6034740796208105e-05 -0.00010999485765666591 -8.358381827382953e-05 -0.00028779228341189734 -0.0019217565471425458
leaf_weight=11.999999999999998 884 4987 2133 11521 58 740
leaf_count=12 884 4987 2133 11521 58 740
internal_value=-0.000260745 -0.000137126 0.000403032 -0.000447163 -0.00323675 -0.0033204
internal_weight=20335 19525 7120 12405 810 798
internal_count=20335 19525 7120 12405 810 798
is_linear=0
shrinkage=0.035


Tree=95
num_leaves=7
num_cat=0
split_feature=8 8 8 6 7 9
split_gain=5.81284 2.5643 3.55589 3.22417 0.294901 0.234296
threshold=1143.8077380980415 2634.0222073725645 2769.3599124144216 -0.93301270189221908 -0.25000000000000028 1965.240507243095
decision_type=2 2 2 2 2 2
left_child=4 3 -3 -2 -1 -6
right_child=1 2 -4 -5 5 -7
leaf_value=9.3514716856488774e-05 9.7902318856534274e-05 7.465003905660471e-05 -9.0403809089879291e-05 -8.0658384634247222e-05 -0.00027771955349249587 -0.0018544950679925567
leaf_weight=11.999999999999998 884 5520 1600 11521 58 740
leaf_count=12 884 5520 1600 11521 58 740
internal_value=-0.000246977 -0.000126371 0.000403032 -0.000430236 -0.00315043 -0.00323279
internal_weight=20335 19525 7120 12405 810 798
internal_count=20335 19525 7120 12405 810 798
is_linear=0
shrinkage=0.035


Tree=96
num_leaves=7
num_cat=0
split_feature=8 6 3 6 3 10
split_gain=5.49915 2.41637 6.02102 3.52295 0.319636 1.0171
threshold=1143.8077380980415 -0.6830127018922193 1.0000000180025095e-35 -1.0000000180025095e-35 -0.60785761079279388 1587.3649959401489
decision_type=2 2 2 2 2 2
left_child=4 2 -2 -3 5 -1
right_child=1 3 -4 -5 -6 -7
leaf_value=9.375840206097046e-05 8.6461010052674904e-05 -0.00021426911167221453 -0.0001429729301577413 -6.963222328492992e-06 -0.0017216462957838727 -0.036140751757513266
leaf_weight=44 4555 3258 3093 8619 587 179
leaf_count=44 4555 3258 3093 8619 587 179
internal_value=-0.000240092 -0.000122786 0.000362399 -0.000435217 -0.00306412 -0.00192188
internal_weight=20335 19525 7648 11877 810 223
internal_count=20335 19525 7648 11877 810 223
is_linear=0
shrinkage=0.035


Tree=97
num_leaves=7
num_cat=0
split_feature=11 6 8 4 9 1
split_gain=4.91526 3.02436 8.70124 3.98209 1.69295 2.27671
threshold=722.07809988960264 -0.6830127018922193 1238.5440685530755 0.81174490092936691 788.67530160925855 0.19509032201612822
decision_type=2 2 2 2 2 2
left_child=1 2 -1 -3 5 -2
right_child=4 3 -4 -5 -6 -7
leaf_value=0.0013551680132794933 -0.00027353341525228727 -2.2794065023099934e-05 3.7269434118426135e-05 -0.00021003809320288945 -0.001310504911593248 7.7005772968681492e-05
leaf_weight=11.999999999999998 271 9885 7478 1760 728 201
leaf_count=12 271 9885 7478 1760 728 201
internal_value=-0.000217718 -8.13919e-05 0.000467227 -0.00043427 -0.00238968 -0.000754758
internal_weight=20335 19135 7490 11645 1200 472
internal_count=20335 19135 7490 11645 1200 472
is_linear=0
shrinkage=0.035


Tree=98
num_leaves=7
num_cat=0
split_feature=11 6 8 4 9 1
split_gain=4.80733 2.88271 8.70693 3.9414 1.48544 2.11859
threshold=722.07809988960264 -0.6830127018922193 1238.5440685530755 0.81174490092936691 788.67530160925855 0.19509032201612822
decision_type=2 2 2 2 2 2
left_child=1 2 -1 -3 5 -2
right_child=4 3 -4 -5 -6 -7
leaf_value=0.001307737132814726 -0.00026395974571845397 -2.1996272747293705e-05 3.5965003924281634e-05 -0.00020268675994077387 -0.0012646372396874731 7.4310570914770888e-05
leaf_weight=11.999999999999998 271 9885 7478 1760 728 201
leaf_count=12 271 9885 7478 1760 728 201
internal_value=-0.000212555 -7.77339e-05 0.000457882 -0.000422249 -0.00236053 -0.000828753
internal_weight=20335 19135 7490 11645 1200 472
internal_count=20335 19135 7490 11645 1200 472
is_linear=0
shrinkage=0.035


Tree=99
num_leaves=7
num_cat=0
split_feature=11 6 8 4 9 1
split_gain=4.54997 2.72318 8.71832 3.87009 1.23921 1.96615
threshold=722.07809988960264 -0.6830127018922193 1238.5440685530755 0.81174490092936691 788.67530160925855 0.19509032201612822
decision_type=2 2 2 2 2 2
left_child=1 2 -1 -3 5 -2
right_child=4 3 -4 -5 -6 -7
leaf_value=0.0012619663331662025 -0.00025472115461829594 -2.1226403201140379e-05 3.4706228786930017e-05 -0.00019559272334283284 -0.0012203749362984066 7.1709700932765186e-05
leaf_weight=11.999999999999998 271 9885 7478 1760 728 201
leaf_count=12 271 9885 7478 1760 728 201
internal_value=-0.000212555 -8.13919e-05 0.000439193 -0.000416238 -0.00230225 -0.000902749
internal_weight=20335 19135 7490 11645 1200 472
internal_count=20335 19135 7490 11645 1200 472
is_linear=0
shrinkage=0.035


Tree=100
num_leaves=7
num_cat=0
split_feature=11 8 9 10 9 1
split_gain=4.09197 2.68878 7.55761 3.05074 1.27988 1.57999
threshold=722.07809988960264 2634.0222073725645 2144.8196556153021 2630.7143174135458 1300.3406411844969 0.19509032201612822
decision_type=2 2 2 2 2 2
left_child=1 3 -3 -1 5 -2
right_child=4 2 -4 -5 -6 -7
leaf_value=-8.3837659256545951e-05 -0.00024660700082341781 0.00047886026369882992 2.1256371482300997e-05 9.9618164083298713e-05 -0.0013626742837351004 2.4751852324359708e-05
leaf_weight=10570 272 270 6687 1608 679 249
leaf_count=10570 272 270 6687 1608 679 249
internal_value=-0.000203949 -7.95629e-05 0.000469315 -0.000393137 -0.00218568 -0.000878353
internal_weight=20335 19135 6957 12178 1200 521
internal_count=20335 19135 6957 12178 1200 521
is_linear=0
shrinkage=0.035


Tree=101
num_leaves=7
num_cat=0
split_feature=11 6 8 6 9 1
split_gain=4.09197 2.55992 8.72686 3.87007 1.27988 1.57999
threshold=722.07809988960264 -0.6830127018922193 1238.5440685530755 -1.0000000180025095e-35 1300.3406411844969 0.19509032201612822
decision_type=2 2 2 2 2 2
left_child=1 2 -1 -3 5 -2
right_child=4 3 -4 -5 -6 -7
leaf_value=0.0012207318295793803 -0.00023797575579459276 -0.00036525263707568674 3.3153012748683435e-05 -2.5242480235359327e-06 -0.0013149806838043778 2.3885537493012682e-05
leaf_weight=11.999999999999998 272 3032 7478 8613 679 249
leaf_count=12 272 3032 7478 8613 679 249
internal_value=-0.000203949 -7.95629e-05 0.000425176 -0.000404217 -0.00218568 -0.000878353
internal_weight=20335 19135 7490 11645 1200 521
internal_count=20335 19135 7490 11645 1200 521
is_linear=0
shrinkage=0.035


Tree=102
num_leaves=7
num_cat=0
split_feature=11 8 9 6 9 1
split_gain=3.87553 2.52556 6.92965 2.82638 1.29748 1.47661
threshold=722.07809988960264 2634.0222073725645 2144.8196556153021 -0.93301270189221908 1300.3406411844969 0.19509032201612822
decision_type=2 2 2 2 2 2
left_child=1 3 -3 -1 5 -2
right_child=4 2 -4 -5 -6 -7
leaf_value=8.8292499075548237e-05 -0.00022964660434177998 0.00046093979902318068 1.9498446654672543e-05 -7.4786280023436932e-05 -0.0012689563598712308 2.3049543680765599e-05
leaf_weight=876 272 270 6687 11302 679 249
leaf_count=876 272 270 6687 11302 679 249
internal_value=-0.000198786 -7.77339e-05 0.000454225 -0.000381641 -0.00212739 -0.000811304
internal_weight=20335 19135 6957 12178 1200 521
internal_count=20335 19135 6957 12178 1200 521
is_linear=0
shrinkage=0.035


Tree=103
num_leaves=7
num_cat=0
split_feature=11 6 8 6 9 0
split_gain=3.67845 2.48625 8.72686 3.79087 1.31518 1.40158
threshold=722.07809988960264 -0.6830127018922193 1238.5440685530755 -1.0000000180025095e-35 1300.3406411844969 43.500000000000007
decision_type=2 2 2 2 2 2
left_child=1 2 -1 -3 5 -2
right_child=4 3 -4 -5 -6 -7
leaf_value=0.0011806237353449147 1.6518538089709268e-05 -0.00035001853724243371 3.2390738926163448e-05 -2.4764269848650715e-06 -0.0012245428872757493 -0.00021137997625225296
leaf_weight=11.999999999999998 260 3032 7478 8613 679 261
leaf_count=12 260 3032 7478 8613 679 261
internal_value=-0.000190181 -7.22469e-05 0.000425176 -0.000392196 -0.00206911 -0.000744254
internal_weight=20335 19135 7490 11645 1200 521
internal_count=20335 19135 7490 11645 1200 521
is_linear=0
shrinkage=0.035


Tree=104
num_leaves=7
num_cat=0
split_feature=11 11 3 10 1 3
split_gain=3.48534 3.21795 8.92346 3.01509 1.71784 1.82905
threshold=677.11989194559658 560.31953814889175 0.87837969732492682 2430.2215239667585 0.16280825711809011 -0.60785761079279388
decision_type=2 2 2 2 2 2
left_child=1 3 -3 -1 -2 -6
right_child=4 2 -4 -5 5 -7
leaf_value=-0.00014104591871877097 -0.00065682036514570275 3.3852687244630433e-05 0.00043233022328896206 1.0604484908675537e-05 3.6748193500178121e-05 -0.00030737482319272347
leaf_weight=4335 718 595 125 13840 167 555
leaf_count=4335 718 595 125 13840 167 555
internal_value=-0.000186739 -6.01988e-05 0.00223301 -0.000151162 -0.00184594 -0.000639005
internal_weight=20335 18895 720 18175 1440 722
internal_count=20335 18895 720 18175 1440 722
is_linear=0
shrinkage=0.035


Tree=105
num_leaves=7
num_cat=0
split_feature=11 11 3 9 1 9
split_gain=3.20671 2.95124 7.98263 2.95445 1.78725 1.84758
threshold=677.11989194559658 560.31953814889175 0.87837969732492682 2539.3966659826879 0.16280825711809011 679.68302964446559
decision_type=2 2 2 2 2 2
left_child=1 3 -3 -1 -2 -6
right_child=4 2 -4 -5 5 -7
leaf_value=-0.00012697121851682004 -0.00063383165236559965 3.2667843191071534e-05 0.00041719866547385747 1.7951452173521897e-05 4.2113069497191627e-05 -0.00034355077274441341
leaf_weight=7164 718 595 125 11011 216 506
leaf_count=7164 718 595 125 11011 216 506
internal_value=-0.000181575 -6.01988e-05 0.00213592 -0.00014731 -0.00177308 -0.000542186
internal_weight=20335 18895 720 18175 1440 722
internal_count=20335 18895 720 18175 1440 722
is_linear=0
shrinkage=0.035


Tree=106
num_leaves=7
num_cat=0
split_feature=8 3 9 10 1 3
split_gain=3.19557 2.72148 8.59891 8.3951 0.736656 1.67043
threshold=614.11533320985257 -0.60785761079279388 2539.3966659826879 1620.23601824298 0.81241147629689026 0.87837969732492682
decision_type=2 2 2 2 2 2
left_child=4 3 -3 -2 -1 -6
right_child=1 2 -4 -5 5 -7
leaf_value=-0.0013446630176516129 0.00015430269852620608 -0.00022801924948906164 3.9979219755206455e-05 7.8307759631755702e-06 -0.020175287683832064 0.00025481631329570491
leaf_weight=445 566 6398 7613 5191 103 19
leaf_count=445 566 6398 7613 5191 103 19
internal_value=-0.000166086 -9.17101e-05 -0.000354947 0.000548888 -0.0027544 -0.000341464
internal_weight=20335 19768 14011 5757 567 122
internal_count=20335 19768 14011 5757 567 122
is_linear=0
shrinkage=0.035


Tree=107
num_leaves=7
num_cat=0
split_feature=11 11 3 10 1 8
split_gain=3.19207 3.16102 7.79003 2.64205 1.83048 1.35034
threshold=677.11989194559658 560.31953814889175 0.87837969732492682 2430.2215239667585 0.19509032201612822 2193.1594393001128
decision_type=2 2 2 2 2 2
left_child=1 3 -3 -1 -2 -6
right_child=4 2 -4 -5 5 -7
leaf_value=-0.00013391154522863195 -0.00061453630570932217 2.8974806316593464e-05 0.00041057738591438413 9.3863546981207194e-06 -0.00059370603842347756 2.2979870549218577e-05
leaf_weight=4335 734 595 125 13840 329 377
leaf_count=4335 734 595 125 13840 329 377
internal_value=-0.000160922 -3.98241e-05 0.00223301 -0.00012998 -0.00174879 -0.000475248
internal_weight=20335 18895 720 18175 1440 706
internal_count=20335 18895 720 18175 1440 706
is_linear=0
shrinkage=0.035


Tree=108
num_leaves=7
num_cat=0
split_feature=11 11 3 10 1 9
split_gain=2.72887 3.04764 7.34481 2.54588 1.78648 1.45257
threshold=677.11989194559658 560.31953814889175 0.87837969732492682 2430.2215239667585 0.16280825711809011 679.68302964446559
decision_type=2 2 2 2 2 2
left_child=1 3 -3 -1 -2 -6
right_child=4 2 -4 -5 5 -7
leaf_value=-0.00012922464114563197 -0.00059319882960120812 2.7960688095501364e-05 0.00039620717740737117 9.0578322836928969e-06 3.6320245177016159e-05 -0.00032869849463096931
leaf_weight=4335 718 595 125 13840 216 506
leaf_count=4335 718 595 125 13840 216 506
internal_value=-0.000159201 -4.72331e-05 0.00218447 -0.000135757 -0.00162734 -0.000396958
internal_weight=20335 18895 720 18175 1440 722
internal_count=20335 18895 720 18175 1440 722
is_linear=0
shrinkage=0.035


Tree=109
num_leaves=7
num_cat=0
split_feature=11 11 3 9 9 11
split_gain=2.752 3.5272 6.68708 2.43424 1.67432 2.46904
threshold=665.99991181139251 560.31953814889175 0.87837969732492682 2539.3966659826879 1300.3406411844969 901.21180155828677
decision_type=2 2 2 2 2 2
left_child=1 3 -3 -1 5 -2
right_child=4 2 -4 -5 -6 -7
leaf_value=-0.0001137512248136859 -5.171177669840578e-05 4.3463941880310623e-05 0.0003919116960504189 1.7819590414395918e-05 -0.00095337012105622693 0.00011289740718795795
leaf_weight=7164 589 529 111 11011 878 53
leaf_count=7164 589 529 111 11011 878 53
internal_value=-0.000155759 -3.99934e-05 0.0025117 -0.00012998 -0.00158777 -0.000228617
internal_weight=20335 18815 640 18175 1520 642
internal_count=20335 18815 640 18175 1520 642
is_linear=0
shrinkage=0.035


Tree=110
num_leaves=7
num_cat=0
split_feature=11 11 3 10 9 11
split_gain=2.8681 3.35275 6.25047 2.38989 1.59825 2.17307
threshold=665.99991181139251 560.31953814889175 0.87837969732492682 2430.2215239667585 1639.9996363407574 901.21180155828677
decision_type=2 2 2 2 2 2
left_child=1 3 -3 -1 5 -2
right_child=4 2 -4 -5 -6 -7
leaf_value=-0.00012072048583704347 -6.8319205923301219e-05 4.1942703914501462e-05 0.00037819478668864494 1.0333022091148119e-05 -0.00092700809335880994 0.00010894599793636997
leaf_weight=4335 713 529 111 13840 754 53
leaf_count=4335 713 529 111 13840 754 53
internal_value=-0.000148875 -3.06928e-05 0.0024571 -0.000118426 -0.00161078 -0.000483704
internal_weight=20335 18815 640 18175 1520 766
internal_count=20335 18815 640 18175 1520 766
is_linear=0
shrinkage=0.035


Tree=111
num_leaves=7
num_cat=0
split_feature=3 10 9 11 9 11
split_gain=2.90528 10.056 8.30312 6.37622 5.97353 5.64208
threshold=-0.60785761079279388 1620.23601824298 2528.9090816718663 143.20700807816311 1734.006726074213 146.40099420580398
decision_type=2 2 2 2 2 2
left_child=1 4 -2 -3 -1 -4
right_child=2 3 5 -5 -6 -7
leaf_value=5.0679684103389761e-05 -0.00023440151175209287 7.2806720353305008e-05 -1.7231763939516191e-05 -0.00029111013421672765 0.00057849624270221343 0.00022768141944811286
leaf_weight=389 6511 3412 5960 1916 185 1962
leaf_count=389 6511 3412 5960 1916 185 1962
internal_value=-0.000145433 0.000508724 -0.000412949 3.41519e-05 0.00490609 0.0003481
internal_weight=20335 5902 14433 5328 574 7922
internal_count=20335 5902 14433 5328 574 7922
is_linear=0
shrinkage=0.035


Tree=112
num_leaves=7
num_cat=0
split_feature=11 11 3 10 1 8
split_gain=2.67088 2.40277 6.7585 2.36417 1.85748 1.276
threshold=677.11989194559658 560.31953814889175 0.87837969732492682 2338.5695277731315 0.16280825711809011 2180.5060508970187
decision_type=2 2 2 2 2 2
left_child=1 3 -3 -1 -2 -6
right_child=4 2 -4 -5 5 -7
leaf_value=-0.00016948576641978471 -0.00056757703090302156 2.1467443788724288e-05 0.00037615618776075892 1.0901647368121161e-06 -0.00051842574441905622 2.7327826527133185e-05
leaf_weight=1935 718 595 125 16240 335 387
leaf_count=1935 718 595 125 16240 335 387
internal_value=-0.000150596 -3.98241e-05 0.00194175 -0.000118426 -0.00160305 -0.000348549
internal_weight=20335 18895 720 18175 1440 722
internal_count=20335 18895 720 18175 1440 722
is_linear=0
shrinkage=0.035


Tree=113
num_leaves=7
num_cat=0
split_feature=3 9 11 9 3 11
split_gain=2.75768 9.75494 11.0004 8.11145 7.05643 5.21715
threshold=-0.60785761079279388 2516.2482337567785 139.83428083090172 2528.9090816718663 -0.8783796973249266 146.40099420580398
decision_type=2 2 2 2 2 2
left_child=1 4 -3 -2 -1 -5
right_child=3 2 -4 5 -6 -7
leaf_value=1.9394331508906414e-05 -0.00022559835988442001 5.5302615641604021e-05 -0.00065659766206241355 -1.666680796744068e-05 0.00042199293340323653 0.00021967441400164194
leaf_weight=1018 6511 2476 1334 5960 1074 1962
leaf_count=1018 6511 2476 1334 5960 1074 1962
internal_value=-0.000152317 0.000485007 -0.000569405 -0.000412949 0.00240468 0.000339265
internal_weight=20335 5902 3810 14433 2092 7922
internal_count=20335 5902 3810 14433 2092 7922
is_linear=0
shrinkage=0.035


Tree=114
num_leaves=7
num_cat=0
split_feature=11 11 3 10 9 11
split_gain=2.63829 2.32025 5.4453 2.42272 1.36466 2.11112
threshold=665.99991181139251 560.31953814889175 0.87837969732492682 2338.5695277731315 1300.3406411844969 901.21180155828677
decision_type=2 2 2 2 2 2
left_child=1 3 -3 -1 5 -2
right_child=4 2 -4 -5 -6 -7
leaf_value=-0.00016256040104082643 -4.6182832565640879e-05 4.5366039830807712e-05 0.00036789249809019559 8.6342782945883627e-07 -0.00085769511080939064 0.00012259665511004706
leaf_weight=1935 589 529 111 16240 878 53
leaf_count=1935 589 529 111 16240 878 53
internal_value=-0.000162643 -4.9294e-05 0.00202028 -0.000122277 -0.00156476 -0.000337481
internal_weight=20335 18815 640 18175 1520 642
internal_count=20335 18815 640 18175 1520 642
is_linear=0
shrinkage=0.035


Tree=115
num_leaves=7
num_cat=0
split_feature=11 11 6 10 9 11
split_gain=2.72789 3.18907 6.38411 2.34845 1.55097 2.06147
threshold=650.74683700006926 560.31953814889175 -0.6830127018922193 2338.5695277731315 1300.3406411844969 901.21180155828677
decision_type=2 2 2 2 2 2
left_child=1 3 -3 -1 5 -2
right_child=4 2 -4 -5 -6 -7
leaf_value=-0.00015687078700440268 -2.5107234406678653e-05 0.00038806221342684884 -0.00015702428505971763 8.3320785542009979e-07 -0.00081119947377003424 0.00011830577218118359
leaf_weight=1935 667 204 276 16240 960 53
leaf_count=1935 667 204 276 16240 960 53
internal_value=-0.000169528 -4.78407e-05 0.00276507 -0.000122277 -0.00151993 -0.000291263
internal_weight=20335 18655 480 18175 1680 720
internal_count=20335 18655 480 18175 1680 720
is_linear=0
shrinkage=0.035


Tree=116
num_leaves=7
num_cat=0
split_feature=11 11 6 8 3 1
split_gain=2.57575 2.56325 4.94116 2.2481 1.57904 4.78412
threshold=650.74683700006926 560.31953814889175 -0.6830127018922193 2634.0222073725645 0.87837969732492682 0.93540483100319638
decision_type=2 2 2 2 2 2
left_child=1 3 -3 -1 -2 -6
right_child=4 2 -4 -5 5 -7
leaf_value=-5.4336943214659375e-05 -0.00024770900758273163 0.00037448003595692256 -0.00015152843508262022 3.1790189440426202e-05 -1.582525029548087e-05 0.00040973926043718191
leaf_weight=11250 1461 204 276 6925 187 32
leaf_count=11250 1461 204 276 6925 187 32
internal_value=-0.000166086 -4.78407e-05 0.00247401 -0.000114575 -0.00147829 0.00128864
internal_weight=20335 18655 480 18175 1680 219
internal_count=20335 18655 480 18175 1680 219
is_linear=0
shrinkage=0.035


Tree=117
num_leaves=7
num_cat=0
split_feature=8 3 9 9 10 3
split_gain=2.52761 2.23573 7.50279 7.35729 0.963493 1.55392
threshold=550.21960069250076 -0.60785761079279388 2516.2482337567785 2528.9090816718663 1245.387795117643 0.6078576107927941
decision_type=2 2 2 2 2 2
left_child=4 2 -2 -3 5 -1
right_child=1 3 -4 -5 -6 -7
leaf_value=0.00086530148135364646 0.00017058368854886192 -0.00019871629203255088 -3.9029673311123282e-05 3.1620334193848639e-05 -0.0018966098093304319 -0.0010470056404782691
leaf_weight=12.999999999999998 2067 6297 3737 7829 372 20
leaf_count=13 2067 6297 3737 7829 372 20
internal_value=-0.000154038 -9.83401e-05 0.00047993 -0.000335953 -0.00288793 0.00277941
internal_weight=20335 19930 5804 14126 405 33
internal_count=20335 19930 5804 14126 405 33
is_linear=0
shrinkage=0.035


Tree=118
num_leaves=7
num_cat=0
split_feature=8 3 9 9 10 3
split_gain=2.53079 1.95204 6.93406 6.82733 0.963493 1.55392
threshold=550.21960069250076 -0.60785761079279388 2516.2482337567785 2528.9090816718663 1245.387795117643 0.6078576107927941
decision_type=2 2 2 2 2 2
left_child=4 2 -2 -3 5 -1
right_child=1 3 -4 -5 -6 -7
leaf_value=0.00083501592950626432 0.00016461325944965282 -0.00019176122181139795 -3.7663634745236815e-05 3.0513622497069744e-05 -0.001830228466003865 -0.0010103604430615355
leaf_weight=12.999999999999998 2067 6297 3737 7829 372 20
leaf_count=13 2067 6297 3737 7829 372 20
internal_value=-0.000152317 -9.6584e-05 0.000443755 -0.000318611 -0.00288793 0.00277941
internal_weight=20335 19930 5804 14126 405 33
internal_count=20335 19930 5804 14126 405 33
is_linear=0
shrinkage=0.035


Tree=119
num_leaves=7
num_cat=0
split_feature=8 3 9 10 10 3
split_gain=2.36148 1.63724 6.20543 6.08158 0.934634 1.55392
threshold=550.21960069250076 -0.60785761079279388 2539.3966659826879 1620.23601824298 1245.387795117643 0.6078576107927941
decision_type=2 2 2 2 2 2
left_child=4 3 -3 -2 5 -1
right_child=1 2 -4 -5 -6 -7
leaf_value=0.00080579037197355159 0.00017266265855100853 -0.00018037715124984605 3.1427790333164726e-05 3.0935807825762652e-06 -0.0017661704696937443 -0.0009749978275543959
leaf_weight=12.999999999999998 568 6499 7627 5236 372 20
leaf_count=13 568 6499 7627 5236 372 20
internal_value=-0.000159201 -0.000105364 -0.0003087 0.000389491 -0.00280172 0.00277941
internal_weight=20335 19930 14126 5804 405 33
internal_count=20335 19930 14126 5804 405 33
is_linear=0
shrinkage=0.035


end of trees

feature_importances:
month_sin=132
lag_7d=117
same_slot_mean_2_8d=111
dow_sin=93
lag_2d=90
same_slot_std_2_8d=74
month_cos=48
slot_sin=19
slot_cos=14
slot=13
dow_cos=9

parameters:
[boosting: gbdt]
[objective: quantile]
[metric: quantile]
[tree_learner: serial]
[device_type: cpu]
[data_sample_strategy: bagging]
[data: ]
[valid: ]
[num_iterations: 120]
[learning_rate: 0.035]
[num_leaves: 7]
[num_threads: 1]
[seed: 20260901]
[deterministic: 1]
[force_col_wise: 0]
[force_row_wise: 0]
[histogram_pool_size: -1]
[max_depth: 3]
[min_data_in_leaf: 12]
[min_sum_hessian_in_leaf: 0.001]
[bagging_fraction: 1]
[pos_bagging_fraction: 1]
[neg_bagging_fraction: 1]
[bagging_freq: 0]
[bagging_seed: 12992]
[bagging_by_query: 0]
[feature_fraction: 1]
[feature_fraction_bynode: 1]
[feature_fraction_seed: 30141]
[extra_trees: 0]
[extra_seed: 31421]
[early_stopping_round: 0]
[early_stopping_min_delta: 0]
[first_metric_only: 0]
[max_delta_step: 0]
[lambda_l1: 0]
[lambda_l2: 1]
[linear_lambda: 0]
[min_gain_to_split: 0]
[drop_rate: 0.1]
[max_drop: 50]
[skip_drop: 0.5]
[xgboost_dart_mode: 0]
[uniform_drop: 0]
[drop_seed: 11049]
[top_rate: 0.2]
[other_rate: 0.1]
[min_data_per_group: 100]
[max_cat_threshold: 32]
[cat_l2: 10]
[cat_smooth: 10]
[max_cat_to_onehot: 4]
[top_k: 20]
[monotone_constraints: ]
[monotone_constraints_method: basic]
[monotone_penalty: 0]
[feature_contri: ]
[forcedsplits_filename: ]
[refit_decay_rate: 0.9]
[cegb_tradeoff: 1]
[cegb_penalty_split: 0]
[cegb_penalty_feature_lazy: ]
[cegb_penalty_feature_coupled: ]
[path_smooth: 0]
[interaction_constraints: ]
[verbosity: -1]
[saved_feature_importance_type: 0]
[use_quantized_grad: 0]
[num_grad_quant_bins: 4]
[quant_train_renew_leaf: 0]
[stochastic_rounding: 1]
[linear_tree: 0]
[max_bin: 255]
[max_bin_by_feature: ]
[min_data_in_bin: 3]
[bin_construct_sample_cnt: 200000]
[data_random_seed: 5023]
[is_enable_sparse: 1]
[enable_bundle: 1]
[use_missing: 1]
[zero_as_missing: 0]
[feature_pre_filter: 1]
[pre_partition: 0]
[two_round: 0]
[header: 0]
[label_column: ]
[weight_column: ]
[group_column: ]
[ignore_column: ]
[categorical_feature: ]
[forcedbins_filename: ]
[precise_float_parser: 0]
[parser_config_file: ]
[objective_seed: 6921]
[num_class: 1]
[is_unbalance: 0]
[scale_pos_weight: 1]
[sigmoid: 1]
[boost_from_average: 1]
[reg_sqrt: 0]
[alpha: 0.9]
[fair_c: 1]
[poisson_max_delta_step: 0.7]
[tweedie_variance_power: 1.5]
[lambdarank_truncation_level: 30]
[lambdarank_norm: 1]
[label_gain: ]
[lambdarank_position_bias_regularization: 0]
[eval_at: ]
[multi_error_top_k: 1]
[auc_mu_weights: ]
[num_machines: 1]
[local_listen_port: 12400]
[time_out: 120]
[machine_list_filename: ]
[machines: ]
[gpu_platform_id: -1]
[gpu_device_id: -1]
[gpu_use_dp: 0]
[num_gpu: 1]

end of parameters

pandas_categorical:[]
