tree
version=v4
num_class=1
num_tree_per_iteration=1
label_index=0
max_feature_idx=8
objective=quantile
feature_names=dow_sin dow_cos weekend month_sin month_cos lag_2d lag_7d mean_2_8d std_2_8d
feature_infos=[-0.97492791218182362:0.97492791218182362] [-0.90096886790241903:1] [0:1] [-1:0.8660254037844386] [-0.86602540378443882:1] [0:1922.1350000000002] [0:1922.1350000000002] [0:471.89861111111117] [0:669.8997268780696]
tree_sizes=748 781 757 793 758 757 793 758 777 758 778 743 756 755 772 779 793 779 762 763 668 777 778 779 779 783 775 688 680 670 711 700 612 639 778 681 701 683 609 599 636 603 610 603 646 665 604 698 762 619 623 754 776 750 762 683 700 741 750 759 755 754 778 755 751 761 776 684 534 740 534 741 534 538 538 677 729 680 679 776 683 712 713 681 776 697 701 690 524 664 773 696 793 751 739 601 586 587 700 747 769 745 794 526 794 539 515 538 539 618 756 611 524 518 790 794 762 698 615 614

Tree=0
num_leaves=7
num_cat=0
split_feature=3 5 4 1 0 8
split_gain=7.75952 3.01952 3.02294 2.12863 0.785689 0.520087
threshold=-1.0000000180025095e-35 210.59388888888893 1.0000000180025095e-35 0.81174490092936691 -0.8783796973249266 176.51953935970349
decision_type=2 2 2 2 2 2
left_child=1 4 -3 5 -1 -2
right_child=3 2 -4 -5 -6 -7
leaf_value=4.6818739318847653 4.7073915219306945 4.6515716111660002 4.7082211637496947 4.671975082159042 4.6562780690193177 4.7084772443771366
leaf_weight=17 46 12.000000000000002 15.999999999999998 11.999999999999998 90 31
leaf_count=17 46 12 16 12 90 31
internal_value=4.6863 4.68103 4.69113 4.69428 4.67836 4.6964
internal_weight=224 135 28 89 107 77
internal_count=224 135 28 89 107 77
is_linear=0
shrinkage=1


Tree=1
num_leaves=7
num_cat=0
split_feature=3 5 4 1 0 8
split_gain=7.02096 2.86919 3.02294 2.00897 0.71365 0.679935
threshold=-1.0000000180025095e-35 210.59388888888893 1.0000000180025095e-35 0.81174490092936691 -0.8783796973249266 176.51953935970349
decision_type=2 2 2 2 2 2
left_child=1 4 -3 5 -1 -2
right_child=3 2 -4 -5 -6 -7
leaf_value=-0.004274184608459462 0.020350289785861973 -0.03351592410206794 0.02115089414119721 -0.013826574593782413 -0.028974192273616799 0.021398011946678154
leaf_weight=17 46 12.000000000000002 15.999999999999998 11.999999999999998 90 31
leaf_count=17 46 12 16 12 90 31
internal_value=0 -0.00501838 0.00482759 0.00758333 -0.00761574 0.00964744
internal_weight=224 135 28 89 107 77
internal_count=224 135 28 89 107 77
is_linear=0
shrinkage=0.035


Tree=2
num_leaves=7
num_cat=0
split_feature=3 5 1 1 8 7
split_gain=6.45906 2.72852 2.00897 1.72251 0.679935 0.595335
threshold=-1.0000000180025095e-35 58.460277777777783 0.81174490092936691 -0.56174490092936669 176.51953935970349 97.398670634920663
decision_type=2 2 2 2 2 2
left_child=1 5 4 -3 -2 -1
right_child=2 3 -4 -5 -6 -7
leaf_value=-0.02609423591631653 0.019638029643356817 -0.024871298213183898 -0.013342644483000037 0.012235399825006727 0.020649081528544427 -0.042038626213252564
leaf_weight=36 46 21 11.999999999999998 42 31 36
leaf_count=36 46 21 12 42 31 36
internal_value=0.000311111 -0.00450368 0.00758333 0.000820313 0.00964744 -0.00910959
internal_weight=224 135 89 63 77 72
internal_count=224 135 89 63 77 72
is_linear=0
shrinkage=0.035


Tree=3
num_leaves=7
num_cat=0
split_feature=3 5 4 1 8 0
split_gain=7.46096 2.20189 2.49961 1.33376 0.679935 0.64507
threshold=-1.0000000180025095e-35 210.59388888888893 1.0000000180025095e-35 0.81174490092936691 176.51953935970349 -0.8783796973249266
decision_type=2 2 2 2 2 2
left_child=1 5 -3 4 -2 -1
right_child=3 2 -4 -5 -6 -7
leaf_value=-0.0032112898900922998 0.018950698605839332 -0.03212173853670245 0.020217604419870319 -0.012875651926095034 0.019926363675045369 -0.027046797286969151
leaf_weight=17 46 12.000000000000002 15.999999999999998 11.999999999999998 31 90
leaf_count=17 46 12 16 12 31 90
internal_value=0.000155556 -0.00501838 0.00362069 0.00797222 0.00964744 -0.00729167
internal_weight=224 135 28 89 77 107
internal_count=224 135 28 89 77 107
is_linear=0
shrinkage=0.035


Tree=4
num_leaves=7
num_cat=0
split_feature=3 5 1 1 8 7
split_gain=7.16821 2.43257 1.49794 1.33376 0.679935 0.595335
threshold=-1.0000000180025095e-35 58.460277777777783 -0.56174490092936669 0.81174490092936691 176.51953935970349 97.398670634920663
decision_type=2 2 2 2 2 2
left_child=1 5 -3 4 -2 -1
right_child=3 2 -4 -5 -6 -7
leaf_value=-0.024234299754201535 0.018287424154634958 -0.023054164870678535 0.012336677356730085 -0.012425004108681722 0.019228940946418777 -0.039620636390744798
leaf_weight=36 46 21 42 11.999999999999998 31 36
leaf_count=36 46 21 42 12 31 36
internal_value=0.000311111 -0.00476103 0.000273438 0.00797222 0.00964744 -0.00910959
internal_weight=224 135 63 89 77 72
internal_count=224 135 63 89 77 72
is_linear=0
shrinkage=0.035


Tree=5
num_leaves=7
num_cat=0
split_feature=3 5 1 1 8 7
split_gain=6.60017 1.96097 1.49794 1.33376 0.679935 0.608663
threshold=-1.0000000180025095e-35 58.460277777777783 -0.56174490092936669 0.81174490092936691 176.51953935970349 97.398670634920663
decision_type=2 2 2 2 2 2
left_child=1 5 -3 4 -2 -1
right_child=3 2 -4 -5 -6 -7
leaf_value=-0.023386099262804473 0.017647364309222736 -0.022247269100204799 0.011904893649244529 -0.011990128964877861 0.018555928013294126 -0.03823391411706873
leaf_weight=36 46 21 42 11.999999999999998 31 36
leaf_count=36 46 21 42 12 31 36
internal_value=0.000622222 -0.00424632 0.000273438 0.00797222 0.00964744 -0.00815068
internal_weight=224 135 63 89 77 72
internal_count=224 135 63 89 77 72
is_linear=0
shrinkage=0.035


Tree=6
num_leaves=7
num_cat=0
split_feature=3 5 4 1 6 8
split_gain=6.88128 1.94971 2.49961 1.33376 0.720764 0.679935
threshold=-1.0000000180025095e-35 210.59388888888893 1.0000000180025095e-35 0.81174490092936691 164.65319444444449 176.51953935970349
decision_type=2 2 2 2 2 2
left_child=1 4 -3 5 -1 -2
right_child=3 2 -4 -5 -6 -7
leaf_value=-0.025851397219446334 0.017029706558399933 -0.030590435062969885 0.019878535867060745 -0.011570474451107137 -0.017403062189766661 0.017906470532828841
leaf_weight=72 46 12.000000000000002 15.999999999999998 11.999999999999998 35 31
leaf_count=72 46 12 16 12 35 31
internal_value=0.000466667 -0.00450368 0.00362069 0.00797222 -0.00664352 0.00964744
internal_weight=224 135 28 89 107 77
internal_count=224 135 28 89 107 77
is_linear=0
shrinkage=0.035


Tree=7
num_leaves=7
num_cat=0
split_feature=3 5 1 1 8 7
split_gain=6.18684 1.96097 1.49794 1.23974 0.856694 0.608663
threshold=-1.0000000180025095e-35 58.460277777777783 -0.56174490092936669 0.81174490092936691 176.51953935970349 97.398670634920663
decision_type=2 2 2 2 2 2
left_child=1 5 -3 4 -2 -1
right_child=3 2 -4 -5 -6 -7
leaf_value=-0.021810632748945083 0.016433666828855924 -0.020859507505055802 0.012109992260896554 -0.011165507845318402 0.017279744064179835 -0.035990928220290701
leaf_weight=36 46 21 42 11.999999999999998 31 36
leaf_count=36 46 21 42 12 31 36
internal_value=0.000466667 -0.00424632 0.000273438 0.00758333 0.00919872 -0.00815068
internal_weight=224 135 63 89 77 72
internal_count=224 135 63 89 77 72
is_linear=0
shrinkage=0.035


Tree=8
num_leaves=7
num_cat=0
split_feature=4 3 5 1 5 8
split_gain=5.99123 1.58003 2.77122 1.23974 0.576823 0.368842
threshold=1.0000000180025095e-35 -1.0000000180025095e-35 210.59388888888893 0.81174490092936691 15.403055555555557 71.463670619234875
decision_type=2 2 2 2 2 2
left_child=4 2 -2 -3 -1 -6
right_child=1 3 -4 -5 5 -7
leaf_value=-0.057525303087338359 -0.019168655089058545 0.016674953021933555 0.019030567114425859 -0.010774715070732245 -0.022096993050679112 -0.019997528154784897
leaf_weight=22 45 77 15.999999999999998 11.999999999999998 17 35
leaf_count=22 45 77 16 12 17 35
internal_value=0.000622222 0.00463576 0.000282258 0.00758333 -0.00746667 -0.00528302
internal_weight=224 150 61 89 74 52
internal_count=224 150 61 89 74 52
is_linear=0
shrinkage=0.035


Tree=9
num_leaves=7
num_cat=0
split_feature=4 7 8 1 5 8
split_gain=5.99123 1.22246 1.37548 0.752094 0.576823 0.368842
threshold=1.0000000180025095e-35 203.07400793650797 152.55974198425031 -0.22252093395631442 15.403055555555557 71.463670619234875
decision_type=2 2 2 2 2 2
left_child=4 2 -2 -3 -1 -6
right_child=1 3 -4 -5 5 -7
leaf_value=-0.055511917479281511 0.0046056125970707429 0.015285772815053252 -0.014225776688736659 0.0092781089659139098 -0.021323598293905333 -0.019297614669367427
leaf_weight=22 53 39 12.999999999999998 45 17 35
leaf_count=22 53 39 13 45 17 35
internal_value=0.000622222 0.00463576 0.00104478 0.00741176 -0.00746667 -0.00528302
internal_weight=224 150 66 84 74 52
internal_count=224 150 66 84 74 52
is_linear=0
shrinkage=0.035


Tree=10
num_leaves=7
num_cat=0
split_feature=4 3 5 1 5 8
split_gain=5.76406 1.41608 2.77122 1.14915 0.576823 0.368842
threshold=1.0000000180025095e-35 -1.0000000180025095e-35 210.59388888888893 0.81174490092936691 15.403055555555557 71.463670619234875
decision_type=2 2 2 2 2 2
left_child=4 2 -2 -3 -1 -6
right_child=1 3 -4 -5 5 -7
leaf_value=-0.053569000367506676 -0.019032754209468376 0.015766595852358904 0.018203300824523493 -0.010722333857063605 -0.020577272353618635 -0.018622198155939556
leaf_weight=22 45 77 15.999999999999998 11.999999999999998 17 35
leaf_count=22 45 77 16 12 17 35
internal_value=0.000466667 0.00440397 0.000282258 0.00719444 -0.00746667 -0.00528302
internal_weight=224 150 61 89 74 52
internal_count=224 150 61 89 74 52
is_linear=0
shrinkage=0.035


Tree=11
num_leaves=7
num_cat=0
split_feature=4 5 1 0 5 8
split_gain=5.76406 1.55216 1.30757 1.25161 0.576823 0.368842
threshold=1.0000000180025095e-35 62.262083333333337 0.81174490092936691 0.6078576107927941 15.403055555555557 71.463670619234875
decision_type=2 2 2 2 2 2
left_child=4 3 -3 -2 -1 -6
right_child=1 2 -4 -5 5 -7
leaf_value=-0.051694085354643947 -0.040401730871535695 0.014750510511208887 -0.010347052172066391 0.0079219441717521474 -0.019857067821241966 -0.017970421220481678
leaf_weight=22 19 94 20 17 17 35
leaf_count=22 19 94 20 17 17 35
internal_value=0.000466667 0.00440397 0.0063913 -0.00189189 -0.00746667 -0.00528302
internal_weight=224 150 114 36 74 52
internal_count=224 150 114 36 74 52
is_linear=0
shrinkage=0.035


Tree=12
num_leaves=7
num_cat=0
split_feature=4 5 0 8 5 8
split_gain=5.3228 1.8076 1.24113 1.12465 0.576823 0.368842
threshold=1.0000000180025095e-35 62.262083333333337 -0.8783796973249266 123.95878140189846 15.403055555555557 71.463670619234875
decision_type=2 2 2 2 2 2
left_child=4 3 -3 -2 -1 -6
right_child=1 2 -4 -5 5 -7
leaf_value=-0.049884792367231416 0.004016930256412166 0.01964726693853457 0.0098101439366485819 -0.0078871633996407658 -0.019162070447498496 -0.017341456477764822
leaf_weight=22 21 17 97 14.999999999999998 17 35
leaf_count=22 21 17 97 15 17 35
internal_value=0.000155556 0.0039404 0.00608696 -0.00283784 -0.00746667 -0.00528302
internal_weight=224 150 114 36 74 52
internal_count=224 150 114 36 74 52
is_linear=0
shrinkage=0.035


Tree=13
num_leaves=7
num_cat=0
split_feature=4 5 0 0 5 1
split_gain=5.1057 1.44067 1.25161 1.24113 0.490528 0.333152
threshold=1.0000000180025095e-35 62.262083333333337 0.6078576107927941 -0.8783796973249266 10.478611111111112 -0.56174490092936669
decision_type=2 2 2 2 2 2
left_child=4 2 -2 -3 -1 -6
right_child=1 3 -4 -5 5 -7
leaf_value=-0.031413491897409336 -0.038711619572044512 0.018959612595685866 0.0075040835667663959 0.0094667888988658935 -0.02535537821179655 -0.015664191826142409
leaf_weight=15.999999999999998 19 17 17 97 18 40
leaf_count=16 19 17 17 97 18 40
internal_value=0.000466667 0.00417219 -0.00189189 0.00608696 -0.007 -0.00533898
internal_weight=224 150 36 114 74 58
internal_count=224 150 36 114 74 58
is_linear=0
shrinkage=0.035


Tree=14
num_leaves=7
num_cat=0
split_feature=4 5 8 0 5 1
split_gain=5.1057 1.44067 1.44161 1.24113 0.490528 0.333152
threshold=1.0000000180025095e-35 62.262083333333337 123.95878140189846 -0.8783796973249266 10.478611111111112 -0.56174490092936669
decision_type=2 2 2 2 2 2
left_child=4 2 -2 -3 -1 -6
right_child=1 3 -4 -5 5 -7
leaf_value=-0.030314019681000004 0.0040402178616516966 0.018296026154836859 -0.0062562059956317835 0.009135451287405583 -0.024467939974383679 -0.015115945112227417
leaf_weight=15.999999999999998 21 17 14.999999999999998 97 18 40
leaf_count=16 21 17 15 97 18 40
internal_value=0.000466667 0.00417219 -0.00189189 0.00608696 -0.007 -0.00533898
internal_weight=224 150 36 114 74 58
internal_count=224 150 36 114 74 58
is_linear=0
shrinkage=0.035


Tree=15
num_leaves=7
num_cat=0
split_feature=4 5 3 8 5 8
split_gain=4.68792 1.08237 1.98206 0.955227 0.589059 0.572925
threshold=1.0000000180025095e-35 210.59388888888893 -1.0000000180025095e-35 123.95878140189846 10.478611111111112 397.45550105826754
decision_type=2 2 2 2 2 2
left_child=4 2 -2 -3 -1 -6
right_child=1 3 -4 -5 5 -7
leaf_value=-0.029253028992165014 -0.015102622617777135 0.0022965993151204691 0.0088626313766678837 0.016051219867183459 -0.026858857437150628 1.5538619458688176e-06
leaf_weight=15.999999999999998 45 17 49 39 43 14.999999999999998
leaf_count=16 45 17 49 39 43 15
internal_value=0.000622222 0.00417219 0.00184211 0.00798246 -0.00653333 -0.00474576
internal_weight=224 150 94 56 74 58
internal_count=224 150 94 56 74 58
is_linear=0
shrinkage=0.035


Tree=16
num_leaves=7
num_cat=0
split_feature=4 5 8 0 5 8
split_gain=4.48724 1.33333 1.44161 1.33536 0.589059 0.572925
threshold=1.0000000180025095e-35 62.262083333333337 123.95878140189846 -0.8783796973249266 10.478611111111112 397.45550105826754
decision_type=2 2 2 2 2 2
left_child=4 2 -2 -3 -1 -6
right_child=1 3 -4 -5 5 -7
leaf_value=-0.028229172977439244 0.0044274020281160854 0.017345473141234191 -0.0055086469941624614 0.0083861781206408907 -0.025918797426850364 1.4994767777665175e-06
leaf_weight=15.999999999999998 21 17 14.999999999999998 97 43 14.999999999999998
leaf_count=16 21 17 15 97 43 15
internal_value=0.000466667 0.0039404 -0.00189189 0.00578261 -0.00653333 -0.00474576
internal_weight=224 150 36 114 74 58
internal_count=224 150 36 114 74 58
is_linear=0
shrinkage=0.035


Tree=17
num_leaves=7
num_cat=0
split_feature=4 5 3 8 5 8
split_gain=4.29092 0.999373 1.7168 0.793823 0.589059 0.572925
threshold=1.0000000180025095e-35 210.59388888888893 -1.0000000180025095e-35 123.95878140189846 10.478611111111112 397.45550105826754
decision_type=2 2 2 2 2 2
left_child=4 2 -2 -3 -1 -6
right_child=1 3 -4 -5 5 -7
leaf_value=-0.027241151923228873 -0.014381228181359248 0.0019227021048688277 0.0082589230442620797 0.015195910937609624 -0.025011639516910589 1.4469950905571239e-06
leaf_weight=15.999999999999998 45 17 49 39 43 14.999999999999998
leaf_count=16 45 17 49 39 43 15
internal_value=0.000311111 0.00370861 0.00147368 0.00736842 -0.00653333 -0.00474576
internal_weight=224 150 94 56 74 58
internal_count=224 150 94 56 74 58
is_linear=0
shrinkage=0.035


Tree=18
num_leaves=7
num_cat=0
split_feature=4 5 8 1 1 5
split_gain=3.72562 1.13109 1.44161 0.945102 0.449529 0.555806
threshold=1.0000000180025095e-35 62.262083333333337 123.95878140189846 0.81174490092936691 -0.56174490092936669 55.979583333333338
decision_type=2 2 2 2 2 2
left_child=4 2 -2 -3 -1 -6
right_child=1 3 -4 -5 5 -7
leaf_value=-0.027748532386921775 0.0047757859434795916 0.011716537676532463 -0.0048125013630192105 -0.01211930701601883 -0.01173950347882266 0.0076814448289459856
leaf_weight=21 21 94 14.999999999999998 20 36 17
leaf_count=21 21 94 15 20 36 17
internal_value=0.000311111 0.00347682 -0.00189189 0.00517391 -0.00606667 -0.00421296
internal_weight=224 150 36 114 74 53
internal_count=224 150 36 114 74 53
is_linear=0
shrinkage=0.035


Tree=19
num_leaves=7
num_cat=0
split_feature=4 5 8 1 1 5
split_gain=3.5469 1.03618 1.44161 0.863637 0.449529 0.555806
threshold=1.0000000180025095e-35 62.262083333333337 123.95878140189846 0.81174490092936691 -0.56174490092936669 55.979583333333338
decision_type=2 2 2 2 2 2
left_child=4 2 -2 -3 -1 -6
right_child=1 3 -4 -5 5 -7
leaf_value=-0.026777333753379505 0.0046086334354578052 0.011306458857853826 -0.0046440638153135488 -0.011695131270458162 -0.011328620857063871 0.0074125942599328771
leaf_weight=21 21 94 14.999999999999998 20 36 17
leaf_count=21 21 94 15 20 36 17
internal_value=0.000155556 0.00324503 -0.00189189 0.00486957 -0.00606667 -0.00421296
internal_weight=224 150 36 114 74 53
internal_count=224 150 36 114 74 53
is_linear=0
shrinkage=0.035


Tree=20
num_leaves=6
num_cat=0
split_feature=4 5 1 1 5
split_gain=3.5469 0.837325 0.680329 0.449529 0.555806
threshold=1.0000000180025095e-35 24.966111111111115 0.81174490092936691 -0.56174490092936669 55.979583333333338
decision_type=2 2 2 2 2
left_child=3 -2 -3 -1 -5
right_child=1 2 -4 4 -6
leaf_value=-0.025840127072011217 -0.0096404107441448884 0.0091431722890086709 -0.01128580167599213 -0.010932119127066623 0.0071531534608352135
leaf_weight=21 18 112 20 36 17
leaf_count=21 18 112 20 36 17
internal_value=0.000155556 0.00324503 0.00421053 -0.00606667 -0.00421296
internal_weight=224 150 132 74 53
internal_count=224 150 132 74 53
is_linear=0
shrinkage=0.035


Tree=21
num_leaves=7
num_cat=0
split_feature=4 5 8 1 1 7
split_gain=3.03476 0.945425 1.44161 0.785834 0.56064 0.562732
threshold=1.0000000180025095e-35 62.262083333333337 123.95878140189846 0.81174490092936691 -0.56174490092936669 50.577341269841277
decision_type=2 2 2 2 2 2
left_child=4 2 -2 -3 -1 -6
right_child=1 3 -4 -5 5 -7
leaf_value=-0.024935722624490828 0.0047847456412618344 0.010590721767713623 -0.0041441072057325059 -0.010890798617332401 -0.024287149314447143 -0.0048755063490847845
leaf_weight=21 21 94 14.999999999999998 20 13.999999999999998 39
leaf_count=21 21 94 15 20 14 39
internal_value=0.000155556 0.00301325 -0.00189189 0.00456522 -0.0056 -0.00356481
internal_weight=224 150 36 114 74 53
internal_count=224 150 36 114 74 53
is_linear=0
shrinkage=0.035


Tree=22
num_leaves=7
num_cat=0
split_feature=4 5 3 7 1 7
split_gain=2.71688 0.963588 1.49208 1.12623 0.56064 0.562732
threshold=1.0000000180025095e-35 210.59388888888893 -1.0000000180025095e-35 326.15821428571434 -0.56174490092936669 50.577341269841277
decision_type=2 2 2 2 2 2
left_child=4 2 -2 -3 -1 -6
right_child=1 3 -4 -5 5 -7
leaf_value=-0.024062972332633638 -0.013721872691684697 0.013835742665477654 0.0094132859301623486 -0.0011688779201729771 -0.02343709908844149 -0.0047048636268668224
leaf_weight=21 45 42 49 13.999999999999998 13.999999999999998 39
leaf_count=21 45 42 49 14 14 39
internal_value=-0.000155556 0.00254967 0.000368421 0.00614035 -0.0056 -0.00356481
internal_weight=224 150 94 56 74 53
internal_count=224 150 94 56 74 53
is_linear=0
shrinkage=0.035


Tree=23
num_leaves=7
num_cat=0
split_feature=4 5 3 7 1 7
split_gain=2.56447 0.769327 1.03469 0.971195 0.56064 0.562732
threshold=1.0000000180025095e-35 210.59388888888893 -1.0000000180025095e-35 326.15821428571434 -0.56174490092936669 50.577341269841277
decision_type=2 2 2 2 2 2
left_child=4 2 -2 -3 -1 -6
right_child=1 3 -4 -5 5 -7
leaf_value=-0.023220768300991457 -0.013241607147475737 0.01335149167218593 0.0090838209226066589 -0.0011279671929669277 -0.022616800620346027 -0.0045401933999264718
leaf_weight=21 45 42 49 13.999999999999998 13.999999999999998 39
leaf_count=21 45 42 49 14 14 39
internal_value=-0.000311111 0.00231788 0.000368421 0.00552632 -0.0056 -0.00356481
internal_weight=224 150 94 56 74 53
internal_count=224 150 94 56 74 53
is_linear=0
shrinkage=0.035


Tree=24
num_leaves=7
num_cat=0
split_feature=4 5 3 7 1 7
split_gain=2.56447 0.769327 1.03469 0.971195 0.56064 0.562732
threshold=1.0000000180025095e-35 210.59388888888893 -1.0000000180025095e-35 326.15821428571434 -0.56174490092936669 50.577341269841277
decision_type=2 2 2 2 2 2
left_child=4 2 -2 -3 -1 -6
right_child=1 3 -4 -5 5 -7
leaf_value=-0.022408041410456769 -0.012778150897314072 0.012884189463659429 0.0087658871903154231 -0.0010884883412130854 -0.02182521259863391 -0.0043812866309290363
leaf_weight=21 45 42 49 13.999999999999998 13.999999999999998 39
leaf_count=21 45 42 49 14 14 39
internal_value=-0.000311111 0.00231788 0.000368421 0.00552632 -0.0056 -0.00356481
internal_weight=224 150 94 56 74 53
internal_count=224 150 94 56 74 53
is_linear=0
shrinkage=0.035


Tree=25
num_leaves=7
num_cat=0
split_feature=4 5 3 7 6 5
split_gain=2.27114 0.769327 1.03469 0.971195 0.439697 0.195055
threshold=1.0000000180025095e-35 210.59388888888893 -1.0000000180025095e-35 326.15821428571434 71.616388888888892 15.016111111111112
decision_type=2 2 2 2 2 2
left_child=4 2 -2 -3 5 -1
right_child=1 3 -4 -5 -6 -7
leaf_value=-0.039643281612887611 -0.012330915615908078 0.012433242832431345 0.0084590811386543868 -0.0010503912492706303 -0.0044568370081605304 -0.011516868984246963
leaf_weight=11.999999999999998 45 42 49 13.999999999999998 21 41
leaf_count=12 45 42 49 14 21 41
internal_value=-0.000155556 0.00231788 0.000368421 0.00552632 -0.00513333 -0.00680556
internal_weight=224 150 94 56 74 53
internal_count=224 150 94 56 74 53
is_linear=0
shrinkage=0.035


Tree=26
num_leaves=7
num_cat=0
split_feature=4 7 8 7 6 5
split_gain=2.13198 0.654972 1.65835 1.13685 0.439697 0.195055
threshold=1.0000000180025095e-35 203.07400793650797 152.55974198425031 317.94422619047623 71.616388888888892 15.016111111111112
decision_type=2 2 2 2 2 2
left_child=4 2 -2 -3 5 -1
right_child=1 3 -4 -5 -6 -7
leaf_value=-0.038255766756436549 0.005355870170939912 0.011643526029308066 -0.019429941112662559 -0.000464779585801336 -0.0043008477128749023 -0.01111377856979833
leaf_weight=11.999999999999998 53 52 12.999999999999998 32 21 41
leaf_count=12 53 52 13 32 21 41
internal_value=-0.000311111 0.00208609 -0.000522388 0.00411765 -0.00513333 -0.00680556
internal_weight=224 150 66 84 74 53
internal_count=224 150 66 84 74 53
is_linear=0
shrinkage=0.035


Tree=27
num_leaves=6
num_cat=0
split_feature=4 7 5 6 5
split_gain=2.41466 0.698919 1.05035 0.439697 0.195055
threshold=1.0000000180025095e-35 367.15767857142856 300.89208333333335 71.616388888888892 15.016111111111112
decision_type=2 2 2 2 2
left_child=3 2 -2 4 -1
right_child=1 -3 -4 -5 -6
leaf_value=-0.036916814919961273 0.0025154241883605269 -0.0012341313279242662 0.010991924352382743 -0.0041503180429242866 -0.010724796319855404
leaf_weight=11.999999999999998 109 13.999999999999998 27 21 41
leaf_count=12 109 14 27 21 41
internal_value=0 0.00254967 0.00332117 -0.00513333 -0.00680556
internal_weight=224 150 136 74 53
internal_count=224 150 136 74 53
is_linear=0
shrinkage=0.035


Tree=28
num_leaves=6
num_cat=0
split_feature=4 7 5 7 5
split_gain=2.13021 0.698919 1.05035 0.540774 0.487077
threshold=1.0000000180025095e-35 367.15767857142856 300.89208333333335 50.577341269841277 95.43180555555557
decision_type=2 2 2 2 2
left_child=3 2 -2 -1 -5
right_child=1 -3 -4 4 -6
leaf_value=-0.031425672950461871 0.0024273843417679021 -0.0011909367314469322 0.010607207000049345 -0.0022332375918695815 -0.017654807630406475
leaf_weight=19 109 13.999999999999998 27 37 18
leaf_count=19 109 14 27 37 18
internal_value=0.000155556 0.00254967 0.00332117 -0.00466667 -0.0028125
internal_weight=224 150 136 74 55
internal_count=224 150 136 74 55
is_linear=0
shrinkage=0.035


Tree=29
num_leaves=6
num_cat=0
split_feature=4 7 8 7 5
split_gain=1.99558 0.65551 0.988945 0.540774 0.487077
threshold=1.0000000180025095e-35 367.15767857142856 282.55928354172323 50.577341269841277 95.43180555555557
decision_type=2 2 2 2 2
left_child=3 2 -2 -1 -5
right_child=1 -3 -4 4 -6
leaf_value=-0.030325774397195696 0.0018938892585000212 -0.0011492539458462759 0.010323878475837985 -0.0021550742761541433 -0.017036889363342252
leaf_weight=19 110 13.999999999999998 26 37 18
leaf_count=19 110 14 26 37 18
internal_value=0 0.00231788 0.00306569 -0.00466667 -0.0028125
internal_weight=224 150 136 74 55
internal_count=224 150 136 74 55
is_linear=0
shrinkage=0.035


Tree=30
num_leaves=6
num_cat=0
split_feature=4 7 8 5 8
split_gain=1.73781 0.65551 0.988945 0.547595 0.427956
threshold=1.0000000180025095e-35 367.15767857142856 282.55928354172323 1.0459722222222225 397.45550105826754
decision_type=2 2 2 2 2
left_child=3 2 -2 -1 -5
right_child=1 -3 -4 4 -6
leaf_value=-0.047735390645703493 0.0018276031344525337 -0.0011090300577416513 0.0099625427291836419 -0.0098134250875931955 0.0018263301891190565
leaf_weight=11.999999999999998 110 13.999999999999998 26 46 15.999999999999998
leaf_count=12 110 14 26 46 16
internal_value=0.000155556 0.00231788 0.00306569 -0.0042 -0.00277778
internal_weight=224 150 136 74 62
internal_count=224 150 136 74 62
is_linear=0
shrinkage=0.035


Tree=31
num_leaves=6
num_cat=0
split_feature=4 7 8 5 8
split_gain=1.61642 0.613455 1.07575 0.547595 0.427956
threshold=1.0000000180025095e-35 367.15767857142856 282.55928354172323 1.0459722222222225 397.45550105826754
decision_type=2 2 2 2 2
left_child=3 2 -2 -1 -5
right_child=1 -3 -4 4 -6
leaf_value=-0.046064651973103866 0.0017636370247467073 -0.0010702140057206933 0.009613853733662199 -0.0094699552095274409 0.0017624086324998902
leaf_weight=11.999999999999998 110 13.999999999999998 26 46 15.999999999999998
leaf_count=12 110 14 26 46 16
internal_value=0 0.00208609 0.00281022 -0.0042 -0.00277778
internal_weight=224 150 136 74 62
internal_count=224 150 136 74 62
is_linear=0
shrinkage=0.035


Tree=32
num_leaves=5
num_cat=0
split_feature=5 0 7 8
split_gain=1.3437 0.990633 1.51576 1.29933
threshold=1.0000000180025095e-35 0.6078576107927941 188.33636904761909 329.07349660215306
decision_type=2 2 2 2
left_child=-1 2 -2 -3
right_child=1 3 -4 -5
leaf_value=-0.098379230614247498 -0.013187793581609854 0.012956458000654189 0.0037839416998003798 -0.0012568521810172495
leaf_weight=11.999999999999998 70 48 82 11.999999999999998
leaf_count=12 70 48 82 12
internal_value=0.000155556 0.000821596 -0.000686275 0.00459016
internal_weight=224 212 152 60
internal_count=224 212 152 60
is_linear=0
shrinkage=0.035


Tree=33
num_leaves=5
num_cat=0
split_feature=5 3 1 5
split_gain=1.3437 0.784197 0.918376 0.885301
threshold=1.0000000180025095e-35 -1.0000000180025095e-35 0.81174490092936691 13.477083333333335
decision_type=2 2 2 2
left_child=-1 3 -3 -2
right_child=1 2 -4 -5
leaf_value=-0.094935957542748833 0.0014448587122406554 0.0087359691021707524 -0.011466999329232265 -0.0021514141760384975
leaf_weight=11.999999999999998 13.999999999999998 77 11.999999999999998 109
leaf_count=12 14 77 12 109
internal_value=0.000155556 0.000821596 0.00330556 -0.000987903
internal_weight=224 212 89 123
internal_count=224 212 89 123
is_linear=0
shrinkage=0.035


Tree=34
num_leaves=7
num_cat=0
split_feature=7 7 0 8 8 3
split_gain=1.45556 1.44594 1.42427 1.55055 0.989635 0.750526
threshold=203.07400793650797 317.94422619047623 0.6078576107927941 152.55974198425031 140.79680595935361 -1.0000000180025095e-35
decision_type=2 2 2 2 2 2
left_child=2 4 3 -1 -2 -3
right_child=1 5 -4 -5 -6 -7
leaf_value=-0.010248799911813071 -0.0047985570626308113 -0.0077491774808047705 0.0044252603529215144 -0.041030631425317168 0.011975768970753725 0.0034429636227466713
leaf_weight=68 17 12.999999999999998 37 15.999999999999998 49 24
leaf_count=68 17 13 37 16 49 24
internal_value=0.000155556 0.00319712 -0.00243852 -0.00494118 0.00626866 -0.00230263
internal_weight=224 103 121 84 66 37
internal_count=224 103 121 84 66 37
is_linear=0
shrinkage=0.035


Tree=35
num_leaves=6
num_cat=0
split_feature=4 1 0 5 7
split_gain=1.49781 0.823762 0.718447 0.496056 0.295805
threshold=1.0000000180025095e-35 0.81174490092936691 0.6078576107927941 210.59388888888893 237.56476190476192
decision_type=2 2 2 2 2
left_child=2 3 4 -2 -1
right_child=1 -3 -4 -5 -6
leaf_value=-0.023719136762220448 0.0011381505827578421 -0.014333001776060119 0.00075465272954518335 0.011090075237416759 -0.0001092369304978913
leaf_weight=39 82 21 22 47 12.999999999999998
leaf_count=39 82 21 22 47 13
internal_value=0.000311111 0.00231788 -0.00373333 0.00336538 -0.0059434
internal_weight=224 150 74 129 52
internal_count=224 150 74 129 52
is_linear=0
shrinkage=0.035


Tree=36
num_leaves=6
num_cat=0
split_feature=4 0 7 8 7
split_gain=1.61466 0.718447 0.698919 0.905563 0.295805
threshold=1.0000000180025095e-35 0.6078576107927941 367.15767857142856 282.55928354172323 237.56476190476192
decision_type=2 2 2 2 2
left_child=1 4 3 -2 -1
right_child=2 -3 -4 -5 -6
leaf_value=-0.022888966975542734 0.0014055618318724507 0.00072823988401110042 -0.0016789602704502871 0.0082112016933229282 -0.00010541363793047598
leaf_weight=39 110 22 13.999999999999998 26 12.999999999999998
leaf_count=39 110 22 14 26 13
internal_value=0.000466667 -0.00373333 0.00254967 0.00332117 -0.0059434
internal_weight=224 74 150 136 52
internal_count=224 74 150 136 52
is_linear=0
shrinkage=0.035


Tree=37
num_leaves=6
num_cat=0
split_feature=4 1 0 5 7
split_gain=1.49781 0.823762 0.718447 0.496056 0.295805
threshold=1.0000000180025095e-35 0.81174490092936691 0.6078576107927941 210.59388888888893 237.56476190476192
decision_type=2 2 2 2 2
left_child=2 3 4 -2 -1
right_child=1 -3 -4 -5 -6
leaf_value=-0.022087853131398737 0.00093002195067039674 -0.013880541378013566 0.00070275148807071757 0.010652727939991636 -0.00010172416060290514
leaf_weight=39 82 21 22 47 12.999999999999998
leaf_count=39 82 21 22 47 13
internal_value=0.000311111 0.00231788 -0.00373333 0.00336538 -0.0059434
internal_weight=224 150 74 129 52
internal_count=224 150 74 129 52
is_linear=0
shrinkage=0.035


Tree=38
num_leaves=5
num_cat=0
split_feature=5 3 1 1
split_gain=1.42082 0.823134 0.890998 0.532103
threshold=1.0000000180025095e-35 -1.0000000180025095e-35 -0.56174490092936669 1.0000000180025095e-35
decision_type=2 2 2 2
left_child=-1 2 -2 -3
right_child=1 3 -4 -5
leaf_value=-0.089831216141168138 -0.01165495270836899 0.0094490867243248282 0.00096854357332428766 0.0003304574635404212
leaf_weight=11.999999999999998 35 52 88 37
leaf_count=12 35 52 88 37
internal_value=0.000466667 0.00115023 -0.000705645 0.00369444
internal_weight=224 212 123 89
internal_count=224 212 123 89
is_linear=0
shrinkage=0.035


Tree=39
num_leaves=5
num_cat=0
split_feature=5 7 7 0
split_gain=1.49994 0.700269 1.14837 1.04267
threshold=1.0000000180025095e-35 203.07400793650797 317.94422619047623 0.6078576107927941
decision_type=2 2 2 2
left_child=-1 3 -3 -2
right_child=1 2 -4 -5
leaf_value=-0.086687123576227251 -0.012301701764501287 0.0099121853468536504 -0.0017317665340081858 0.0089028503864737197
leaf_weight=11.999999999999998 76 66 37 33
leaf_count=12 76 66 37 33
internal_value=0.000777778 0.00147887 0.00353365 -0.000477273
internal_weight=224 212 103 109
internal_count=224 212 103 109
is_linear=0
shrinkage=0.035


Tree=40
num_leaves=5
num_cat=0
split_feature=5 4 7 5
split_gain=1.42082 0.705237 0.695242 0.667724
threshold=1.0000000180025095e-35 1.0000000180025095e-35 367.15767857142856 15.016111111111112
decision_type=2 2 2 2
left_child=-1 3 -3 -2
right_child=1 2 -4 -5
leaf_value=-0.083653074251059306 0.00066761095019138631 0.0038032967491907813 -0.00187081260224385 -0.0067638963677142446
leaf_weight=11.999999999999998 11.999999999999998 131 13.999999999999998 55
leaf_count=12 12 131 14 55
internal_value=0.000466667 0.00115023 0.00251712 -0.00180147
internal_weight=224 212 145 67
internal_count=224 212 145 67
is_linear=0
shrinkage=0.035


Tree=41
num_leaves=5
num_cat=0
split_feature=5 0 8 8
split_gain=1.42082 0.573232 1.15747 0.935696
threshold=1.0000000180025095e-35 0.6078576107927941 329.07349660215306 140.79680595935361
decision_type=2 2 2 2
left_child=-1 3 -3 -2
right_child=1 2 -4 -5
leaf_value=-0.080725216652272211 -0.009318040809861431 0.011464477075945327 -0.0018053341611653263 0.00098061233181999017
leaf_weight=11.999999999999998 74 48 11.999999999999998 78
leaf_count=12 74 48 12 78
internal_value=0.000466667 0.00115023 0.00401639 0
internal_weight=224 212 60 152
internal_count=224 212 60 152
is_linear=0
shrinkage=0.035


Tree=42
num_leaves=5
num_cat=0
split_feature=7 7 7 0
split_gain=1.4066 1.61454 2.12396 1.03422
threshold=72.55083333333333 91.265357142857141 128.81337301587311 -1.0000000180025095e-35
decision_type=2 2 2 2
left_child=3 -2 -3 -1
right_child=1 2 -4 -5
leaf_value=0.001443196642592084 0.040365053361059014 -0.016706250211585873 0.0016239268096497762 -0.015114715470373902
leaf_weight=14.999999999999998 14.999999999999998 30 142 22
leaf_count=15 15 30 142 22
internal_value=0.000155556 0.00139628 0.000404624 -0.00598684
internal_weight=224 187 172 37
internal_count=224 187 172 37
is_linear=0
shrinkage=0.035


Tree=43
num_leaves=5
num_cat=0
split_feature=5 0 8 8
split_gain=1.42082 0.573232 1.15747 0.808767
threshold=1.0000000180025095e-35 0.6078576107927941 329.07349660215306 111.32858357831402
decision_type=2 2 2 2
left_child=-1 3 -3 -2
right_child=1 2 -4 -5
leaf_value=-0.07766374526788003 -0.0096688832431978781 0.011006382939949502 -0.0017989849038622797 0.00037055862561381937
leaf_weight=11.999999999999998 63 48 11.999999999999998 89
leaf_count=12 63 48 12 89
internal_value=0.000466667 0.00115023 0.00401639 0
internal_weight=224 212 60 152
internal_count=224 212 60 152
is_linear=0
shrinkage=0.035


Tree=44
num_leaves=5
num_cat=0
split_feature=5 7 7 5
split_gain=1.38201 0.709678 1.29132 0.941636
threshold=1.0000000180025095e-35 72.55083333333333 91.265357142857141 43.420555555555566
decision_type=2 2 2 2
left_child=-1 3 -3 -2
right_child=1 2 -4 -5
leaf_value=-0.074945514183504203 0.0019154382738291499 0.030035174063009956 0.00015648774117463129 -0.017125836066845326
leaf_weight=11.999999999999998 16.000000000000004 13.999999999999998 167 14.999999999999998
leaf_count=12 16 14 167 15
internal_value=0.000311111 0.000985915 0.00182692 -0.00382813
internal_weight=224 212 181 31
internal_count=224 212 181 31
is_linear=0
shrinkage=0.035


Tree=45
num_leaves=6
num_cat=0
split_feature=4 1 5 8 5
split_gain=0.976424 0.764975 0.596334 0.432281 0.505942
threshold=1.0000000180025095e-35 0.81174490092936691 210.59388888888893 397.45550105826754 41.385000000000012
decision_type=2 2 2 2 2
left_child=3 2 -2 4 -1
right_child=1 -3 -4 -5 -6
leaf_value=-0.0011975550902022214 0.00044087503978867742 -0.013635482947198746 0.0097028625183636138 0.00022536690716488009 -0.012375569981811966
leaf_weight=30 82 21 47 18 26
leaf_count=30 82 21 47 18 26
internal_value=0.000466667 0.00208609 0.00309615 -0.0028 -0.00429825
internal_weight=224 150 129 74 56
internal_count=224 150 129 74 56
is_linear=0
shrinkage=0.035


Tree=46
num_leaves=5
num_cat=0
split_feature=5 7 8 0
split_gain=0.821322 0.666138 1.52299 0.742763
threshold=1.0000000180025095e-35 317.94422619047623 282.55928354172323 1.0000000180025095e-35
decision_type=2 2 2 2
left_child=-1 2 -2 -3
right_child=1 3 -4 -5
leaf_value=-0.072309179286199329 7.0465147055194245e-05 -0.0035867667239028616 0.012300242368638361 0.0045989807772314258
leaf_weight=11.999999999999998 148 19 27 18
leaf_count=12 148 19 27 18
internal_value=0.000466667 0.000985915 0.0018892 -0.00322368
internal_weight=224 212 175 37
internal_count=224 212 175 37
is_linear=0
shrinkage=0.035


Tree=47
num_leaves=6
num_cat=0
split_feature=3 0 4 5 8
split_gain=1.15865 0.961924 0.69931 0.540901 0.36469
threshold=-0.93301270189221908 0.6078576107927941 1.0000000180025095e-35 38.883888888888897 156.56249570154685
decision_type=2 2 2 2 2
left_child=3 2 -2 -1 -3
right_child=1 4 -4 -5 -6
leaf_value=-0.042842794887311242 -0.017528878942078517 0.013548043062648025 0.00012763829519041981 -0.00011500472124945649 0.0051630663524549845
leaf_weight=16.000000000000004 31 32 108 14.999999999999998 22
leaf_count=16 31 32 108 15 22
internal_value=0.000155556 0.00117268 -0.000375 -0.00601563 0.00509091
internal_weight=224 193 139 31 54
internal_count=224 193 139 31 54
is_linear=0
shrinkage=0.035


Tree=48
num_leaves=7
num_cat=0
split_feature=7 7 7 7 0 3
split_gain=1.00505 1.18519 1.17201 0.922035 0.742763 0.610374
threshold=128.81337301587311 104.29873015873017 72.55083333333333 317.94422619047623 1.0000000180025095e-35 -0.93301270189221908
decision_type=2 2 2 2 2 2
left_child=1 2 -1 5 -5 -2
right_child=3 -3 -4 4 -6 -7
leaf_value=-0.01151533726489417 -0.0040208545595287149 -0.037307069132605515 0.011543270023726144 -0.0034656972288979264 0.0043454291186945399 0.010026928787410986
leaf_weight=37 12.999999999999998 18 27 19 18 92
leaf_count=37 13 18 27 19 18 92
internal_value=-0.000311111 -0.00337349 -0.00107692 0.00146853 -0.00322368 0.00313679
internal_weight=224 82 64 142 37 105
internal_count=224 82 64 142 37 105
is_linear=0
shrinkage=0.035


Tree=49
num_leaves=5
num_cat=0
split_feature=5 0 8 8
split_gain=0.706643 0.44988 0.897856 0.603676
threshold=1.0000000180025095e-35 0.6078576107927941 329.07349660215306 282.55928354172323
decision_type=2 2 2 2
left_child=-1 3 -3 -2
right_child=1 2 -4 -5
leaf_value=-0.068993816497323349 -0.0033853584746994297 0.0097726615448185655 -0.002412774579129189 0.0042212304280474918
leaf_weight=11.999999999999998 109 48 11.999999999999998 43
leaf_count=12 109 48 12 43
internal_value=-0.000155556 0.000328638 0.00286885 -0.000686275
internal_weight=224 212 60 152
internal_count=224 212 60 152
is_linear=0
shrinkage=0.035


Tree=50
num_leaves=5
num_cat=0
split_feature=5 0 8 4
split_gain=0.679225 0.509716 0.897856 0.530286
threshold=1.0000000180025095e-35 0.6078576107927941 329.07349660215306 -0.25000000000000028
decision_type=2 2 2 2
left_child=-1 3 -3 -2
right_child=1 2 -4 -5
leaf_value=-0.066579032919917042 -0.015491133212850087 0.0094306183907499064 -0.0023283274688596614 0.00023880774405919073
leaf_weight=11.999999999999998 31 48 11.999999999999998 121
leaf_count=12 31 48 12 121
internal_value=-0.000311111 0.000164319 0.00286885 -0.000915033
internal_weight=224 212 60 152
internal_count=224 212 60 152
is_linear=0
shrinkage=0.035


Tree=51
num_leaves=7
num_cat=0
split_feature=7 7 0 8 0 6
split_gain=0.527845 1.461 0.94476 1.14082 0.777404 0.722573
threshold=128.81337301587311 104.29873015873017 1.0000000180025095e-35 123.95878140189846 -1.0000000180025095e-35 71.616388888888892
decision_type=2 2 2 2 2 2
left_child=1 4 5 -4 -1 -2
right_child=2 -3 3 -5 -6 -7
leaf_value=0.0078368524997744441 0.0096158422744143848 -0.033298458243630494 0.018172840783154315 0.0034933329732880795 -0.0057437896639909109 -0.0026114873009443576
leaf_weight=25 25 18 11.999999999999998 49 39 56
leaf_count=25 25 18 12 49 39 56
internal_value=-0.000311111 -0.00253012 0.000979021 0.00423387 0 -0.0014939
internal_weight=224 82 142 61 64 81
internal_count=224 82 142 61 64 81
is_linear=0
shrinkage=0.035


Tree=52
num_leaves=7
num_cat=0
split_feature=7 8 7 7 8 8
split_gain=0.632732 1.09624 1.18558 1.06655 1.24812 0.783507
threshold=203.07400793650797 152.55974198425031 132.53569444444449 278.59759920634923 169.09659245820004 321.82908412611454
decision_type=2 2 2 2 2 2
left_child=1 2 -1 4 -2 -5
right_child=3 -3 -4 5 -6 -7
leaf_value=-0.0023334810658060825 -0.0003449343148417361 -0.023592455248762332 0.016951873690048316 0.0035445069659162725 0.016372623052498037 -0.0024066757775655437
leaf_weight=81 14.999999999999998 24 15.999999999999998 28 21 39
leaf_count=81 15 24 16 28 21 39
internal_value=-0.000155556 -0.00186475 -0.000178571 0.00185096 0.00662162 -0.000772059
internal_weight=224 121 97 103 36 67
internal_count=224 121 97 103 36 67
is_linear=0
shrinkage=0.035


Tree=53
num_leaves=7
num_cat=0
split_feature=7 7 0 7 8 7
split_gain=0.771948 1.461 0.777404 0.641089 0.783507 0.596518
threshold=128.81337301587311 104.29873015873017 -1.0000000180025095e-35 278.59759920634923 321.82908412611454 251.45000000000002
decision_type=2 2 2 2 2 2
left_child=1 2 -1 5 -5 -2
right_child=3 -3 -4 4 -6 -7
leaf_value=0.007644234499585561 0.002043862185667216 -0.032051340367800218 -0.0054610851884480185 0.0034204492221092081 -0.0023224421253507633 0.017118951648270674
leaf_weight=25 63 18 39 28 39 11.999999999999998
leaf_count=25 63 18 39 28 39 12
internal_value=0.000155556 -0.00253012 0 0.00171329 -0.000772059 0.00391447
internal_weight=224 82 64 142 67 75
internal_count=224 82 64 142 67 75
is_linear=0
shrinkage=0.035


Tree=54
num_leaves=7
num_cat=0
split_feature=0 8 3 0 6 8
split_gain=0.569747 0.961393 1.35245 0.808793 1.53713 0.929929
threshold=0.6078576107927941 329.07349660215306 -0.5 -0.8783796973249266 231.48944444444447 282.55928354172323
decision_type=2 2 2 2 2 2
left_child=3 2 -2 4 -1 -5
right_child=1 -3 -4 5 -6 -7
leaf_value=0.01435136920030934 -4.6705698085803831e-05 -0.0022035835349125902 0.014743017715090545 -0.012407101123632936 -0.0035114413918044887 0.0068087407335632281
leaf_weight=20 28 11.999999999999998 24 94 11.999999999999998 34
leaf_count=20 28 12 24 94 12 34
internal_value=0.000466667 0.00323077 0.00528302 -0.000652174 0.00424242 -0.00189922
internal_weight=224 64 52 160 32 128
internal_count=224 64 52 160 32 128
is_linear=0
shrinkage=0.035


Tree=55
num_leaves=6
num_cat=0
split_feature=4 1 6 0 5
split_gain=0.717174 0.708327 0.508833 0.470583 0.460595
threshold=1.0000000180025095e-35 0.81174490092936691 1.4268055555555559 0.6078576107927941 38.883888888888897
decision_type=2 2 2 2 2
left_child=2 4 -1 -4 -2
right_child=1 -3 3 -5 -6
leaf_value=0.0013146644596108105 -0.0014185342152035665 -0.013467427908322189 -0.011972852584305778 0.0017838911739346799 0.003940929712477486
leaf_weight=12.999999999999998 26 21 42 19 103
leaf_count=13 26 21 42 19 103
internal_value=0.000466667 0.0018543 -0.00233333 -0.00366935 0.00282692
internal_weight=224 150 74 61 129
internal_count=224 150 74 61 129
is_linear=0
shrinkage=0.035


Tree=56
num_leaves=6
num_cat=0
split_feature=4 1 6 0 5
split_gain=0.567299 0.60145 0.508833 0.470583 0.459646
threshold=1.0000000180025095e-35 0.81174490092936691 1.4268055555555559 0.6078576107927941 479.46541666666673
decision_type=2 2 2 2 2
left_child=2 4 -1 -4 -2
right_child=1 -3 3 -5 -6
leaf_value=0.0012686512035244358 0.0037675701357450381 -0.012996067931530903 -0.01155380274385507 0.0017214549828469641 -0.00043497779891378931
leaf_weight=12.999999999999998 116 21 42 19 12.999999999999998
leaf_count=13 116 21 42 19 13
internal_value=0.000155556 0.00139073 -0.00233333 -0.00366935 0.00228846
internal_weight=224 150 74 61 129
internal_count=224 150 74 61 129
is_linear=0
shrinkage=0.035


Tree=57
num_leaves=7
num_cat=0
split_feature=7 7 0 0 6 8
split_gain=0.685483 1.461 0.777404 0.682949 1.38299 1.14082
threshold=128.81337301587311 104.29873015873017 -1.0000000180025095e-35 1.0000000180025095e-35 71.616388888888892 123.95878140189846
decision_type=2 2 2 2 2 2
left_child=1 2 -1 4 -2 -5
right_child=3 -3 -4 5 -6 -7
leaf_value=0.006792172112870306 0.0086949733835742296 -0.03012468657596671 -0.0040122657310395372 0.017201452413368595 -0.0024768908272118266 0.002750782331109103
leaf_weight=25 25 18 39 11.999999999999998 56 49
leaf_count=25 25 18 39 12 56 49
internal_value=0 -0.00253012 0 0.00146853 -0.000640244 0.00423387
internal_weight=224 82 64 142 81 61
internal_count=224 82 64 142 81 61
is_linear=0
shrinkage=0.035


Tree=58
num_leaves=7
num_cat=0
split_feature=0 8 3 4 8 8
split_gain=0.635447 0.961393 1.35245 0.616564 0.712469 0.508255
threshold=0.6078576107927941 329.07349660215306 -0.5 1.0000000180025095e-35 146.9906655785241 66.090045129014612
decision_type=2 2 2 2 2 2
left_child=3 2 -2 5 -5 -1
right_child=1 -3 -4 4 -6 -7
leaf_value=0.0013602907726803638 -0.0001008840031539815 -0.0023251977798762961 0.013355163765906663 -0.005436475101287184 0.0035040007626094298 -0.010267983255725432
leaf_weight=17 28 11.999999999999998 24 49 59 35
leaf_count=17 28 12 24 49 59 35
internal_value=0.000311111 0.00323077 0.00528302 -0.000869565 0.000642202 -0.00396226
internal_weight=224 64 52 160 108 52
internal_count=224 64 52 160 108 52
is_linear=0
shrinkage=0.035


Tree=59
num_leaves=7
num_cat=0
split_feature=7 7 8 5 5 8
split_gain=0.570164 1.19254 1.0543 0.999184 1.11063 0.842713
threshold=203.07400793650797 278.59759920634923 321.82908412611454 129.22652777777779 58.460277777777783 169.09659245820004
decision_type=2 2 2 2 2 2
left_child=3 5 -3 4 -1 -2
right_child=1 2 -4 -5 -6 -7
leaf_value=-0.0024639781361091686 3.7022061816167635e-05 0.0025023163046378619 -0.0022611429437536315 -0.0066511371965227691 0.0092862420613792716 0.014265350422492251
leaf_weight=65 14.999999999999998 28 39 34 22 21
leaf_count=65 15 28 39 34 22 21
internal_value=0.000622222 0.00252404 -0.000257353 -0.0010041 0.000994318 0.00756757
internal_weight=224 103 67 121 87 36
internal_count=224 103 67 121 87 36
is_linear=0
shrinkage=0.035


Tree=60
num_leaves=7
num_cat=0
split_feature=7 7 7 5 0 5
split_gain=0.796527 1.01458 0.845682 0.991275 0.777404 0.653165
threshold=128.81337301587311 104.29873015873017 317.94422619047623 155.51861111111114 -1.0000000180025095e-35 210.59388888888893
decision_type=2 2 2 2 2 2
left_child=1 4 5 -4 -1 -2
right_child=2 -3 3 -5 -6 -7
leaf_value=0.0068309619522287073 0.00030962532637074163 -0.028635980006239098 0.0028633574798472131 -0.0033472838704572895 -0.0032796672146244558 0.010920025672364532
leaf_weight=25 61 18 15.999999999999998 21 39 44
leaf_count=25 61 18 16 21 39 44
internal_value=0.000622222 -0.00210843 0.0022028 -0.00230263 0 0.00379717
internal_weight=224 82 142 37 64 105
internal_count=224 82 142 37 64 105
is_linear=0
shrinkage=0.035


Tree=61
num_leaves=7
num_cat=0
split_feature=7 7 0 0 6 8
split_gain=0.548509 1.01458 0.777404 0.682949 1.38299 1.14082
threshold=128.81337301587311 104.29873015873017 -1.0000000180025095e-35 1.0000000180025095e-35 71.616388888888892 123.95878140189846
decision_type=2 2 2 2 2 2
left_child=1 2 -1 4 -2 -5
right_child=3 -3 -4 5 -6 -7
leaf_value=0.006591878283900697 0.0084643042269552157 -0.027633720706020725 -0.0031648788621125991 0.01638005264964933 -0.0023421759867815542 0.0021659967089502886
leaf_weight=25 25 18 39 11.999999999999998 56 49
leaf_count=25 25 18 39 12 56 49
internal_value=0.000155556 -0.00210843 0 0.00146853 -0.000640244 0.00423387
internal_weight=224 82 64 142 81 61
internal_count=224 82 64 142 81 61
is_linear=0
shrinkage=0.035


Tree=62
num_leaves=7
num_cat=0
split_feature=0 3 6 5 4 6
split_gain=0.891348 1.1281 0.665625 0.561165 0.53314 0.620879
threshold=0.6078576107927941 -0.5 189.87875000000005 31.38902777777778 1.0000000180025095e-35 68.41125000000001
decision_type=2 2 2 2 2 2
left_child=4 3 -3 -2 -1 -6
right_child=1 2 -4 -5 5 -7
leaf_value=-0.0065991703651169312 0.0016359392515067552 0.019512432526558082 0.0030611880843845634 -0.0051446746731868762 0.0037861265551624949 -0.00028087879852929822
leaf_weight=52 11.999999999999998 14.000000000000002 14.999999999999998 23 30 78
leaf_count=52 12 14 15 23 30 78
internal_value=0.000311111 0.00376923 0.00875 -0.000486111 -0.00108696 0.000321101
internal_weight=224 64 29 35 160 108
internal_count=224 64 29 35 160 108
is_linear=0
shrinkage=0.035


Tree=63
num_leaves=7
num_cat=0
split_feature=0 8 3 7 8 6
split_gain=1.09989 1.20987 1.38769 0.763281 1.65141 1.25615
threshold=0.6078576107927941 329.07349660215306 -0.5 188.33636904761909 152.55974198425031 71.616388888888892
decision_type=2 2 2 2 2 2
left_child=3 2 -2 4 -1 -5
right_child=1 -3 -4 5 -6 -7
leaf_value=-0.0042903763792284701 7.02193008293861e-05 -0.0023391586104803031 0.011798789427851902 0.0080355391495810762 -0.036921810272859582 -0.00028742838976727027
leaf_weight=64 28 11.999999999999998 24 23 13.999999999999998 59
leaf_count=64 28 12 24 23 14 59
internal_value=0.000466667 0.00430769 0.00660377 -0.00108696 -0.0035443 0.00126506
internal_weight=224 64 52 160 78 82
internal_count=224 64 52 160 78 82
is_linear=0
shrinkage=0.035


Tree=64
num_leaves=7
num_cat=0
split_feature=0 8 3 4 8 8
split_gain=0.813225 1.08215 1.06618 0.616564 0.549012 0.508255
threshold=0.6078576107927941 329.07349660215306 -0.5 1.0000000180025095e-35 111.32858357831402 66.090045129014612
decision_type=2 2 2 2 2 2
left_child=3 2 -2 5 -5 -1
right_child=1 -3 -4 4 -6 -7
leaf_value=0.0020056130791382735 6.7761625300361014e-05 -0.0022572880591134894 0.011385831797877092 -0.0087604666029933113 0.0030598343917538308 -0.0074717909460300224
leaf_weight=17 28 11.999999999999998 24 36 72 35
leaf_count=17 28 12 24 36 72 35
internal_value=0.000466667 0.00376923 0.0059434 -0.000869565 0.000642202 -0.00396226
internal_weight=224 64 52 160 108 52
internal_count=224 64 52 160 108 52
is_linear=0
shrinkage=0.035


Tree=65
num_leaves=7
num_cat=0
split_feature=0 8 3 4 6 5
split_gain=0.738636 1.08215 1.06618 0.59422 1.42264 1.1044
threshold=0.6078576107927941 329.07349660215306 -0.5 -0.25000000000000028 25.593750000000004 38.883888888888897
decision_type=2 2 2 2 2 2
left_child=3 2 -2 4 -1 -5
right_child=1 -3 -4 5 -6 -7
leaf_value=0.0062617645579089252 6.5389968414854012e-05 -0.0021782829770445123 0.010987327684951382 -0.045857488070116859 -0.016386524107806662 0.0019715005131938092
leaf_weight=13.000000000000002 28 11.999999999999998 24 25 18 104
leaf_count=13 28 12 24 25 18 104
internal_value=0.000622222 0.00376923 0.0059434 -0.000652174 -0.00492188 0.000403846
internal_weight=224 64 52 160 31 129
internal_count=224 64 52 160 31 129
is_linear=0
shrinkage=0.035


Tree=66
num_leaves=7
num_cat=0
split_feature=0 8 3 8 0 6
split_gain=0.813225 1.08215 1.06618 0.618285 0.686005 0.332308
threshold=0.6078576107927941 329.07349660215306 -0.5 350.84051106293094 -0.8783796973249266 59.162222222222233
decision_type=2 2 2 2 2 2
left_child=3 2 -2 4 -1 -5
right_child=1 -3 -4 5 -6 -7
leaf_value=0.0076839253730134303 6.3101319520333387e-05 -0.0021020430728479634 0.010602771215978087 0.0062731465302131254 -0.0066367499191457282 0.0012827762467009941
leaf_weight=27 28 11.999999999999998 24 12.000000000000002 109 11.999999999999998
leaf_count=27 28 12 24 12 109 12
internal_value=0.000466667 0.00376923 0.0059434 -0.000869565 -0.00178832 0.0042
internal_weight=224 64 52 160 136 24
internal_count=224 64 52 160 136 24
is_linear=0
shrinkage=0.035


Tree=67
num_leaves=6
num_cat=0
split_feature=4 1 6 0 5
split_gain=0.567299 0.60145 0.508833 0.470583 0.349056
threshold=1.0000000180025095e-35 0.81174490092936691 1.4268055555555559 0.6078576107927941 38.883888888888897
decision_type=2 2 2 2 2
left_child=2 4 -1 -4 -2
right_child=1 -3 3 -5 -6
leaf_value=0.0020987003505767588 -0.0011416213306352319 -0.012118313968391751 -0.0068492970647998112 0.001501465679201488 0.0027100032579330381
leaf_weight=12.999999999999998 26 21 42 19 103
leaf_count=13 26 21 42 19 103
internal_value=0.000155556 0.00139073 -0.00233333 -0.00366935 0.00228846
internal_weight=224 150 74 61 129
internal_count=224 150 74 61 129
is_linear=0
shrinkage=0.035


Tree=68
num_leaves=4
num_cat=0
split_feature=8 7 0
split_gain=0.836179 0.919047 0.926311
threshold=430.78148405664388 367.15767857142856 0.6078576107927941
decision_type=2 2 2
left_child=1 2 -1
right_child=-2 -3 -4
leaf_value=-0.0013859198655631034 0.0019047062951242678 -0.0023025479418422369 0.0043324922790372441
leaf_weight=142 12.999999999999998 12.999999999999998 56
leaf_count=142 13 13 56
internal_value=0.000466667 -8.25472e-05 0.000527638
internal_weight=224 211 198
internal_count=224 211 198
is_linear=0
shrinkage=0.035


Tree=69
num_leaves=7
num_cat=0
split_feature=7 7 7 8 0 7
split_gain=0.685483 1.461 0.790821 0.974683 0.777404 0.596518
threshold=128.81337301587311 104.29873015873017 278.59759920634923 321.82908412611454 -1.0000000180025095e-35 251.45000000000002
decision_type=2 2 2 2 2 2
left_child=1 4 5 -4 -1 -2
right_child=2 -3 3 -5 -6 -7
leaf_value=0.0081099662551768065 0.0027575767123705934 -0.024602007213066684 0.0012190082696617057 -0.001916719191558123 -0.0019599449610044743 0.014714869918631371
leaf_weight=25 63 18 28 39 39 11.999999999999998
leaf_count=25 63 18 28 39 39 12
internal_value=0 -0.00253012 0.00146853 -0.00128676 0 0.00391447
internal_weight=224 82 142 67 64 75
internal_count=224 82 142 67 64 75
is_linear=0
shrinkage=0.035


Tree=70
num_leaves=4
num_cat=0
split_feature=8 7 0
split_gain=0.836179 0.919047 0.926311
threshold=430.78148405664388 367.15767857142856 0.6078576107927941
decision_type=2 2 2
left_child=1 2 -1
right_child=-2 -3 -4
leaf_value=-0.0013252027291352066 0.0019051267464994595 -0.0022646240533159292 0.0041668964936220432
leaf_weight=142 12.999999999999998 12.999999999999998 56
leaf_count=142 13 13 56
internal_value=0.000466667 -8.25472e-05 0.000527638
internal_weight=224 211 198
internal_count=224 211 198
is_linear=0
shrinkage=0.035


Tree=71
num_leaves=7
num_cat=0
split_feature=0 3 4 6 7 8
split_gain=0.539895 1.08622 0.805946 0.755609 0.656117 0.549012
threshold=0.6078576107927941 -0.5 1.0000000180025095e-35 164.65319444444449 83.505019841269856 111.32858357831402
decision_type=2 2 2 2 2 2
left_child=2 3 4 -2 -1 -4
right_child=1 -3 5 -5 -6 -7
leaf_value=0.00017188420545329321 -0.0028850071192803917 0.008679421326130218 -0.0083044859215423289 0.02959162664424294 -0.0056536121242600325 0.0028563144651827591
leaf_weight=22 23 29 36 11.999999999999998 30 72
leaf_count=22 23 29 36 12 30 72
internal_value=0 0.00269231 -0.00108696 -0.00145833 -0.00462264 0.000642202
internal_weight=224 64 160 35 52 108
internal_count=224 64 160 35 52 108
is_linear=0
shrinkage=0.035


Tree=72
num_leaves=4
num_cat=0
split_feature=8 7 0
split_gain=0.867835 0.884487 0.723367
threshold=430.78148405664388 367.15767857142856 0.6078576107927941
decision_type=2 2 2
left_child=1 2 -1
right_child=-2 -3 -4
leaf_value=-0.0013787916398968836 0.0019394225595467931 -0.0022853332177312827 0.0039196528677253942
leaf_weight=142 12.999999999999998 12.999999999999998 56
leaf_count=142 13 13 56
internal_value=0.000311111 -0.000247642 0.000351759
internal_weight=224 211 198
internal_count=224 211 198
is_linear=0
shrinkage=0.035


Tree=73
num_leaves=4
num_cat=0
split_feature=8 7 4
split_gain=0.900037 0.850544 0.654574
threshold=430.78148405664388 367.15767857142856 1.0000000180025095e-35
decision_type=2 2 2
left_child=1 2 -1
right_child=-2 -3 -4
leaf_value=-0.0030594326829025799 0.0018715427699626621 -0.0022053465551106878 0.0020030824809389473
leaf_weight=62 12.999999999999998 12.999999999999998 136
leaf_count=62 13 13 136
internal_value=0.000155556 -0.000412736 0.000175879
internal_weight=224 211 198
internal_count=224 211 198
is_linear=0
shrinkage=0.035


Tree=74
num_leaves=4
num_cat=0
split_feature=8 7 4
split_gain=0.900037 0.850544 0.654574
threshold=430.78148405664388 367.15767857142856 1.0000000180025095e-35
decision_type=2 2 2
left_child=1 2 -1
right_child=-2 -3 -4
leaf_value=-0.0029523525390009911 0.0018060387730139673 -0.0021281594256818085 0.0019329745941060919
leaf_weight=62 12.999999999999998 12.999999999999998 136
leaf_count=62 13 13 136
internal_value=0.000155556 -0.000412736 0.000175879
internal_weight=224 211 198
internal_count=224 211 198
is_linear=0
shrinkage=0.035


Tree=75
num_leaves=6
num_cat=0
split_feature=7 6 8 0 7
split_gain=0.59361 1.08635 0.794189 0.750542 0.512183
threshold=317.94422619047623 123.05319444444446 325.05168133416447 0.6078576107927941 251.45000000000002
decision_type=2 2 2 2 2
left_child=1 4 -2 -3 -1
right_child=2 3 -4 -5 -6
leaf_value=-0.002260606156748112 0.0042901663259107365 0.00045308645417997624 -0.0019597123114605134 0.018685166322136546 0.0057364855152723946
leaf_weight=92 13.999999999999998 55 23 22 18
leaf_count=92 14 55 23 22 18
internal_value=-0.000155556 0.000651596 -0.00414474 0.0038141 -0.00157658
internal_weight=224 187 37 77 110
internal_count=224 187 37 77 110
is_linear=0
shrinkage=0.035


Tree=76
num_leaves=6
num_cat=0
split_feature=7 8 8 8 5
split_gain=0.504863 0.794189 0.767147 0.892172 0.542411
threshold=317.94422619047623 325.05168133416447 282.55928354172323 191.81504205327369 142.74000000000004
decision_type=2 2 2 2 2
left_child=2 -2 3 -1 -4
right_child=1 -3 4 -5 -6
leaf_value=0.00038079652733357343 0.0041400105045038688 -0.001891122380559387 3.7310795377809571e-06 -0.034584384207232172 0.011372962901420777
leaf_weight=144 13.999999999999998 23 12.000000000000002 15.999999999999998 14.999999999999998
leaf_count=144 14 23 12 16 15
internal_value=-0.000466667 -0.00414474 0.000279255 -0.000652174 0.005625
internal_weight=224 37 187 160 27
internal_count=224 37 187 160 27
is_linear=0
shrinkage=0.035


Tree=77
num_leaves=6
num_cat=0
split_feature=7 7 7 8 5
split_gain=0.548362 0.798621 1.01458 0.794189 0.562261
threshold=317.94422619047623 128.81337301587311 104.29873015873017 325.05168133416447 210.59388888888893
decision_type=2 2 2 2 2
left_child=1 2 -1 -2 -3
right_child=3 4 -4 -5 -6
leaf_value=0.00056442038094103647 0.0039951101368462449 2.240490014647101e-05 -0.023347401482983383 -0.0018249330972398027 0.0085722185613208938
leaf_weight=64 13.999999999999998 61 18 23 44
leaf_count=64 14 61 18 23 44
internal_value=-0.000311111 0.000465426 -0.00210843 -0.00414474 0.00247642
internal_weight=224 187 82 37 105
internal_count=224 187 82 37 105
is_linear=0
shrinkage=0.035


Tree=78
num_leaves=6
num_cat=0
split_feature=7 7 7 5 5
split_gain=0.789297 0.798621 1.01458 0.578947 0.562261
threshold=317.94422619047623 128.81337301587311 104.29873015873017 155.51861111111114 210.59388888888893
decision_type=2 2 2 2 2
left_child=1 2 -1 -2 -3
right_child=3 4 -4 -5 -6
leaf_value=0.00054466566760809527 0.0014113781168816032 2.162072864133613e-05 -0.02253024243107896 -0.0024885588896370607 0.0082721909116746564
leaf_weight=64 15.999999999999998 61 18 21 44
leaf_count=64 16 61 18 21 44
internal_value=-0.000466667 0.000465426 -0.00210843 -0.00506579 0.00247642
internal_weight=224 187 82 37 105
internal_count=224 187 82 37 105
is_linear=0
shrinkage=0.035


Tree=79
num_leaves=7
num_cat=0
split_feature=0 8 3 8 5 5
split_gain=0.671185 1.14354 1.96317 0.446893 0.691531 0.147692
threshold=0.6078576107927941 325.05168133416447 -0.5 350.84051106293094 95.43180555555557 181.15555555555559
decision_type=2 2 2 2 2 2
left_child=3 2 -2 4 -1 -5
right_child=1 -3 -4 5 -6 -7
leaf_value=0.0022917746527479146 -0.00021460049976589681 -0.0015567411186923597 0.0084448601472473864 2.0595947463897257e-06 -0.0026516928838941347 0.0058473625933554568
leaf_weight=58 28 12.999999999999998 23 12.000000000000002 78 11.999999999999998
leaf_count=58 28 13 23 12 78 12
internal_value=-0.000311111 0.00269231 0.00504808 -0.00152174 -0.00229927 0.0028
internal_weight=224 64 51 160 136 24
internal_count=224 64 51 160 136 24
is_linear=0
shrinkage=0.035


Tree=80
num_leaves=6
num_cat=0
split_feature=7 7 5 5 5
split_gain=0.789297 0.864082 0.930421 0.888156 0.578947
threshold=317.94422619047623 203.07400793650797 210.59388888888893 129.22652777777779 155.51861111111114
decision_type=2 2 2 2 2
left_child=1 3 -3 -1 -2
right_child=4 2 -4 -5 -6
leaf_value=0.00067801005562517791 0.0013891868094597971 -1.6816899462235304e-05 0.010100398303513704 -0.0046573676340836406 -0.0023086500775634502
leaf_weight=87 15.999999999999998 33 33 34 21
leaf_count=87 16 33 33 34 21
internal_value=-0.000466667 0.000465426 0.00365672 -0.00129098 -0.00506579
internal_weight=224 187 66 121 37
internal_count=224 187 66 121 37
is_linear=0
shrinkage=0.035


Tree=81
num_leaves=6
num_cat=0
split_feature=7 7 7 3 5
split_gain=0.899321 0.888532 1.0125 0.797232 0.578947
threshold=317.94422619047623 122.27486111111118 104.29873015873017 -0.93301270189221908 155.51861111111114
decision_type=2 2 2 2 2
left_child=1 2 -1 -3 -2
right_child=4 3 -4 -5 -6
leaf_value=0.00035784247346399959 0.0013405652711286976 -0.027498835901391787 -0.02294149004136686 0.0046932422774542308 -0.0022278473248487263
leaf_weight=64 15.999999999999998 13.999999999999998 14.999999999999998 94 21
leaf_count=64 16 14 15 94 21
internal_value=-0.000155556 0.000837766 -0.00196875 0.00288991 -0.00506579
internal_weight=224 187 79 108 37
internal_count=224 187 79 108 37
is_linear=0
shrinkage=0.035


Tree=82
num_leaves=6
num_cat=0
split_feature=7 8 0 6 5
split_gain=0.789297 1.10301 0.859395 0.810268 0.578947
threshold=317.94422619047623 282.55928354172323 0.6078576107927941 45.811805555555566 155.51861111111114
decision_type=2 2 2 2 2
left_child=1 2 -1 -3 -2
right_child=4 3 -4 -5 -6
leaf_value=-0.0029116187589733424 0.0012936454866392011 0.00029824497239711923 0.0029069804077929231 0.018734587177831215 -0.0021498726684790141
leaf_weight=113 15.999999999999998 12.000000000000002 47 14.999999999999998 21
leaf_count=113 16 12 47 15 21
internal_value=-0.000466667 0.000465426 -0.000652174 0.006875 -0.00506579
internal_weight=224 187 160 27 37
internal_count=224 187 160 27 37
is_linear=0
shrinkage=0.035


Tree=83
num_leaves=6
num_cat=0
split_feature=7 7 7 1 5
split_gain=0.899321 1.04491 1.01458 0.633135 0.578947
threshold=317.94422619047623 128.81337301587311 104.29873015873017 0.81174490092936691 155.51861111111114
decision_type=2 2 2 2 2
left_child=1 2 -1 -3 -2
right_child=4 3 -4 -5 -6
leaf_value=0.00024357367262001776 0.0012483678946068435 0.0035005528862105807 -0.020760887811311208 -0.0022019327784395639 -0.0020746271250822491
leaf_weight=64 15.999999999999998 88 18 17 21
leaf_count=64 16 88 18 17 21
internal_value=-0.000155556 0.000837766 -0.00210843 0.00313679 -0.00506579
internal_weight=224 187 82 105 37
internal_count=224 187 82 105 37
is_linear=0
shrinkage=0.035


Tree=84
num_leaves=7
num_cat=0
split_feature=0 8 3 8 5 5
split_gain=0.603773 1.14354 1.96317 0.727638 0.691531 0.0246154
threshold=0.6078576107927941 325.05168133416447 -0.5 350.84051106293094 95.43180555555557 181.15555555555559
decision_type=2 2 2 2 2 2
left_child=3 2 -2 4 -1 -5
right_child=1 -3 -4 5 -6 -7
leaf_value=0.0021452620236116094 -0.00035361371360664975 -0.001648486872377082 0.0074072489564697419 0.00038720801848807001 -0.0024241060823322071 0.0045237488460647592
leaf_weight=58 28 12.999999999999998 23 12.000000000000002 78 11.999999999999998
leaf_count=58 28 13 23 12 78 12
internal_value=-0.000155556 0.00269231 0.00504808 -0.00130435 -0.00229927 0.0042
internal_weight=224 64 51 160 136 24
internal_count=224 64 51 160 136 24
is_linear=0
shrinkage=0.035


Tree=85
num_leaves=6
num_cat=0
split_feature=7 8 0 6 1
split_gain=0.59361 1.04004 1.09878 0.810268 0.67147
threshold=317.94422619047623 282.55928354172323 0.6078576107927941 45.811805555555566 -0.22252093395631442
decision_type=2 2 2 2 2
left_child=1 2 -1 -3 -2
right_child=4 3 -4 -5 -6
leaf_value=-0.0025887016140232789 4.5113667623932768e-05 0.00025152826583016988 0.0028090874949547053 0.018041200988471374 -0.0030103815444186303
leaf_weight=113 17 12.000000000000002 47 14.999999999999998 20
leaf_count=113 17 12 47 15 20
internal_value=-0.000155556 0.000651596 -0.000434783 0.006875 -0.00414474
internal_weight=224 187 160 27 37
internal_count=224 187 160 27 37
is_linear=0
shrinkage=0.035


Tree=86
num_leaves=6
num_cat=0
split_feature=7 7 8 1 7
split_gain=0.548362 0.687301 1.4008 0.67147 0.640274
threshold=317.94422619047623 247.31573412698415 191.81504205327369 -0.22252093395631442 278.59759920634923
decision_type=2 2 2 2 2
left_child=1 2 -1 -2 -3
right_child=3 4 -4 -5 -6
leaf_value=0.00015530892859954461 4.3534689257098696e-05 0.0093628271332473114 -0.036310169353779571 -0.0029050181903639686 0.00031896534358076604
leaf_weight=129 17 14.999999999999998 12.999999999999998 20 30
leaf_count=129 17 15 13 20 30
internal_value=-0.000311111 0.000465426 -0.000734266 -0.00414474 0.00418478
internal_weight=224 187 142 37 45
internal_count=224 187 142 37 45
is_linear=0
shrinkage=0.035


Tree=87
num_leaves=6
num_cat=0
split_feature=7 8 1 1 5
split_gain=0.640607 0.978856 0.825966 0.67147 0.291037
threshold=317.94422619047623 282.55928354172323 -0.56174490092936669 -0.22252093395631442 210.59388888888893
decision_type=2 2 2 2 2
left_child=1 2 -1 -2 -3
right_child=3 4 -4 -5 -6
leaf_value=-0.0071141816607234627 4.2010975133099931e-05 0.0011722462597357054 0.0022085074592913712 -0.0028033425537012271 0.013216861675216593
leaf_weight=45 17 15.000000000000002 115 20 11.999999999999998
leaf_count=45 17 15 115 20 12
internal_value=0 0.000837766 -0.000217391 -0.00414474 0.006875
internal_weight=224 187 160 37 27
internal_count=224 187 160 37 27
is_linear=0
shrinkage=0.035


Tree=88
num_leaves=4
num_cat=0
split_feature=8 7 0
split_gain=0.499767 0.817217 0.883327
threshold=430.78148405664388 367.15767857142856 0.6078576107927941
decision_type=2 2 2
left_child=1 2 -1
right_child=-2 -3 -4
leaf_value=-0.0016422296141078343 0.0024216559453784916 -0.0019217445394432665 0.0031364934819803039
leaf_weight=142 12.999999999999998 12.999999999999998 56
leaf_count=142 13 13 56
internal_value=-0.000155556 -0.00057783 0
internal_weight=224 211 198
internal_count=224 211 198
is_linear=0
shrinkage=0.035


Tree=89
num_leaves=6
num_cat=0
split_feature=7 7 5 5 1
split_gain=0.59361 1.05605 0.844877 0.706541 0.67147
threshold=317.94422619047623 203.07400793650797 95.43180555555557 210.59388888888893 -0.22252093395631442
decision_type=2 2 2 2 2
left_child=1 2 -1 -3 -2
right_child=4 3 -4 -5 -6
leaf_value=0.0022779366604379772 9.8018627497200599e-05 2.2887954855947968e-05 -0.0056753949305385423 0.0077951367920480108 -0.0026379645054411907
leaf_weight=78 17 33 43 33 20
leaf_count=78 17 33 43 33 20
internal_value=-0.000155556 0.000651596 -0.00129098 0.0041791 -0.00414474
internal_weight=224 187 121 66 37
internal_count=224 187 121 66 37
is_linear=0
shrinkage=0.035


Tree=90
num_leaves=7
num_cat=0
split_feature=7 7 7 0 8 8
split_gain=0.455872 1.0125 0.858296 0.777404 0.588048 0.486628
threshold=122.27486111111118 104.29873015873017 317.94422619047623 -1.0000000180025095e-35 325.05168133416447 282.55928354172323
decision_type=2 2 2 2 2 2
left_child=1 3 5 -1 -4 -2
right_child=2 -3 4 -5 -6 -7
leaf_value=0.0079880792662441955 0.00063605009871041678 -0.020634874485899658 0.0044317654377465229 -0.00096187427124507798 -0.0016551768145901225 0.0045531132114016784
leaf_weight=25 81 14.999999999999998 13.999999999999998 39 23 27
leaf_count=25 81 15 14 39 23 27
internal_value=0.000155556 -0.00196875 0.00131849 0 -0.00322368 0.00288991
internal_weight=224 79 145 64 37 108
internal_count=224 79 145 64 37 108
is_linear=0
shrinkage=0.035


Tree=91
num_leaves=6
num_cat=0
split_feature=7 8 0 1 5
split_gain=0.59361 1.04004 0.767644 0.67147 0.291037
threshold=317.94422619047623 282.55928354172323 0.6078576107927941 -0.22252093395631442 210.59388888888893
decision_type=2 2 2 2 2
left_child=1 2 -1 -2 -3
right_child=3 4 -4 -5 -6
leaf_value=-0.0024960034491678276 0.0001525191640454482 0.00088629964173768459 0.0031177029410352211 -0.0024877045592401094 0.01237956080295706
leaf_weight=113 17 15.000000000000002 47 20 11.999999999999998
leaf_count=113 17 15 47 20 12
internal_value=-0.000155556 0.000651596 -0.000434783 -0.00414474 0.006875
internal_weight=224 187 160 37 27
internal_count=224 187 160 37 27
is_linear=0
shrinkage=0.035


Tree=92
num_leaves=7
num_cat=0
split_feature=7 6 7 7 5 4
split_gain=0.512379 0.997115 1.29629 0.770826 0.65691 0.354916
threshold=122.27486111111118 1.4268055555555559 50.577341269841277 317.94422619047623 155.51861111111114 0.6830127018922193
decision_type=2 2 2 2 2 2
left_child=1 -1 -3 5 -5 -2
right_child=3 2 -4 4 -6 -7
leaf_value=0.0036261545400075516 0.00055560374124576041 -0.029618479156685411 -0.00059837462722662333 0.0014990267292730676 -0.00201836409358787 0.0063742946964603217
leaf_weight=14.999999999999998 56 12.999999999999998 51 15.999999999999998 21 52
leaf_count=15 56 13 51 16 21 52
internal_value=-0.000155556 -0.00240625 -0.00430769 0.00107877 -0.00322368 0.00256881
internal_weight=224 79 64 145 37 108
internal_count=224 79 64 145 37 108
is_linear=0
shrinkage=0.035


Tree=93
num_leaves=7
num_cat=0
split_feature=0 8 3 0 6 8
split_gain=0.539895 1.14354 0.713169 0.613572 2.13387 1.0347
threshold=0.6078576107927941 325.05168133416447 -0.5 -0.8783796973249266 231.48944444444447 282.55928354172323
decision_type=2 2 2 2 2 2
left_child=3 2 -2 4 -1 -5
right_child=1 -3 -4 5 -6 -7
leaf_value=0.013331282061659216 0.00024939884252667133 -0.0010335091226165139 0.0062655089935052428 -0.0071205222916280592 -0.0039827568411773843 0.0034325104894728292
leaf_weight=20 28 12.999999999999998 23 94 11.999999999999998 34
leaf_count=20 28 13 23 94 12 34
internal_value=0 0.00269231 0.00504808 -0.00108696 0.00318182 -0.00217054
internal_weight=224 64 51 160 32 128
internal_count=224 64 51 160 32 128
is_linear=0
shrinkage=0.035


Tree=94
num_leaves=7
num_cat=0
split_feature=5 5 6 7 7 0
split_gain=0.745733 1.2506 1.52433 0.912829 1.43613 0.738074
threshold=105.37750000000001 58.460277777777783 29.774444444444445 198.54474206349209 317.94422619047623 1.0000000180025095e-35
decision_type=2 2 2 2 2 2
left_child=1 2 -1 5 -5 -2
right_child=3 -3 -4 4 -6 -7
leaf_value=0.0031738002330094065 -0.014810649936990201 0.012072246134560755 -0.0041616935965318397 0.0051531870282197946 -0.0016752909953911778 -0.00016234822753302016
leaf_weight=26 22 27 58 48 26 17
leaf_count=26 22 27 58 48 26 17
internal_value=-0.000311111 0.00171875 -0.000411765 -0.00230263 0 -0.0065625
internal_weight=224 111 84 113 74 39
internal_count=224 111 84 113 74 39
is_linear=0
shrinkage=0.035


Tree=95
num_leaves=5
num_cat=0
split_feature=5 5 5 7
split_gain=0.586962 0.551717 1.23029 0.571059
threshold=640.17666666666673 210.59388888888893 105.37750000000001 198.54474206349209
decision_type=2 2 2 2
left_child=1 2 -1 -3
right_child=-2 3 -4 -5
leaf_value=0.0019843424696150617 -0.0010903198594124765 -0.00087910819603842624 -0.0035390528820686612 0.0074388794652966665
leaf_weight=111 13.999999999999998 18 45 36
leaf_count=111 14 18 45 36
internal_value=-0.000311111 0.000165877 -0.00089172 0.00318182
internal_weight=224 210 156 54
internal_count=224 210 156 54
is_linear=0
shrinkage=0.035


Tree=96
num_leaves=5
num_cat=0
split_feature=5 5 5 7
split_gain=0.56 0.613781 1.11939 0.571059
threshold=640.17666666666673 210.59388888888893 105.37750000000001 198.54474206349209
decision_type=2 2 2 2
left_child=1 2 -1 -3
right_child=-2 3 -4 -5
leaf_value=0.0019148904831785486 -0.001052158664333045 -0.00084833940917707355 -0.0034151860311962649 0.0071785186840112843
leaf_weight=111 13.999999999999998 18 45 36
leaf_count=111 14 18 45 36
internal_value=-0.000466667 0 -0.00111465 0.00318182
internal_weight=224 210 156 54
internal_count=224 210 156 54
is_linear=0
shrinkage=0.035


Tree=97
num_leaves=5
num_cat=0
split_feature=5 5 5 7
split_gain=0.56 0.613781 1.11939 0.571059
threshold=640.17666666666673 210.59388888888893 105.37750000000001 198.54474206349209
decision_type=2 2 2 2
left_child=1 2 -1 -3
right_child=-2 3 -4 -5
leaf_value=0.0018478693162672856 -0.0010153331110813958 -0.00081864752985587276 -0.0032956545201043986 0.0069272705300708996
leaf_weight=111 13.999999999999998 18 45 36
leaf_count=111 14 18 45 36
internal_value=-0.000466667 0 -0.00111465 0.00318182
internal_weight=224 210 156 54
internal_count=224 210 156 54
is_linear=0
shrinkage=0.035


Tree=98
num_leaves=6
num_cat=0
split_feature=7 7 8 6 6
split_gain=0.589769 1.25404 0.864336 0.797299 1.25962
threshold=278.59759920634923 247.31573412698415 191.81504205327369 93.937777777777796 281.87555555555559
decision_type=2 2 2 2 2
left_child=1 2 -1 -2 -5
right_child=3 -3 -4 4 -6
leaf_value=0.00027927284245545805 0.0028864606730580489 0.0066905337353795431 -0.034820553016407782 -0.0060076444294609749 -4.3247254879617006e-05
leaf_weight=129 19 14.999999999999998 12.999999999999998 21 27
leaf_count=129 19 15 13 21 27
internal_value=-0.000622222 0.000553797 -0.00048951 -0.00334559 -0.00571429
internal_weight=224 157 142 67 48
internal_count=224 157 142 67 48
is_linear=0
shrinkage=0.035


Tree=99
num_leaves=7
num_cat=0
split_feature=5 5 7 7 5 3
split_gain=0.386675 1.11939 0.941148 1.15866 0.71447 0.595661
threshold=210.59388888888893 105.37750000000001 326.15821428571434 198.54474206349209 58.460277777777783 -0.5
decision_type=2 2 2 2 2 2
left_child=1 4 3 -2 -1 -3
right_child=2 5 -4 -5 -6 -7
leaf_value=-0.00046253593747390583 -0.0015222115722659327 -0.017667733326236747 -0.001527830824126908 0.0065628444464063294 0.011438794390948061 -0.00068614755063568301
leaf_weight=84 19 17 14.999999999999998 34 27 28
leaf_count=84 19 17 15 34 27 28
internal_value=-0.000155556 -0.00111465 0.00202899 0.00421296 0.00078125 -0.00570652
internal_weight=224 156 68 53 111 45
internal_count=224 156 68 53 111 45
is_linear=0
shrinkage=0.035


Tree=100
num_leaves=7
num_cat=0
split_feature=0 5 6 0 6 8
split_gain=0.345533 1.20508 0.815954 0.553193 2.13387 0.929929
threshold=0.6078576107927941 23.41652777777778 129.22652777777779 -0.8783796973249266 231.48944444444447 282.55928354172323
decision_type=2 2 2 2 2 2
left_child=3 -2 -3 4 -1 -5
right_child=1 2 -4 5 -6 -7
leaf_value=0.011760832888415163 0.0033073201660748612 -0.0010741892174361257 0.0041379743753955592 -0.0065703470924947556 -0.0035392941227517863 0.0028499825557285877
leaf_weight=20 12.999999999999998 23 28 94 11.999999999999998 34
leaf_count=20 13 23 28 94 12 34
internal_value=0 0.00215385 -0.000336538 -0.000869565 0.00318182 -0.00189922
internal_weight=224 64 51 160 32 128
internal_count=224 64 51 160 32 128
is_linear=0
shrinkage=0.035


Tree=101
num_leaves=7
num_cat=0
split_feature=0 6 6 6 8 8
split_gain=0.45153 1.01528 1.0013 0.992857 0.705444 0.668338
threshold=1.0000000180025095e-35 59.162222222222233 68.41125000000001 24.350694444444446 321.82908412611454 118.91680316616008
decision_type=2 2 2 2 2 2
left_child=2 3 -1 -2 -4 -3
right_child=1 5 4 -5 -6 -7
leaf_value=0.0016030236852661475 0.0016496189882278635 0.021414685460198542 -0.0012443945970451288 -0.0051203152087357087 -0.0026502301380342268 0.0030444807281298928
leaf_weight=55 17 25 57 17 15.999999999999998 37
leaf_count=55 17 25 57 17 16 37
internal_value=0 0.00180412 -0.00135659 -0.003 -0.00402027 0.00444444
internal_weight=224 96 128 34 73 62
internal_count=224 96 128 34 73 62
is_linear=0
shrinkage=0.035


Tree=102
num_leaves=7
num_cat=0
split_feature=7 7 8 6 7 6
split_gain=0.44441 1.45075 1.24812 0.848566 0.826095 1.04196
threshold=278.59759920634923 203.07400793650797 169.09659245820004 8.1113888888888841 289.32950396825402 102.37708333333335
decision_type=2 2 2 2 2 2
left_child=1 3 -3 -1 -2 -6
right_child=4 2 -4 -5 5 -7
leaf_value=0.0030418391730155929 -0.013756002487201808 -0.0020492210341658537 0.010116701699689045 -0.00097148556343451553 0.011614666888632609 -0.0010435778585346301
leaf_weight=18 11.999999999999998 14.999999999999998 21 103 13.999999999999998 41
leaf_count=18 12 15 21 103 14 41
internal_value=-0.000466667 0.000553797 0.00662162 -0.00129098 -0.00283088 -0.0009375
internal_weight=224 157 36 121 67 55
internal_count=224 157 36 121 67 55
is_linear=0
shrinkage=0.035


Tree=103
num_leaves=4
num_cat=0
split_feature=8 7 0
split_gain=0.499767 0.817217 0.613422
threshold=430.78148405664388 367.15767857142856 0.6078576107927941
decision_type=2 2 2
left_child=1 2 -1
right_child=-2 -3 -4
leaf_value=-0.00064744819563728915 0.0020733424106919563 -0.0015419815512659387 0.0027376403734670112
leaf_weight=142 12.999999999999998 12.999999999999998 56
leaf_count=142 13 13 56
internal_value=-0.000155556 -0.00057783 0
internal_weight=224 211 198
internal_count=224 211 198
is_linear=0
shrinkage=0.035


Tree=104
num_leaves=7
num_cat=0
split_feature=7 7 8 6 7 6
split_gain=0.44441 1.45075 1.24812 0.848566 0.826095 1.04196
threshold=278.59759920634923 203.07400793650797 169.09659245820004 8.1113888888888841 289.32950396825402 102.37708333333335
decision_type=2 2 2 2 2 2
left_child=1 3 -3 -1 -2 -6
right_child=4 2 -4 -5 5 -7
leaf_value=0.0029580354888073383 -0.013311120763261783 -0.0019548376111227662 0.0097852778270472035 -0.0010030983051260379 0.011230814234377745 -0.0011028700465572651
leaf_weight=18 11.999999999999998 14.999999999999998 21 103 13.999999999999998 41
leaf_count=18 12 15 21 103 14 41
internal_value=-0.000466667 0.000553797 0.00662162 -0.00129098 -0.00283088 -0.0009375
internal_weight=224 157 36 121 67 55
internal_count=224 157 36 121 67 55
is_linear=0
shrinkage=0.035


Tree=105
num_leaves=4
num_cat=0
split_feature=8 7 1
split_gain=0.966074 0.784506 0.559865
threshold=430.78148405664388 367.15767857142856 -0.56174490092936669
decision_type=2 2 2
left_child=1 2 -1
right_child=-2 -3 -4
leaf_value=-0.0014272040795900399 0.0024666646530319028 -0.0014494117453421485 0.0010502567606658732
leaf_weight=54 12.999999999999998 12.999999999999998 144
leaf_count=54 13 13 144
internal_value=-0.000155556 -0.000742925 -0.000175879
internal_weight=224 211 198
internal_count=224 211 198
is_linear=0
shrinkage=0.035


Tree=106
num_leaves=4
num_cat=0
split_feature=8 7 6
split_gain=0.932783 0.817217 0.523408
threshold=430.78148405664388 367.15767857142856 8.1113888888888841
decision_type=2 2 2
left_child=1 2 -1
right_child=-2 -3 -4
leaf_value=0.0028177452600757725 0.0023803313901757895 -0.0013986823342551837 -0.00023374006523802174
leaf_weight=18 12.999999999999998 12.999999999999998 180
leaf_count=18 13 13 180
internal_value=0 -0.00057783 0
internal_weight=224 211 198
internal_count=224 211 198
is_linear=0
shrinkage=0.035


Tree=107
num_leaves=4
num_cat=0
split_feature=8 7 6
split_gain=0.966074 0.784506 0.508703
threshold=430.78148405664388 367.15767857142856 164.65319444444449
decision_type=2 2 2
left_child=1 2 -1
right_child=-2 -3 -4
leaf_value=-0.00059022295282684222 0.0022970197915196367 -0.0013497284525562626 0.0030297220727660105
leaf_weight=125 12.999999999999998 12.999999999999998 73
leaf_count=125 13 13 73
internal_value=-0.000155556 -0.000742925 -0.000175879
internal_weight=224 211 198
internal_count=224 211 198
is_linear=0
shrinkage=0.035


Tree=108
num_leaves=4
num_cat=0
split_feature=8 6 7
split_gain=0.932783 0.515583 1.97933
threshold=430.78148405664388 1.4268055555555559 50.577341269841277
decision_type=2 2 2
left_child=1 -1 -3
right_child=-2 2 -4
leaf_value=0.0033144391576269165 0.0022166240988164532 -0.029386181068062189 -3.7136680486948849e-06
leaf_weight=14.999999999999998 12.999999999999998 12.999999999999998 183
leaf_count=15 13 13 183
internal_value=0 -0.00057783 -0.00106599
internal_weight=224 211 196
internal_count=224 211 196
is_linear=0
shrinkage=0.035


Tree=109
num_leaves=5
num_cat=0
split_feature=8 0 5 4
split_gain=0.867835 0.55441 0.909156 0.455032
threshold=430.78148405664388 0.6078576107927941 23.41652777777778 -0.25000000000000028
decision_type=2 2 2 2
left_child=1 3 -3 -1
right_child=-2 2 -4 -5
leaf_value=-0.0066939658780267629 0.0021390422553578792 0.012335401128644233 3.6302065462590073e-05 -4.4745944992605759e-05
leaf_weight=29 12.999999999999998 11.999999999999998 49 121
leaf_count=29 13 12 49 121
internal_value=0.000311111 -0.000247642 0.00254032 -0.00139073
internal_weight=224 211 61 150
internal_count=224 211 61 150
is_linear=0
shrinkage=0.035


Tree=110
num_leaves=7
num_cat=0
split_feature=5 5 6 5 5 3
split_gain=0.533824 1.27937 1.52433 0.972281 0.749321 0.499354
threshold=113.49875 58.460277777777783 29.774444444444445 210.59388888888893 266.45500000000004 1.0000000180025095e-35
decision_type=2 2 2 2 2 2
left_child=1 2 -1 5 -5 -2
right_child=3 -3 -4 4 -6 -7
leaf_value=0.0026320878358025313 -0.015455791926149086 0.0096039454328857559 -0.0035247626639419443 0.005933347810677057 -4.31798369178571e-05 -0.0010072534160067994
leaf_weight=26 25 30 58 14.999999999999998 53 17
leaf_count=26 25 30 58 15 53 17
internal_value=0.000155556 0.00182609 -0.000411765 -0.00157658 0.00101449 -0.00569767
internal_weight=224 114 84 110 68 42
internal_count=224 114 84 110 68 42
is_linear=0
shrinkage=0.035


Tree=111
num_leaves=5
num_cat=0
split_feature=8 5 5 5
split_gain=0.516419 0.475304 0.943835 0.57222
threshold=424.53070854461322 113.49875 210.59388888888893 1.0000000180025095e-35
decision_type=2 2 2 2
left_child=1 3 -3 -1
right_child=-2 2 -4 -5
leaf_value=-0.056287289264660055 0.0010954104735364201 -0.0053804532295186761 4.6322649043863964e-05 0.0019585624643219139
leaf_weight=11.999999999999998 15.999999999999998 40 65 91
leaf_count=12 16 40 65 91
internal_value=0.000311111 -0.000167464 -0.00181604 0.00151442
internal_weight=224 208 105 103
internal_count=224 208 105 103
is_linear=0
shrinkage=0.035


Tree=112
num_leaves=4
num_cat=0
split_feature=8 6 7
split_gain=0.572474 0.503491 1.35899
threshold=424.53070854461322 1.4268055555555559 77.706884920634934
decision_type=2 2 2
left_child=1 -1 -3
right_child=-2 2 -4
leaf_value=0.0030393271346803321 0.0010570711069626483 -0.017216335516048165 3.9811425537152894e-05
leaf_weight=14.999999999999998 15.999999999999998 27 166
leaf_count=15 16 27 166
internal_value=0 -0.000502392 -0.000992268
internal_weight=224 208 193
internal_count=224 208 193
is_linear=0
shrinkage=0.035


Tree=113
num_leaves=4
num_cat=0
split_feature=8 6 7
split_gain=0.516419 0.552669 1.09325
threshold=424.53070854461322 8.1113888888888841 77.706884920634934
decision_type=2 2 2
left_child=1 -1 -3
right_child=-2 2 -4
leaf_value=0.0027421743821113721 0.0010200736182189563 -0.022225367225781768 4.3307956433520372e-05
leaf_weight=18 15.999999999999998 25 165
leaf_count=18 16 25 165
internal_value=0.000311111 -0.000167464 -0.000732984
internal_weight=224 208 190
internal_count=224 208 190
is_linear=0
shrinkage=0.035


Tree=114
num_leaves=7
num_cat=0
split_feature=0 5 5 8 7 5
split_gain=0.47955 1.06662 0.829171 0.618285 0.709309 0.332308
threshold=0.6078576107927941 23.41652777777778 58.460277777777783 350.84051106293094 91.265357142857141 181.15555555555559
decision_type=2 2 2 2 2 2
left_child=3 -2 -3 4 -1 -5
right_child=1 2 -4 5 -6 -7
leaf_value=0.0026949477329648633 0.0025439805677160733 -0.0011057218957285066 0.0013843571677638257 4.3011090715598945e-05 -0.0018089505366524785 0.0014960224120879231
leaf_weight=37 12.999999999999998 18 33 12.000000000000002 99 11.999999999999998
leaf_count=37 13 18 33 12 99 12
internal_value=0.000155556 0.00269231 0.000336538 -0.000869565 -0.00178832 0.0042
internal_weight=224 64 51 160 136 24
internal_count=224 64 51 160 136 24
is_linear=0
shrinkage=0.035


Tree=115
num_leaves=7
num_cat=0
split_feature=0 5 0 6 8 8
split_gain=0.422738 1.06662 0.495896 2.13387 0.830705 0.459135
threshold=0.6078576107927941 23.41652777777778 -0.8783796973249266 231.48944444444447 282.55928354172323 325.05168133416447
decision_type=2 2 2 2 2 2
left_child=2 -2 3 -1 -4 -3
right_child=1 5 4 -5 -6 -7
leaf_value=0.011257491459211731 0.0024549412478460102 0.0013359046668920984 -0.0058526255220118688 -0.0029634162750268801 0.0020607104629990981 -0.0010670216293779955
leaf_weight=20 12.999999999999998 39 94 11.999999999999998 34 11.999999999999998
leaf_count=20 13 39 94 12 34 12
internal_value=0.000311111 0.00269231 -0.000652174 0.00318182 -0.00162791 0.000336538
internal_weight=224 64 160 32 128 51
internal_count=224 64 160 32 128 51
is_linear=0
shrinkage=0.035


Tree=116
num_leaves=7
num_cat=0
split_feature=5 5 6 5 5 6
split_gain=0.530231 1.15456 1.04514 0.751036 1.32339 0.602791
threshold=113.49875 58.460277777777783 1.4268055555555559 210.59388888888893 266.45500000000004 105.37750000000001
decision_type=2 2 2 2 2 2
left_child=1 2 -1 5 -5 -2
right_child=3 -3 -4 4 -6 -7
leaf_value=0.0029474933042092748 -2.1874171330473759e-05 0.0090862583732780142 -0.00088367704606968195 0.0059893053282711068 -0.00033573569067521183 -0.0087997209238583132
leaf_weight=12.999999999999998 18 30 71 14.999999999999998 53 24
leaf_count=13 18 30 71 15 53 24
internal_value=0.000466667 0.00213043 0 -0.00126126 0.00101449 -0.00488372
internal_weight=224 114 84 110 68 42
internal_count=224 114 84 110 68 42
is_linear=0
shrinkage=0.035


Tree=117
num_leaves=6
num_cat=0
split_feature=0 5 8 6 5
split_gain=0.569747 0.935852 0.59492 0.81586 0.527551
threshold=0.6078576107927941 23.41652777777778 35.938135230660727 16.820138888888888 58.460277777777783
decision_type=2 2 2 2 2
left_child=2 -2 -1 -4 -3
right_child=1 4 3 -5 -6
leaf_value=0.002487447412516768 0.0023999470007838421 -0.00099874717573731351 -0.016043376240532203 -0.00016350900215899246 0.00097112896048614963
leaf_weight=12.999999999999998 12.999999999999998 18 19 128 33
leaf_count=13 13 18 19 128 33
internal_value=0.000466667 0.00323077 -0.000652174 -0.00130068 0.00100962
internal_weight=224 64 160 147 51
internal_count=224 64 160 147 51
is_linear=0
shrinkage=0.035


Tree=118
num_leaves=5
num_cat=0
split_feature=5 8 5 6
split_gain=0.871652 0.63598 0.750199 0.357955
threshold=339.72000000000008 424.53070854461322 210.59388888888893 164.65319444444449
decision_type=2 2 2 2
left_child=1 2 -1 -2
right_child=3 -3 -4 -5
leaf_value=-0.00018342740772211654 -0.0015233218103500158 0.00049245446134176256 0.0054925978057099823 0.0019117075669001673
leaf_weight=143 21 12.999999999999998 33 13.999999999999998
leaf_count=143 21 13 33 14
internal_value=0.000622222 0.00156579 0.000988701 -0.004375
internal_weight=224 189 176 35
internal_count=224 189 176 35
is_linear=0
shrinkage=0.035


Tree=119
num_leaves=5
num_cat=0
split_feature=5 8 5 6
split_gain=0.871652 0.63598 0.750199 0.357955
threshold=339.72000000000008 424.53070854461322 210.59388888888893 164.65319444444449
decision_type=2 2 2 2
left_child=1 2 -1 -2
right_child=3 -3 -4 -5
leaf_value=-0.0001770074484518336 -0.0014700055469877783 0.00047521855519479852 0.0053003568825101292 0.0018447978020586688
leaf_weight=143 21 12.999999999999998 33 13.999999999999998
leaf_count=143 21 13 33 14
internal_value=0.000622222 0.00156579 0.000988701 -0.004375
internal_weight=224 189 176 35
internal_count=224 189 176 35
is_linear=0
shrinkage=0.035


end of trees

feature_importances:
lag_2d=131
mean_2_8d=127
std_2_8d=114
dow_sin=68
month_cos=47
dow_cos=46
lag_7d=46
month_sin=35

parameters:
[boosting: gbdt]
[objective: quantile]
[metric: quantile]
[tree_learner: serial]
[device_type: cpu]
[data_sample_strategy: bagging]
[data: ]
[valid: ]
[num_iterations: 120]
[learning_rate: 0.035]
[num_leaves: 7]
[num_threads: 1]
[seed: 20260901]
[deterministic: 1]
[force_col_wise: 0]
[force_row_wise: 0]
[histogram_pool_size: -1]
[max_depth: 3]
[min_data_in_leaf: 12]
[min_sum_hessian_in_leaf: 0.001]
[bagging_fraction: 1]
[pos_bagging_fraction: 1]
[neg_bagging_fraction: 1]
[bagging_freq: 0]
[bagging_seed: 12992]
[bagging_by_query: 0]
[feature_fraction: 1]
[feature_fraction_bynode: 1]
[feature_fraction_seed: 30141]
[extra_trees: 0]
[extra_seed: 31421]
[early_stopping_round: 0]
[early_stopping_min_delta: 0]
[first_metric_only: 0]
[max_delta_step: 0]
[lambda_l1: 0]
[lambda_l2: 1]
[linear_lambda: 0]
[min_gain_to_split: 0]
[drop_rate: 0.1]
[max_drop: 50]
[skip_drop: 0.5]
[xgboost_dart_mode: 0]
[uniform_drop: 0]
[drop_seed: 11049]
[top_rate: 0.2]
[other_rate: 0.1]
[min_data_per_group: 100]
[max_cat_threshold: 32]
[cat_l2: 10]
[cat_smooth: 10]
[max_cat_to_onehot: 4]
[top_k: 20]
[monotone_constraints: ]
[monotone_constraints_method: basic]
[monotone_penalty: 0]
[feature_contri: ]
[forcedsplits_filename: ]
[refit_decay_rate: 0.9]
[cegb_tradeoff: 1]
[cegb_penalty_split: 0]
[cegb_penalty_feature_lazy: ]
[cegb_penalty_feature_coupled: ]
[path_smooth: 0]
[interaction_constraints: ]
[verbosity: -1]
[saved_feature_importance_type: 0]
[use_quantized_grad: 0]
[num_grad_quant_bins: 4]
[quant_train_renew_leaf: 0]
[stochastic_rounding: 1]
[linear_tree: 0]
[max_bin: 255]
[max_bin_by_feature: ]
[min_data_in_bin: 3]
[bin_construct_sample_cnt: 200000]
[data_random_seed: 5023]
[is_enable_sparse: 1]
[enable_bundle: 1]
[use_missing: 1]
[zero_as_missing: 0]
[feature_pre_filter: 1]
[pre_partition: 0]
[two_round: 0]
[header: 0]
[label_column: ]
[weight_column: ]
[group_column: ]
[ignore_column: ]
[categorical_feature: ]
[forcedbins_filename: ]
[precise_float_parser: 0]
[parser_config_file: ]
[objective_seed: 6921]
[num_class: 1]
[is_unbalance: 0]
[scale_pos_weight: 1]
[sigmoid: 1]
[boost_from_average: 1]
[reg_sqrt: 0]
[alpha: 0.5]
[fair_c: 1]
[poisson_max_delta_step: 0.7]
[tweedie_variance_power: 1.5]
[lambdarank_truncation_level: 30]
[lambdarank_norm: 1]
[label_gain: ]
[lambdarank_position_bias_regularization: 0]
[eval_at: ]
[multi_error_top_k: 1]
[auc_mu_weights: ]
[num_machines: 1]
[local_listen_port: 12400]
[time_out: 120]
[machine_list_filename: ]
[machines: ]
[gpu_platform_id: -1]
[gpu_device_id: -1]
[gpu_use_dp: 0]
[num_gpu: 1]

end of parameters

pandas_categorical:[]
