tree
version=v4
num_class=1
num_tree_per_iteration=1
label_index=0
max_feature_idx=8
objective=quantile
feature_names=dow_sin dow_cos weekend month_sin month_cos lag_2d lag_7d mean_2_8d std_2_8d
feature_infos=[-0.97492791218182362:0.97492791218182362] [-0.90096886790241903:1] [0:1] [-1:0.8660254037844386] [-0.86602540378443882:1] [0:1922.1350000000002] [0:1922.1350000000002] [0:471.89861111111117] [0:669.8997268780696]
tree_sizes=560 596 631 694 631 634 633 696 634 634 635 698 699 699 635 700 700 701 636 701 635 700 637 700 637 700 635 700 621 699 583 619 585 622 700 581 499 500 500 500 500 500 499 500 499 612 501 609 600 587 619 701 597 619 619 618 583 600 589 618 619 591 768 602 623 605 619 621 701 589 619 619 615 616 813 618 618 602 503 717 514 718 799 717 584 738 773 500 702 519 603 635 603 519 703 619 602 578 620 620 595 641 821 802 782 779 620 784 783 608 609 503 608 817 726 796 772 686 765 722

Tree=0
num_leaves=5
num_cat=0
split_feature=0 6 3 7
split_gain=0.492604 0.559991 0.540781 0.262543
threshold=-0.8783796973249266 42.892638888888897 -0.6830127018922193 132.53569444444449
decision_type=2 2 2 2
left_child=2 -2 -1 -3
right_child=1 3 -4 -5
leaf_value=6.194266703522187 6.1524658657853566 6.1631158568466731 6.1707133132483536 6.1847906801294625
leaf_weight=12.999999999999998 58 40 19 95
leaf_count=13 58 40 19 95
internal_value=6.18025 6.17957 6.1842 6.18081
internal_weight=225 193 32 135
internal_count=225 193 32 135
is_linear=0
shrinkage=1


Tree=1
num_leaves=5
num_cat=0
split_feature=0 6 3 7
split_gain=0.492604 0.559991 0.540781 0.262543
threshold=-0.8783796973249266 42.892638888888897 -0.6830127018922193 132.53569444444449
decision_type=2 2 2 2
left_child=2 -2 -1 -3
right_child=1 3 -4 -5
leaf_value=0.013605562506240851 -0.026732245909800747 -0.016455004535630452 -0.0091234591080086389 0.0044611999322615638
leaf_weight=12.999999999999998 58 40 19 95
leaf_count=13 58 40 19 95
internal_value=7.74328e-05 -0.000595362 0.0040303 0.000643382
internal_weight=225 193 32 135
internal_count=225 193 32 135
is_linear=0
shrinkage=0.035


Tree=2
num_leaves=5
num_cat=0
split_feature=8 7 3 3
split_gain=0.38265 0.880816 0.823722 0.0581464
threshold=318.76643044673727 313.41392857142858 0.68301270189221941 -0.93301270189221908
decision_type=2 2 2 2
left_child=1 2 -1 -2
right_child=3 -3 -4 -5
leaf_value=-0.0048697723958755464 -0.027205552042290485 0.013896491278826133 0.026067489426413456 -0.014887847011309874
leaf_weight=150 11.999999999999998 12.999999999999998 14.999999999999998 35
leaf_count=150 12 13 15 35
internal_value=7.74328e-05 0.000821228 0.000105421 -0.00269792
internal_weight=225 178 165 47
internal_count=225 178 165 47
is_linear=0
shrinkage=0.035


Tree=3
num_leaves=6
num_cat=0
split_feature=0 3 6 7 7
split_gain=0.454888 0.540781 0.409196 0.262543 0.0561375
threshold=-0.8783796973249266 -0.6830127018922193 42.892638888888897 132.53569444444449 43.600238095238105
decision_type=2 2 2 2 2
left_child=1 -1 4 -4 -2
right_child=2 -3 3 -5 -6
leaf_value=0.013168445818737662 -0.032438470357562088 -0.0084845533295120328 -0.015708637343027753 0.0041027674148409214 -0.025537017106102698
leaf_weight=12.999999999999998 12.999999999999998 19 40 95 45
leaf_count=13 13 19 40 95 45
internal_value=0.0002323 0.0040303 -0.000414949 0.000643382 -0.00284746
internal_weight=225 32 193 135 58
internal_count=225 32 193 135 58
is_linear=0
shrinkage=0.035


Tree=4
num_leaves=5
num_cat=0
split_feature=8 7 3 3
split_gain=0.38265 0.880816 0.823722 0.0581464
threshold=318.76643044673727 313.41392857142858 0.68301270189221941 -0.93301270189221908
decision_type=2 2 2 2
left_child=1 2 -1 -2
right_child=3 -3 -4 -5
leaf_value=-0.0044061396305879663 -0.025463301639987012 0.013555502239738337 0.025011530436969565 -0.014269579342516298
leaf_weight=150 11.999999999999998 12.999999999999998 14.999999999999998 35
leaf_count=150 12 13 15 35
internal_value=7.74328e-05 0.000821228 0.000105421 -0.00269792
internal_weight=225 178 165 47
internal_count=225 178 165 47
is_linear=0
shrinkage=0.035


Tree=5
num_leaves=5
num_cat=0
split_feature=8 7 3 3
split_gain=0.341309 0.922156 0.448722 0.0581464
threshold=318.76643044673727 313.41392857142858 0.68301270189221941 -0.93301270189221908
decision_type=2 2 2 2
left_child=1 2 -1 -2
right_child=3 -3 -4 -5
leaf_value=-0.0042519247435173742 -0.024572086082587465 0.013081059661347507 0.024136126871675646 -0.013770144065528213
leaf_weight=150 11.999999999999998 12.999999999999998 14.999999999999998 35
leaf_count=150 12 13 15 35
internal_value=-7.74345e-05 0.000625697 -0.000105423 -0.00269792
internal_weight=225 178 165 47
internal_count=225 178 165 47
is_linear=0
shrinkage=0.035


Tree=6
num_leaves=5
num_cat=0
split_feature=8 7 3 3
split_gain=0.341309 0.922156 0.448722 0.0581464
threshold=318.76643044673727 313.41392857142858 0.68301270189221941 -0.93301270189221908
decision_type=2 2 2 2
left_child=1 2 -1 -2
right_child=3 -3 -4 -5
leaf_value=-0.0041031073774942684 -0.02371206306969691 0.012623222573200343 0.023291362431167008 -0.013288189023234717
leaf_weight=150 11.999999999999998 12.999999999999998 14.999999999999998 35
leaf_count=150 12 13 15 35
internal_value=-7.74345e-05 0.000625697 -0.000105423 -0.00269792
internal_weight=225 178 165 47
internal_count=225 178 165 47
is_linear=0
shrinkage=0.035


Tree=7
num_leaves=6
num_cat=0
split_feature=0 3 6 7 7
split_gain=0.492604 0.540781 0.350919 0.208621 0.0561375
threshold=-0.8783796973249266 -0.6830127018922193 42.892638888888897 132.53569444444449 43.600238095238105
decision_type=2 2 2 2 2
left_child=1 -1 4 -4 -2
right_child=2 -3 3 -5 -6
leaf_value=0.012790044011890612 -0.030856482883741435 -0.0073052296957662136 -0.014712194024715771 0.0036775140989562423 -0.022915870875429345
leaf_weight=12.999999999999998 12.999999999999998 19 40 95 45
leaf_count=13 13 19 40 95 45
internal_value=7.74328e-05 0.0040303 -0.000595362 0.000386029 -0.00284746
internal_weight=225 32 193 135 58
internal_count=225 32 193 135 58
is_linear=0
shrinkage=0.035


Tree=8
num_leaves=5
num_cat=0
split_feature=8 7 3 3
split_gain=0.341309 0.922156 0.448722 0.0581464
threshold=318.76643044673727 313.41392857142858 0.68301270189221941 -0.93301270189221908
decision_type=2 2 2 2
left_child=1 2 -1 -2
right_child=3 -3 -4 -5
leaf_value=-0.0035128939634542582 -0.022173162473131579 0.012296425705310908 0.022347451752612695 -0.012721178092796135
leaf_weight=150 11.999999999999998 12.999999999999998 14.999999999999998 35
leaf_count=150 12 13 15 35
internal_value=-7.74345e-05 0.000625697 -0.000105423 -0.00269792
internal_weight=225 178 165 47
internal_count=225 178 165 47
is_linear=0
shrinkage=0.035


Tree=9
num_leaves=5
num_cat=0
split_feature=8 7 3 3
split_gain=0.341309 0.922156 0.448722 0.0581464
threshold=318.76643044673727 313.41392857142858 0.68301270189221941 -0.93301270189221908
decision_type=2 2 2 2
left_child=1 2 -1 -2
right_child=3 -3 -4 -5
leaf_value=-0.0033899426747333642 -0.021397101786571979 0.011866050805625019 0.021565290941271239 -0.012275936859548258
leaf_weight=150 11.999999999999998 12.999999999999998 14.999999999999998 35
leaf_count=150 12 13 15 35
internal_value=-7.74345e-05 0.000625697 -0.000105423 -0.00269792
internal_weight=225 178 165 47
internal_count=225 178 165 47
is_linear=0
shrinkage=0.035


Tree=10
num_leaves=5
num_cat=0
split_feature=8 7 3 3
split_gain=0.341309 0.922156 0.448722 0.0581464
threshold=318.76643044673727 313.41392857142858 0.68301270189221941 -0.93301270189221908
decision_type=2 2 2 2
left_child=1 2 -1 -2
right_child=3 -3 -4 -5
leaf_value=-0.0032712946811177005 -0.020648203224041945 0.011450739027428146 0.020810505758326759 -0.011846279069464078
leaf_weight=150 11.999999999999998 12.999999999999998 14.999999999999998 35
leaf_count=150 12 13 15 35
internal_value=-7.74345e-05 0.000625697 -0.000105423 -0.00269792
internal_weight=225 178 165 47
internal_count=225 178 165 47
is_linear=0
shrinkage=0.035


Tree=11
num_leaves=6
num_cat=0
split_feature=0 6 3 0 7
split_gain=0.322929 0.297037 0.283639 0.209062 0.0561375
threshold=-0.8783796973249266 42.892638888888897 -0.6830127018922193 0.6078576107927941 43.600238095238105
decision_type=2 2 2 2 2
left_child=2 4 -1 -3 -2
right_child=1 3 -4 -5 -6
leaf_value=0.012656832382419287 -0.029420411386634798 -0.0030533426718862143 -0.0062672230442472028 0.010047787431053728 -0.020622791723477151
leaf_weight=12.999999999999998 12.999999999999998 83 19 52 45
leaf_count=13 13 83 19 52 45
internal_value=-0.000232302 -0.000775774 0.0029697 0.000128676 -0.00284746
internal_weight=225 193 32 135 58
internal_count=225 193 32 135 58
is_linear=0
shrinkage=0.035


Tree=12
num_leaves=6
num_cat=0
split_feature=0 6 3 0 7
split_gain=0.322929 0.297037 0.283639 0.209062 0.0561375
threshold=-0.8783796973249266 42.892638888888897 -0.6830127018922193 0.6078576107927941 43.600238095238105
decision_type=2 2 2 2 2
left_child=2 4 -1 -3 -2
right_child=1 3 -4 -5 -6
leaf_value=0.012213843249034599 -0.028390696988102572 -0.0029464756783702064 -0.0060478702376985469 0.0096961148709668443 -0.019900994013155444
leaf_weight=12.999999999999998 12.999999999999998 83 19 52 45
leaf_count=13 13 83 19 52 45
internal_value=-0.000232302 -0.000775774 0.0029697 0.000128676 -0.00284746
internal_weight=225 193 32 135 58
internal_count=225 193 32 135 58
is_linear=0
shrinkage=0.035


Tree=13
num_leaves=6
num_cat=0
split_feature=0 6 3 0 7
split_gain=0.322929 0.297037 0.283639 0.209062 0.0561375
threshold=-0.8783796973249266 42.892638888888897 -0.6830127018922193 0.6078576107927941 43.600238095238105
decision_type=2 2 2 2 2
left_child=2 4 -1 -3 -2
right_child=1 3 -4 -5 -6
leaf_value=0.011786358735318402 -0.027397022593518977 -0.0028433490296272514 -0.0058361947793790997 0.0093567508504830022 -0.019204459222695012
leaf_weight=12.999999999999998 12.999999999999998 83 19 52 45
leaf_count=13 13 83 19 52 45
internal_value=-0.000232302 -0.000775774 0.0029697 0.000128676 -0.00284746
internal_weight=225 193 32 135 58
internal_count=225 193 32 135 58
is_linear=0
shrinkage=0.035


Tree=14
num_leaves=5
num_cat=0
split_feature=8 7 3 3
split_gain=0.341309 0.922156 0.448722 0.0581464
threshold=318.76643044673727 313.41392857142858 0.68301270189221941 -0.93301270189221908
decision_type=2 2 2 2
left_child=1 2 -1 -2
right_child=3 -3 -4 -5
leaf_value=-0.0025628291538493525 -0.018013125776232083 0.011301599437790289 0.019860434984348741 -0.010926678173514906
leaf_weight=150 11.999999999999998 12.999999999999998 14.999999999999998 35
leaf_count=150 12 13 15 35
internal_value=-7.74345e-05 0.000625697 -0.000105423 -0.00269792
internal_weight=225 178 165 47
internal_count=225 178 165 47
is_linear=0
shrinkage=0.035


Tree=15
num_leaves=6
num_cat=0
split_feature=0 3 6 6 7
split_gain=0.354715 0.283639 0.247553 0.262499 0.0561375
threshold=-0.8783796973249266 -0.6830127018922193 42.892638888888897 218.19652777777779 43.600238095238105
decision_type=2 2 2 2 2
left_child=1 -1 4 -4 -2
right_child=2 -3 3 -5 -6
leaf_value=0.011463535199966991 -0.026348427782361083 -0.0054050918354299846 0.0047258888715940488 -0.0037815252875556351 -0.018118148467726143
leaf_weight=12.999999999999998 12.999999999999998 19 84 51 45
leaf_count=13 13 19 84 51 45
internal_value=-0.000387169 0.0029697 -0.000956186 -0.000128677 -0.00284746
internal_weight=225 32 193 135 58
internal_count=225 32 193 135 58
is_linear=0
shrinkage=0.035


Tree=16
num_leaves=6
num_cat=0
split_feature=0 3 6 6 7
split_gain=0.354715 0.283639 0.247553 0.262499 0.0561375
threshold=-0.8783796973249266 -0.6830127018922193 42.892638888888897 218.19652777777779 43.600238095238105
decision_type=2 2 2 2 2
left_child=1 -1 4 -4 -2
right_child=2 -3 3 -5 -6
leaf_value=0.011062311467968145 -0.025426232809978442 -0.0052159136211899484 0.0045604827610882673 -0.0036491719024911852 -0.017484013271355719
leaf_weight=12.999999999999998 12.999999999999998 19 84 51 45
leaf_count=13 13 19 84 51 45
internal_value=-0.000387169 0.0029697 -0.000956186 -0.000128677 -0.00284746
internal_weight=225 32 193 135 58
internal_count=225 32 193 135 58
is_linear=0
shrinkage=0.035


Tree=17
num_leaves=6
num_cat=0
split_feature=8 3 5 3 3
split_gain=0.291903 0.704757 0.400245 0.282218 0.0609076
threshold=300.70467854609109 1.0000000180025095e-35 247.80375000000001 -0.6830127018922193 -0.93301270189221908
decision_type=2 2 2 2 2
left_child=1 3 -3 -1 -2
right_child=4 2 -4 -5 -6
leaf_value=0.0023446754067631618 -0.016293700992034279 0.020259595945472046 -0.0043369592180630785 -0.015828062204229821 -0.0091901101420450333
leaf_weight=67 11.999999999999998 22 11.999999999999998 71 41
leaf_count=67 12 22 12 71 41
internal_value=-0.000542036 0.000161849 0.0046 -0.000956835 -0.00278704
internal_weight=225 172 34 138 53
internal_count=225 172 34 138 53
is_linear=0
shrinkage=0.035


Tree=18
num_leaves=5
num_cat=0
split_feature=8 7 3 3
split_gain=0.302292 0.495181 0.448722 0.0581464
threshold=318.76643044673727 313.41392857142858 0.68301270189221941 -0.93301270189221908
decision_type=2 2 2 2
left_child=1 2 -1 -2
right_child=3 -3 -4 -5
leaf_value=-0.0029385700244439782 -0.015723421457313078 0.010615989760940558 0.018482269144641138 -0.0098955197977354491
leaf_weight=150 11.999999999999998 12.999999999999998 14.999999999999998 35
leaf_count=150 12 13 15 35
internal_value=-0.000232302 0.000430167 -0.000105423 -0.00269792
internal_weight=225 178 165 47
internal_count=225 178 165 47
is_linear=0
shrinkage=0.035


Tree=19
num_leaves=6
num_cat=0
split_feature=8 3 5 3 3
split_gain=0.333481 0.642246 0.400245 0.201922 0.0609076
threshold=300.70467854609109 1.0000000180025095e-35 247.80375000000001 -0.6830127018922193 -0.93301270189221908
decision_type=2 2 2 2 2
left_child=1 3 -3 -1 -2
right_child=4 2 -4 -5 -6
leaf_value=0.0023654617183819855 -0.015173101706307122 0.018931162783007872 -0.0040823156945753464 -0.015171230076226224 -0.0085221130941527043
leaf_weight=67 11.999999999999998 22 11.999999999999998 71 41
leaf_count=67 12 22 12 71 41
internal_value=-0.000387169 0.000364161 0.0046 -0.000705037 -0.00278704
internal_weight=225 172 34 138 53
internal_count=225 172 34 138 53
is_linear=0
shrinkage=0.035


Tree=20
num_leaves=5
num_cat=0
split_feature=8 7 3 3
split_gain=0.302292 0.495181 0.448722 0.0581464
threshold=318.76643044673727 313.41392857142858 0.68301270189221941 -0.93301270189221908
decision_type=2 2 2 2
left_child=1 2 -1 -2
right_child=3 -3 -4 -5
leaf_value=-0.0028489238069529894 -0.014642043146586368 0.00982055651340406 0.017172799027173419 -0.0092509026465193486
leaf_weight=150 11.999999999999998 12.999999999999998 14.999999999999998 35
leaf_count=150 12 13 15 35
internal_value=-0.000232302 0.000430167 -0.000105423 -0.00269792
internal_weight=225 178 165 47
internal_count=225 178 165 47
is_linear=0
shrinkage=0.035


Tree=21
num_leaves=6
num_cat=0
split_feature=8 3 5 3 3
split_gain=0.333481 0.642246 0.400245 0.201922 0.0609076
threshold=300.70467854609109 1.0000000180025095e-35 247.80375000000001 -0.6830127018922193 -0.93301270189221908
decision_type=2 2 2 2 2
left_child=1 3 -3 -1 -2
right_child=4 2 -4 -5 -6
leaf_value=0.0023823828914819696 -0.014129571636455854 0.017693257097288688 -0.003839722312021844 -0.014540524690314959 -0.0079000575432291876
leaf_weight=67 11.999999999999998 22 11.999999999999998 71 41
leaf_count=67 12 22 12 71 41
internal_value=-0.000387169 0.000364161 0.0046 -0.000705037 -0.00278704
internal_weight=225 172 34 138 53
internal_count=225 172 34 138 53
is_linear=0
shrinkage=0.035


Tree=22
num_leaves=5
num_cat=0
split_feature=8 7 3 3
split_gain=0.302292 0.495181 0.448722 0.0581464
threshold=318.76643044673727 313.41392857142858 0.68301270189221941 -0.93301270189221908
decision_type=2 2 2 2
left_child=1 2 -1 -2
right_child=3 -3 -4 -5
leaf_value=-0.0026271326686905768 -0.013635036629179894 0.0090832098323186082 0.015952487062817232 -0.0086506190398781633
leaf_weight=150 11.999999999999998 12.999999999999998 14.999999999999998 35
leaf_count=150 12 13 15 35
internal_value=-0.000232302 0.000430167 -0.000105423 -0.00269792
internal_weight=225 178 165 47
internal_count=225 178 165 47
is_linear=0
shrinkage=0.035


Tree=23
num_leaves=6
num_cat=0
split_feature=8 3 5 3 3
split_gain=0.333481 0.642246 0.400245 0.201922 0.0609076
threshold=300.70467854609109 1.0000000180025095e-35 247.80375000000001 -0.6830127018922193 -0.93301270189221908
decision_type=2 2 2 2 2
left_child=1 3 -3 -1 -2
right_child=4 2 -4 -5 -6
leaf_value=0.0023909491336842731 -0.01315781034715861 0.016539698642367328 -0.0036133823876969054 -0.013939656682749779 -0.0073207838628204297
leaf_weight=67 11.999999999999998 22 11.999999999999998 71 41
leaf_count=67 12 22 12 71 41
internal_value=-0.000387169 0.000364161 0.0046 -0.000705037 -0.00278704
internal_weight=225 172 34 138 53
internal_count=225 172 34 138 53
is_linear=0
shrinkage=0.035


Tree=24
num_leaves=5
num_cat=0
split_feature=8 7 3 3
split_gain=0.302292 0.495181 0.448722 0.0581464
threshold=318.76643044673727 313.41392857142858 0.68301270189221941 -0.93301270189221908
decision_type=2 2 2 2
left_child=1 2 -1 -2
right_child=3 -3 -4 -5
leaf_value=-0.0022322416178517921 -0.012697286985008053 0.0083997638281878891 0.014815260563135788 -0.0080916199382836933
leaf_weight=150 11.999999999999998 12.999999999999998 14.999999999999998 35
leaf_count=150 12 13 15 35
internal_value=-0.000232302 0.000430167 -0.000105423 -0.00269792
internal_weight=225 178 165 47
internal_count=225 178 165 47
is_linear=0
shrinkage=0.035


Tree=25
num_leaves=6
num_cat=0
split_feature=8 3 7 3 3
split_gain=0.291903 0.422989 0.579312 0.201922 0.0609076
threshold=300.70467854609109 1.0000000180025095e-35 215.84255952380957 -0.6830127018922193 -0.93301270189221908
decision_type=2 2 2 2 2
left_child=1 3 -3 -1 -2
right_child=4 2 -4 -5 -6
leaf_value=0.0023853943706301367 -0.01225288194053276 -0.0057413943421634117 0.020800102697973066 -0.013373640242228714 -0.0067813497297817549
leaf_weight=67 11.999999999999998 15.999999999999998 18 71 41
leaf_count=67 12 16 18 71 41
internal_value=-0.000542036 0.000161849 0.0036 -0.000705037 -0.00278704
internal_weight=225 172 34 138 53
internal_count=225 172 34 138 53
is_linear=0
shrinkage=0.035


Tree=26
num_leaves=5
num_cat=0
split_feature=8 7 3 3
split_gain=0.302292 0.495181 0.448722 0.0581464
threshold=318.76643044673727 313.41392857142858 0.68301270189221941 -0.93301270189221908
decision_type=2 2 2 2
left_child=1 2 -1 -2
right_child=3 -3 -4 -5
leaf_value=-0.0027729436589415527 -0.011824031072614097 0.0076169850425551779 0.0139403041176302 -0.0075710659999013727
leaf_weight=150 11.999999999999998 12.999999999999998 14.999999999999998 35
leaf_count=150 12 13 15 35
internal_value=-0.000232302 0.000430167 -0.000105423 -0.00269792
internal_weight=225 178 165 47
internal_count=225 178 165 47
is_linear=0
shrinkage=0.035


Tree=27
num_leaves=6
num_cat=0
split_feature=8 3 7 3 3
split_gain=0.291903 0.422989 0.579312 0.201922 0.0609076
threshold=300.70467854609109 1.0000000180025095e-35 215.84255952380957 -0.6830127018922193 -0.93301270189221908
decision_type=2 2 2 2 2
left_child=1 3 -3 -1 -2
right_child=4 2 -4 -5 -6
leaf_value=0.0023989585957210442 -0.011410189985072587 -0.0060006154378510401 0.020169152131606957 -0.01280850980568776 -0.0067646606713935072
leaf_weight=67 11.999999999999998 15.999999999999998 18 71 41
leaf_count=67 12 16 18 71 41
internal_value=-0.000542036 0.000161849 0.0036 -0.000705037 -0.00278704
internal_weight=225 172 34 138 53
internal_count=225 172 34 138 53
is_linear=0
shrinkage=0.035


Tree=28
num_leaves=5
num_cat=0
split_feature=8 7 1 3
split_gain=0.265598 0.526224 0.233923 0.0581464
threshold=318.76643044673727 313.41392857142858 0.81174490092936691 -0.93301270189221908
decision_type=2 2 2 2
left_child=1 2 -1 -2
right_child=3 -3 -4 -5
leaf_value=0.0017762997648467205 -0.011010833335595042 0.0068753142052450202 -0.018346182776104437 -0.0070693155664060588
leaf_weight=140 11.999999999999998 12.999999999999998 25 35
leaf_count=140 12 13 25 35
internal_value=-0.000387169 0.000234636 -0.000316266 -0.00269792
internal_weight=225 178 165 47
internal_count=225 178 165 47
is_linear=0
shrinkage=0.035


Tree=29
num_leaves=6
num_cat=0
split_feature=8 3 7 3 3
split_gain=0.291903 0.422989 0.579312 0.201922 0.0609076
threshold=300.70467854609109 1.0000000180025095e-35 215.84255952380957 -0.6830127018922193 -0.93301270189221908
decision_type=2 2 2 2 2
left_child=1 3 -3 -1 -2
right_child=4 2 -4 -5 -6
leaf_value=0.0022528245531011765 -0.010625454168849221 -0.0058527643892958706 0.019401061315231092 -0.0124223824542583 -0.0063640174435158157
leaf_weight=67 11.999999999999998 15.999999999999998 18 71 41
leaf_count=67 12 16 18 71 41
internal_value=-0.000542036 0.000161849 0.0036 -0.000705037 -0.00278704
internal_weight=225 172 34 138 53
internal_count=225 172 34 138 53
is_linear=0
shrinkage=0.035


Tree=30
num_leaves=5
num_cat=0
split_feature=5 5 6 7
split_gain=0.224454 0.518755 0.298465 0.159087
threshold=10.072222222222218 44.999305555555559 44.933611111111119 132.53569444444449
decision_type=2 2 2 2
left_child=-1 3 -3 -2
right_child=1 2 -4 -5
leaf_value=-0.032137074361599779 0.010255178413472749 -0.0088527466442913476 -2.3538461748059317e-06 0.014219988411238567
leaf_weight=24 27 39 117 18
leaf_count=24 27 39 117 18
internal_value=-0.000232302 0.00015594 -0.000802549 0.00342391
internal_weight=225 201 156 45
internal_count=225 201 156 45
is_linear=0
shrinkage=0.035


Tree=31
num_leaves=5
num_cat=0
split_feature=8 7 4 3
split_gain=0.302292 0.495181 0.229957 0.0581464
threshold=318.76643044673727 313.41392857142858 0.6830127018922193 -0.93301270189221908
decision_type=2 2 2 2
left_child=1 2 -1 -2
right_child=3 -3 -4 -5
leaf_value=0.0030718772660593406 -0.0099746935964214797 0.0061784878716975109 -0.008136841891786031 -0.0065990665264426731
leaf_weight=92 11.999999999999998 12.999999999999998 73 35
leaf_count=92 12 13 73 35
internal_value=-0.000232302 0.000430167 -0.000105423 -0.00269792
internal_weight=225 178 165 47
internal_count=225 178 165 47
is_linear=0
shrinkage=0.035


Tree=32
num_leaves=5
num_cat=0
split_feature=6 6 3 3
split_gain=0.263943 0.397403 0.468254 0.222157
threshold=371.04986111111117 126.39375000000001 -1.0000000180025095e-35 -0.6830127018922193
decision_type=2 2 2 2
left_child=1 3 -3 -1
right_child=-2 2 -4 -5
leaf_value=0.0015263495274467826 -0.006940438481485507 -0.015547066198934376 0.012509332432995773 -0.011776305461816232
leaf_weight=66 30 31 44 54
leaf_count=66 30 31 44 54
internal_value=-0.000387169 8.92849e-05 0.00207237 -0.00115703
internal_weight=225 195 75 120
internal_count=225 195 75 120
is_linear=0
shrinkage=0.035


Tree=33
num_leaves=5
num_cat=0
split_feature=8 7 1 3
split_gain=0.265598 0.526224 0.233923 0.0581464
threshold=318.76643044673727 313.41392857142858 0.81174490092936691 -0.93301270189221908
decision_type=2 2 2 2
left_child=1 2 -1 -2
right_child=3 -3 -4 -5
leaf_value=0.0020122394362993754 -0.0096790015540073673 0.0055244141610332415 -0.016912710805753566 -0.0061251838511652045
leaf_weight=140 11.999999999999998 12.999999999999998 25 35
leaf_count=140 12 13 25 35
internal_value=-0.000387169 0.000234636 -0.000316266 -0.00269792
internal_weight=225 178 165 47
internal_count=225 178 165 47
is_linear=0
shrinkage=0.035


Tree=34
num_leaves=6
num_cat=0
split_feature=8 3 7 3 3
split_gain=0.333481 0.374867 0.579312 0.287957 0.0609076
threshold=300.70467854609109 1.0000000180025095e-35 215.84255952380957 -0.6830127018922193 -0.93301270189221908
decision_type=2 2 2 2 2
left_child=1 3 -3 -1 -2
right_child=4 2 -4 -5 -6
leaf_value=0.0023012344308826686 -0.0093402364996170942 -0.0060674532452302489 0.01815019341753785 -0.01136098632522364 -0.0054529306968243664
leaf_weight=67 11.999999999999998 15.999999999999998 18 71 41
leaf_count=67 12 16 18 71 41
internal_value=-0.000387169 0.000364161 0.0036 -0.000453238 -0.00278704
internal_weight=225 172 34 138 53
internal_count=225 172 34 138 53
is_linear=0
shrinkage=0.035


Tree=35
num_leaves=5
num_cat=0
split_feature=5 5 8 7
split_gain=0.270927 0.414889 0.481938 0.277329
threshold=10.072222222222218 44.999305555555559 82.480509450734644 187.06720238095244
decision_type=2 2 2 2
left_child=-1 2 -2 -3
right_child=1 3 -4 -5
leaf_value=-0.029870288519224669 0.011992348496268842 -0.011936974751963942 -0.0013218697602905873 0.00013184431177766349
leaf_weight=24 23 58 22 98
leaf_count=24 23 58 22 98
internal_value=7.74328e-05 0.000502474 0.00342391 -0.000356689
internal_weight=225 201 45 156
internal_count=225 201 45 156
is_linear=0
shrinkage=0.035


Tree=36
num_leaves=4
num_cat=0
split_feature=5 5 6
split_gain=0.270927 0.340639 0.216419
threshold=10.072222222222218 24.350694444444446 32.723333333333336
decision_type=2 2 2
left_child=-1 -2 -3
right_child=1 2 -4
leaf_value=-0.028824828421051815 0.01697034902840279 -0.017910564663651617 2.4258692767338233e-05
leaf_weight=24 21 35 145
leaf_count=24 21 35 145
internal_value=7.74328e-05 0.000502474 -8.29855e-10
internal_weight=225 201 180
internal_count=225 201 180
is_linear=0
shrinkage=0.035


Tree=37
num_leaves=4
num_cat=0
split_feature=5 5 6
split_gain=0.270927 0.340639 0.216419
threshold=10.072222222222218 24.350694444444446 32.723333333333336
decision_type=2 2 2
left_child=-1 -2 -3
right_child=1 2 -4
leaf_value=-0.027815959426314998 0.016376386812408678 -0.017283694900423818 2.3409638520477349e-05
leaf_weight=24 21 35 145
leaf_count=24 21 35 145
internal_value=7.74328e-05 0.000502474 -8.29855e-10
internal_weight=225 201 180
internal_count=225 201 180
is_linear=0
shrinkage=0.035


Tree=38
num_leaves=4
num_cat=0
split_feature=5 5 6
split_gain=0.270927 0.340639 0.216419
threshold=10.072222222222218 24.350694444444446 32.723333333333336
decision_type=2 2 2
left_child=-1 -2 -3
right_child=1 2 -4
leaf_value=-0.026842400846393982 0.015803213273974364 -0.016678765578908968 2.2590301172273852e-05
leaf_weight=24 21 35 145
leaf_count=24 21 35 145
internal_value=7.74328e-05 0.000502474 -8.29855e-10
internal_weight=225 201 180
internal_count=225 201 180
is_linear=0
shrinkage=0.035


Tree=39
num_leaves=4
num_cat=0
split_feature=5 5 6
split_gain=0.270927 0.340639 0.216419
threshold=10.072222222222218 24.350694444444446 32.723333333333336
decision_type=2 2 2
left_child=-1 -2 -3
right_child=1 2 -4
leaf_value=-0.025902916816770202 0.015250100809385258 -0.016095008783647141 2.1799640631257013e-05
leaf_weight=24 21 35 145
leaf_count=24 21 35 145
internal_value=7.74328e-05 0.000502474 -8.29855e-10
internal_weight=225 201 180
internal_count=225 201 180
is_linear=0
shrinkage=0.035


Tree=40
num_leaves=4
num_cat=0
split_feature=5 5 6
split_gain=0.270927 0.340639 0.216419
threshold=10.072222222222218 24.350694444444446 32.723333333333336
decision_type=2 2 2
left_child=-1 -2 -3
right_child=1 2 -4
leaf_value=-0.024996314728183242 0.014716347281056788 -0.015531683476219475 2.1036653209160996e-05
leaf_weight=24 21 35 145
leaf_count=24 21 35 145
internal_value=7.74328e-05 0.000502474 -8.29855e-10
internal_weight=225 201 180
internal_count=225 201 180
is_linear=0
shrinkage=0.035


Tree=41
num_leaves=4
num_cat=0
split_feature=5 5 6
split_gain=0.270927 0.340639 0.216419
threshold=10.072222222222218 24.350694444444446 32.723333333333336
decision_type=2 2 2
left_child=-1 -2 -3
right_child=1 2 -4
leaf_value=-0.024121443712696838 0.014201275126219786 -0.014988074554551782 2.0300370346855124e-05
leaf_weight=24 21 35 145
leaf_count=24 21 35 145
internal_value=7.74328e-05 0.000502474 -8.29855e-10
internal_weight=225 201 180
internal_count=225 201 180
is_linear=0
shrinkage=0.035


Tree=42
num_leaves=4
num_cat=0
split_feature=5 5 6
split_gain=0.270927 0.340639 0.216419
threshold=10.072222222222218 24.350694444444446 32.723333333333336
decision_type=2 2 2
left_child=-1 -2 -3
right_child=1 2 -4
leaf_value=-0.02327719318275245 0.013704230496802104 -0.014463491945142475 1.9589857384727473e-05
leaf_weight=24 21 35 145
leaf_count=24 21 35 145
internal_value=7.74328e-05 0.000502474 -8.29855e-10
internal_weight=225 201 180
internal_count=225 201 180
is_linear=0
shrinkage=0.035


Tree=43
num_leaves=4
num_cat=0
split_feature=5 5 6
split_gain=0.270927 0.340639 0.216419
threshold=10.072222222222218 24.350694444444446 32.723333333333336
decision_type=2 2 2
left_child=-1 -2 -3
right_child=1 2 -4
leaf_value=-0.022462491421356104 0.013224582429414041 -0.013957269727062486 1.8904212376247241e-05
leaf_weight=24 21 35 145
leaf_count=24 21 35 145
internal_value=7.74328e-05 0.000502474 -8.29855e-10
internal_weight=225 201 180
internal_count=225 201 180
is_linear=0
shrinkage=0.035


Tree=44
num_leaves=4
num_cat=0
split_feature=5 5 6
split_gain=0.247165 0.369926 0.183497
threshold=10.072222222222218 24.350694444444446 32.723333333333336
decision_type=2 2 2
left_child=-1 -2 -3
right_child=1 2 -4
leaf_value=-0.021676304221608645 0.012761722044384544 -0.0134687652866153 1.8242564943089467e-05
leaf_weight=24 21 35 145
leaf_count=24 21 35 145
internal_value=-7.74345e-05 0.000329207 -0.000193371
internal_weight=225 201 180
internal_count=225 201 180
is_linear=0
shrinkage=0.035


Tree=45
num_leaves=5
num_cat=0
split_feature=5 5 6 8
split_gain=0.232324 0.490949 0.183497 0.133908
threshold=4.2927777777777782 24.350694444444446 32.723333333333336 76.829503093872361
decision_type=2 2 2 2
left_child=-1 3 -3 -2
right_child=1 2 -4 -5
leaf_value=-0.032899949411109845 0.00061967068898523606 -0.012997358501583775 1.7604075170081181e-05 0.011182275275809927
leaf_weight=21 12.000000000000002 35 145 11.999999999999998
leaf_count=21 12 35 145 12
internal_value=7.74328e-05 0.000443902 -0.000193371 0.00504
internal_weight=225 204 180 24
internal_count=225 204 180 24
is_linear=0
shrinkage=0.035


Tree=46
num_leaves=4
num_cat=0
split_feature=5 5 6
split_gain=0.247165 0.369926 0.183497
threshold=10.072222222222218 24.350694444444446 32.723333333333336
decision_type=2 2 2
left_child=-1 -2 -3
right_child=1 2 -4
leaf_value=-0.020228999549732854 0.011923682314460221 -0.012542450954028355 1.6987932539129733e-05
leaf_weight=24 21 35 145
leaf_count=24 21 35 145
internal_value=-7.74345e-05 0.000329207 -0.000193371
internal_weight=225 201 180
internal_count=225 201 180
is_linear=0
shrinkage=0.035


Tree=47
num_leaves=5
num_cat=0
split_feature=5 5 6 8
split_gain=0.232324 0.490949 0.183497 0.133908
threshold=4.2927777777777782 24.350694444444446 32.723333333333336 76.829503093872361
decision_type=2 2 2 2
left_child=-1 3 -3 -2
right_child=1 2 -4 -5
leaf_value=-0.031040436197480332 0.00018065333386462596 -0.012103465170637352 1.639335490026812e-05 0.0103997203175088
leaf_weight=21 12.000000000000002 35 145 11.999999999999998
leaf_count=21 12 35 145 12
internal_value=7.74328e-05 0.000443902 -0.000193371 0.00504
internal_weight=225 204 180 24
internal_count=225 204 180 24
is_linear=0
shrinkage=0.035


Tree=48
num_leaves=5
num_cat=0
split_feature=5 8 7 8
split_gain=0.232324 0.265456 0.828628 0.070985
threshold=4.2927777777777782 318.76643044673727 313.41392857142858 394.02960627267618
decision_type=2 2 2 2
left_child=-1 2 -2 -3
right_child=1 3 -4 -5
leaf_value=-0.029954020930568506 0.00021486271228821077 -0.0045366849983337135 0.0048893277932943891 -0.0058290265720531333
leaf_weight=21 146 21 12.999999999999998 24
leaf_count=21 146 21 13 24
internal_value=7.74328e-05 0.000443902 0.00111562 -0.00190217
internal_weight=225 204 159 45
internal_count=225 204 159 45
is_linear=0
shrinkage=0.035


Tree=49
num_leaves=5
num_cat=0
split_feature=6 3 5 3
split_gain=0.321104 0.404094 0.517885 0.25641
threshold=371.04986111111117 1.0000000180025095e-35 144.39958333333337 -0.6830127018922193
decision_type=2 2 2 2
left_child=1 3 -3 -1
right_child=-2 2 -4 -5
leaf_value=0.0021910737925990614 -0.0061420356424789846 0.011173157909199889 -3.2834071217754011e-06 -0.008897508240230537
leaf_weight=79 30 18 28 70
leaf_count=79 30 18 28 70
internal_value=-7.74345e-05 0.000446428 0.00327659 -0.000443334
internal_weight=225 195 46 149
internal_count=225 195 46 149
is_linear=0
shrinkage=0.035


Tree=50
num_leaves=5
num_cat=0
split_feature=8 7 5 3
split_gain=0.38265 0.880816 0.218178 0.0581464
threshold=318.76643044673727 313.41392857142858 4.2927777777777782 -0.93301270189221908
decision_type=2 2 2 2
left_child=1 2 -1 -2
right_child=3 -3 -4 -5
leaf_value=-0.025935703870156448 -0.0083447732157256038 0.0044676356577323384 0.00032470569844310717 -0.0043823505850715668
leaf_weight=19 11.999999999999998 12.999999999999998 146 35
leaf_count=19 12 13 146 35
internal_value=7.74328e-05 0.000821228 0.000105421 -0.00269792
internal_weight=225 178 165 47
internal_count=225 178 165 47
is_linear=0
shrinkage=0.035


Tree=51
num_leaves=6
num_cat=0
split_feature=8 3 7 6 3
split_gain=0.37777 0.329572 0.579312 0.210172 0.0609076
threshold=300.70467854609109 1.0000000180025095e-35 215.84255952380957 266.78319444444452 -0.93301270189221908
decision_type=2 2 2 2 2
left_child=1 3 -3 -1 -2
right_child=4 2 -4 -5 -6
leaf_value=0.00016746173046937679 -0.0080527061531752171 -0.0054645073457433198 0.013665405959513766 -0.01409248086943618 -0.0016168237107432742
leaf_weight=117 11.999999999999998 15.999999999999998 18 21 41
leaf_count=117 12 16 18 21 41
internal_value=-0.000232302 0.000566473 0.0036 -0.00020144 -0.00278704
internal_weight=225 172 34 138 53
internal_count=225 172 34 138 53
is_linear=0
shrinkage=0.035


Tree=52
num_leaves=5
num_cat=0
split_feature=6 6 5 3
split_gain=0.351716 0.567801 0.530508 0.306874
threshold=371.04986111111117 126.39375000000001 329.92625000000004 -0.6830127018922193
decision_type=2 2 2 2
left_child=1 3 -3 -1
right_child=-2 2 -4 -5
leaf_value=0.0012702624929481769 -0.005717093294638694 0.0096947882873771405 -0.023833878058219349 -0.010937215677799801
leaf_weight=66 30 62 12.999999999999998 54
leaf_count=66 30 62 13 54
internal_value=7.74328e-05 0.000624999 0.00299342 -0.000867769
internal_weight=225 195 75 120
internal_count=225 195 75 120
is_linear=0
shrinkage=0.035


Tree=53
num_leaves=5
num_cat=0
split_feature=8 7 5 3
split_gain=0.38265 0.880816 0.218178 0.0581464
threshold=318.76643044673727 313.41392857142858 4.2927777777777782 -0.93301270189221908
decision_type=2 2 2 2
left_child=1 2 -1 -2
right_child=3 -3 -4 -5
leaf_value=-0.025373132985325599 -0.0078153206250672694 0.0035881473558365745 0.00025658126878204618 -0.0038626587974636348
leaf_weight=19 11.999999999999998 12.999999999999998 146 35
leaf_count=19 12 13 146 35
internal_value=7.74328e-05 0.000821228 0.000105421 -0.00269792
internal_weight=225 178 165 47
internal_count=225 178 165 47
is_linear=0
shrinkage=0.035


Tree=54
num_leaves=5
num_cat=0
split_feature=8 7 5 3
split_gain=0.38265 0.880816 0.218178 0.0581464
threshold=318.76643044673727 313.41392857142858 4.2927777777777782 -0.93301270189221908
decision_type=2 2 2 2
left_child=1 2 -1 -2
right_child=3 -3 -4 -5
leaf_value=-0.024485073330839192 -0.0075417844031899295 0.0034625621983822947 0.00024760092437468286 -0.0037274657395524125
leaf_weight=19 11.999999999999998 12.999999999999998 146 35
leaf_count=19 12 13 146 35
internal_value=7.74328e-05 0.000821228 0.000105421 -0.00269792
internal_weight=225 178 165 47
internal_count=225 178 165 47
is_linear=0
shrinkage=0.035


Tree=55
num_leaves=5
num_cat=0
split_feature=8 7 5 3
split_gain=0.382222 0.536462 0.224133 0.0596078
threshold=306.01672605569144 311.9361706349207 4.2927777777777782 -0.93301270189221908
decision_type=2 2 2 2
left_child=1 2 -1 -2
right_child=3 -3 -4 -5
leaf_value=-0.02362809576425981 -0.0072778219490782729 0.0037080235067456935 0.00025844252650696439 -0.0026473544349980105
leaf_weight=19 11.999999999999998 11.999999999999998 144 38
leaf_count=19 12 12 144 38
internal_value=-7.74345e-05 0.000696022 0.000149389 -0.0027451
internal_weight=225 175 163 50
internal_count=225 175 163 50
is_linear=0
shrinkage=0.035


Tree=56
num_leaves=5
num_cat=0
split_feature=5 5 8 7
split_gain=0.247165 0.264739 0.365272 0.277329
threshold=10.072222222222218 44.999305555555559 76.829503093872361 187.06720238095244
decision_type=2 2 2 2
left_child=-1 2 -2 -3
right_child=1 3 -4 -5
leaf_value=-0.015682390735669068 0.017017333083450131 -0.011135730914496047 -0.00018755969977665176 9.2344956196279039e-05
leaf_weight=24 22 58 23 98
leaf_count=24 22 58 23 98
internal_value=-7.74345e-05 0.000329207 0.00266304 -0.000356689
internal_weight=225 201 45 156
internal_count=225 201 45 156
is_linear=0
shrinkage=0.035


Tree=57
num_leaves=5
num_cat=0
split_feature=5 8 7 8
split_gain=0.232324 0.265456 0.397335 0.070985
threshold=4.2927777777777782 318.76643044673727 313.41392857142858 394.02960627267618
decision_type=2 2 2 2
left_child=-1 2 -2 -3
right_child=1 3 -4 -5
leaf_value=-0.024910742276196399 0.00036964065702277637 -0.0031186350284609478 0.0032083596252359585 -0.0045663996723688061
leaf_weight=21 146 21 12.999999999999998 24
leaf_count=21 146 21 13 24
internal_value=7.74328e-05 0.000443902 0.00111562 -0.00190217
internal_weight=225 204 159 45
internal_count=225 204 159 45
is_linear=0
shrinkage=0.035


Tree=58
num_leaves=5
num_cat=0
split_feature=6 6 3 3
split_gain=0.321104 0.440519 0.472378 0.306874
threshold=371.04986111111117 126.39375000000001 1.0000000180025095e-35 -0.6830127018922193
decision_type=2 2 2 2
left_child=1 3 -3 -1
right_child=-2 2 -4 -5
leaf_value=0.00088675556983236297 -0.0050476959715580905 -5.4184241001864598e-05 0.010114912198539716 -0.010479379197505296
leaf_weight=66 30 46 29 54
leaf_count=66 30 46 29 54
internal_value=-7.74345e-05 0.000446428 0.00253289 -0.000867769
internal_weight=225 195 75 120
internal_count=225 195 75 120
is_linear=0
shrinkage=0.035


Tree=59
num_leaves=5
num_cat=0
split_feature=8 7 5 3
split_gain=0.38265 0.880816 0.218178 0.0581464
threshold=318.76643044673727 313.41392857142858 4.2927777777777782 -0.93301270189221908
decision_type=2 2 2 2
left_child=1 2 -1 -2
right_child=3 -3 -4 -5
leaf_value=-0.021378456308660379 -0.0068975427107386411 0.002814335764689316 0.00033421696126991358 -0.0030874235821807408
leaf_weight=19 11.999999999999998 12.999999999999998 146 35
leaf_count=19 12 13 146 35
internal_value=7.74328e-05 0.000821228 0.000105421 -0.00269792
internal_weight=225 178 165 47
internal_count=225 178 165 47
is_linear=0
shrinkage=0.035


Tree=60
num_leaves=5
num_cat=0
split_feature=8 7 5 3
split_gain=0.382222 0.536462 0.224133 0.0596078
threshold=306.01672605569144 311.9361706349207 4.2927777777777782 -0.93301270189221908
decision_type=2 2 2 2
left_child=1 2 -1 -2
right_child=3 -3 -4 -5
leaf_value=-0.020630210337857259 -0.0066561287158627786 0.0030463397146777149 0.00040264083528784156 -0.0020932828440800959
leaf_weight=19 11.999999999999998 11.999999999999998 144 38
leaf_count=19 12 12 144 38
internal_value=-7.74345e-05 0.000696022 0.000149389 -0.0027451
internal_weight=225 175 163 50
internal_count=225 175 163 50
is_linear=0
shrinkage=0.035


Tree=61
num_leaves=5
num_cat=0
split_feature=5 5 8 8
split_gain=0.211836 0.39057 0.538877 0.242547
threshold=4.2927777777777782 44.999305555555559 179.32777582890773 174.46838584763628
decision_type=2 2 2 2
left_child=-1 2 -2 -3
right_child=1 3 -4 -5
leaf_value=-0.022566666515466356 0.013323113210637736 -0.0093207348397026293 -0.023613514628112741 4.4069064753480695e-05
leaf_weight=21 36 85 11.999999999999998 71
leaf_count=21 36 85 12 71
internal_value=-7.74345e-05 0.00027317 0.003 -0.000579619
internal_weight=225 204 48 156
internal_count=225 204 48 156
is_linear=0
shrinkage=0.035


Tree=62
num_leaves=7
num_cat=0
split_feature=3 5 5 1 7 8
split_gain=0.31069 0.734467 0.351735 0.753218 0.329427 0.302854
threshold=1.0000000180025095e-35 144.39958333333337 206.23083333333335 1.0000000180025095e-35 91.265357142857141 259.31571306344421
decision_type=2 2 2 2 2 2
left_child=2 -2 4 -4 -1 -3
right_child=1 5 3 -5 -6 -7
leaf_value=0.00014672236702979567 0.0091035757575228752 0.005245707003603931 -0.010667279355057518 0.0048633434334913539 -0.010483007692977542 -0.0048153018886800307
leaf_weight=50 22 15.999999999999998 24 19 73 21
leaf_count=50 22 16 24 19 73 21
internal_value=0.0002323 0.00239167 -0.000544911 0.00214773 -0.00149597 -0.000644738
internal_weight=225 59 166 43 123 37
internal_count=225 59 166 43 123 37
is_linear=0
shrinkage=0.035


Tree=63
num_leaves=5
num_cat=0
split_feature=6 3 5 3
split_gain=0.291846 0.456502 0.580354 0.18441
threshold=371.04986111111117 1.0000000180025095e-35 119.5613888888889 -0.6830127018922193
decision_type=2 2 2 2
left_child=1 3 -3 -1
right_child=-2 2 -4 -5
leaf_value=0.0013660607163062629 -0.0045227087387970169 0.0087774010600355553 9.4448324301488984e-05 -0.008007521238356529
leaf_weight=79 30 12.999999999999998 33 70
leaf_count=79 30 13 33 70
internal_value=-0.000232302 0.000267856 0.00327659 -0.000676667
internal_weight=225 195 46 149
internal_count=225 195 46 149
is_linear=0
shrinkage=0.035


Tree=64
num_leaves=5
num_cat=0
split_feature=8 7 1 3
split_gain=0.341309 0.922156 0.267247 0.0581464
threshold=318.76643044673727 313.41392857142858 0.81174490092936691 -0.93301270189221908
decision_type=2 2 2 2
left_child=1 2 -1 -2
right_child=3 -3 -4 -5
leaf_value=0.00038904163988451182 -0.0061056134838904947 0.0021934586546513133 -0.012460728881848019 -0.0027108812161109014
leaf_weight=140 11.999999999999998 12.999999999999998 25 35
leaf_count=140 12 13 25 35
internal_value=-7.74345e-05 0.000625697 -0.000105423 -0.00269792
internal_weight=225 178 165 47
internal_count=225 178 165 47
is_linear=0
shrinkage=0.035


Tree=65
num_leaves=5
num_cat=0
split_feature=6 3 5 5
split_gain=0.351716 0.354815 0.580354 0.204506
threshold=371.04986111111117 1.0000000180025095e-35 119.5613888888889 206.23083333333335
decision_type=2 2 2 2
left_child=1 3 -3 -1
right_child=-2 2 -4 -5
leaf_value=-0.0029543541083780511 -0.0042695330903752262 0.0084565755655383601 2.7002547324656985e-05 0.00096158719031472478
leaf_weight=111 30 12.999999999999998 33 38
leaf_count=111 30 13 33 38
internal_value=7.74328e-05 0.000624999 0.00327659 -0.000210001
internal_weight=225 195 46 149
internal_count=225 195 46 149
is_linear=0
shrinkage=0.035


Tree=66
num_leaves=5
num_cat=0
split_feature=8 7 5 3
split_gain=0.38265 0.880816 0.218178 0.0581464
threshold=318.76643044673727 313.41392857142858 4.2927777777777782 -0.93301270189221908
decision_type=2 2 2 2
left_child=1 2 -1 -2
right_child=3 -3 -4 -5
leaf_value=-0.018753405751097248 -0.0057885146181611063 0.0018731724506229187 0.00034917958682046968 -0.0025764200928620026
leaf_weight=19 11.999999999999998 12.999999999999998 146 35
leaf_count=19 12 13 146 35
internal_value=7.74328e-05 0.000821228 0.000105421 -0.00269792
internal_weight=225 178 165 47
internal_count=225 178 165 47
is_linear=0
shrinkage=0.035


Tree=67
num_leaves=5
num_cat=0
split_feature=8 7 5 3
split_gain=0.341309 0.465014 0.218178 0.0581464
threshold=318.76643044673727 313.41392857142858 4.2927777777777782 -0.93301270189221908
decision_type=2 2 2 2
left_child=1 2 -1 -2
right_child=3 -3 -4 -5
leaf_value=-0.018097036549808855 -0.0055859166065254599 0.0018076114148511016 0.00033695830128173811 -0.0024862453896118261
leaf_weight=19 11.999999999999998 12.999999999999998 146 35
leaf_count=19 12 13 146 35
internal_value=-7.74345e-05 0.000625697 0.000105421 -0.00269792
internal_weight=225 178 165 47
internal_count=225 178 165 47
is_linear=0
shrinkage=0.035


Tree=68
num_leaves=6
num_cat=0
split_feature=8 3 7 6 3
split_gain=0.37777 0.329572 0.579312 0.210172 0.0609076
threshold=300.70467854609109 1.0000000180025095e-35 215.84255952380957 266.78319444444452 -0.93301270189221908
decision_type=2 2 2 2 2
left_child=1 3 -3 -1 -2
right_child=4 2 -4 -5 -6
leaf_value=0.00019708414620095839 -0.005390409525297059 -0.0055415139244285507 0.012157594055825529 -0.012321450554561084 -0.0004277544723754824
leaf_weight=117 11.999999999999998 15.999999999999998 18 21 41
leaf_count=117 12 16 18 21 41
internal_value=-0.000232302 0.000566473 0.0036 -0.00020144 -0.00278704
internal_weight=225 172 34 138 53
internal_count=225 172 34 138 53
is_linear=0
shrinkage=0.035


Tree=69
num_leaves=5
num_cat=0
split_feature=6 6 3 3
split_gain=0.351716 0.368584 0.472378 0.206378
threshold=371.04986111111117 126.39375000000001 1.0000000180025095e-35 -0.6830127018922193
decision_type=2 2 2 2
left_child=1 3 -3 -1
right_child=-2 2 -4 -5
leaf_value=0.00067573126121002523 -0.0039279347337923577 4.7181957236508464e-05 0.0086191505848216988 -0.0091975492923469706
leaf_weight=66 30 46 29 54
leaf_count=66 30 46 29 54
internal_value=7.74328e-05 0.000624999 0.00253289 -0.000578513
internal_weight=225 195 75 120
internal_count=225 195 75 120
is_linear=0
shrinkage=0.035


Tree=70
num_leaves=5
num_cat=0
split_feature=8 7 5 3
split_gain=0.38265 0.880816 0.218178 0.0581464
threshold=318.76643044673727 313.41392857142858 4.2927777777777782 -0.93301270189221908
decision_type=2 2 2 2
left_child=1 2 -1 -2
right_child=3 -3 -4 -5
leaf_value=-0.017472189584185865 -0.0052253957860539978 0.0011831055994170844 0.00047376064741940161 -0.0021361159225383912
leaf_weight=19 11.999999999999998 12.999999999999998 146 35
leaf_count=19 12 13 146 35
internal_value=7.74328e-05 0.000821228 0.000105421 -0.00269792
internal_weight=225 178 165 47
internal_count=225 178 165 47
is_linear=0
shrinkage=0.035


Tree=71
num_leaves=5
num_cat=0
split_feature=8 7 5 3
split_gain=0.38265 0.880816 0.218178 0.0581464
threshold=318.76643044673727 313.41392857142858 4.2927777777777782 -0.93301270189221908
decision_type=2 2 2 2
left_child=1 2 -1 -2
right_child=3 -3 -4 -5
leaf_value=-0.016860662948739346 -0.0050425069335421095 0.0011416969034374765 0.00045717902475972893 -0.0020613518652495481
leaf_weight=19 11.999999999999998 12.999999999999998 146 35
leaf_count=19 12 13 146 35
internal_value=7.74328e-05 0.000821228 0.000105421 -0.00269792
internal_weight=225 178 165 47
internal_count=225 178 165 47
is_linear=0
shrinkage=0.035


Tree=72
num_leaves=5
num_cat=0
split_feature=8 7 5 3
split_gain=0.426314 0.84035 0.286626 0.0581464
threshold=318.76643044673727 313.41392857142858 44.999305555555559 -0.93301270189221908
decision_type=2 2 2 2
left_child=1 2 -1 -2
right_child=3 -3 -4 -5
leaf_value=0.0010351205806959486 -0.004866019190868146 0.0011017375118171577 -0.0035661914730833067 -0.0019892045499658242
leaf_weight=61 11.999999999999998 12.999999999999998 104 35
leaf_count=61 12 13 104 35
internal_value=0.0002323 0.00101676 0.000316264 -0.00269792
internal_weight=225 178 165 47
internal_count=225 178 165 47
is_linear=0
shrinkage=0.035


Tree=73
num_leaves=5
num_cat=0
split_feature=8 7 5 3
split_gain=0.426314 0.84035 0.286626 0.0581464
threshold=318.76643044673727 313.41392857142858 44.999305555555559 -0.93301270189221908
decision_type=2 2 2 2
left_child=1 2 -1 -2
right_child=3 -3 -4 -5
leaf_value=0.00099889136037160432 -0.0046957085191877568 0.001063176698903556 -0.0034413747715254053 -0.0019195823907170342
leaf_weight=61 11.999999999999998 12.999999999999998 104 35
leaf_count=61 12 13 104 35
internal_value=0.0002323 0.00101676 0.000316264 -0.00269792
internal_weight=225 178 165 47
internal_count=225 178 165 47
is_linear=0
shrinkage=0.035


Tree=74
num_leaves=7
num_cat=0
split_feature=6 6 7 5 3 6
split_gain=0.42915 0.394464 0.565363 0.233188 0.0977437 0.1536
threshold=218.19652777777779 126.39375000000001 219.42831349206355 406.5508333333334 1.0000000180025095e-35 403.15291666666673
decision_type=2 2 2 2 2 2
left_child=1 3 -3 -1 -2 -6
right_child=4 2 -4 -5 5 -7
leaf_value=-0.0019224595645350659 -0.010802984539194239 0.01089118943444101 -0.014220948387670303 0.00037972473369782739 0.008660098803654594 -0.0042440748017864216
leaf_weight=107 39 26 15.999999999999998 12.999999999999998 12.000000000000002 11.999999999999998
leaf_count=107 39 26 16 13 12 12
internal_value=7.74328e-05 0.00103067 0.00390698 -8.27569e-10 -0.00235156 -0.000560001
internal_weight=225 162 42 120 63 24
internal_count=225 162 42 120 63 24
is_linear=0
shrinkage=0.035


Tree=75
num_leaves=5
num_cat=0
split_feature=8 7 0 3
split_gain=0.38265 0.880816 0.314535 0.0581464
threshold=318.76643044673727 313.41392857142858 0.6078576107927941 -0.93301270189221908
decision_type=2 2 2 2
left_child=1 2 -1 -2
right_child=3 -3 -4 -5
leaf_value=-0.0018211327859379949 -0.0044640726362574377 0.001477553835700672 0.0047517432562389572 -0.0017526082430932657
leaf_weight=119 11.999999999999998 12.999999999999998 46 35
leaf_count=119 12 13 46 35
internal_value=7.74328e-05 0.000821228 0.000105421 -0.00269792
internal_weight=225 178 165 47
internal_count=225 178 165 47
is_linear=0
shrinkage=0.035


Tree=76
num_leaves=5
num_cat=0
split_feature=8 7 0 3
split_gain=0.38265 0.880816 0.314535 0.0581464
threshold=318.76643044673727 313.41392857142858 0.6078576107927941 -0.93301270189221908
decision_type=2 2 2 2
left_child=1 2 -1 -2
right_child=3 -3 -4 -5
leaf_value=-0.0017573931384301537 -0.0043078300939884259 0.0014258394514511592 0.004585432242270579 -0.0016912669545850114
leaf_weight=119 11.999999999999998 12.999999999999998 46 35
leaf_count=119 12 13 46 35
internal_value=7.74328e-05 0.000821228 0.000105421 -0.00269792
internal_weight=225 178 165 47
internal_count=225 178 165 47
is_linear=0
shrinkage=0.035


Tree=77
num_leaves=5
num_cat=0
split_feature=8 0 7 0
split_gain=0.281594 0.228953 0.528572 0.318472
threshold=402.55655806337842 0.6078576107927941 86.417361111111134 1.0000000180025095e-35
decision_type=2 2 2 2
left_child=1 3 -3 -1
right_child=-2 2 -4 -5
leaf_value=0.00015127760774835249 -0.0041440228207517693 -0.018184236493687587 0.007023706345586034 -0.0050479607163551269
leaf_weight=116 23 13.999999999999998 44 28
leaf_count=116 23 14 44 28
internal_value=0.0002323 0.000655172 0.00249152 -9.65526e-05
internal_weight=225 202 58 144
internal_count=225 202 58 144
is_linear=0
shrinkage=0.035


Tree=78
num_leaves=4
num_cat=0
split_feature=8 5 3
split_gain=0.235271 0.238942 0.30123
threshold=402.55655806337842 4.2927777777777782 -0.6830127018922193
decision_type=2 2 2
left_child=1 -1 -3
right_child=-2 2 -4
leaf_value=-0.016451213266187349 -0.0039989820220254612 0.0025103876397930143 -3.6368265718485587e-05
leaf_weight=19 23 62 121
leaf_count=19 23 62 121
internal_value=-7.74345e-05 0.000310344 0.000703804
internal_weight=225 202 183
internal_count=225 202 183
is_linear=0
shrinkage=0.035


Tree=79
num_leaves=6
num_cat=0
split_feature=8 7 4 5 8
split_gain=0.207976 0.465014 0.300925 0.0619129 0.166564
threshold=318.76643044673727 313.41392857142858 0.6830127018922193 132.00472222222226 382.49606677423583
decision_type=2 2 2 2 2
left_child=1 2 -1 -2 -5
right_child=3 -3 -4 4 -6
leaf_value=0.0018873999444345895 -0.0092094900796318036 0.0013719132436793287 -0.0054330151856184835 -0.001872166665865672 -0.00010683757444099098
leaf_weight=92 21 12.999999999999998 73 14.000000000000002 11.999999999999998
leaf_count=92 21 13 73 14 12
internal_value=7.74328e-05 0.000625697 0.000105421 -0.00196875 -0.000777779
internal_weight=225 178 165 47 26
internal_count=225 178 165 47 26
is_linear=0
shrinkage=0.035


Tree=80
num_leaves=4
num_cat=0
split_feature=6 5 8
split_gain=0.383683 0.218614 0.322299
threshold=371.04986111111117 613.04361111111132 174.46838584763628
decision_type=2 2 2
left_child=1 2 -1
right_child=-2 -3 -4
leaf_value=7.3575486669472313e-05 -0.0029915452182047958 -0.022584897364475099 0.0017569633879156996
leaf_weight=125 30 13.999999999999998 56
leaf_count=125 30 14 56
internal_value=0.0002323 0.000803571 0.00113461
internal_weight=225 195 181
internal_count=225 195 181
is_linear=0
shrinkage=0.035


Tree=81
num_leaves=6
num_cat=0
split_feature=8 7 5 5 8
split_gain=0.240467 0.435721 0.286626 0.0619129 0.166564
threshold=318.76643044673727 313.41392857142858 44.999305555555559 132.00472222222226 382.49606677423583
decision_type=2 2 2 2 2
left_child=1 2 -1 -2 -5
right_child=3 -3 -4 4 -6
leaf_value=0.0009946720740493097 -0.0087824538442075155 0.0012741862937389627 -0.0029078398041069279 -0.0018182751592611204 -0.00014797215420408425
leaf_weight=61 21 12.999999999999998 104 14.000000000000002 11.999999999999998
leaf_count=61 21 13 104 14 12
internal_value=0.0002323 0.000821228 0.000316264 -0.00196875 -0.000777779
internal_weight=225 178 165 47 26
internal_count=225 178 165 47 26
is_linear=0
shrinkage=0.035


Tree=82
num_leaves=7
num_cat=0
split_feature=0 7 6 7 0 7
split_gain=0.278804 0.511011 0.729014 0.194366 0.520684 0.300864
threshold=0.6078576107927941 86.417361111111134 227.36944444444447 81.203234126984128 -1.0000000180025095e-35 200.07946428571432
decision_type=2 2 2 2 2 2
left_child=3 -2 -3 4 -1 -5
right_child=1 2 -4 5 -6 -7
leaf_value=0.021500290766622594 -0.017298256847940757 0.0082912302499224023 -0.011151699191770925 -0.0049102497995355777 -0.051315517099483676 1.8865646484829069e-05
leaf_weight=18.000000000000004 13.999999999999998 32 18 54 11.999999999999998 77
leaf_count=18 14 32 18 54 12 77
internal_value=0.000542035 0.00247692 0.00411765 -0.000237655 0.00225806 -0.000821971
internal_weight=225 64 50 161 30 131
internal_count=225 64 50 161 30 131
is_linear=0
shrinkage=0.035


Tree=83
num_leaves=6
num_cat=0
split_feature=6 7 7 3 6
split_gain=0.204694 0.329247 0.808103 0.444019 0.044571
threshold=371.04986111111117 128.81337301587311 151.86297619047619 -0.6830127018922193 710.21458333333351
decision_type=2 2 2 2 2
left_child=1 3 -3 -1 -2
right_child=4 2 -4 -5 -6
leaf_value=0.0039815565376615514 -0.0085476145845147997 0.0059479659751050613 0.00015402620219144778 -0.016135167955627708 -0.0023984251479368742
leaf_weight=40 18.000000000000004 11.999999999999998 102 41 11.999999999999998
leaf_count=40 18 12 102 41 12
internal_value=0.000387167 0.000803571 0.00200869 -0.000896342 -0.00225807
internal_weight=225 195 114 81 30
internal_count=225 195 114 81 30
is_linear=0
shrinkage=0.035


Tree=84
num_leaves=5
num_cat=0
split_feature=5 5 8 7
split_gain=0.270927 0.226964 0.365272 0.345887
threshold=10.072222222222218 44.999305555555559 76.829503093872361 187.06720238095244
decision_type=2 2 2 2
left_child=-1 2 -2 -3
right_child=1 3 -4 -5
leaf_value=-0.0083814077416577027 0.014665132645194964 -0.0092196489151411144 -0.00013907665987518693 0.00024436330033974596
leaf_weight=24 22 58 23 98
leaf_count=24 22 58 23 98
internal_value=7.74328e-05 0.000502474 0.00266304 -0.000133759
internal_weight=225 201 45 156
internal_count=225 201 45 156
is_linear=0
shrinkage=0.035


Tree=85
num_leaves=6
num_cat=0
split_feature=8 7 3 5 8
split_gain=0.207976 0.465014 0.415609 0.0619129 0.166564
threshold=318.76643044673727 313.41392857142858 0.68301270189221941 132.00472222222226 382.49606677423583
decision_type=2 2 2 2 2
left_child=1 2 -1 -2 -5
right_child=3 -3 -4 4 -6
leaf_value=-0.00041286456813469823 -0.0084003359061924077 0.0012801531805921508 0.0079902024340267226 -0.0016778721362463473 -0.00014846345586780517
leaf_weight=150 21 12.999999999999998 14.999999999999998 14.000000000000002 11.999999999999998
leaf_count=150 21 13 15 14 12
internal_value=7.74328e-05 0.000625697 0.000105421 -0.00196875 -0.000777779
internal_weight=225 178 165 47 26
internal_count=225 178 165 47 26
is_linear=0
shrinkage=0.035


Tree=86
num_leaves=7
num_cat=0
split_feature=0 7 6 0 6 7
split_gain=0.216651 0.442699 0.612971 0.18796 0.503032 0.229978
threshold=0.6078576107927941 128.81337301587311 245.10791666666668 -0.8783796973249266 212.39958333333337 200.07946428571432
decision_type=2 2 2 2 2 2
left_child=3 -2 -3 4 -1 -5
right_child=1 2 -4 5 -6 -7
leaf_value=0.015839103304719628 -0.010219400716559298 0.0073268455338714516 -0.010300849279468718 -0.0060510809132493628 -0.0021532523095792806 2.3323085104945897e-05
leaf_weight=19 23 25 15.999999999999998 68 12.999999999999998 61
leaf_count=19 23 25 16 68 13 61
internal_value=0.0002323 0.00193846 0.00408333 -0.000453705 0.00190909 -0.00105
internal_weight=225 64 41 161 32 129
internal_count=225 64 41 161 32 129
is_linear=0
shrinkage=0.035


Tree=87
num_leaves=4
num_cat=0
split_feature=5 5 4
split_gain=0.276019 0.29476 0.216485
threshold=4.2927777777777782 23.338333333333335 -0.25000000000000028
decision_type=2 2 2
left_child=-1 -2 -3
right_child=1 2 -4
leaf_value=-0.016763794850423189 0.0059127338017914075 -0.01621522403933847 0.00017309515886685699
leaf_weight=21 21 31 152
leaf_count=21 21 31 152
internal_value=0.000387167 0.000785365 0.000323369
internal_weight=225 204 183
internal_count=225 204 183
is_linear=0
shrinkage=0.035


Tree=88
num_leaves=6
num_cat=0
split_feature=6 3 6 3 6
split_gain=0.229165 0.265645 0.906085 0.328819 0.044571
threshold=371.04986111111117 1.0000000180025095e-35 167.82416666666668 -0.6830127018922193 710.21458333333351
decision_type=2 2 2 2 2
left_child=1 3 -3 -1 -2
right_child=4 2 -4 -5 -6
leaf_value=0.00067606125405611083 -0.0079832002373132743 -0.0070097704730609075 0.010571411575124321 -0.0033009778308202308 -0.002227267666580067
leaf_weight=79 18.000000000000004 27 19 70 11.999999999999998
leaf_count=79 18 27 19 70 12
internal_value=0.000542035 0.000982142 0.00327659 0.000256666 -0.00225807
internal_weight=225 195 46 149 30
internal_count=225 195 46 149 30
is_linear=0
shrinkage=0.035


Tree=89
num_leaves=4
num_cat=0
split_feature=8 4 6
split_gain=0.331927 0.220316 0.261057
threshold=402.55655806337842 -0.68301270189221952 218.19652777777779
decision_type=2 2 2
left_child=1 -1 -3
right_child=-2 2 -4
leaf_value=-0.019827804477683973 -0.0029704920789561432 0.00048473607986783385 -0.0013104493352910221
leaf_weight=12.999999999999998 23 137 52
leaf_count=13 23 137 52
internal_value=0.000542035 0.000999999 0.00130789
internal_weight=225 202 189
internal_count=225 202 189
is_linear=0
shrinkage=0.035


Tree=90
num_leaves=5
num_cat=0
split_feature=8 5 3 7
split_gain=0.306259 0.230061 0.561106 0.404085
threshold=402.55655806337842 65.827638888888899 -1.0000000180025095e-35 187.06720238095244
decision_type=2 2 2 2
left_child=1 2 -1 -3
right_child=-2 3 -4 -5
leaf_value=0.00036341978917119505 -0.0028665248561926932 -0.0098497045040086481 0.0038696144529573066 0.0005500406281195553
leaf_weight=64 23 46 13.999999999999998 78
leaf_count=64 23 46 14 78
internal_value=0.000387167 0.000827585 0.0023038 -0.000112001
internal_weight=225 202 78 124
internal_count=225 202 78 124
is_linear=0
shrinkage=0.035


Tree=91
num_leaves=5
num_cat=0
split_feature=8 7 3 3
split_gain=0.426314 0.407303 0.352974 0.0581464
threshold=318.76643044673727 313.41392857142858 0.68301270189221941 -0.93301270189221908
decision_type=2 2 2 2
left_child=1 2 -1 -2
right_child=3 -3 -4 -5
leaf_value=-0.00010074811537969913 -0.0028506599156439189 0.0007855014902772503 0.0074325662752659782 -0.0011918992793793944
leaf_weight=150 11.999999999999998 12.999999999999998 14.999999999999998 35
leaf_count=150 12 13 15 35
internal_value=0.0002323 0.00101676 0.000527108 -0.00269792
internal_weight=225 178 165 47
internal_count=225 178 165 47
is_linear=0
shrinkage=0.035


Tree=92
num_leaves=5
num_cat=0
split_feature=8 0 7 0
split_gain=0.281594 0.228953 0.528572 0.318472
threshold=402.55655806337842 0.6078576107927941 86.417361111111134 1.0000000180025095e-35
decision_type=2 2 2 2
left_child=1 3 -3 -1
right_child=-2 2 -4 -5
leaf_value=0.00025763684445591681 -0.0026780347440841993 -0.015190109398808426 0.0051797961965095894 -0.0040781244325400201
leaf_weight=116 23 13.999999999999998 44 28
leaf_count=116 23 14 44 28
internal_value=0.0002323 0.000655172 0.00249152 -9.65526e-05
internal_weight=225 202 58 144
internal_count=225 202 58 144
is_linear=0
shrinkage=0.035


Tree=93
num_leaves=4
num_cat=0
split_feature=8 4 6
split_gain=0.331927 0.220316 0.261057
threshold=402.55655806337842 -0.68301270189221952 218.19652777777779
decision_type=2 2 2
left_child=1 -1 -3
right_child=-2 2 -4
leaf_value=-0.018829037933595194 -0.0025843035280412431 0.00036931851627056822 -0.0012982485364186282
leaf_weight=12.999999999999998 23 137 52
leaf_count=13 23 137 52
internal_value=0.000542035 0.000999999 0.00130789
internal_weight=225 202 189
internal_count=225 202 189
is_linear=0
shrinkage=0.035


Tree=94
num_leaves=6
num_cat=0
split_feature=6 3 6 3 6
split_gain=0.229165 0.265645 0.906085 0.328819 0.044571
threshold=371.04986111111117 1.0000000180025095e-35 167.82416666666668 -0.6830127018922193 710.21458333333351
decision_type=2 2 2 2 2
left_child=1 3 -3 -1 -2
right_child=4 2 -4 -5 -6
leaf_value=0.00051555572692468929 -0.0077008368013051359 -0.0068085562220037829 0.010057041151911686 -0.0032413106867454711 -0.0017191193912168999
leaf_weight=79 18.000000000000004 27 19 70 11.999999999999998
leaf_count=79 18 27 19 70 12
internal_value=0.000542035 0.000982142 0.00327659 0.000256666 -0.00225807
internal_weight=225 195 46 149 30
internal_count=225 195 46 149 30
is_linear=0
shrinkage=0.035


Tree=95
num_leaves=5
num_cat=0
split_feature=8 7 5 3
split_gain=0.426314 0.407303 0.404465 0.0581464
threshold=318.76643044673727 313.41392857142858 44.999305555555559 -0.93301270189221908
decision_type=2 2 2 2
left_child=1 2 -1 -2
right_child=3 -3 -4 -5
leaf_value=0.00046954071894546469 -0.0025847494295143619 0.00070571676450315274 -0.0023691666697382404 -0.0010330818104760133
leaf_weight=61 11.999999999999998 12.999999999999998 104 35
leaf_count=61 12 13 104 35
internal_value=0.0002323 0.00101676 0.000527108 -0.00269792
internal_weight=225 178 165 47
internal_count=225 178 165 47
is_linear=0
shrinkage=0.035


Tree=96
num_leaves=5
num_cat=0
split_feature=8 5 5 5
split_gain=0.306259 0.212329 0.457141 0.419948
threshold=402.55655806337842 44.999305555555559 186.51041666666669 1.0000000180025095e-35
decision_type=2 2 2 2
left_child=1 3 -3 -1
right_child=-2 2 -4 -5
leaf_value=-0.023953607879024275 -0.0024166500599366223 -0.0057775485614263728 0.00049053647867800269 0.0042071448861697759
leaf_weight=11.999999999999998 23 69 69 52
leaf_count=12 23 69 69 52
internal_value=0.000387167 0.000827585 5.03589e-05 0.00247692
internal_weight=225 202 138 64
internal_count=225 202 138 64
is_linear=0
shrinkage=0.035


Tree=97
num_leaves=5
num_cat=0
split_feature=8 8 6 0
split_gain=0.281594 0.31305 0.572427 0.30841
threshold=402.55655806337842 174.46838584763628 48.964305555555562 -0.8783796973249266
decision_type=2 2 2 2
left_child=1 3 -3 -1
right_child=-2 2 -4 -5
leaf_value=0.015339846365870756 -0.0023320673078388362 0.0076425146305443151 0.00012877109301067768 -0.0008559929493726266
leaf_weight=19 23 18 51 114
leaf_count=19 23 18 51 114
internal_value=0.0002323 0.000655172 0.00255 -0.000339553
internal_weight=225 202 69 133
internal_count=225 202 69 133
is_linear=0
shrinkage=0.035


Tree=98
num_leaves=5
num_cat=0
split_feature=8 7 4 3
split_gain=0.302292 0.495181 0.229957 0.0581464
threshold=318.76643044673727 313.41392857142858 0.6830127018922193 -0.93301270189221908
decision_type=2 2 2 2
left_child=1 2 -1 -2
right_child=3 -3 -4 -5
leaf_value=0.0010879739121678277 -0.002328078091609221 0.00066623427089415827 -0.0034462887033784649 -0.0010632170886412337
leaf_weight=92 11.999999999999998 12.999999999999998 73 35
leaf_count=92 12 13 73 35
internal_value=-0.000232302 0.000430167 -0.000105423 -0.00269792
internal_weight=225 178 165 47
internal_count=225 178 165 47
is_linear=0
shrinkage=0.035


Tree=99
num_leaves=5
num_cat=0
split_feature=8 7 5 3
split_gain=0.38265 0.435721 0.286626 0.0581464
threshold=318.76643044673727 313.41392857142858 44.999305555555559 -0.93301270189221908
decision_type=2 2 2 2
left_child=1 2 -1 -2
right_child=3 -3 -4 -5
leaf_value=0.0004564363978062027 -0.0022465953584029034 0.00064291607141286563 -0.0021206963619104019 -0.0010260044905387796
leaf_weight=61 11.999999999999998 12.999999999999998 104 35
leaf_count=61 12 13 104 35
internal_value=7.74328e-05 0.000821228 0.000316264 -0.00269792
internal_weight=225 178 165 47
internal_count=225 178 165 47
is_linear=0
shrinkage=0.035


Tree=100
num_leaves=5
num_cat=0
split_feature=5 5 8 7
split_gain=0.253718 0.504923 0.66596 0.277329
threshold=4.2927777777777782 44.999305555555559 179.32777582890773 187.06720238095244
decision_type=2 2 2 2
left_child=-1 2 -2 -3
right_child=1 3 -4 -5
leaf_value=-0.014260410845325611 0.0096372128125988468 -0.0074029563028214715 -0.02286590157831371 0.00010687210065097489
leaf_weight=21 36 58 11.999999999999998 98
leaf_count=21 36 58 12 98
internal_value=0.0002323 0.000614633 0.00371428 -0.000356689
internal_weight=225 204 48 156
internal_count=225 204 48 156
is_linear=0
shrinkage=0.035


Tree=101
num_leaves=5
num_cat=0
split_feature=8 7 3 3
split_gain=0.341309 0.465014 0.415609 0.0581464
threshold=318.76643044673727 313.41392857142858 0.68301270189221941 -0.93301270189221908
decision_type=2 2 2 2
left_child=1 2 -1 -2
right_child=3 -3 -4 -5
leaf_value=-0.00026523075978659522 -0.0021717050443815829 0.00061667348539064303 0.006846871009119646 -0.00080341984221022733
leaf_weight=150 11.999999999999998 12.999999999999998 14.999999999999998 35
leaf_count=150 12 13 15 35
internal_value=-7.74345e-05 0.000625697 0.000105421 -0.00269792
internal_weight=225 178 165 47
internal_count=225 178 165 47
is_linear=0
shrinkage=0.035


Tree=102
num_leaves=7
num_cat=0
split_feature=1 8 7 6 7 5
split_gain=0.228654 0.332111 0.780665 0.180423 0.0534157 0.0489403
threshold=-0.56174490092936669 318.76643044673727 290.48037698412708 279.57625000000002 83.505019841269856 247.80375000000001
decision_type=2 2 2 2 2 2
left_child=3 2 -2 4 -1 -3
right_child=1 5 -4 -5 -6 -7
leaf_value=-0.0053506969620234724 0.00015885444009352566 -0.014322337062457792 0.0066655628794602909 -0.00031852360623098016 -0.00070543711514296575 -0.00072264341794237106
leaf_weight=12.999999999999998 114 22 12.999999999999998 12.999999999999998 38 11.999999999999998
leaf_count=13 114 22 13 13 38 12
internal_value=-7.74345e-05 0.000626542 0.00144922 -0.00183077 -0.00275962 -0.0024
internal_weight=225 161 127 64 51 34
internal_count=225 161 127 64 51 34
is_linear=0
shrinkage=0.035


Tree=103
num_leaves=7
num_cat=0
split_feature=0 7 6 7 0 5
split_gain=0.302044 0.442699 0.612971 0.125538 0.333248 0.303147
threshold=0.6078576107927941 128.81337301587311 245.10791666666668 81.203234126984128 -1.0000000180025095e-35 132.00472222222226
decision_type=2 2 2 2 2 2
left_child=3 -2 -3 4 -1 -5
right_child=1 2 -4 5 -6 -7
leaf_value=0.019230415192844234 -0.008631858566228794 0.0065330376427233652 -0.0086079673814489187 -0.0010236722852434669 -0.048204609767038359 -0.00012026391621557408
leaf_weight=18.000000000000004 23 25 15.999999999999998 51 11.999999999999998 80
leaf_count=18 23 25 16 51 12 80
internal_value=-7.74345e-05 0.00193846 0.00408333 -0.000885803 0.00112903 -0.00135227
internal_weight=225 64 41 161 30 131
internal_count=225 64 41 161 30 131
is_linear=0
shrinkage=0.035


Tree=104
num_leaves=7
num_cat=0
split_feature=0 7 6 4 0 6
split_gain=0.349984 0.421478 0.718713 0.142291 0.278938 0.197979
threshold=0.6078576107927941 86.417361111111134 218.19652777777779 0.6830127018922193 -0.8783796973249266 255.12125000000003
decision_type=2 2 2 2 2 2
left_child=3 -2 -3 4 -1 -5
right_child=1 2 -4 5 -6 -7
leaf_value=0.013580492059239132 -0.01378036779393986 0.0082006518040964108 -0.0066271195007912139 -0.00079412597887848881 -0.00063171743398565314 -0.0018649998389605852
leaf_weight=20 13.999999999999998 30 20 49 77 14.999999999999998
leaf_count=20 14 30 20 49 77 15
internal_value=-0.000232302 0.00193846 0.00343137 -0.00110185 -0.000250001 -0.00236923
internal_weight=225 64 50 161 97 64
internal_count=225 64 50 161 97 64
is_linear=0
shrinkage=0.035


Tree=105
num_leaves=7
num_cat=0
split_feature=0 7 6 4 0 6
split_gain=0.236901 0.402788 0.521343 0.142291 0.278938 0.197979
threshold=0.6078576107927941 134.90876984126984 245.10791666666668 0.6830127018922193 -0.8783796973249266 255.12125000000003
decision_type=2 2 2 2 2 2
left_child=3 -2 -3 4 -1 -5
right_child=1 2 -4 5 -6 -7
leaf_value=0.013105174837165773 -0.0028549903722708083 0.0067160438088433904 -0.0080747393405704981 -0.00076633156961772927 -0.00060960732379616487 -0.0017997248445969719
leaf_weight=20 25 23 15.999999999999998 49 77 14.999999999999998
leaf_count=20 25 23 16 49 77 15
internal_value=-0.000387169 0.0014 0.0035875 -0.00110185 -0.000250001 -0.00236923
internal_weight=225 64 39 161 97 64
internal_count=225 64 39 161 97 64
is_linear=0
shrinkage=0.035


Tree=106
num_leaves=5
num_cat=0
split_feature=5 0 8 3
split_gain=0.182187 0.19378 0.310298 0.285812
threshold=10.072222222222218 0.6078576107927941 323.99057498628065 -0.93301270189221908
decision_type=2 2 2 2
left_child=-1 3 -3 -2
right_child=1 2 -4 -5
leaf_value=-0.0055209668131990909 0.029449355900076996 0.0036544547912655341 -0.0076832198558523246 -0.00040572915758816194
leaf_weight=24 13.999999999999998 43 11.999999999999998 132
leaf_count=24 14 43 12 132
internal_value=-0.000542036 -0.000190595 0.0015625 -0.000857144
internal_weight=225 201 55 146
internal_count=225 201 55 146
is_linear=0
shrinkage=0.035


Tree=107
num_leaves=7
num_cat=0
split_feature=0 7 6 4 0 6
split_gain=0.349984 0.442699 0.612971 0.142291 0.278938 0.197979
threshold=0.6078576107927941 128.81337301587311 245.10791666666668 0.6830127018922193 -0.8783796973249266 255.12125000000003
decision_type=2 2 2 2 2 2
left_child=3 -2 -3 4 -1 -5
right_child=1 2 -4 5 -6 -7
leaf_value=0.012660694238380569 -0.0079499679802467558 0.0056543910610808521 -0.0077216202169336345 -0.00070184574137413362 -0.00060910481544490947 -0.0017225339545204903
leaf_weight=20 23 25 15.999999999999998 49 77 14.999999999999998
leaf_count=20 23 25 16 49 77 15
internal_value=-0.000232302 0.00193846 0.00408333 -0.00110185 -0.000250001 -0.00236923
internal_weight=225 64 41 161 97 64
internal_count=225 64 41 161 97 64
is_linear=0
shrinkage=0.035


Tree=108
num_leaves=7
num_cat=0
split_feature=0 7 6 4 0 6
split_gain=0.349984 0.421478 0.562882 0.142291 0.278938 0.197979
threshold=0.6078576107927941 86.417361111111134 227.36944444444447 0.6830127018922193 -0.8783796973249266 255.12125000000003
decision_type=2 2 2 2 2 2
left_child=3 -2 -3 4 -1 -5
right_child=1 2 -4 5 -6 -7
leaf_value=0.012217569940037237 -0.012822989566734146 0.0065045144861835295 -0.0079087595140752906 -0.00067728114042603978 -0.00058778614690433199 -0.0016622452661122693
leaf_weight=20 13.999999999999998 32 18 49 77 14.999999999999998
leaf_count=20 14 32 18 49 77 15
internal_value=-0.000232302 0.00193846 0.00343137 -0.00110185 -0.000250001 -0.00236923
internal_weight=225 64 50 161 97 64
internal_count=225 64 50 161 97 64
is_linear=0
shrinkage=0.035


Tree=109
num_leaves=5
num_cat=0
split_feature=5 1 5 6
split_gain=0.16263 0.131414 0.234138 0.172667
threshold=10.072222222222218 -0.56174490092936669 231.48944444444447 279.57625000000002
decision_type=2 2 2 2
left_child=-1 3 -3 -2
right_child=1 2 -4 -5
leaf_value=-0.0050758279396698278 -0.00056721349557797276 -0.00016604328535393742 0.0006233157014273094 -0.00020362797222514412
leaf_weight=24 47 100 41 12.999999999999998
leaf_count=24 47 100 41 13
internal_value=-0.000696903 -0.000363862 0.00022183 -0.00172131
internal_weight=225 201 141 60
internal_count=225 201 141 60
is_linear=0
shrinkage=0.035


Tree=110
num_leaves=5
num_cat=0
split_feature=5 1 5 6
split_gain=0.16263 0.131414 0.234138 0.172667
threshold=10.072222222222218 -0.56174490092936669 231.48944444444447 279.57625000000002
decision_type=2 2 2 2
left_child=-1 3 -3 -2
right_child=1 2 -4 -5
leaf_value=-0.0048981739617813972 -0.00054736102323274744 -0.00016023177036654466 0.00060149965187733967 -0.00019650099319725917
leaf_weight=24 47 100 41 12.999999999999998
leaf_count=24 47 100 41 13
internal_value=-0.000696903 -0.000363862 0.00022183 -0.00172131
internal_weight=225 201 141 60
internal_count=225 201 141 60
is_linear=0
shrinkage=0.035


Tree=111
num_leaves=4
num_cat=0
split_feature=5 5 5
split_gain=0.17358 0.19206 0.133332
threshold=4.2927777777777782 23.338333333333335 186.51041666666669
decision_type=2 2 2
left_child=-1 -2 -3
right_child=1 2 -4
leaf_value=-0.011603843289757453 0.0029852510326616021 -0.00034457025192103963 0.0001425058878581938
leaf_weight=21 21 108 75
leaf_count=21 21 108 75
internal_value=-0.000387169 -6.82935e-05 -0.000437501
internal_weight=225 204 183
internal_count=225 204 183
is_linear=0
shrinkage=0.035


Tree=112
num_leaves=5
num_cat=0
split_feature=5 5 8 3
split_gain=0.117709 0.248762 0.333197 0.320593
threshold=613.04361111111132 186.51041666666669 182.45076076123397 1.0000000180025095e-35
decision_type=2 2 2 2
left_child=1 3 -3 -1
right_child=-2 2 -4 -5
leaf_value=-0.0012951713004156356 -0.022036676919242378 -3.6504907759388858e-05 0.0029363366720638051 0.0029083171347187363
leaf_weight=120 14.999999999999998 41 19 30
leaf_count=120 15 41 19 30
internal_value=-0.000387169 -0.000165878 0.00172131 -0.000927153
internal_weight=225 210 60 150
internal_count=225 210 60 150
is_linear=0
shrinkage=0.035


Tree=113
num_leaves=7
num_cat=0
split_feature=1 8 7 6 7 5
split_gain=0.155191 0.24465 0.438767 0.180423 0.0534157 0.0489403
threshold=-0.56174490092936669 318.76643044673727 290.48037698412708 279.57625000000002 83.505019841269856 247.80375000000001
decision_type=2 2 2 2 2 2
left_child=3 2 -2 4 -1 -3
right_child=1 5 -4 -5 -6 -7
leaf_value=-0.0052781747402802746 -6.10925864216829e-06 -0.014661588887900312 0.005543127705412652 -0.00028296027423110355 -0.0011804296586137922 -0.0010578641145726647
leaf_weight=12.999999999999998 114 22 12.999999999999998 12.999999999999998 38 11.999999999999998
leaf_count=13 114 22 13 13 38 12
internal_value=-0.000387169 0.000194444 0.000902343 -0.00183077 -0.00275962 -0.0024
internal_weight=225 161 127 64 51 34
internal_count=225 161 127 64 51 34
is_linear=0
shrinkage=0.035


Tree=114
num_leaves=6
num_cat=0
split_feature=3 1 1 7 7
split_gain=0.320988 0.352854 0.322306 0.277084 0.0554278
threshold=0.68301270189221941 1.0000000180025095e-35 -0.56174490092936669 290.48037698412708 83.505019841269856
decision_type=2 2 2 2 2
left_child=2 -2 4 -4 -1
right_child=1 -3 3 -5 -6
leaf_value=-0.0050934386243704543 0.0050653654711251429 -0.014098541110791386 -0.00011255128048670504 0.004846736433399574 -0.0041453710319774174
leaf_weight=12.999999999999998 17.000000000000004 13.999999999999998 114 24 43
leaf_count=13 17 14 114 24 43
internal_value=-7.74345e-05 0.00317187 -0.000610257 0.000302157 -0.00282456
internal_weight=225 31 194 138 56
internal_count=225 31 194 138 56
is_linear=0
shrinkage=0.035


Tree=115
num_leaves=7
num_cat=0
split_feature=5 7 8 0 5 5
split_gain=0.262107 0.292908 0.693288 0.339279 0.185708 0.202909
threshold=44.999305555555559 128.81337301587311 190.99239858519329 -1.0000000180025095e-35 186.51041666666669 613.04361111111132
decision_type=2 2 2 2 2 2
left_child=1 3 -3 -1 -2 -6
right_child=4 2 -4 -5 5 -7
leaf_value=0.010380060082657393 -0.0030732182973097415 0.0028679644849889259 -0.026080607518905674 -0.013284143166342282 0.00017550074120720868 -0.021166253245559034
leaf_weight=22 81 12.000000000000002 13.999999999999998 21 60 14.999999999999998
leaf_count=22 81 12 14 21 60 15
internal_value=-0.000232302 0.00155 0.00440741 -0.000238637 -0.00102548 0.000230262
internal_weight=225 69 26 43 156 75
internal_count=225 69 26 43 156 75
is_linear=0
shrinkage=0.035


Tree=116
num_leaves=7
num_cat=0
split_feature=0 7 5 4 5 1
split_gain=0.302044 0.421478 0.601501 0.194999 0.269491 0.0857436
threshold=0.6078576107927941 86.417361111111134 59.997638888888893 0.6830127018922193 132.00472222222226 1.0000000180025095e-35
decision_type=2 2 2 2 2 2
left_child=3 -2 -3 4 -1 -5
right_child=1 2 -4 5 -6 -7
leaf_value=-0.0017573785124792183 -0.011324054950577653 0.0027770116920372992 0.00017587760077711025 -0.0048340029727970248 0.00011498643588111801 -0.00022018511506804737
leaf_weight=54 13.999999999999998 21 29 38 43 26
leaf_count=54 14 21 29 38 43 26
internal_value=-7.74345e-05 0.00193846 0.00343137 -0.000885803 0.000107142 -0.00236923
internal_weight=225 64 50 161 97 64
internal_count=225 64 50 161 97 64
is_linear=0
shrinkage=0.035


Tree=117
num_leaves=6
num_cat=0
split_feature=0 7 5 7 0
split_gain=0.302044 0.421478 0.601501 0.17111 0.148474
threshold=0.6078576107927941 86.417361111111134 59.997638888888893 313.41392857142858 -0.8783796973249266
decision_type=2 2 2 2 2
left_child=3 -2 -3 4 -1
right_child=1 2 -4 -5 -6
leaf_value=0.0069656490481996387 -0.01092771302730744 0.0026798162828159835 0.0001697218847499006 -0.00058367760203453117 -0.00045492171986760623
leaf_weight=25 13.999999999999998 21 29 27 109
leaf_count=25 14 21 29 27 109
internal_value=-7.74345e-05 0.00193846 0.00343137 -0.000885803 -0.000362964
internal_weight=225 64 50 161 134
internal_count=225 64 50 161 134
is_linear=0
shrinkage=0.035


Tree=118
num_leaves=7
num_cat=0
split_feature=0 7 5 4 4 5
split_gain=0.216651 0.421478 0.601501 0.167869 0.293105 0.173803
threshold=0.6078576107927941 86.417361111111134 59.997638888888893 0.6830127018922193 -0.25000000000000028 144.39958333333337
decision_type=2 2 2 2 2 2
left_child=3 -2 -3 4 -1 -5
right_child=1 2 -4 5 -6 -7
leaf_value=-0.022747683543550161 -0.010545243071351691 0.0025860227129174199 0.00016378161878365617 -0.00011204405375386201 0.00011289045707949853 -0.0040697355676794136
leaf_weight=31 13.999999999999998 21 29 28 66 36
leaf_count=31 14 21 29 28 66 36
internal_value=0.0002323 0.00193846 0.00343137 -0.000453705 0.000464285 -0.00183077
internal_weight=225 64 50 161 97 64
internal_count=225 64 50 161 97 64
is_linear=0
shrinkage=0.035


Tree=119
num_leaves=6
num_cat=0
split_feature=6 3 5 3 6
split_gain=0.229165 0.263879 1.17279 0.620276 0.044571
threshold=371.04986111111117 -1.0000000180025095e-35 65.827638888888899 -0.6830127018922193 710.21458333333351
decision_type=2 2 2 2 2
left_child=1 3 -3 -1 -2
right_child=4 2 -4 -5 -6
leaf_value=0.00017040430862143684 -0.0067354113438784988 0.0021976330385564623 1.6311993129274697e-05 -0.0099034438403328567 -0.0030111792331811655
leaf_weight=79 18.000000000000004 12.999999999999998 61 42 11.999999999999998
leaf_count=79 18 13 61 42 12
internal_value=0.000542035 0.000982142 0.00261333 -2.86894e-05 -0.00225807
internal_weight=225 195 74 121 30
internal_count=225 195 74 121 30
is_linear=0
shrinkage=0.035


end of trees

feature_importances:
month_sin=115
lag_2d=98
mean_2_8d=92
std_2_8d=80
lag_7d=70
dow_sin=39
month_cos=13
dow_cos=11

parameters:
[boosting: gbdt]
[objective: quantile]
[metric: quantile]
[tree_learner: serial]
[device_type: cpu]
[data_sample_strategy: bagging]
[data: ]
[valid: ]
[num_iterations: 120]
[learning_rate: 0.035]
[num_leaves: 7]
[num_threads: 1]
[seed: 20260901]
[deterministic: 1]
[force_col_wise: 0]
[force_row_wise: 0]
[histogram_pool_size: -1]
[max_depth: 3]
[min_data_in_leaf: 12]
[min_sum_hessian_in_leaf: 0.001]
[bagging_fraction: 1]
[pos_bagging_fraction: 1]
[neg_bagging_fraction: 1]
[bagging_freq: 0]
[bagging_seed: 12992]
[bagging_by_query: 0]
[feature_fraction: 1]
[feature_fraction_bynode: 1]
[feature_fraction_seed: 30141]
[extra_trees: 0]
[extra_seed: 31421]
[early_stopping_round: 0]
[early_stopping_min_delta: 0]
[first_metric_only: 0]
[max_delta_step: 0]
[lambda_l1: 0]
[lambda_l2: 1]
[linear_lambda: 0]
[min_gain_to_split: 0]
[drop_rate: 0.1]
[max_drop: 50]
[skip_drop: 0.5]
[xgboost_dart_mode: 0]
[uniform_drop: 0]
[drop_seed: 11049]
[top_rate: 0.2]
[other_rate: 0.1]
[min_data_per_group: 100]
[max_cat_threshold: 32]
[cat_l2: 10]
[cat_smooth: 10]
[max_cat_to_onehot: 4]
[top_k: 20]
[monotone_constraints: ]
[monotone_constraints_method: basic]
[monotone_penalty: 0]
[feature_contri: ]
[forcedsplits_filename: ]
[refit_decay_rate: 0.9]
[cegb_tradeoff: 1]
[cegb_penalty_split: 0]
[cegb_penalty_feature_lazy: ]
[cegb_penalty_feature_coupled: ]
[path_smooth: 0]
[interaction_constraints: ]
[verbosity: -1]
[saved_feature_importance_type: 0]
[use_quantized_grad: 0]
[num_grad_quant_bins: 4]
[quant_train_renew_leaf: 0]
[stochastic_rounding: 1]
[linear_tree: 0]
[max_bin: 255]
[max_bin_by_feature: ]
[min_data_in_bin: 3]
[bin_construct_sample_cnt: 200000]
[data_random_seed: 5023]
[is_enable_sparse: 1]
[enable_bundle: 1]
[use_missing: 1]
[zero_as_missing: 0]
[feature_pre_filter: 1]
[pre_partition: 0]
[two_round: 0]
[header: 0]
[label_column: ]
[weight_column: ]
[group_column: ]
[ignore_column: ]
[categorical_feature: ]
[forcedbins_filename: ]
[precise_float_parser: 0]
[parser_config_file: ]
[objective_seed: 6921]
[num_class: 1]
[is_unbalance: 0]
[scale_pos_weight: 1]
[sigmoid: 1]
[boost_from_average: 1]
[reg_sqrt: 0]
[alpha: 0.9]
[fair_c: 1]
[poisson_max_delta_step: 0.7]
[tweedie_variance_power: 1.5]
[lambdarank_truncation_level: 30]
[lambdarank_norm: 1]
[label_gain: ]
[lambdarank_position_bias_regularization: 0]
[eval_at: ]
[multi_error_top_k: 1]
[auc_mu_weights: ]
[num_machines: 1]
[local_listen_port: 12400]
[time_out: 120]
[machine_list_filename: ]
[machines: ]
[gpu_platform_id: -1]
[gpu_device_id: -1]
[gpu_use_dp: 0]
[num_gpu: 1]

end of parameters

pandas_categorical:[]
