tree
version=v4
num_class=1
num_tree_per_iteration=1
label_index=0
max_feature_idx=8
objective=quantile
feature_names=dow_sin dow_cos weekend month_sin month_cos lag_2d lag_7d mean_2_8d std_2_8d
feature_infos=[-0.97492791218182362:0.97492791218182362] [-0.90096886790241903:1] [0:1] [-1:0.8660254037844386] [-0.86602540378443882:1] [0:1922.1350000000002] [0:1922.1350000000002] [0:471.89861111111117] [0:669.8997268780696]
tree_sizes=711 776 758 758 749 776 777 760 758 777 778 777 772 795 794 776 795 743 762 781 776 774 771 792 775 779 608 771 779 775 780 704 706 738 738 594 519 522 611 536 627 538 692 613 535 755 707 754 698 709 756 613 608 774 540 540 698 785 785 784 799 583 581 585 585 662 770 580 784 694 637 604 694 684 675 678 801 692 684 702 799 538 688 599 651 791 688 609 609 595 685 608 688 695 693 776 678 792 696 682 695 698 767 611 591 711 620 741 676 799 778 601 765 614 805 804 777 762 615 699

Tree=0
num_leaves=7
num_cat=0
split_feature=3 5 1 7 8 7
split_gain=7.48457 2.74673 1.69139 1.51515 0.679935 0.550019
threshold=-1.0000000180025095e-35 57.849583333333342 0.81174490092936691 197.73125000000002 176.51953935970349 97.398670634920663
decision_type=2 2 2 2 2 2
left_child=1 5 4 -3 -2 -1
right_child=2 3 -4 -5 -6 -7
leaf_value=4.6641548401117321 4.7134024333953857 4.6622104239463802 4.6804706549644468 4.7038922858238221 4.7144881558418277 4.647121126651764
leaf_weight=36 46 32 12.999999999999998 32 31 35
leaf_count=36 46 32 13 32 31 35
internal_value=4.69245 4.68726 4.70022 4.69253 4.70218 4.68257
internal_weight=225 135 90 64 77 71
internal_count=225 135 90 64 77 71
is_linear=0
shrinkage=1


Tree=1
num_leaves=7
num_cat=0
split_feature=3 5 4 1 0 8
split_gain=7.19045 2.5563 2.6312 1.69139 0.694964 0.679935
threshold=-1.0000000180025095e-35 206.23083333333335 1.0000000180025095e-35 0.81174490092936691 -0.8783796973249266 176.51953935970349
decision_type=2 2 2 2 2 2
left_child=1 4 -3 5 -1 -2
right_child=3 2 -4 -5 -6 -7
leaf_value=-0.0036540163964032995 0.020139907884597782 -0.033888282549381248 0.01958280609846115 -0.011639258301258081 -0.029918160578608501 0.021187630045413963
leaf_weight=17 46 12.000000000000002 17 12.999999999999998 89 31
leaf_count=17 46 12 17 13 89 31
internal_value=7.74336e-05 -0.00501838 0.00408333 0.00769231 -0.00752336 0.00964744
internal_weight=225 135 29 90 106 77
internal_count=225 135 29 90 106 77
is_linear=0
shrinkage=0.035


Tree=2
num_leaves=7
num_cat=0
split_feature=3 5 1 1 7 8
split_gain=6.90219 2.78009 1.69139 1.59257 0.754223 0.679935
threshold=-1.0000000180025095e-35 57.849583333333342 0.81174490092936691 -0.56174490092936669 97.398670634920663 176.51953935970349
decision_type=2 2 2 2 2 2
left_child=1 4 5 -3 -1 -2
right_child=2 3 -4 -5 -6 -7
leaf_value=-0.026336884013876308 0.019435011108636852 -0.026504756910666831 -0.011231884260714038 0.010040850038945677 -0.042774417502745993 0.020446062993824461
leaf_weight=36 46 21 12.999999999999998 43 35 31
leaf_count=36 46 21 13 43 35 31
internal_value=0.000232301 -0.00476103 0.00769231 0.000538462 -0.00947917 0.00964744
internal_weight=225 135 90 64 71 77
internal_count=225 135 90 64 71 77
is_linear=0
shrinkage=0.035


Tree=3
num_leaves=7
num_cat=0
split_feature=3 5 1 1 7 8
split_gain=6.90219 2.78009 1.69139 1.59257 0.754223 0.679935
threshold=-1.0000000180025095e-35 57.849583333333342 0.81174490092936691 -0.56174490092936669 97.398670634920663 176.51953935970349
decision_type=2 2 2 2 2 2
left_child=1 4 5 -3 -1 -2
right_child=2 3 -4 -5 -6 -7
leaf_value=-0.025415093073390647 0.018754785719834549 -0.025577090418793497 -0.01083876831158905 0.0096894202875825695 -0.041277312890149888 0.019730450789040618
leaf_weight=36 46 21 12.999999999999998 43 35 31
leaf_count=36 46 21 13 43 35 31
internal_value=0.000232301 -0.00476103 0.00769231 0.000538462 -0.00947917 0.00964744
internal_weight=225 135 90 64 71 77
internal_count=225 135 90 64 71 77
is_linear=0
shrinkage=0.035


Tree=4
num_leaves=7
num_cat=0
split_feature=3 5 1 1 7 8
split_gain=7.19045 2.48529 1.69139 1.38068 0.754223 0.679935
threshold=-1.0000000180025095e-35 57.849583333333342 0.81174490092936691 -0.56174490092936669 97.398670634920663 176.51953935970349
decision_type=2 2 2 2 2 2
left_child=1 4 5 -3 -1 -2
right_child=2 3 -4 -5 -6 -7
leaf_value=-0.024525564815821979 0.018098368219640341 -0.024681892254135723 -0.010459411420683429 0.0093502905775171875 -0.039832606938994632 0.019039885011424187
leaf_weight=36 46 21 12.999999999999998 43 35 31
leaf_count=36 46 21 13 43 35 31
internal_value=7.74336e-05 -0.00501838 0.00769231 0 -0.00947917 0.00964744
internal_weight=225 135 90 64 71 77
internal_count=225 135 90 64 71 77
is_linear=0
shrinkage=0.035


Tree=5
num_leaves=7
num_cat=0
split_feature=3 5 4 1 6 8
split_gain=7.33504 1.81328 2.16453 1.09799 0.805588 0.679935
threshold=-1.0000000180025095e-35 206.23083333333335 1.0000000180025095e-35 0.81174490092936691 163.0926388888889 176.51953935970349
decision_type=2 2 2 2 2 2
left_child=1 4 -3 5 -1 -2
right_child=3 2 -4 -5 -6 -7
leaf_value=-0.026770668704455432 0.017464925331952916 -0.031843336554428274 0.020755865474084648 -0.010093332020959514 -0.017856477599892631 0.018373489036024336
leaf_weight=71 46 12.000000000000002 17 12.999999999999998 35 31
leaf_count=71 46 12 17 13 35 31
internal_value=0.000387168 -0.00476103 0.00291667 0.00807692 -0.00686916 0.00964744
internal_weight=225 135 29 90 106 77
internal_count=225 135 29 90 106 77
is_linear=0
shrinkage=0.035


Tree=6
num_leaves=7
num_cat=0
split_feature=4 3 5 1 5 7
split_gain=6.80485 1.80907 2.23208 1.09799 0.374781 0.421252
threshold=1.0000000180025095e-35 -1.0000000180025095e-35 206.23083333333335 0.81174490092936691 15.174027777777779 249.50771825396828
decision_type=2 2 2 2 2 2
left_child=4 2 -2 -3 -1 -6
right_child=1 3 -4 -5 5 -7
leaf_value=-0.058374032306407739 -0.017524689270741987 0.017730416919763476 0.020029410182491686 -0.0097400654002259314 -0.03072881977502329 -0.012086608201050295
leaf_weight=21 44 77 17 12.999999999999998 38 14.999999999999998
leaf_count=21 44 77 17 13 38 15
internal_value=0.000696903 0.00495066 0.000282258 0.00807692 -0.00793333 -0.00615741
internal_weight=225 151 61 90 74 53
internal_count=225 151 61 90 74 53
is_linear=0
shrinkage=0.035


Tree=7
num_leaves=7
num_cat=0
split_feature=4 3 5 8 5 7
split_gain=6.08853 1.63483 2.23208 1.01425 0.481448 0.318688
threshold=1.0000000180025095e-35 -1.0000000180025095e-35 206.23083333333335 140.79680595935361 15.174027777777779 249.50771825396828
decision_type=2 2 2 2 2 2
left_child=4 2 -2 -3 -1 -6
right_child=1 3 -4 -5 5 -7
leaf_value=-0.056330941175683463 -0.016911325146266028 0.0083343261270380966 0.019328380826104479 0.015903174175487391 -0.029653311082897458 -0.011663576914013528
leaf_weight=21 44 40 17 50 38 14.999999999999998
leaf_count=21 44 40 17 50 38 15
internal_value=0.000696903 0.00472039 0.000282258 0.00769231 -0.00746667 -0.00550926
internal_weight=225 151 61 90 74 53
internal_count=225 151 61 90 74 53
is_linear=0
shrinkage=0.035


Tree=8
num_leaves=7
num_cat=0
split_feature=4 3 5 8 5 7
split_gain=6.08853 1.63483 2.23208 1.01425 0.481448 0.318688
threshold=1.0000000180025095e-35 -1.0000000180025095e-35 206.23083333333335 140.79680595935361 15.174027777777779 249.50771825396828
decision_type=2 2 2 2 2 2
left_child=4 2 -2 -3 -1 -6
right_child=1 3 -4 -5 5 -7
leaf_value=-0.054359358234534548 -0.016319428766146726 0.008042624712591772 0.018651887497190815 0.01534656307934534 -0.028615445194996036 -0.011255351722023042
leaf_weight=21 44 40 17 50 38 14.999999999999998
leaf_count=21 44 40 17 50 38 15
internal_value=0.000696903 0.00472039 0.000282258 0.00769231 -0.00746667 -0.00550926
internal_weight=225 151 61 90 74 53
internal_count=225 151 61 90 74 53
is_linear=0
shrinkage=0.035


Tree=9
num_leaves=7
num_cat=0
split_feature=4 3 5 1 5 7
split_gain=5.63732 1.31283 2.23208 1.47527 0.481448 0.318688
threshold=1.0000000180025095e-35 -1.0000000180025095e-35 206.23083333333335 0.81174490092936691 15.174027777777779 249.50771825396828
decision_type=2 2 2 2 2 2
left_child=4 2 -2 -3 -1 -6
right_child=1 3 -4 -5 5 -7
leaf_value=-0.052456780696325853 -0.015748248759331604 0.016016111523652617 0.017999071434789144 -0.010492903915137162 -0.027613904613171182 -0.010861414411752228
leaf_weight=21 44 77 17 12.999999999999998 38 14.999999999999998
leaf_count=21 44 77 17 13 38 15
internal_value=0.000387168 0.00425987 0.000282258 0.00692308 -0.00746667 -0.00550926
internal_weight=225 151 61 90 74 53
internal_count=225 151 61 90 74 53
is_linear=0
shrinkage=0.035


Tree=10
num_leaves=7
num_cat=0
split_feature=4 3 5 1 5 7
split_gain=5.86077 1.46942 2.23208 0.925824 0.481448 0.318688
threshold=1.0000000180025095e-35 -1.0000000180025095e-35 206.23083333333335 0.81174490092936691 15.174027777777779 249.50771825396828
decision_type=2 2 2 2 2 2
left_child=4 2 -2 -3 -1 -6
right_child=1 3 -4 -5 5 -7
leaf_value=-0.050620793371954451 -0.015197060052754995 0.01545554762032476 0.017369103934571518 -0.010125652278107347 -0.026647417951710176 -0.010481264907340897
leaf_weight=21 44 77 17 12.999999999999998 38 14.999999999999998
leaf_count=21 44 77 17 13 38 15
internal_value=0.000542035 0.00449013 0.000282258 0.00730769 -0.00746667 -0.00550926
internal_weight=225 151 61 90 74 53
internal_count=225 151 61 90 74 53
is_linear=0
shrinkage=0.035


Tree=11
num_leaves=7
num_cat=0
split_feature=4 5 0 8 5 7
split_gain=5.41818 1.62793 1.24113 0.878976 0.481448 0.318688
threshold=1.0000000180025095e-35 59.997638888888893 -0.8783796973249266 123.95878140189846 15.174027777777779 249.50771825396828
decision_type=2 2 2 2 2 2
left_child=4 3 -3 -2 -1 -6
right_child=1 2 -4 -5 5 -7
leaf_value=-0.048849065603936051 0.0041470898348063131 0.020160083971795209 0.010005804810400544 -0.0081763094687059956 -0.025714758323400318 -0.010114420635583966
leaf_weight=21 21 17 97 15.999999999999998 38 14.999999999999998
leaf_count=21 21 17 97 16 38 15
internal_value=0.000232301 0.00402961 0.00608696 -0.00230263 -0.00746667 -0.00550926
internal_weight=225 151 114 37 74 53
internal_count=225 151 114 37 74 53
is_linear=0
shrinkage=0.035


Tree=12
num_leaves=7
num_cat=0
split_feature=4 3 5 1 5 1
split_gain=5.19744 1.31283 2.23208 0.845238 0.490528 0.333152
threshold=1.0000000180025095e-35 -1.0000000180025095e-35 206.23083333333335 0.81174490092936691 10.072222222222218 -0.56174490092936669
decision_type=2 2 2 2 2 2
left_child=4 2 -2 -3 -1 -6
right_child=1 3 -4 -5 5 -7
leaf_value=-0.03139606825465955 -0.014378992119503834 0.0145644002852494 0.016410982128497509 -0.010121457616737592 -0.024814741782081307 -0.01683856091600627
leaf_weight=15.999999999999998 44 77 17 12.999999999999998 18 40
leaf_count=16 44 77 17 13 18 40
internal_value=0.000542035 0.00425987 0.000282258 0.00692308 -0.007 -0.00533898
internal_weight=225 151 61 90 74 58
internal_count=225 151 61 90 74 58
is_linear=0
shrinkage=0.035


Tree=13
num_leaves=7
num_cat=0
split_feature=4 5 0 8 5 8
split_gain=4.57393 1.62793 1.24113 0.878976 0.589059 0.503764
threshold=1.0000000180025095e-35 59.997638888888893 -0.8783796973249266 123.95878140189846 10.072222222222218 402.55655806337842
decision_type=2 2 2 2 2 2
left_child=4 3 -3 -2 -1 -6
right_child=1 2 -4 -5 5 -7
leaf_value=-0.030297205865746461 0.0045052064147707328 0.018944727022798636 0.0093162618746587857 -0.0073868739131186445 -0.022092420197876248 0.00048373064450243588
leaf_weight=15.999999999999998 21 17 97 15.999999999999998 45 12.999999999999998
leaf_count=16 21 17 97 16 45 13
internal_value=0.000542035 0.00402961 0.00608696 -0.00230263 -0.00653333 -0.00474576
internal_weight=225 151 114 37 74 58
internal_count=225 151 114 37 74 58
is_linear=0
shrinkage=0.035


Tree=14
num_leaves=7
num_cat=0
split_feature=4 5 0 8 5 8
split_gain=4.57393 1.62793 1.24113 0.878976 0.589059 0.503764
threshold=1.0000000180025095e-35 59.997638888888893 -0.8783796973249266 123.95878140189846 10.072222222222218 402.55655806337842
decision_type=2 2 2 2 2 2
left_child=4 3 -3 -2 -1 -6
right_child=1 2 -4 -5 5 -7
leaf_value=-0.029236803660445329 0.0043475241902537626 0.018281661577000681 0.0089901927090457225 -0.0071283333261595071 -0.02131918549095058 0.00046680007194485731
leaf_weight=15.999999999999998 21 17 97 15.999999999999998 45 12.999999999999998
leaf_count=16 21 17 97 16 45 13
internal_value=0.000542035 0.00402961 0.00608696 -0.00230263 -0.00653333 -0.00474576
internal_weight=225 151 114 37 74 58
internal_count=225 151 114 37 74 58
is_linear=0
shrinkage=0.035


Tree=15
num_leaves=7
num_cat=0
split_feature=4 5 0 0 5 8
split_gain=4.57393 1.18354 1.33536 1.04992 0.589059 0.503764
threshold=1.0000000180025095e-35 59.997638888888893 -0.8783796973249266 0.6078576107927941 10.072222222222218 402.55655806337842
decision_type=2 2 2 2 2 2
left_child=4 3 -3 -2 -1 -6
right_child=1 2 -4 -5 5 -7
leaf_value=-0.028213515532329755 -0.028506630588685689 0.017641803421805671 0.0086755359642291165 0.007806801750302626 -0.020573013998767303 0.00045046206942678252
leaf_weight=15.999999999999998 20 17 97 17 45 12.999999999999998
leaf_count=16 20 17 97 17 45 13
internal_value=0.000542035 0.00402961 0.00578261 -0.00138158 -0.00653333 -0.00474576
internal_weight=225 151 114 37 74 58
internal_count=225 151 114 37 74 58
is_linear=0
shrinkage=0.035


Tree=16
num_leaves=7
num_cat=0
split_feature=4 5 1 8 5 8
split_gain=4.18397 1.40127 1.58361 0.878976 0.589059 0.503764
threshold=1.0000000180025095e-35 59.997638888888893 0.81174490092936691 123.95878140189846 10.072222222222218 402.55655806337842
decision_type=2 2 2 2 2 2
left_child=4 3 -3 -2 -1 -6
right_child=1 2 -4 -5 5 -7
leaf_value=-0.027226042488698216 0.0039860909479608438 0.012262718822961163 -0.012935963847776918 -0.0058811095891399398 -0.019852958508810453 0.00043469589699683735
leaf_weight=15.999999999999998 21 94 20 15.999999999999998 45 12.999999999999998
leaf_count=16 21 94 20 16 45 13
internal_value=0.000232301 0.00356908 0.00547826 -0.00230263 -0.00653333 -0.00474576
internal_weight=225 151 114 37 74 58
internal_count=225 151 114 37 74 58
is_linear=0
shrinkage=0.035


Tree=17
num_leaves=7
num_cat=0
split_feature=3 5 5 8 5 1
split_gain=4.12561 1.19118 1.67062 1.12751 1.60953 0.934135
threshold=-1.0000000180025095e-35 57.849583333333342 99.55625000000002 140.79680595935361 150.78972222222225 -0.22252093395631442
decision_type=2 2 2 2 2 2
left_child=1 -1 -3 4 -2 -5
right_child=3 2 -4 5 -6 -7
leaf_value=-0.012406872158429103 0.019834777618988733 0.028651473783168579 -0.014222919935714701 0.017529095109828766 -0.0063357006173127674 0.0109859658810307
leaf_weight=71 18 14.999999999999998 49 21 22 29
leaf_count=71 18 15 49 21 22 29
internal_value=0.000387168 -0.00347426 0 0.00615385 0.00170732 0.00960784
internal_weight=225 135 64 90 40 50
internal_count=225 135 64 90 40 50
is_linear=0
shrinkage=0.035


Tree=18
num_leaves=7
num_cat=0
split_feature=4 5 3 8 1 5
split_gain=3.6266 1.35285 1.47423 0.832119 0.449529 0.756679
threshold=1.0000000180025095e-35 206.23083333333335 -1.0000000180025095e-35 123.95878140189846 -0.56174490092936669 57.849583333333342
decision_type=2 2 2 2 2 2
left_child=4 2 -2 -3 -1 -6
right_child=1 3 -4 -5 5 -7
leaf_value=-0.027350342573739871 -0.01244840476415553 0.0032280000569882409 0.0090189280598454349 0.014153915787449832 -0.011972631632884072 0.0076372293183039602
leaf_weight=21 44 17 50 40 37 15.999999999999998
leaf_count=21 44 17 50 40 37 16
internal_value=0.000232301 0.00333882 0.000736842 0.0075431 -0.00606667 -0.00421296
internal_weight=225 151 94 57 74 53
internal_count=225 151 94 57 74 53
is_linear=0
shrinkage=0.035


Tree=19
num_leaves=7
num_cat=0
split_feature=4 5 1 8 1 5
split_gain=3.11344 0.998756 1.18087 0.878976 0.449529 0.756679
threshold=1.0000000180025095e-35 59.997638888888893 0.81174490092936691 123.95878140189846 -0.56174490092936669 57.849583333333342
decision_type=2 2 2 2 2 2
left_child=4 3 -3 -2 -1 -6
right_child=1 2 -4 -5 5 -7
leaf_value=-0.026393080583658961 0.0047165124570726974 0.011043490090993787 -0.013428092891682725 -0.004805336061229566 -0.011553589525733137 0.0073699262921633271
leaf_weight=21 21 94 20 15.999999999999998 37 15.999999999999998
leaf_count=21 21 94 20 16 37 16
internal_value=-0.000232301 0.00264803 0.00426087 -0.00230263 -0.00606667 -0.00421296
internal_weight=225 151 114 37 74 53
internal_count=225 151 114 37 74 53
is_linear=0
shrinkage=0.035


Tree=20
num_leaves=7
num_cat=0
split_feature=4 5 1 8 1 5
split_gain=2.78896 0.998756 1.18087 0.878976 0.56064 0.61048
threshold=1.0000000180025095e-35 59.997638888888893 0.81174490092936691 123.95878140189846 -0.56174490092936669 57.849583333333342
decision_type=2 2 2 2 2 2
left_child=4 3 -3 -2 -1 -6
right_child=1 2 -4 -5 5 -7
leaf_value=-0.025469322763230912 0.0045514345210751596 0.010656967937809016 -0.012958109640473819 -0.0046371492990865274 -0.011149213892332473 0.0071119788719376017
leaf_weight=21 21 94 20 15.999999999999998 37 15.999999999999998
leaf_count=21 21 94 20 16 37 16
internal_value=-7.74336e-05 0.00264803 0.00426087 -0.00230263 -0.0056 -0.00356481
internal_weight=225 151 114 37 74 53
internal_count=225 151 114 37 74 53
is_linear=0
shrinkage=0.035


Tree=21
num_leaves=7
num_cat=0
split_feature=4 5 5 8 1 5
split_gain=2.78896 0.998756 0.99409 0.878976 0.56064 0.61048
threshold=1.0000000180025095e-35 59.997638888888893 103.5765277777778 123.95878140189846 -0.56174490092936669 57.849583333333342
decision_type=2 2 2 2 2 2
left_child=4 3 -3 -2 -1 -6
right_child=1 2 -4 -5 5 -7
leaf_value=-0.024577896466517844 0.0043921343128375239 0.020839205436636508 0.0060742756342646326 -0.0044748490736184945 -0.010758991406100826 0.0068630596114197936
leaf_weight=21 21 19 95 15.999999999999998 37 15.999999999999998
leaf_count=21 21 19 95 16 37 16
internal_value=-7.74336e-05 0.00264803 0.00426087 -0.00230263 -0.0056 -0.00356481
internal_weight=225 151 114 37 74 53
internal_count=225 151 114 37 74 53
is_linear=0
shrinkage=0.035


Tree=22
num_leaves=7
num_cat=0
split_feature=4 5 5 8 1 5
split_gain=2.63537 0.90871 1.08304 0.878976 0.56064 0.61048
threshold=1.0000000180025095e-35 59.997638888888893 103.5765277777778 123.95878140189846 -0.56174490092936669 57.849583333333342
decision_type=2 2 2 2 2 2
left_child=4 3 -3 -2 -1 -6
right_child=1 2 -4 -5 5 -7
leaf_value=-0.023717670090189723 0.0042384096118882122 0.02010983324635424 0.0058616759870653698 -0.0043182293560418434 -0.010382426706887282 0.006622852525020098
leaf_weight=21 21 19 95 15.999999999999998 37 15.999999999999998
leaf_count=21 21 19 95 16 37 16
internal_value=-0.000232301 0.00241776 0.00395652 -0.00230263 -0.0056 -0.00356481
internal_weight=225 151 114 37 74 53
internal_count=225 151 114 37 74 53
is_linear=0
shrinkage=0.035


Tree=23
num_leaves=7
num_cat=0
split_feature=3 7 7 1 1 8
split_gain=2.64209 1.17274 2.49371 0.834249 0.638839 0.534474
threshold=-1.0000000180025095e-35 72.55083333333333 91.265357142857141 0.81174490092936691 1.0000000180025095e-35 108.5163332144824
decision_type=2 2 2 2 2 2
left_child=1 4 -3 5 -1 -2
right_child=3 2 -4 -5 -6 -7
leaf_value=-0.024438450225387955 0.0010204820358774614 0.029495813671620442 -0.0059483544256005109 -0.010632954611175159 -0.029083833517142017 0.013489946010899093
leaf_weight=19 21 13.999999999999998 87 12.999999999999998 14.999999999999998 56
leaf_count=19 21 14 87 13 15 56
internal_value=-0.000387168 -0.00347426 -0.00154412 0.00423077 -0.009 0.00560897
internal_weight=225 135 101 90 34 77
internal_count=225 135 101 90 34 77
is_linear=0
shrinkage=0.035


Tree=24
num_leaves=7
num_cat=0
split_feature=4 5 6 7 1 5
split_gain=2.78896 0.749328 1.14823 1.09759 0.56064 0.61048
threshold=1.0000000180025095e-35 281.87555555555559 284.22000000000003 324.96702380952388 -0.56174490092936669 57.849583333333342
decision_type=2 2 2 2 2 2
left_child=4 2 -2 -3 -1 -6
right_child=1 3 -4 -5 5 -7
leaf_value=-0.022679359232137038 0.0062906425767023638 0.013340721034548527 -0.0014828939118722052 -0.0016772292260393454 -0.0098108493672501868 0.0059789721498390378
leaf_weight=21 86 24 28 12.999999999999998 37 15.999999999999998
leaf_count=21 86 24 28 13 37 16
internal_value=-7.74336e-05 0.00264803 0.00121739 0.00690789 -0.0056 -0.00356481
internal_weight=225 151 114 37 74 53
internal_count=225 151 114 37 74 53
is_linear=0
shrinkage=0.035


Tree=25
num_leaves=7
num_cat=0
split_feature=4 5 5 8 6 7
split_gain=2.33756 0.586056 1.17543 1.16606 0.439697 0.184066
threshold=1.0000000180025095e-35 59.997638888888893 103.5765277777778 123.95878140189846 70.233750000000015 245.95323412698414
decision_type=2 2 2 2 2 2
left_child=4 3 -3 -2 5 -1
right_child=1 2 -4 -5 -6 -7
leaf_value=-0.025165333079389576 0.0047252385431761157 0.018985742259265897 0.0047174439809273983 -0.0040430345253188605 -0.0015315204307448905 -0.0047984065536264527
leaf_weight=41 21 19 95 15.999999999999998 21 11.999999999999998
leaf_count=41 21 19 95 16 21 12
internal_value=-7.74336e-05 0.00241776 0.00365217 -0.00138158 -0.00513333 -0.00680556
internal_weight=225 151 114 37 74 53
internal_count=225 151 114 37 74 53
is_linear=0
shrinkage=0.035


Tree=26
num_leaves=5
num_cat=0
split_feature=7 7 5 1
split_gain=2.51127 1.70159 2.09156 0.656929
threshold=72.55083333333333 91.265357142857141 57.849583333333342 1.0000000180025095e-35
decision_type=2 2 2 2
left_child=3 -2 -3 -1
right_child=1 2 -4 -5
leaf_value=-0.013544542398902773 0.0219169241164534 -0.005818828302502888 0.0057558404896236167 -0.028451182373559047
leaf_weight=22 14.999999999999998 49 124 14.999999999999998
leaf_count=22 15 49 124 15
internal_value=-0.000542035 0.00111111 0.000100575 -0.00875
internal_weight=225 188 173 37
internal_count=225 188 173 37
is_linear=0
shrinkage=0.035


Tree=27
num_leaves=7
num_cat=0
split_feature=4 5 5 7 1 5
split_gain=2.4861 0.662466 1.08471 0.872113 0.56064 0.61048
threshold=1.0000000180025095e-35 206.23083333333335 150.78972222222225 324.96702380952388 -0.56174490092936669 57.849583333333342
decision_type=2 2 2 2 2 2
left_child=4 2 -2 -3 -1 -6
right_child=1 3 -4 -5 5 -7
leaf_value=-0.020801136010646024 0.002495668346581539 0.014684661430953396 -0.0045844761016305595 -0.001686659616763251 -0.0088643097636125802 0.0058098001875661106
leaf_weight=21 74 43 20 13.999999999999998 37 15.999999999999998
leaf_count=21 74 43 20 14 37 16
internal_value=-0.000387168 0.0021875 0.000368421 0.00512931 -0.0056 -0.00356481
internal_weight=225 151 94 57 74 53
internal_count=225 151 94 57 74 53
is_linear=0
shrinkage=0.035


Tree=28
num_leaves=7
num_cat=0
split_feature=4 5 5 7 6 7
split_gain=2.19713 0.662466 1.08471 0.872113 0.439697 0.184066
threshold=1.0000000180025095e-35 206.23083333333335 150.78972222222225 324.96702380952388 70.233750000000015 245.95323412698414
decision_type=2 2 2 2 2 2
left_child=4 2 -2 -3 5 -1
right_child=1 3 -4 -5 -6 -7
leaf_value=-0.024689343845312586 0.0024083199544511925 0.014170698280870024 -0.0044240194380734928 -0.001627626530176536 -0.00096400738335479476 -0.0039076580326124115
leaf_weight=41 74 43 20 13.999999999999998 21 11.999999999999998
leaf_count=41 74 43 20 14 21 12
internal_value=-0.000232301 0.0021875 0.000368421 0.00512931 -0.00513333 -0.00680556
internal_weight=225 151 94 57 74 53
internal_count=225 151 94 57 74 53
is_linear=0
shrinkage=0.035


Tree=29
num_leaves=7
num_cat=0
split_feature=4 5 6 6 0 7
split_gain=1.92598 0.694742 0.990669 0.860119 0.553459 0.387315
threshold=1.0000000180025095e-35 186.51041666666669 284.22000000000003 70.233750000000015 0.6078576107927941 245.95323412698414
decision_type=2 2 2 2 2 2
left_child=4 2 -2 -3 5 -1
right_child=1 3 -4 -5 -6 -7
leaf_value=-0.027483500736863783 0.0029786016545597163 0.014312411870204846 -0.0013304104965981068 0.0060296682750088466 -0.0015684912280549902 -0.00093026712493736962
leaf_weight=39 67 14.999999999999998 22 47 22 12.999999999999998
leaf_count=39 67 15 22 47 22 13
internal_value=-7.74336e-05 0.0021875 0.000194444 0.005 -0.00466667 -0.00660377
internal_weight=225 151 89 62 74 52
internal_count=225 151 89 62 74 52
is_linear=0
shrinkage=0.035


Tree=30
num_leaves=7
num_cat=0
split_feature=4 5 6 6 0 7
split_gain=1.79871 0.606209 0.984025 0.685714 0.553459 0.387315
threshold=1.0000000180025095e-35 292.67138888888888 403.15291666666673 157.8402777777778 0.6078576107927941 245.95323412698414
decision_type=2 2 2 2 2 2
left_child=4 2 -2 -3 5 -1
right_child=1 3 -4 -5 -6 -7
leaf_value=-0.026521578211073555 0.0037415183079080633 0.00040235994707901626 -0.0014832664484116711 0.015230429236717306 -0.0015135940350730604 -0.00089770777556456914
leaf_weight=39 100 13.999999999999998 17 20 22 12.999999999999998
leaf_count=39 100 14 17 20 22 13
internal_value=-0.000232301 0.00195724 0.000741525 0.006 -0.00466667 -0.00660377
internal_weight=225 151 117 34 74 52
internal_count=225 151 117 34 74 52
is_linear=0
shrinkage=0.035


Tree=31
num_leaves=6
num_cat=0
split_feature=3 0 7 5 6
split_gain=1.37471 1.19506 1.22267 0.81296 0.537721
threshold=-0.93301270189221908 0.6078576107927941 189.43910714285718 38.070277777777783 95.08194444444446
decision_type=2 2 2 2 2
left_child=3 2 -2 -1 -3
right_child=1 4 -4 -5 -6
leaf_value=-0.051380659867383272 -0.013963679825898297 0.01163632829431693 0.004477732878389205 -0.003310898526214117 0.01117317439095577
leaf_weight=16.000000000000004 67 15.999999999999998 73 14.999999999999998 38
leaf_count=16 67 16 73 15 38
internal_value=-0.000387168 0.000717949 -0.000992908 -0.00710938 0.00509091
internal_weight=225 194 140 31 54
internal_count=225 194 140 31 54
is_linear=0
shrinkage=0.035


Tree=32
num_leaves=6
num_cat=0
split_feature=7 0 8 7 6
split_gain=1.67695 0.692249 1.92582 1.34137 0.612637
threshold=50.577341269841277 0.6078576107927941 335.05683212799192 189.43910714285718 8.1113888888888841
decision_type=2 2 2 2 2
left_child=4 3 -3 -2 -1
right_child=1 2 -4 -5 -6
leaf_value=-0.0035173584313367436 -0.012853533369506594 0.013273252823669776 -0.0026324809683452824 0.004321012227645569 -0.035607043393408963
leaf_weight=12.000000000000002 62 45 11.999999999999998 81 12.999999999999998
leaf_count=12 62 45 12 81 13
internal_value=-0.000387168 0.000696517 0.00392241 -0.000607639 -0.00875
internal_weight=225 200 57 143 25
internal_count=225 200 57 143 25
is_linear=0
shrinkage=0.035


Tree=33
num_leaves=7
num_cat=0
split_feature=4 7 5 5 6 5
split_gain=1.33031 0.65125 0.629934 0.455393 1.31245 0.980159
threshold=1.0000000180025095e-35 50.577341269841277 99.55625000000002 292.67138888888888 284.22000000000003 452.61472222222227
decision_type=2 2 2 2 2 2
left_child=1 -1 -3 4 -2 -5
right_child=3 2 -4 5 -6 -7
leaf_value=-0.028711635421135497 0.0052389067279072603 0.00078079966397101249 -0.017332836792792933 0.019414450728881288 -0.0013286988244747857 -0.00048971144348823885
leaf_weight=19 89 37 18 17 28 17
leaf_count=19 89 37 18 17 28 17
internal_value=-0.000387168 -0.0042 -0.0021875 0.00149671 0.000444915 0.005
internal_weight=225 74 55 151 117 34
internal_count=225 74 55 151 117 34
is_linear=0
shrinkage=0.035


Tree=34
num_leaves=7
num_cat=0
split_feature=4 7 5 5 6 5
split_gain=1.33031 0.65125 0.629934 0.455393 1.31245 0.980159
threshold=1.0000000180025095e-35 50.577341269841277 99.55625000000002 292.67138888888888 284.22000000000003 452.61472222222227
decision_type=2 2 2 2 2 2
left_child=1 -1 -3 4 -2 -5
right_child=3 2 -4 5 -6 -7
leaf_value=-0.027706728181395749 0.0050555449924305053 0.00075347167573203372 -0.016726187505045179 0.018734944953370448 -0.0012821943656181702 -0.00047257154296615595
leaf_weight=19 89 37 18 17 28 17
leaf_count=19 89 37 18 17 28 17
internal_value=-0.000387168 -0.0042 -0.0021875 0.00149671 0.000444915 0.005
internal_weight=225 74 55 151 117 34
internal_count=225 74 55 151 117 34
is_linear=0
shrinkage=0.035


Tree=35
num_leaves=5
num_cat=0
split_feature=5 7 7 5
split_gain=1.36473 0.753503 1.40062 1.09878
threshold=1.0459722222222225 200.07946428571432 224.20458333333335 103.5765277777778
decision_type=2 2 2 2
left_child=-1 3 -3 -2
right_child=1 2 -4 -5
leaf_value=-0.065130311697579726 0.00074690608421678077 0.021559617700824759 0.0023141809666080504 -0.011973957113959689
leaf_weight=18 65 11.999999999999998 90 40
leaf_count=18 65 12 90 40
internal_value=-0.000232301 0.000588942 0.00271845 -0.00148585
internal_weight=225 207 102 105
internal_count=225 207 102 105
is_linear=0
shrinkage=0.035


Tree=36
num_leaves=4
num_cat=0
split_feature=5 5 7
split_gain=1.32429 1.171 1.1268
threshold=1.0000000180025095e-35 12.161944444444446 197.73125000000002
decision_type=2 2 2
left_child=-1 -2 -3
right_child=1 2 -4
leaf_value=-0.097191950725593557 0.004028567213521253 -0.0036122641174670925 0.0049208551393224954
leaf_weight=11.999999999999998 14.999999999999998 95 103
leaf_count=12 15 95 103
internal_value=7.74336e-05 0.000735981 0
internal_weight=225 213 198
internal_count=225 213 198
is_linear=0
shrinkage=0.035


Tree=37
num_leaves=4
num_cat=0
split_feature=5 5 7
split_gain=1.28691 0.708382 1.1268
threshold=1.0000000180025095e-35 12.161944444444446 197.73125000000002
decision_type=2 2 2
left_child=-1 -2 -3
right_child=1 2 -4
leaf_value=-0.093790232450197783 0.0038875673610480038 -0.003485834873355749 0.0047486252094462158
leaf_weight=11.999999999999998 14.999999999999998 95 103
leaf_count=12 15 95 103
internal_value=-7.74336e-05 0.00057243 0
internal_weight=225 213 198
internal_count=225 213 198
is_linear=0
shrinkage=0.035


Tree=38
num_leaves=5
num_cat=0
split_feature=5 0 8 7
split_gain=1.32429 0.749237 1.92985 1.20503
threshold=1.0000000180025095e-35 0.6078576107927941 335.05683212799192 189.43910714285718
decision_type=2 2 2 2
left_child=-1 3 -3 -2
right_child=1 2 -4 -5
leaf_value=-0.090507574314440856 -0.0113064351502923 0.012849023650863078 -0.0021473126035137626 0.0033900428434279787
leaf_weight=11.999999999999998 72 48 11.999999999999998 81
leaf_count=12 72 48 12 81
internal_value=7.74336e-05 0.000735981 0.00401639 -0.000568182
internal_weight=225 213 60 153
internal_count=225 213 60 153
is_linear=0
shrinkage=0.035


Tree=39
num_leaves=4
num_cat=0
split_feature=5 5 7
split_gain=1.25002 0.741445 1.28844
threshold=1.0000000180025095e-35 12.161944444444446 197.73125000000002
decision_type=2 2 2
left_child=-1 -2 -3
right_child=1 2 -4
leaf_value=-0.087339809213435413 0.0033017866756311089 -0.0033010885737492007 0.0044637718275956223
leaf_weight=11.999999999999998 14.999999999999998 95 103
leaf_count=12 15 95 103
internal_value=-0.000232301 0.000408879 -0.000175879
internal_weight=225 213 198
internal_count=225 213 198
is_linear=0
shrinkage=0.035


Tree=40
num_leaves=5
num_cat=0
split_feature=5 3 5 1
split_gain=1.32429 0.707461 1.21765 0.850646
threshold=1.0000000180025095e-35 -1.0000000180025095e-35 12.161944444444446 1.0000000180025095e-35
decision_type=2 2 2 2
left_child=-1 2 -2 -3
right_child=1 3 -4 -5
leaf_value=-0.08428291589096519 0.0031862241419840136 0.0095344931093801905 -0.0036425990625716478 -0.00090460910277368367
leaf_weight=11.999999999999998 12.999999999999998 52 110 38
leaf_count=12 13 52 110 38
internal_value=7.74336e-05 0.000735981 -0.000987903 0.00307692
internal_weight=225 213 123 90
internal_count=225 213 123 90
is_linear=0
shrinkage=0.035


Tree=41
num_leaves=4
num_cat=0
split_feature=5 5 4
split_gain=1.32429 0.676024 1.11955
threshold=1.0000000180025095e-35 12.161944444444446 1.0000000180025095e-35
decision_type=2 2 2
left_child=-1 -2 -3
right_child=1 2 -4
leaf_value=-0.081333013834781392 0.0030747062970145735 -0.0096520628075586739 0.0016691009845505047
leaf_weight=11.999999999999998 14.999999999999998 57 141
leaf_count=12 15 57 141
internal_value=7.74336e-05 0.000735981 0.000175879
internal_weight=225 213 198
internal_count=225 213 198
is_linear=0
shrinkage=0.035


Tree=42
num_leaves=6
num_cat=0
split_feature=3 0 7 5 8
split_gain=1.50382 1.35194 1.03702 0.81296 0.510145
threshold=-0.93301270189221908 0.6078576107927941 189.43910714285718 38.070277777777783 156.56249570154685
decision_type=2 2 2 2 2
left_child=3 2 -2 -1 -3
right_child=1 4 -4 -5 -6
leaf_value=-0.044753311679942891 -0.011355888348579165 0.01473698338277118 0.0027230335366545733 -0.0023872541569922735 0.0060198064552039474
leaf_weight=16.000000000000004 67 32 73 14.999999999999998 22
leaf_count=16 67 32 73 15 22
internal_value=-7.74336e-05 0.00107692 -0.000744681 -0.00710938 0.00572727
internal_weight=225 194 140 31 54
internal_count=225 194 140 31 54
is_linear=0
shrinkage=0.035


Tree=43
num_leaves=5
num_cat=0
split_feature=5 7 7 7
split_gain=1.32429 0.75328 1.15714 0.817263
threshold=1.0000000180025095e-35 122.27486111111118 104.29873015873017 324.96702380952388
decision_type=2 2 2 2
left_child=-1 2 -2 -3
right_child=1 3 -4 -5
leaf_value=-0.077961072605363571 3.3556943368674433e-05 0.0054520781827932527 -0.039190758894209421 -0.0020084518124623019
leaf_weight=11.999999999999998 56 109 12.999999999999998 35
leaf_count=12 56 109 13 35
internal_value=7.74336e-05 0.000735981 -0.00225 0.00217241
internal_weight=225 213 69 144
internal_count=225 213 69 144
is_linear=0
shrinkage=0.035


Tree=44
num_leaves=4
num_cat=0
split_feature=5 5 7
split_gain=1.32429 0.676024 0.977568
threshold=1.0000000180025095e-35 12.161944444444446 200.07946428571432
decision_type=2 2 2
left_child=-1 -2 -3
right_child=1 2 -4
leaf_value=-0.075232435064175832 0.0043426347490193055 -0.0035179940032671777 0.0051889856130326135
leaf_weight=11.999999999999998 14.999999999999998 97 101
leaf_count=12 15 97 101
internal_value=7.74336e-05 0.000735981 0.000175879
internal_weight=225 213 198
internal_count=225 213 198
is_linear=0
shrinkage=0.035


Tree=45
num_leaves=7
num_cat=0
split_feature=7 7 0 7 8 0
split_gain=0.814404 0.897439 0.962019 0.700417 0.883335 0.793494
threshold=128.81337301587311 104.29873015873017 -1.0000000180025095e-35 324.96702380952388 285.31663135486463 1.0000000180025095e-35
decision_type=2 2 2 2 2 2
left_child=1 2 -1 4 -2 -5
right_child=3 -3 -4 5 -6 -7
leaf_value=0.0048807140088528251 0.0034902752988002074 -0.039489378350609061 -0.0060104167087714142 -0.0057445197744449275 0.010901568027154595 0.0056507988954368395
leaf_weight=25 80 18 39 18 28 17
leaf_count=25 80 18 39 18 28 17
internal_value=0.000232301 -0.00253012 -0.000538462 0.00182292 0.00321101 -0.00243056
internal_weight=225 82 64 143 108 35
internal_count=225 82 64 143 108 35
is_linear=0
shrinkage=0.035


Tree=46
num_leaves=6
num_cat=0
split_feature=7 7 8 8 5
split_gain=0.811872 1.49942 1.3657 0.941276 1.0364
threshold=200.07946428571432 224.20458333333335 156.56249570154685 182.45076076123397 103.5765277777778
decision_type=2 2 2 2 2
left_child=3 -2 -3 4 -1
right_child=1 2 -4 -5 -6
leaf_value=0.0014356192295012173 0.019064509746792777 -0.010617273010279938 0.0025600818176192068 -0.042776005275350332 -0.0076295946020160394
leaf_weight=71 11.999999999999998 15.999999999999998 76 11.999999999999998 38
leaf_count=71 12 16 76 12 38
internal_value=7.74336e-05 0.00233333 0.000752688 -0.00186475 -0.000795455
internal_weight=225 104 92 121 109
internal_count=225 104 92 121 109
is_linear=0
shrinkage=0.035


Tree=47
num_leaves=7
num_cat=0
split_feature=7 7 0 7 0 8
split_gain=0.907816 0.897439 0.962019 0.781967 0.793494 0.777094
threshold=128.81337301587311 104.29873015873017 -1.0000000180025095e-35 324.96702380952388 1.0000000180025095e-35 285.31663135486463
decision_type=2 2 2 2 2 2
left_child=1 2 -1 5 -5 -2
right_child=3 -3 -4 4 -6 -7
leaf_value=0.004659642345510427 0.0035402799012510958 -0.037998855539318734 -0.0055330163128938506 -0.0056330644459560335 0.0053634180704798693 0.010430410282587507
leaf_weight=25 80 18 39 18 17 28
leaf_count=25 80 18 39 18 17 28
internal_value=0.000387168 -0.00253012 -0.000538462 0.00206597 -0.00243056 0.00353211
internal_weight=225 82 64 143 35 108
internal_count=225 82 64 143 35 108
is_linear=0
shrinkage=0.035


Tree=48
num_leaves=6
num_cat=0
split_feature=3 0 0 8 6
split_gain=0.85644 1.24981 0.841939 0.510145 0.492188
threshold=-0.93301270189221908 0.6078576107927941 -0.8783796973249266 156.56249570154685 38.070277777777783
decision_type=2 2 2 2 2
left_child=4 2 -2 -3 -1
right_child=1 3 -4 -5 -6
leaf_value=-0.0067713556616590112 0.0030326657520831283 0.014198847025644513 -0.0031511247442121528 0.005222694088828082 -0.0027458444167079645
leaf_weight=17.000000000000004 28 32 112 22 13.999999999999998
leaf_count=17 28 32 112 22 14
internal_value=0.000387168 0.00125641 -0.000496454 0.00572727 -0.00492188
internal_weight=225 194 140 54 31
internal_count=225 194 140 54 31
is_linear=0
shrinkage=0.035


Tree=49
num_leaves=6
num_cat=0
split_feature=7 7 8 5 8
split_gain=0.811872 1.49942 0.941276 1.0364 0.811076
threshold=200.07946428571432 224.20458333333335 182.45076076123397 103.5765277777778 156.56249570154685
decision_type=2 2 2 2 2
left_child=2 -2 3 -1 -3
right_child=1 4 -4 -5 -6
leaf_value=0.0017670701975135673 0.017971790635501032 -0.010367505219101651 -0.041292465521209409 -0.0071154824560651884 0.0023043763238712804
leaf_weight=71 11.999999999999998 15.999999999999998 11.999999999999998 38 76
leaf_count=71 12 16 12 38 76
internal_value=7.74336e-05 0.00233333 -0.00186475 -0.000795455 0.000752688
internal_weight=225 104 121 109 92
internal_count=225 104 121 109 92
is_linear=0
shrinkage=0.035


Tree=50
num_leaves=7
num_cat=0
split_feature=7 7 0 7 0 5
split_gain=0.814404 0.897439 0.962019 0.700417 0.793494 0.688377
threshold=128.81337301587311 104.29873015873017 -1.0000000180025095e-35 324.96702380952388 1.0000000180025095e-35 206.23083333333335
decision_type=2 2 2 2 2 2
left_child=1 2 -1 5 -5 -2
right_child=3 -3 -4 4 -6 -7
leaf_value=0.0043285641051816854 0.00031847275958437173 -0.036465009014870493 -0.0048533214078222246 -0.0054062709956356515 0.0049122509735686085 0.013050623326297332
leaf_weight=25 63 18 39 18 17 45
leaf_count=25 63 18 39 18 17 45
internal_value=0.000232301 -0.00253012 -0.000538462 0.00182292 -0.00243056 0.00321101
internal_weight=225 82 64 143 35 108
internal_count=225 82 64 143 35 108
is_linear=0
shrinkage=0.035


Tree=51
num_leaves=5
num_cat=0
split_feature=5 0 8 7
split_gain=0.776978 0.749237 1.15747 0.8776
threshold=1.0000000180025095e-35 0.6078576107927941 335.05683212799192 189.43910714285718
decision_type=2 2 2 2
left_child=-1 3 -3 -2
right_child=1 2 -4 -5
leaf_value=-0.070721698728425472 -0.009052735843966226 0.012224793552965577 -0.0036703187958267419 0.0018990156330649824
leaf_weight=11.999999999999998 72 48 11.999999999999998 81
leaf_count=12 72 48 12 81
internal_value=0.000232301 0.000735981 0.00401639 -0.000568182
internal_weight=225 213 60 153
internal_count=225 213 60 153
is_linear=0
shrinkage=0.035


Tree=52
num_leaves=5
num_cat=0
split_feature=7 6 7 7
split_gain=0.985423 1.32466 1.08808 1.40076
threshold=72.55083333333333 8.1113888888888841 91.265357142857141 122.27486111111118
decision_type=2 2 2 2
left_child=1 -1 -2 -4
right_child=2 -3 3 -5
leaf_value=0.0019597226139446058 0.035355093779421212 -0.026356007283282433 -0.013024899854703186 0.0020657199400483275
leaf_weight=12.999999999999998 14.999999999999998 24 27 146
leaf_count=13 15 24 27 146
internal_value=7.74336e-05 -0.00506579 0.00111111 0.000301724
internal_weight=225 37 188 173
internal_count=225 37 188 173
is_linear=0
shrinkage=0.035


Tree=53
num_leaves=7
num_cat=0
split_feature=0 3 0 8 6 6
split_gain=0.851191 1.1281 0.915618 1.07898 0.782551 0.665625
threshold=0.6078576107927941 -0.5 -0.8783796973249266 285.31663135486463 227.36944444444447 186.51041666666669
decision_type=2 2 2 2 2 2
left_child=2 -2 4 -4 -1 -3
right_child=1 5 3 -5 -6 -7
leaf_value=0.012578226833841468 -0.00093193264190581724 0.021036734346767033 -0.010061389653331356 0.0048229622329169237 -0.0021275109081996149 0.0043341455188682515
leaf_weight=20 35 14.000000000000002 95 34 11.999999999999998 14.999999999999998
leaf_count=20 35 14 95 34 12 15
internal_value=0.000387168 0.00376923 -0.000972222 -0.00228846 0.00424242 0.00875
internal_weight=225 64 161 129 32 29
internal_count=225 64 161 129 32 29
is_linear=0
shrinkage=0.035


Tree=54
num_leaves=4
num_cat=0
split_feature=5 5 3
split_gain=0.806008 1.12929 0.869861
threshold=1.0000000180025095e-35 12.161944444444446 -1.0000000180025095e-35
decision_type=2 2 2
left_child=-1 -2 -3
right_child=1 2 -4
leaf_value=-0.067364890257849169 0.0039850818853666018 -0.0020677231151846657 0.0036168327186679511
leaf_weight=11.999999999999998 14.999999999999998 110 88
leaf_count=12 15 110 88
internal_value=0.000387168 0.000899533 0.000175879
internal_weight=225 213 198
internal_count=225 213 198
is_linear=0
shrinkage=0.035


Tree=55
num_leaves=4
num_cat=0
split_feature=5 5 3
split_gain=0.806008 1.12929 0.869861
threshold=1.0000000180025095e-35 12.161944444444446 -1.0000000180025095e-35
decision_type=2 2 2
left_child=-1 -2 -3
right_child=1 2 -4
leaf_value=-0.065007119098824451 0.0038456040193787858 -0.0019953528061531947 0.0034902435735145601
leaf_weight=11.999999999999998 14.999999999999998 110 88
leaf_count=12 15 110 88
internal_value=0.000387168 0.000899533 0.000175879
internal_weight=225 213 198
internal_count=225 213 198
is_linear=0
shrinkage=0.035


Tree=56
num_leaves=6
num_cat=0
split_feature=3 5 5 5 7
split_gain=0.848017 0.794547 0.887504 0.677777 1.10121
threshold=-1.0000000180025095e-35 452.61472222222227 292.67138888888888 247.80375000000001 284.09117063492073
decision_type=2 2 2 2 2
left_child=3 2 -2 4 -1
right_child=1 -3 -4 -5 -6
leaf_value=-0.0012178206795113856 0.0044561125211384986 -0.0034180702238207398 0.016069002513432865 0.008823068560357035 -0.0074548033503987476
leaf_weight=97 64 11.999999999999998 13.999999999999998 21 17
leaf_count=97 64 12 14 21 17
internal_value=7.74336e-05 0.00269231 0.00398734 -0.00167279 -0.00273913
internal_weight=225 90 78 135 114
internal_count=225 90 78 135 114
is_linear=0
shrinkage=0.035


Tree=57
num_leaves=7
num_cat=0
split_feature=0 8 3 8 0 4
split_gain=0.739468 0.961393 1.35245 0.875666 0.834246 0.239011
threshold=0.6078576107927941 335.05683212799192 -0.5 340.25755491278227 -0.8783796973249266 1.0000000180025095e-35
decision_type=2 2 2 2 2 2
left_child=3 2 -2 4 -1 -5
right_child=1 -3 -4 5 -6 -7
leaf_value=0.0037536316024834363 0.00033591141315656331 -0.0040327663394643335 0.014224987945108201 0.00022986746032480413 -0.0071539934761878643 0.011242853285528402
leaf_weight=27 28 11.999999999999998 24 13.000000000000002 109 11.999999999999998
leaf_count=27 28 12 24 13 109 12
internal_value=7.74336e-05 0.00323077 0.00528302 -0.00118827 -0.00229927 0.00471154
internal_weight=225 64 52 161 136 25
internal_count=225 64 52 161 136 25
is_linear=0
shrinkage=0.035


Tree=58
num_leaves=7
num_cat=0
split_feature=0 8 3 8 0 4
split_gain=0.739468 0.961393 1.35245 0.875666 0.834246 0.239011
threshold=0.6078576107927941 335.05683212799192 -0.5 340.25755491278227 -0.8783796973249266 1.0000000180025095e-35
decision_type=2 2 2 2 2 2
left_child=3 2 -2 4 -1 -5
right_child=1 -3 -4 5 -6 -7
leaf_value=0.0036222544963965047 0.00032415451369607889 -0.0038916195175830808 0.013727113367029408 0.00022182209921343124 -0.0069036037045212776 0.010849353420534898
leaf_weight=27 28 11.999999999999998 24 13.000000000000002 109 11.999999999999998
leaf_count=27 28 12 24 13 109 12
internal_value=7.74336e-05 0.00323077 0.00528302 -0.00118827 -0.00229927 0.00471154
internal_weight=225 64 52 161 136 25
internal_count=225 64 52 161 136 25
is_linear=0
shrinkage=0.035


Tree=59
num_leaves=7
num_cat=0
split_feature=0 8 3 8 0 4
split_gain=0.739468 0.961393 1.35245 0.875666 0.834246 0.239011
threshold=0.6078576107927941 335.05683212799192 -0.5 340.25755491278227 -0.8783796973249266 1.0000000180025095e-35
decision_type=2 2 2 2 2 2
left_child=3 2 -2 4 -1 -5
right_child=1 -3 -4 5 -6 -7
leaf_value=0.0034954755890226302 0.00031280910571671706 -0.0037554128344676643 0.013246664399183365 0.0002140583257409623 -0.0066619775748630299 0.010469626050816175
leaf_weight=27 28 11.999999999999998 24 13.000000000000002 109 11.999999999999998
leaf_count=27 28 12 24 13 109 12
internal_value=7.74336e-05 0.00323077 0.00528302 -0.00118827 -0.00229927 0.00471154
internal_weight=225 64 52 161 136 25
internal_count=225 64 52 161 136 25
is_linear=0
shrinkage=0.035


Tree=60
num_leaves=7
num_cat=0
split_feature=0 8 3 8 8 4
split_gain=0.601809 0.961393 1.35245 0.753201 0.816587 0.239011
threshold=0.6078576107927941 335.05683212799192 -0.5 340.25755491278227 35.938135230660727 1.0000000180025095e-35
decision_type=2 2 2 2 2 2
left_child=3 2 -2 4 -1 -5
right_child=1 -3 -4 5 -6 -7
leaf_value=0.0030311553951279891 0.00030186078701663127 -0.0036239733852612881 0.012783031145211949 0.0002065662843400329 -0.0032106207193753505 0.01010318913903761
leaf_weight=12.999999999999998 28 11.999999999999998 24 13.000000000000002 123 11.999999999999998
leaf_count=13 28 12 24 13 123 12
internal_value=0.000387168 0.00323077 0.00528302 -0.000756173 -0.00178832 0.00471154
internal_weight=225 64 52 161 136 25
internal_count=225 64 52 161 136 25
is_linear=0
shrinkage=0.035


Tree=61
num_leaves=5
num_cat=0
split_feature=7 0 3 8
split_gain=0.685563 1.21322 1.57468 0.732072
threshold=379.31160714285721 0.6078576107927941 -0.5 340.25755491278227
decision_type=2 2 2 2
left_child=1 3 -3 -1
right_child=-2 2 -4 -5
leaf_value=-0.002198535549266134 -0.0028688141967000607 0.00029129565947104809 0.012443777861016884 0.0054967509037593225
leaf_weight=134 13.999999999999998 34 25 18
leaf_count=134 14 34 25 18
internal_value=0.000232301 0.000742925 0.00495833 -0.000915033
internal_weight=225 211 59 152
internal_count=225 211 59 152
is_linear=0
shrinkage=0.035


Tree=62
num_leaves=5
num_cat=0
split_feature=7 0 3 8
split_gain=0.685563 1.21322 1.57468 0.732072
threshold=379.31160714285721 0.6078576107927941 -0.5 340.25755491278227
decision_type=2 2 2 2
left_child=1 3 -3 -1
right_child=-2 2 -4 -5
leaf_value=-0.0021215868050418175 -0.0027684056998155708 0.00028110031138956496 0.0120082456358813 0.005304364622127738
leaf_weight=134 13.999999999999998 34 25 18
leaf_count=134 14 34 25 18
internal_value=0.000232301 0.000742925 0.00495833 -0.000915033
internal_weight=225 211 59 152
internal_count=225 211 59 152
is_linear=0
shrinkage=0.035


Tree=63
num_leaves=5
num_cat=0
split_feature=7 0 3 6
split_gain=0.685563 1.21322 1.57468 0.902586
threshold=379.31160714285721 0.6078576107927941 -0.5 218.19652777777779
decision_type=2 2 2 2
left_child=1 3 -3 -1
right_child=-2 2 -4 -5
leaf_value=0.00035289102506423479 -0.0026715115003220239 0.00027126180049092844 0.011587957038625456 -0.0034834770370283067
leaf_weight=116 13.999999999999998 34 25 36
leaf_count=116 14 34 25 36
internal_value=0.000232301 0.000742925 0.00495833 -0.000915033
internal_weight=225 211 59 152
internal_count=225 211 59 152
is_linear=0
shrinkage=0.035


Tree=64
num_leaves=5
num_cat=0
split_feature=7 0 3 6
split_gain=0.685563 1.21322 1.57468 0.902586
threshold=379.31160714285721 0.6078576107927941 -0.5 218.19652777777779
decision_type=2 2 2 2
left_child=1 3 -3 -1
right_child=-2 2 -4 -5
leaf_value=0.00034053983918699962 -0.0025780085978107394 0.00026176763747375211 0.011182378542273557 -0.0033615553407323031
leaf_weight=116 13.999999999999998 34 25 36
leaf_count=116 14 34 25 36
internal_value=0.000232301 0.000742925 0.00495833 -0.000915033
internal_weight=225 211 59 152
internal_count=225 211 59 152
is_linear=0
shrinkage=0.035


Tree=65
num_leaves=6
num_cat=0
split_feature=7 7 5 5 0
split_gain=0.501105 1.20121 1.03194 1.00905 0.515716
threshold=324.96702380952388 200.07946428571432 206.23083333333335 179.37236111111113 1.0000000180025095e-35
decision_type=2 2 2 2 2
left_child=1 3 -3 -1 -2
right_child=4 2 -4 -5 -6
leaf_value=0.00023016069585818591 -0.0044339143006665305 6.0873554203706443e-05 0.011502916395419343 -0.0082599958287717292 7.4494734843266744e-05
leaf_weight=99 18 35 34 22 17
leaf_count=99 18 35 34 22 17
internal_value=0.000387168 0.00109948 0.00475 -0.0010041 -0.00340278
internal_weight=225 190 69 121 35
internal_count=225 190 69 121 35
is_linear=0
shrinkage=0.035


Tree=66
num_leaves=7
num_cat=0
split_feature=4 5 7 1 6 3
split_gain=0.529196 0.567498 0.772781 0.498078 0.380174 0.363108
threshold=1.0000000180025095e-35 49.215972222222227 249.50771825396828 0.81174490092936691 227.36944444444447 -0.93301270189221908
decision_type=2 2 2 2 2 2
left_child=1 5 -3 4 -2 -1
right_child=3 2 -4 -5 -6 -7
leaf_value=-0.0049699066260973299 0.0033845477607729892 -0.011877394521832329 0.0040492022330298567 -0.013878188260386623 -8.3078079103575679e-05 0.0026464900539623893
leaf_weight=21 83 19 12.999999999999998 22 46 21
leaf_count=21 83 19 13 22 46 21
internal_value=0.000542035 -0.00186667 -0.00530303 0.00172697 0.00255769 0.000813953
internal_weight=225 74 32 151 129 42
internal_count=225 74 32 151 129 42
is_linear=0
shrinkage=0.035


Tree=67
num_leaves=5
num_cat=0
split_feature=7 0 3 4
split_gain=0.715034 0.820955 1.22596 0.657898
threshold=379.31160714285721 0.6078576107927941 -0.5 -0.25000000000000028
decision_type=2 2 2 2
left_child=1 3 -3 -1
right_child=-2 2 -4 -5
leaf_value=-0.0114616857135682 -0.00240858072171682 0.00028520993581950373 0.010569541789932862 0.0001066453074554108
leaf_weight=31 13.999999999999998 34 25 121
leaf_count=31 14 34 25 121
internal_value=0.000387168 0.000908019 0.004375 -0.000457516
internal_weight=225 211 59 152
internal_count=225 211 59 152
is_linear=0
shrinkage=0.035


Tree=68
num_leaves=7
num_cat=0
split_feature=4 6 6 7 1 8
split_gain=0.53124 0.660145 1.05289 0.525225 0.807507 0.533574
threshold=1.0000000180025095e-35 27.281527777777782 70.233750000000015 324.96702380952388 -0.22252093395631442 285.31663135486463
decision_type=2 2 2 2 2 2
left_child=1 -1 -3 5 -5 -2
right_child=3 2 -4 4 -6 -7
leaf_value=0.00076119455341017834 0.0010918313151910431 -0.012020319044917148 0.00022895712595903951 0.0001029127216944792 -0.0030921811268530665 0.015449022617256275
leaf_weight=29 107 24 21 13.000000000000002 18 12.999999999999998
leaf_count=29 107 24 21 13 18 13
internal_value=7.74336e-05 -0.00233333 -0.00494565 0.00126645 -0.00273438 0.00231405
internal_weight=225 74 45 151 31 120
internal_count=225 74 45 151 31 120
is_linear=0
shrinkage=0.035


Tree=69
num_leaves=6
num_cat=0
split_feature=7 7 7 5 1
split_gain=0.501105 0.894891 1.10214 1.09823 0.731046
threshold=324.96702380952388 200.07946428571432 224.20458333333335 179.37236111111113 -0.22252093395631442
decision_type=2 2 2 2 2
left_child=1 3 -3 -1 -2
right_child=4 2 -4 -5 -6
leaf_value=0.00039750568939662229 6.6718701966319579e-05 0.014890925623070957 0.0020895366438931084 -0.0071046297620591331 -0.0038747102180162109
leaf_weight=99 15.999999999999998 11.999999999999998 57 22 19
leaf_count=99 16 12 57 22 19
internal_value=0.000387168 0.00109948 0.00425 -0.000717213 -0.00340278
internal_weight=225 190 69 121 35
internal_count=225 190 69 121 35
is_linear=0
shrinkage=0.035


Tree=70
num_leaves=5
num_cat=0
split_feature=8 7 7 6
split_gain=0.418774 0.678154 0.981105 0.871693
threshold=32.748843940375444 72.55083333333333 91.265357142857141 27.281527777777782
decision_type=2 2 2 2
left_child=-1 3 -3 -2
right_child=1 2 -4 -5
leaf_value=0.00082432908561178584 0.00071820810557629241 0.035894921225610346 1.0459495350485517e-05 -0.028275369398716325
leaf_weight=12.999999999999998 13.000000000000002 13.999999999999998 172 12.999999999999998
leaf_count=13 13 14 172 13
internal_value=0.000387168 0 0.000748663 -0.00518519
internal_weight=225 212 186 26
internal_count=225 212 186 26
is_linear=0
shrinkage=0.035


Tree=71
num_leaves=5
num_cat=0
split_feature=8 7 7 5
split_gain=0.418774 0.642212 0.888454 0.695465
threshold=32.748843940375444 128.81337301587311 104.29873015873017 23.338333333333335
decision_type=2 2 2 2
left_child=-1 2 -2 -3
right_child=1 3 -4 -5
leaf_value=0.00079547756761537251 -0.00077848018686975894 0.0063232378099443648 -0.028876254163427796 0.00010302223410185497
leaf_weight=12.999999999999998 51 12.999999999999998 18 130
leaf_count=13 51 13 18 130
internal_value=0.000387168 0 -0.00275 0.00133681
internal_weight=225 212 69 143
internal_count=225 212 69 143
is_linear=0
shrinkage=0.035


Tree=72
num_leaves=6
num_cat=0
split_feature=0 5 5 8 7
split_gain=0.508509 1.06662 0.829171 0.650288 1.07457
threshold=0.6078576107927941 23.338333333333335 57.849583333333342 35.938135230660727 189.43910714285718
decision_type=2 2 2 2 2
left_child=3 -2 -3 -1 -5
right_child=1 2 -4 4 -6
leaf_value=0.0028129317486839424 0.0061019244865963161 -0.0025900589684697841 0.0056637637828544215 -0.012314710028527643 0.00074497530733132157
leaf_weight=12.999999999999998 12.999999999999998 18 33 67 81
leaf_count=13 13 18 33 67 81
internal_value=7.74336e-05 0.00269231 0.000336538 -0.000972222 -0.0016443
internal_weight=225 64 51 161 148
internal_count=225 64 51 161 148
is_linear=0
shrinkage=0.035


Tree=73
num_leaves=6
num_cat=0
split_feature=7 1 6 1 6
split_gain=0.461212 0.75126 1.03038 0.731046 0.470841
threshold=324.96702380952388 -0.56174490092936669 99.55625000000002 -0.22252093395631442 36.604166666666679
decision_type=2 2 2 2 2
left_child=1 2 -1 -2 -3
right_child=3 4 -4 -5 -6
leaf_value=-0.0090890007543796315 3.4337551110059654e-05 0.0014119288960845846 0.0070307364372892032 -0.0039412989533163635 0.00092889762924706746
leaf_weight=30 15.999999999999998 36 24 19 100
leaf_count=30 16 36 24 19 100
internal_value=0.000232301 0.00091623 -0.00254545 -0.00340278 0.00229927
internal_weight=225 190 54 35 136
internal_count=225 190 54 35 136
is_linear=0
shrinkage=0.035


Tree=74
num_leaves=6
num_cat=0
split_feature=4 0 0 6 0
split_gain=0.601338 0.765108 0.465769 0.356851 0.328031
threshold=1.0000000180025095e-35 0.6078576107927941 -0.8783796973249266 27.281527777777782 1.0000000180025095e-35
decision_type=2 2 2 2 2
left_child=1 3 -2 -1 -4
right_child=2 -3 4 -5 -6
leaf_value=-0.0018470330476658471 0.0058777609148345338 0.00046955116464008853 -0.00077202185093236517 -0.012031390559712278 0.0023862711174484998
leaf_weight=24 22 22 66 28 63
leaf_count=24 22 22 66 28 63
internal_value=0.000232301 -0.00233333 0.00149671 -0.00462264 0.000673077
internal_weight=225 74 151 52 129
internal_count=225 74 151 52 129
is_linear=0
shrinkage=0.035


Tree=75
num_leaves=6
num_cat=0
split_feature=7 8 1 6 6
split_gain=0.692284 0.77484 0.75126 1.03038 0.470841
threshold=324.96702380952388 323.99057498628065 -0.56174490092936669 99.55625000000002 36.604166666666679
decision_type=2 2 2 2 2
left_child=2 -2 3 -1 -4
right_child=1 -3 4 -5 -6
leaf_value=-0.0086020961377367266 0.0034478752006055972 -0.0029426838662623793 0.0013530747185004179 0.0067564112998200363 0.00090167944923352122
leaf_weight=30 11.999999999999998 23 36 24 100
leaf_count=30 12 23 36 24 100
internal_value=7.74336e-05 -0.004375 0.00091623 -0.00254545 0.00229927
internal_weight=225 35 190 54 136
internal_count=225 35 190 54 136
is_linear=0
shrinkage=0.035


Tree=76
num_leaves=7
num_cat=0
split_feature=0 5 5 8 0 4
split_gain=0.508509 1.06662 0.829171 0.813307 0.758334 0.239011
threshold=0.6078576107927941 23.338333333333335 57.849583333333342 340.25755491278227 -0.8783796973249266 1.0000000180025095e-35
decision_type=2 2 2 2 2 2
left_child=3 -2 -3 4 -1 -5
right_child=1 2 -4 5 -6 -7
leaf_value=0.0036104195333178748 0.0058078526410562268 -0.0024944917932148438 0.0053179423635969815 0.00025708477441543036 -0.0032936963522700951 0.0082253941122173088
leaf_weight=27 12.999999999999998 18 33 13.000000000000002 109 11.999999999999998
leaf_count=27 13 18 33 13 109 12
internal_value=7.74336e-05 0.00269231 0.000336538 -0.000972222 -0.0020438 0.00471154
internal_weight=225 64 51 161 136 25
internal_count=225 64 51 161 136 25
is_linear=0
shrinkage=0.035


Tree=77
num_leaves=6
num_cat=0
split_feature=7 8 1 6 7
split_gain=0.692284 0.77484 0.75126 1.03038 0.422335
threshold=324.96702380952388 323.99057498628065 -0.56174490092936669 99.55625000000002 285.1529365079366
decision_type=2 2 2 2 2
left_child=2 -2 3 -1 -4
right_child=1 -3 4 -5 -6
leaf_value=-0.0081857434005864829 0.0034424789409138561 -0.0031275787248707947 0.00030264697486932947 0.0066352162766557896 0.014652091828060805
leaf_weight=30 11.999999999999998 23 121 24 14.999999999999998
leaf_count=30 12 23 121 24 15
internal_value=7.74336e-05 -0.004375 0.00091623 -0.00254545 0.00229927
internal_weight=225 35 190 54 136
internal_count=225 35 190 54 136
is_linear=0
shrinkage=0.035


Tree=78
num_leaves=6
num_cat=0
split_feature=7 1 6 8 8
split_gain=0.914092 0.674293 1.03038 0.466812 0.420139
threshold=324.96702380952388 -0.56174490092936669 99.55625000000002 190.99239858519329 323.99057498628065
decision_type=2 2 2 2 2
left_child=1 2 -1 -3 -2
right_child=4 3 -4 -5 -6
leaf_value=-0.0078992423815659549 0.0033219921779818586 0.0034201495257609698 0.0064029837069728493 -0.00026473640667123104 -0.0030181134695003169
leaf_weight=30 11.999999999999998 103 24 33 23
leaf_count=30 12 103 24 33 23
internal_value=-0.000232301 0.000732984 -0.00254545 0.0020438 -0.00534722
internal_weight=225 190 54 136 35
internal_count=225 190 54 136 35
is_linear=0
shrinkage=0.035


Tree=79
num_leaves=6
num_cat=0
split_feature=3 7 8 3 8
split_gain=0.62567 0.835878 1.07061 0.735826 0.379687
threshold=-0.93301270189221908 324.96702380952388 285.31663135486463 0.68301270189221941 66.090045129014612
decision_type=2 2 2 2 2
left_child=4 2 -2 -3 -1
right_child=1 3 -4 -5 -6
leaf_value=-1.4391433729044057e-05 0.00015657459418040977 -0.0028059657446030477 0.014863898159059761 9.3988571732852585e-05 -0.012872611238203923
leaf_weight=12.000000000000002 143 18 18 14.999999999999998 19
leaf_count=12 143 18 18 15 19
internal_value=-0.000387168 0.000358974 0.00140432 -0.00463235 -0.00492188
internal_weight=225 194 161 33 31
internal_count=225 194 161 33 31
is_linear=0
shrinkage=0.035


Tree=80
num_leaves=7
num_cat=0
split_feature=0 5 5 8 0 4
split_gain=0.508509 1.06662 0.829171 0.813307 0.758334 0.239011
threshold=0.6078576107927941 23.338333333333335 57.849583333333342 340.25755491278227 -0.8783796973249266 1.0000000180025095e-35
decision_type=2 2 2 2 2 2
left_child=3 -2 -3 4 -1 -5
right_child=1 2 -4 5 -6 -7
leaf_value=0.003348276861333366 0.0060537923220694585 -0.0023757528823889931 0.004996036392552701 0.00019507076089939624 -0.0041136057982314794 0.0071648267279048232
leaf_weight=27 12.999999999999998 18 33 13.000000000000002 109 11.999999999999998
leaf_count=27 13 18 33 13 109 12
internal_value=7.74336e-05 0.00269231 0.000336538 -0.000972222 -0.0020438 0.00471154
internal_weight=225 64 51 161 136 25
internal_count=225 64 51 161 136 25
is_linear=0
shrinkage=0.035


Tree=81
num_leaves=4
num_cat=0
split_feature=5 5 7
split_gain=0.692866 0.863479 0.569486
threshold=1.0000000180025095e-35 14.095000000000001 379.31160714285721
decision_type=2 2 2
left_child=-1 -2 -3
right_child=1 2 -4
leaf_value=-0.061170938007572825 0.002936185852653669 4.5509675469861401e-05 -0.0018434923909341873
leaf_weight=11.999999999999998 18 181 13.999999999999998
leaf_count=12 18 181 14
internal_value=-0.000232301 0.000245327 -0.000446429
internal_weight=225 213 195
internal_count=225 213 195
is_linear=0
shrinkage=0.035


Tree=82
num_leaves=6
num_cat=0
split_feature=7 7 7 5 8
split_gain=0.645163 1.11436 1.10214 0.923473 0.77484
threshold=324.96702380952388 200.07946428571432 224.20458333333335 179.37236111111113 323.99057498628065
decision_type=2 2 2 2 2
left_child=1 3 -3 -1 -2
right_child=4 2 -4 -5 -6
leaf_value=0.00011050687923285009 0.0033955654165743667 0.013688980199437383 0.0014152463073957213 -0.0040618770685325826 -0.003000517398800682
leaf_weight=99 11.999999999999998 11.999999999999998 57 22 23
leaf_count=99 12 12 57 22 23
internal_value=-7.74336e-05 0.000732984 0.00425 -0.00129098 -0.004375
internal_weight=225 190 69 121 35
internal_count=225 190 69 121 35
is_linear=0
shrinkage=0.035


Tree=83
num_leaves=5
num_cat=0
split_feature=7 1 6 7
split_gain=0.600657 0.687466 0.530512 0.438251
threshold=379.31160714285721 -0.56174490092936669 99.55625000000002 72.55083333333333
decision_type=2 2 2 2
left_child=1 2 -1 -3
right_child=-2 3 -4 -5
leaf_value=-0.006635210548265498 -0.0017858834975625305 -0.0017521650751129905 0.0018125892384880206 0.0013657126866368776
leaf_weight=31 13.999999999999998 26 27 127
leaf_count=31 14 26 27 127
internal_value=-0.000232301 0.000247642 -0.0029661 0.00147727
internal_weight=225 211 58 153
internal_count=225 211 58 153
is_linear=0
shrinkage=0.035


Tree=84
num_leaves=5
num_cat=0
split_feature=8 7 8 5
split_gain=0.561239 0.840678 0.967209 0.673958
threshold=32.748843940375444 77.706884920634934 67.507607067818682 44.999305555555559
decision_type=2 2 2 2
left_child=-1 3 -3 -2
right_child=1 2 -4 -5
leaf_value=0.0019906591538151799 -0.00010609671587540116 0.031981103431437508 -7.2257074156292241e-05 -0.01116999941708194
leaf_weight=12.999999999999998 15.000000000000002 12.999999999999998 170 13.999999999999998
leaf_count=13 15 13 170 14
internal_value=-0.000542035 -0.000985915 -9.51087e-05 -0.00641667
internal_weight=225 212 183 29
internal_count=225 212 183 29
is_linear=0
shrinkage=0.035


Tree=85
num_leaves=7
num_cat=0
split_feature=7 7 5 8 7 6
split_gain=0.571616 1.3472 1.00905 1.00901 0.785553 1.44309
threshold=277.64009920634925 200.07946428571432 179.37236111111113 169.09659245820004 290.48037698412708 99.55625000000002
decision_type=2 2 2 2 2 2
left_child=1 2 -1 -3 -2 -6
right_child=4 3 -4 -5 5 -7
leaf_value=0.00010970754084352665 -0.0030427200857792384 0.0023357283206466152 -0.0036849500043491835 0.014731960060660557 0.0071213977430110475 -0.0017110056000538278
leaf_weight=99 14.999999999999998 15.999999999999998 22 20 12.999999999999998 40
leaf_count=99 15 16 22 20 13 40
internal_value=-0.000387168 0.000775316 -0.0010041 0.00662162 -0.00304348 -0.000972222
internal_weight=225 157 121 36 68 53
internal_count=225 157 121 36 68 53
is_linear=0
shrinkage=0.035


Tree=86
num_leaves=6
num_cat=0
split_feature=7 7 7 5 3
split_gain=0.692284 1.00166 1.10214 1.00905 0.643601
threshold=324.96702380952388 200.07946428571432 224.20458333333335 179.37236111111113 0.68301270189221941
decision_type=2 2 2 2 2
left_child=1 3 -3 -1 -2
right_child=4 2 -4 -5 -6
leaf_value=0.00010586777691399263 -0.0025786243004275546 0.012865910399347374 0.0008048231380769356 -0.0035559767541969694 3.3877217864515255e-05
leaf_weight=99 20 11.999999999999998 57 22 14.999999999999998
leaf_count=99 20 12 57 22 15
internal_value=7.74336e-05 0.00091623 0.00425 -0.0010041 -0.004375
internal_weight=225 190 69 121 35
internal_count=225 190 69 121 35
is_linear=0
shrinkage=0.035


Tree=87
num_leaves=5
num_cat=0
split_feature=7 7 7 5
split_gain=0.685563 0.708188 1.3337 1.00905
threshold=379.31160714285721 200.07946428571432 224.20458333333335 179.37236111111113
decision_type=2 2 2 2
left_child=1 3 -3 -1
right_child=-2 2 -4 -5
leaf_value=0.00010216240472200601 -0.0015707115310355248 0.012415603535370209 5.788123181888372e-05 -0.0034315175678000724
leaf_weight=99 13.999999999999998 11.999999999999998 78 22
leaf_count=99 14 12 78 22
internal_value=0.000232301 0.000742925 0.00307692 -0.0010041
internal_weight=225 211 90 121
internal_count=225 211 90 121
is_linear=0
shrinkage=0.035


Tree=88
num_leaves=5
num_cat=0
split_feature=7 7 7 5
split_gain=0.685563 0.708188 1.3337 1.00905
threshold=379.31160714285721 200.07946428571432 224.20458333333335 179.37236111111113
decision_type=2 2 2 2
left_child=1 3 -3 -1
right_child=-2 2 -4 -5
leaf_value=9.8586720556745897e-05 -0.001515736627449267 0.011981057411632259 5.5855388705217115e-05 -0.0033114144529270678
leaf_weight=99 13.999999999999998 11.999999999999998 78 22
leaf_count=99 14 12 78 22
internal_value=0.000232301 0.000742925 0.00307692 -0.0010041
internal_weight=225 211 90 121
internal_count=225 211 90 121
is_linear=0
shrinkage=0.035


Tree=89
num_leaves=5
num_cat=0
split_feature=7 7 7 5
split_gain=0.715034 0.744313 1.1384 0.575654
threshold=379.31160714285721 128.81337301587311 104.29873015873017 110.45472222222223
decision_type=2 2 2 2
left_child=1 2 -1 -3
right_child=-2 3 -4 -5
leaf_value=0.00018049417406083235 -0.0014626858454885451 0.0031657842898289838 -0.02538378093647484 4.3149287782500158e-05
leaf_weight=64 13.999999999999998 45 18 84
leaf_count=64 14 45 18 84
internal_value=0.000387168 0.000908019 -0.00168675 0.00255769
internal_weight=225 211 82 129
internal_count=225 211 82 129
is_linear=0
shrinkage=0.035


Tree=90
num_leaves=6
num_cat=0
split_feature=4 6 7 0 1
split_gain=0.677907 0.587972 0.550577 0.513947 0.270031
threshold=1.0000000180025095e-35 1.4268055555555559 77.706884920634934 -0.8783796973249266 0.81174490092936691
decision_type=2 2 2 2 2
left_child=1 -1 -3 -2 -5
right_child=3 2 -4 4 -6
leaf_value=0.00066187109638187196 0.0048208701281174035 -0.02606337762612735 -0.0012463344245605714 0.00016253719942103118 -0.013181853664897537
leaf_weight=12.999999999999998 22 18 43 107 22
leaf_count=13 22 18 43 107 22
internal_value=-7.74336e-05 -0.0028 -0.00423387 0.00126645 0.000403846
internal_weight=225 74 61 151 129
internal_count=225 74 61 151 129
is_linear=0
shrinkage=0.035


Tree=91
num_leaves=5
num_cat=0
split_feature=8 4 0 4
split_gain=0.464102 0.426239 0.785096 0.498523
threshold=32.748843940375444 1.0000000180025095e-35 -1.0000000180025095e-35 0.6830127018922193
decision_type=2 2 2 2
left_child=-1 2 -2 -3
right_child=1 3 -4 -5
leaf_value=0.0018769319434598899 -0.011094217946683856 0.003626805592707743 0.00013816630435120161 -0.00015137787811591254
leaf_weight=12.999999999999998 25 61 39 87
leaf_count=13 25 61 39 87
internal_value=7.74336e-05 -0.000328638 -0.00269231 0.000704698
internal_weight=225 212 64 148
internal_count=225 212 64 148
is_linear=0
shrinkage=0.035


Tree=92
num_leaves=6
num_cat=0
split_feature=7 7 7 8 1
split_gain=0.599665 0.656861 1.3583 1.10429 0.45
threshold=324.96702380952388 200.07946428571432 224.20458333333335 152.55974198425031 -0.22252093395631442
decision_type=2 2 2 2 2
left_child=1 3 -3 -1 -2
right_child=4 2 -4 -5 -6
leaf_value=0.00040548385784258125 -2.3736833839151929e-05 0.011396777948402678 0.00063386978735621388 -0.026165108745090763 -0.0032880188492818135
leaf_weight=96 15.999999999999998 11.999999999999998 57 25 19
leaf_count=96 16 12 57 25 19
internal_value=-0.000232301 0.000549738 0.00325 -0.0010041 -0.004375
internal_weight=225 190 69 121 35
internal_count=225 190 69 121 35
is_linear=0
shrinkage=0.035


Tree=93
num_leaves=6
num_cat=0
split_feature=0 6 0 6 7
split_gain=0.507109 1.53713 0.799495 1.01528 0.799231
threshold=-0.8783796973249266 227.36944444444447 1.0000000180025095e-35 62.262083333333337 324.96702380952388
decision_type=2 2 2 2 2
left_child=1 -1 4 -4 -2
right_child=2 -3 3 -5 -6
leaf_value=0.0086730876991616013 -0.0012780301787232063 -0.0026258798247502015 -0.00090001388609887609 0.006957639491547 -0.010912083407624854
leaf_weight=20 85 11.999999999999998 34 62 11.999999999999998
leaf_count=20 85 12 34 62 12
internal_value=0.000232301 0.00424242 -0.000451031 0.00180412 -0.00267857
internal_weight=225 32 193 96 97
internal_count=225 32 193 96 97
is_linear=0
shrinkage=0.035


Tree=94
num_leaves=6
num_cat=0
split_feature=7 8 1 6 7
split_gain=0.741026 0.77484 0.566396 0.802815 0.422335
threshold=324.96702380952388 323.99057498628065 -0.56174490092936669 99.55625000000002 285.1529365079366
decision_type=2 2 2 2 2
left_child=2 -2 3 -1 -4
right_child=1 -3 4 -5 -6
leaf_value=-0.007045143974326604 0.0037087680316749477 -0.0027240397003548459 0.00065641540105406467 0.0046572161878942935 0.013502956568675423
leaf_weight=30 11.999999999999998 23 121 24 14.999999999999998
leaf_count=30 12 23 121 24 15
internal_value=0.000232301 -0.004375 0.00109948 -0.00190909 0.00229927
internal_weight=225 35 190 54 136
internal_count=225 35 190 54 136
is_linear=0
shrinkage=0.035


Tree=95
num_leaves=7
num_cat=0
split_feature=7 7 8 7 7 6
split_gain=0.712089 1.15131 1.00901 0.785553 0.994518 0.716872
threshold=277.64009920634925 200.07946428571432 169.09659245820004 290.48037698412708 324.96702380952388 92.255277777777806
decision_type=2 2 2 2 2 2
left_child=1 5 -3 -2 -5 -1
right_child=3 2 -4 4 -6 -7
leaf_value=-0.0020038041428789666 -0.0023781319386791868 0.00111487097187303 0.013950300385820848 0.0096430786151118341 -0.0014383283503762679 0.004998363306250986
leaf_weight=73 14.999999999999998 15.999999999999998 20 18 35 48
leaf_count=73 15 16 20 18 35 48
internal_value=-7.74336e-05 0.00121835 0.00662162 -0.00304348 -0.000972222 -0.000430328
internal_weight=225 157 36 68 53 121
internal_count=225 157 36 68 53 121
is_linear=0
shrinkage=0.035


Tree=96
num_leaves=6
num_cat=0
split_feature=7 8 1 6 7
split_gain=0.79139 0.77484 0.637019 0.802815 0.414699
threshold=324.96702380952388 323.99057498628065 -0.56174490092936669 99.55625000000002 284.09117063492073
decision_type=2 2 2 2 2
left_child=2 -2 3 -1 -4
right_child=1 -3 4 -5 -6
leaf_value=-0.0067284307902244159 0.0036293026428294932 -0.002578356818579253 0.00079824325714896957 0.0042305731225583659 0.0081039861898869192
leaf_weight=30 11.999999999999998 23 118 24 18
leaf_count=30 12 23 118 24 18
internal_value=0.000387168 -0.004375 0.00128272 -0.00190909 0.00255474
internal_weight=225 35 190 54 136
internal_count=225 35 190 54 136
is_linear=0
shrinkage=0.035


Tree=97
num_leaves=7
num_cat=0
split_feature=7 7 7 6 8 1
split_gain=0.471634 1.05897 1.03837 1.08988 1.00901 0.773314
threshold=277.64009920634925 200.07946428571432 290.48037698412708 99.55625000000002 169.09659245820004 -0.56174490092936669
decision_type=2 2 2 2 2 2
left_child=1 5 -2 -4 -3 -1
right_child=2 4 3 -5 -6 -7
leaf_value=-0.0075220808105597109 -0.0023115867965964121 0.00098784620121261007 0.006904840754306996 -0.001738169093060711 0.013434101358316906 0.00044862778591612921
leaf_weight=33 14.999999999999998 15.999999999999998 12.999999999999998 40 20 88
leaf_count=33 15 16 13 40 20 88
internal_value=0.000387168 0.00143987 -0.00202899 0.000324074 0.00662162 -0.000143443
internal_weight=225 157 68 53 36 121
internal_count=225 157 68 53 36 121
is_linear=0
shrinkage=0.035


Tree=98
num_leaves=6
num_cat=0
split_feature=8 0 0 5 5
split_gain=0.847785 0.573484 0.727595 0.61835 0.569658
threshold=382.49606677423583 0.6078576107927941 -0.8783796973249266 23.338333333333335 59.997638888888893
decision_type=2 2 2 2 2
left_child=1 2 -1 -3 -2
right_child=4 3 -4 -5 -6
leaf_value=0.0048020067025639395 -0.00043540175924615014 0.015217954069424061 -0.0026370350321458869 0.0009347405704957846 -0.00021935493592013967
leaf_weight=28 12.000000000000002 11.999999999999998 113 43 17
leaf_count=28 12 12 113 43 17
internal_value=0.000232301 0.00106599 -0.000123239 0.0040625 -0.00525
internal_weight=225 196 141 55 29
internal_count=225 196 141 55 29
is_linear=0
shrinkage=0.035


Tree=99
num_leaves=6
num_cat=0
split_feature=8 4 6 5 5
split_gain=0.800797 0.600649 1.38343 0.583917 0.569658
threshold=382.49606677423583 1.0000000180025095e-35 27.281527777777782 103.5765277777778 59.997638888888893
decision_type=2 2 2 2 2
left_child=1 2 -1 -3 -2
right_child=4 3 -4 -5 -6
leaf_value=0.0023871232056063411 -0.00042016269767254589 0.0038617296295278838 -0.0071665117560650044 4.3347632666654875e-05 -0.00021167751316293338
leaf_weight=20 12.000000000000002 51 35 90 17
leaf_count=20 12 51 35 90 17
internal_value=7.74336e-05 0.000888325 -0.0021875 0.00209507 -0.00525
internal_weight=225 196 55 141 29
internal_count=225 196 55 141 29
is_linear=0
shrinkage=0.035


Tree=100
num_leaves=6
num_cat=0
split_feature=8 0 0 5 5
split_gain=0.847785 0.573484 0.727595 0.61835 0.569658
threshold=382.49606677423583 0.6078576107927941 -0.8783796973249266 23.338333333333335 59.997638888888893
decision_type=2 2 2 2 2
left_child=1 2 -1 -3 -2
right_child=4 3 -4 -5 -6
leaf_value=0.0045655976158858105 -0.00040545700325401508 0.014936153588456486 -0.0025462559731641 0.00076686411349495835 -0.00020426880020222527
leaf_weight=28 12.000000000000002 11.999999999999998 113 43 17
leaf_count=28 12 12 113 43 17
internal_value=0.000232301 0.00106599 -0.000123239 0.0040625 -0.00525
internal_weight=225 196 141 55 29
internal_count=225 196 141 55 29
is_linear=0
shrinkage=0.035


Tree=101
num_leaves=6
num_cat=0
split_feature=8 5 7 7 8
split_gain=0.800797 0.569658 0.44746 1.40231 0.899326
threshold=382.49606677423583 59.997638888888893 200.07946428571432 224.20458333333335 95.808802299545434
decision_type=2 2 2 2 2
left_child=2 -2 4 -4 -1
right_child=1 -3 3 -5 -6
leaf_value=0.00066423551579139939 -0.00039126600814013649 -0.00019711939219513311 0.0097980116983603441 6.3571763909782143e-05 -0.0096237335661305684
leaf_weight=80 12.000000000000002 17 11.999999999999998 63 41
leaf_count=80 12 17 12 63 41
internal_value=7.74336e-05 -0.00525 0.000888325 0.00299342 -0.000430328
internal_weight=225 29 196 75 121
internal_count=225 29 196 75 121
is_linear=0
shrinkage=0.035


Tree=102
num_leaves=7
num_cat=0
split_feature=8 5 7 1 6 3
split_gain=0.901828 1.31256 1.32384 0.640195 0.883967 0.774425
threshold=210.17759051631694 50.819166666666682 313.41392857142858 -0.56174490092936669 25.538750000000004 -0.6830127018922193
decision_type=2 2 2 2 2 2
left_child=3 -2 -3 5 -5 -1
right_child=1 2 -4 4 -6 -7
leaf_value=0.00068948001283561605 -0.0053521588017749512 0.0088876760655136507 -0.0022988063938597625 0.0036247850100362246 0.00073111474577741925 -0.006849813128594685
leaf_weight=15.999999999999998 18 22 31 22 87 29
leaf_count=16 18 22 31 22 87 29
internal_value=7.74336e-05 -0.00315972 -0.000324074 0.00158065 0.00302273 -0.00190217
internal_weight=225 71 53 154 109 45
internal_count=225 71 53 154 109 45
is_linear=0
shrinkage=0.035


Tree=103
num_leaves=5
num_cat=0
split_feature=7 6 7 0
split_gain=0.764499 1.87353 1.04229 0.819914
threshold=72.55083333333333 8.1113888888888841 91.265357142857141 1.0000000180025095e-35
decision_type=2 2 2 2
left_child=1 -1 -2 -4
right_child=2 -3 3 -5
leaf_value=0.0033302627362187236 0.032046737904708432 -0.021801836479182716 -0.001733341085833633 0.0021160856730049328
leaf_weight=12.999999999999998 14.999999999999998 24 99 74
leaf_count=13 15 24 99 74
internal_value=0.000387168 -0.00414474 0.0012963 0.000502874
internal_weight=225 37 188 173
internal_count=225 37 188 173
is_linear=0
shrinkage=0.035


Tree=104
num_leaves=5
num_cat=0
split_feature=7 0 4 3
split_gain=0.685563 0.900805 1.02412 0.716071
threshold=379.31160714285721 0.6078576107927941 1.0000000180025095e-35 -0.5
decision_type=2 2 2 2
left_child=1 2 -1 -3
right_child=-2 3 -4 -5
leaf_value=-0.0054408870216818795 -0.00096422541686189036 0.00010531738651561096 0.00057047503807556416 0.0083075405826305466
leaf_weight=52 13.999999999999998 34 100 25
leaf_count=52 14 34 100 25
internal_value=0.000232301 0.000742925 -0.000686275 0.004375
internal_weight=225 211 152 59
internal_count=225 211 152 59
is_linear=0
shrinkage=0.035


Tree=105
num_leaves=6
num_cat=0
split_feature=7 5 7 7 8
split_gain=0.630512 0.646843 0.610108 1.10214 0.801622
threshold=324.96702380952388 144.39958333333337 200.07946428571432 224.20458333333335 182.45076076123397
decision_type=2 2 2 2 2
left_child=2 -2 4 -4 -1
right_child=1 -3 3 -5 -6
leaf_value=0.00019081840787728678 0.00018860470769936023 -0.0022232706378405888 0.0094701925844870739 0.00036000582024002363 -0.034761814984217071
leaf_weight=109 13.999999999999998 21 11.999999999999998 57 11.999999999999998
leaf_count=109 14 21 12 57 12
internal_value=0.00085177 -0.00340278 0.00164921 0.00425 0.000143443
internal_weight=225 35 190 69 121
internal_count=225 35 190 69 121
is_linear=0
shrinkage=0.035


Tree=106
num_leaves=5
num_cat=0
split_feature=7 5 5 1
split_gain=0.630512 0.646843 0.559586 0.587995
threshold=324.96702380952388 144.39958333333337 1.0000000180025095e-35 -0.56174490092936669
decision_type=2 2 2 2
left_child=2 -2 -1 -4
right_child=1 -3 3 -5
leaf_value=-0.057347762020182692 0.0001820035429298761 -0.0021454561655161576 -0.0010416419619822782 0.0022678252880601636
leaf_weight=11.999999999999998 13.999999999999998 21 51 127
leaf_count=12 14 21 51 127
internal_value=0.00085177 -0.00340278 0.00164921 0.00215084
internal_weight=225 35 190 178
internal_count=225 35 190 178
is_linear=0
shrinkage=0.035


Tree=107
num_leaves=7
num_cat=0
split_feature=4 5 5 5 6 6
split_gain=0.461479 0.650082 1.0489 0.75679 0.538352 1.01063
threshold=1.0000000180025095e-35 103.5765277777778 59.997638888888893 206.23083333333335 57.541250000000012 27.281527777777782
decision_type=2 2 2 2 2 2
left_child=4 2 -2 -3 5 -1
right_child=1 3 -4 -5 -6 -7
leaf_value=5.1327801397751401e-05 0.00047374613419521434 -0.0038127419608427631 0.0079307241328806736 0.0024937334261085154 0.00014594121698472852 -0.011960326986946362
leaf_weight=29 37 38 19 57 26 19
leaf_count=29 37 38 19 57 26 19
internal_value=0.00085177 0.00195724 0.00491228 0.000182292 -0.0014 -0.00357143
internal_weight=225 151 56 95 74 48
internal_count=225 151 56 95 74 48
is_linear=0
shrinkage=0.035


Tree=108
num_leaves=6
num_cat=0
split_feature=7 1 5 7 5
split_gain=0.542619 0.731046 0.634365 0.985281 0.761029
threshold=324.96702380952388 -0.22252093395631442 206.23083333333335 200.07946428571432 103.5765277777778
decision_type=2 2 2 2 2
left_child=2 -2 4 -4 -1
right_child=1 -3 3 -5 -6
leaf_value=0.00026292378885504956 0.00019220218196604134 -0.0030772247428741475 -0.0007065829179107964 0.0085641667904044864 -0.0071002348707457502
leaf_weight=101 15.999999999999998 19 20 34 35
leaf_count=101 16 19 20 34 35
internal_value=0.000542035 -0.00340278 0.00128272 0.00445455 0
internal_weight=225 35 190 54 136
internal_count=225 35 190 54 136
is_linear=0
shrinkage=0.035


Tree=109
num_leaves=7
num_cat=0
split_feature=0 0 6 6 6 8
split_gain=0.46363 0.867894 1.53713 0.659855 0.654688 0.654169
threshold=1.0000000180025095e-35 -0.8783796973249266 227.36944444444447 57.541250000000012 25.538750000000004 118.91680316616008
decision_type=2 2 2 2 2 2
left_child=1 2 -1 4 -2 -5
right_child=3 -3 -4 5 -6 -7
leaf_value=0.0067849546917593245 0.00021232994342015312 -0.0018536388666650729 -0.0027380157408685027 0.0059931737364385361 -0.0087442631809829877 0.00012954723172996287
leaf_weight=20 17.000000000000004 97 11.999999999999998 28 13.999999999999998 37
leaf_count=20 17 97 12 28 14 37
internal_value=0.000696903 -0.000673077 0.00424242 0.00252577 -0.00164063 0.00450758
internal_weight=225 129 32 96 31 65
internal_count=225 129 32 96 31 65
is_linear=0
shrinkage=0.035


Tree=110
num_leaves=7
num_cat=0
split_feature=4 6 7 6 7 8
split_gain=0.601338 0.732469 0.733103 0.60232 1.5907 1.02129
threshold=1.0000000180025095e-35 11.060555555555558 77.706884920634934 70.233750000000015 138.96218253968263 89.3222991330626
decision_type=2 2 2 2 2 2
left_child=1 -1 -3 4 -2 -5
right_child=3 2 -4 5 -6 -7
leaf_value=0.00011794436746169979 -0.0036567254357948681 -0.023933723568345881 -9.3200120945221573e-05 0.02146061277406246 0.0055291033624465377 -0.00078336431305638945
leaf_weight=15.999999999999998 17 15.999999999999998 42 23 23 88
leaf_count=16 17 16 42 23 23 88
internal_value=0.000232301 -0.00233333 -0.00415254 0.00149671 0.00512195 0.00015625
internal_weight=225 74 58 151 40 111
internal_count=225 74 58 151 40 111
is_linear=0
shrinkage=0.035


Tree=111
num_leaves=5
num_cat=0
split_feature=4 8 7 7
split_gain=0.536145 0.867953 0.863853 0.622028
threshold=-0.68301270189221952 76.829503093872361 128.81337301587311 72.55083333333333
decision_type=2 2 2 2
left_child=-1 3 -3 -2
right_child=1 2 -4 -5
leaf_value=-0.0057452024699958431 0.00039158729102742876 -0.0095478454214936379 0.0001010783032110041 0.02070949132697026
leaf_weight=12.999999999999998 31 23 139 19
leaf_count=13 31 23 139 19
internal_value=0.000387168 0.000821596 -0.000429448 0.00480392
internal_weight=225 212 162 50
internal_count=225 212 162 50
is_linear=0
shrinkage=0.035


Tree=112
num_leaves=7
num_cat=0
split_feature=0 7 4 0 6 7
split_gain=0.851191 1.47358 0.580757 0.58042 1.22544 0.712135
threshold=0.6078576107927941 280.24154761904771 0.6830127018922193 -0.8783796973249266 227.36944444444447 77.706884920634934
decision_type=2 2 2 2 2 2
left_child=3 2 -2 4 -1 -5
right_child=1 -3 -4 5 -6 -7
leaf_value=0.006460893103571042 0.0067941309038134319 -0.0002155149752106045 0.00022389626121387398 -0.017663193845499494 -0.0026183051795935297 -0.00036894858210833275
leaf_weight=20 29 17 18 22 11.999999999999998 107
leaf_count=20 29 17 18 22 12 107
internal_value=0.000387168 0.00376923 0.00692708 -0.000972222 0.00318182 -0.00201923
internal_weight=225 64 47 161 32 129
internal_count=225 64 47 161 32 129
is_linear=0
shrinkage=0.035


Tree=113
num_leaves=5
num_cat=0
split_feature=7 5 4 5
split_gain=0.741026 0.879167 0.663846 0.692876
threshold=324.96702380952388 144.39958333333337 -0.68301270189221952 1.0459722222222225
decision_type=2 2 2 2
left_child=2 -2 -1 -4
right_child=1 -3 3 -5
leaf_value=-0.0055312071831721916 0.00034883346691859 -0.0019530217034449573 -0.035703066921281154 0.00069688464479231052
leaf_weight=12.999999999999998 13.999999999999998 21 17 160
leaf_count=13 14 21 17 160
internal_value=0.000232301 -0.004375 0.00109948 0.00167135
internal_weight=225 35 190 177
internal_count=225 35 190 177
is_linear=0
shrinkage=0.035


Tree=114
num_leaves=7
num_cat=0
split_feature=5 5 7 5 5 6
split_gain=0.691969 0.73323 1.18803 0.70796 0.672019 0.496114
threshold=103.5765277777778 206.23083333333335 324.96702380952388 1.0000000180025095e-35 10.072222222222218 319.09736111111118
decision_type=2 2 2 2 2 2
left_child=3 5 -3 -1 -5 -2
right_child=1 2 -4 4 -6 -7
leaf_value=-0.054396667811013148 -0.0029486247787032975 0.0038372446815971677 -0.001884665943824393 0.0052399465925582218 0.00040772315361510715 -0.011624575757845191
leaf_weight=11.999999999999998 33 54 14.999999999999998 11.999999999999998 87 11.999999999999998
leaf_count=12 33 54 15 12 87 12
internal_value=0.000387168 -0.00152174 0.00075 0.00234375 0.003325 -0.00494565
internal_weight=225 114 69 111 99 45
internal_count=225 114 69 111 99 45
is_linear=0
shrinkage=0.035


Tree=115
num_leaves=7
num_cat=0
split_feature=0 5 8 8 8 4
split_gain=0.77526 0.812775 0.753201 0.604298 0.558939 0.239011
threshold=0.6078576107927941 23.338333333333335 340.25755491278227 210.17759051631694 155.42088971213855 1.0000000180025095e-35
decision_type=2 2 2 2 2 2
left_child=2 -2 3 -1 -3 -4
right_child=1 4 5 -5 -6 -7
leaf_value=-0.00024289422095851834 0.0063485472288727076 0.0026045218840862463 7.1792490028124164e-05 -0.0030176011737860467 -0.00023445143279690497 0.0048640289161938927
leaf_weight=110 12.999999999999998 26 13.000000000000002 26 25 11.999999999999998
leaf_count=110 13 26 13 26 25 12
internal_value=0.000542035 0.00376923 -0.000756173 -0.00178832 0.00168269 0.00471154
internal_weight=225 64 161 136 51 25
internal_count=225 64 161 136 51 25
is_linear=0
shrinkage=0.035


Tree=116
num_leaves=7
num_cat=0
split_feature=0 0 6 7 8 6
split_gain=0.601809 0.52211 1.22544 0.542657 0.447605 0.549954
threshold=0.6078576107927941 -0.8783796973249266 227.36944444444447 189.43910714285718 335.05683212799192 126.39375000000001
decision_type=2 2 2 2 2 2
left_child=1 2 -1 -3 5 -2
right_child=4 3 -4 -5 -6 -7
leaf_value=0.006203321331811216 0.00014948655040785354 -0.0073740065826268693 -0.0025711647131845196 0.00031520069220082993 -0.0015131768801769187 0.0083775940962238539
leaf_weight=20 28 65 11.999999999999998 64 11.999999999999998 24
leaf_count=20 28 65 12 64 12 24
internal_value=0.000387168 -0.000756173 0.00318182 -0.00175 0.00323077 0.00462264
internal_weight=225 161 32 129 64 52
internal_count=225 161 32 129 64 52
is_linear=0
shrinkage=0.035


Tree=117
num_leaves=7
num_cat=0
split_feature=0 3 5 7 5 5
split_gain=0.633269 0.831497 0.814294 1.51134 0.833498 0.605643
threshold=1.0000000180025095e-35 0.68301270189221941 110.45472222222223 200.07946428571432 42.892638888888897 212.39958333333337
decision_type=2 2 2 2 2 2
left_child=2 5 4 -4 -1 -2
right_child=1 -3 3 -5 -6 -7
leaf_value=-0.0098324455402328068 -5.2263661412090825e-05 0.01103199951253874 -0.015932751543664383 -0.0001755028209039722 0.004619776662136311 0.003420117569938908
leaf_weight=34 62 11.999999999999998 20 47 28 22
leaf_count=34 62 12 20 47 28 22
internal_value=0.000387168 0.00252577 -0.00121154 -0.00386029 0.00166667 0.00123529
internal_weight=225 96 129 67 62 84
internal_count=225 96 129 67 62 84
is_linear=0
shrinkage=0.035


Tree=118
num_leaves=5
num_cat=0
split_feature=7 8 4 8
split_gain=1.02765 0.997062 0.663846 0.572464
threshold=324.96702380952388 323.99057498628065 -0.68301270189221952 76.829503093872361
decision_type=2 2 2 2
left_child=2 -2 -1 -4
right_child=1 -3 3 -5
leaf_value=-0.005083464485862779 0.004238773698193741 -0.0018928102841642815 0.0010433978847231608 0.00030465508537914188
leaf_weight=12.999999999999998 11.999999999999998 23 50 127
leaf_count=13 12 23 50 127
internal_value=7.74336e-05 -0.00534722 0.00109948 0.00167135
internal_weight=225 35 190 177
internal_count=225 35 190 177
is_linear=0
shrinkage=0.035


Tree=119
num_leaves=6
num_cat=0
split_feature=7 8 0 5 8
split_gain=1.02765 0.997062 0.743241 0.67815 0.677791
threshold=324.96702380952388 323.99057498628065 0.6078576107927941 23.338333333333335 285.31663135486463
decision_type=2 2 2 2 2
left_child=2 -2 4 -4 -1
right_child=1 -3 3 -5 -6
leaf_value=-0.00078353133423078266 0.0040904166187569696 -0.0018265619242185417 0.0058242985826554633 0.00026237285021539773 0.0043575378166268797
leaf_weight=115 11.999999999999998 23 12.999999999999998 39 23
leaf_count=115 12 23 13 39 23
internal_value=7.74336e-05 -0.00534722 0.00109948 0.00462264 -0.000251799
internal_weight=225 35 190 52 138
internal_count=225 35 190 52 138
is_linear=0
shrinkage=0.035


end of trees

feature_importances:
mean_2_8d=141
lag_2d=137
std_2_8d=87
dow_sin=63
lag_7d=52
month_cos=49
dow_cos=46
month_sin=39

parameters:
[boosting: gbdt]
[objective: quantile]
[metric: quantile]
[tree_learner: serial]
[device_type: cpu]
[data_sample_strategy: bagging]
[data: ]
[valid: ]
[num_iterations: 120]
[learning_rate: 0.035]
[num_leaves: 7]
[num_threads: 1]
[seed: 20260901]
[deterministic: 1]
[force_col_wise: 0]
[force_row_wise: 0]
[histogram_pool_size: -1]
[max_depth: 3]
[min_data_in_leaf: 12]
[min_sum_hessian_in_leaf: 0.001]
[bagging_fraction: 1]
[pos_bagging_fraction: 1]
[neg_bagging_fraction: 1]
[bagging_freq: 0]
[bagging_seed: 12992]
[bagging_by_query: 0]
[feature_fraction: 1]
[feature_fraction_bynode: 1]
[feature_fraction_seed: 30141]
[extra_trees: 0]
[extra_seed: 31421]
[early_stopping_round: 0]
[early_stopping_min_delta: 0]
[first_metric_only: 0]
[max_delta_step: 0]
[lambda_l1: 0]
[lambda_l2: 1]
[linear_lambda: 0]
[min_gain_to_split: 0]
[drop_rate: 0.1]
[max_drop: 50]
[skip_drop: 0.5]
[xgboost_dart_mode: 0]
[uniform_drop: 0]
[drop_seed: 11049]
[top_rate: 0.2]
[other_rate: 0.1]
[min_data_per_group: 100]
[max_cat_threshold: 32]
[cat_l2: 10]
[cat_smooth: 10]
[max_cat_to_onehot: 4]
[top_k: 20]
[monotone_constraints: ]
[monotone_constraints_method: basic]
[monotone_penalty: 0]
[feature_contri: ]
[forcedsplits_filename: ]
[refit_decay_rate: 0.9]
[cegb_tradeoff: 1]
[cegb_penalty_split: 0]
[cegb_penalty_feature_lazy: ]
[cegb_penalty_feature_coupled: ]
[path_smooth: 0]
[interaction_constraints: ]
[verbosity: -1]
[saved_feature_importance_type: 0]
[use_quantized_grad: 0]
[num_grad_quant_bins: 4]
[quant_train_renew_leaf: 0]
[stochastic_rounding: 1]
[linear_tree: 0]
[max_bin: 255]
[max_bin_by_feature: ]
[min_data_in_bin: 3]
[bin_construct_sample_cnt: 200000]
[data_random_seed: 5023]
[is_enable_sparse: 1]
[enable_bundle: 1]
[use_missing: 1]
[zero_as_missing: 0]
[feature_pre_filter: 1]
[pre_partition: 0]
[two_round: 0]
[header: 0]
[label_column: ]
[weight_column: ]
[group_column: ]
[ignore_column: ]
[categorical_feature: ]
[forcedbins_filename: ]
[precise_float_parser: 0]
[parser_config_file: ]
[objective_seed: 6921]
[num_class: 1]
[is_unbalance: 0]
[scale_pos_weight: 1]
[sigmoid: 1]
[boost_from_average: 1]
[reg_sqrt: 0]
[alpha: 0.5]
[fair_c: 1]
[poisson_max_delta_step: 0.7]
[tweedie_variance_power: 1.5]
[lambdarank_truncation_level: 30]
[lambdarank_norm: 1]
[label_gain: ]
[lambdarank_position_bias_regularization: 0]
[eval_at: ]
[multi_error_top_k: 1]
[auc_mu_weights: ]
[num_machines: 1]
[local_listen_port: 12400]
[time_out: 120]
[machine_list_filename: ]
[machines: ]
[gpu_platform_id: -1]
[gpu_device_id: -1]
[gpu_use_dp: 0]
[num_gpu: 1]

end of parameters

pandas_categorical:[]
