tree
version=v4
num_class=1
num_tree_per_iteration=1
label_index=0
max_feature_idx=8
objective=quantile
feature_names=dow_sin dow_cos weekend month_sin month_cos lag_2d lag_7d mean_2_8d std_2_8d
feature_infos=[-0.97492791218182362:0.97492791218182362] [-0.90096886790241903:1] [0:1] [-1:0.8660254037844386] [-0.86602540378443882:1] [0:1922.1350000000002] [0:1922.1350000000002] [0:471.89861111111117] [0:669.8997268780696]
tree_sizes=559 596 630 630 714 630 630 630 714 630 631 698 698 631 699 703 630 704 703 632 703 702 634 703 702 703 634 703 703 634 702 703 703 621 621 602 621 614 500 500 501 501 499 501 501 501 501 610 610 501 610 612 501 613 613 614 502 614 613 502 614 600 588 619 588 769 765 515 618 700 619 499 600 717 587 600 585 616 578 620 618 717 716 499 621 519 584 702 702 584 517 613 587 577 700 701 701 517 622 619 605 802 725 605 689 691 606 687 625 721 693 802 682 682 791 682 682 786 804 809

Tree=0
num_leaves=5
num_cat=0
split_feature=0 6 3 7
split_gain=0.489033 0.567187 0.540781 0.251113
threshold=-0.8783796973249266 43.420555555555566 -0.6830127018922193 132.53569444444449
decision_type=2 2 2 2
left_child=2 -2 -1 -3
right_child=1 3 -4 -5
leaf_value=6.1999016741871653 6.158100836450334 6.1699345347926933 6.176348283913331 6.1904256507944408
leaf_weight=12.999999999999998 58 39 19 95
leaf_count=13 58 39 19 95
internal_value=6.1861 6.18543 6.19004 6.18668
internal_weight=224 192 32 134
internal_count=224 192 32 134
is_linear=0
shrinkage=1


Tree=1
num_leaves=5
num_cat=0
split_feature=0 6 3 7
split_gain=0.489033 0.567187 0.540781 0.251113
threshold=-0.8783796973249266 43.420555555555566 -0.6830127018922193 132.53569444444449
decision_type=2 2 2 2
left_child=2 -2 -1 -3
right_child=1 3 -4 -5
leaf_value=0.013408338532966609 -0.026929469883074958 -0.015509950982698346 -0.0093206830812828483 0.0042639759589873233
leaf_weight=12.999999999999998 58 39 19 95
leaf_count=13 58 39 19 95
internal_value=9.33325e-05 -0.000580312 0.0040303 0.000674073
internal_weight=224 192 32 134
internal_count=224 192 32 134
is_linear=0
shrinkage=0.035


Tree=2
num_leaves=5
num_cat=0
split_feature=8 7 3 3
split_gain=0.372692 0.767634 0.921421 0.057618
threshold=321.82908412611454 314.25658730158733 0.68301270189221941 -0.93301270189221908
decision_type=2 2 2 2
left_child=1 2 -1 -2
right_child=3 -3 -4 -5
leaf_value=-0.0051333623407154843 -0.027395873176500114 0.01274777305966792 0.025999637746604229 -0.016835943982849287
leaf_weight=150 11.999999999999998 13.999999999999998 13.999999999999998 34
leaf_count=150 12 14 14 34
internal_value=9.33325e-05 0.000821228 0.000127272 -0.00268085
internal_weight=224 178 164 46
internal_count=224 178 164 46
is_linear=0
shrinkage=0.035


Tree=3
num_leaves=5
num_cat=0
split_feature=8 7 3 3
split_gain=0.372692 0.767634 0.921421 0.057618
threshold=321.82908412611454 314.25658730158733 0.68301270189221941 -0.93301270189221908
decision_type=2 2 2 2
left_child=1 2 -1 -2
right_child=3 -3 -4 -5
leaf_value=-0.004953694658790443 -0.026437017615322602 0.012301601002579545 0.025089650425473072 -0.016246685943449551
leaf_weight=150 11.999999999999998 13.999999999999998 13.999999999999998 34
leaf_count=150 12 14 14 34
internal_value=9.33325e-05 0.000821228 0.000127272 -0.00268085
internal_weight=224 178 164 46
internal_count=224 178 164 46
is_linear=0
shrinkage=0.035


Tree=4
num_leaves=6
num_cat=0
split_feature=0 3 6 5 8
split_gain=0.489033 0.540781 0.356414 0.201745 0.0627812
threshold=-0.8783796973249266 -0.6830127018922193 43.420555555555566 521.59041666666701 37.437865549327206
decision_type=2 2 2 2 2
left_child=1 -1 4 -4 -2
right_child=2 -3 3 -5 -6
leaf_value=0.013046138310021755 -0.038671032424403236 -0.0082434902807730706 0.0035939689015708092 -0.021212242727308969 -0.024823673206433597
leaf_weight=12.999999999999998 11.999999999999998 19 119 14.999999999999998 46
leaf_count=13 12 19 119 15 46
internal_value=9.33325e-05 0.0040303 -0.000580312 0.000414814 -0.00284746
internal_weight=224 32 192 134 58
internal_count=224 32 192 134 58
is_linear=0
shrinkage=0.035


Tree=5
num_leaves=5
num_cat=0
split_feature=8 7 3 3
split_gain=0.33224 0.807763 0.5093 0.057618
threshold=321.82908412611454 314.25658730158733 0.68301270189221941 -0.93301270189221908
decision_type=2 2 2 2
left_child=1 2 -1 -2
right_child=3 -3 -4 -5
leaf_value=-0.0048192856008741729 -0.024655533476387805 0.011936025796162123 0.024085723749026535 -0.015419046832815739
leaf_weight=150 11.999999999999998 13.999999999999998 13.999999999999998 34
leaf_count=150 12 14 14 34
internal_value=-6.22231e-05 0.000625697 -8.48493e-05 -0.00268085
internal_weight=224 178 164 46
internal_count=224 178 164 46
is_linear=0
shrinkage=0.035


Tree=6
num_leaves=5
num_cat=0
split_feature=8 7 3 3
split_gain=0.33224 0.807763 0.5093 0.057618
threshold=321.82908412611454 314.25658730158733 0.68301270189221941 -0.93301270189221908
decision_type=2 2 2 2
left_child=1 2 -1 -2
right_child=3 -3 -4 -5
leaf_value=-0.0046506106048435835 -0.023792589804714239 0.011518264893296453 0.023242723417810612 -0.014879380193667198
leaf_weight=150 11.999999999999998 13.999999999999998 13.999999999999998 34
leaf_count=150 12 14 14 34
internal_value=-6.22231e-05 0.000625697 -8.48493e-05 -0.00268085
internal_weight=224 178 164 46
internal_count=224 178 164 46
is_linear=0
shrinkage=0.035


Tree=7
num_leaves=5
num_cat=0
split_feature=8 7 3 3
split_gain=0.33224 0.807763 0.5093 0.057618
threshold=321.82908412611454 314.25658730158733 0.68301270189221941 -0.93301270189221908
decision_type=2 2 2 2
left_child=1 2 -1 -2
right_child=3 -3 -4 -5
leaf_value=-0.0044878392336740493 -0.022959849161549226 0.011115125622031081 0.022429228098187235 -0.014358601886888842
leaf_weight=150 11.999999999999998 13.999999999999998 13.999999999999998 34
leaf_count=150 12 14 14 34
internal_value=-6.22231e-05 0.000625697 -8.48493e-05 -0.00268085
internal_weight=224 178 164 46
internal_count=224 178 164 46
is_linear=0
shrinkage=0.035


Tree=8
num_leaves=6
num_cat=0
split_feature=0 3 6 5 8
split_gain=0.489033 0.540781 0.356414 0.201745 0.0627812
threshold=-0.8783796973249266 -0.6830127018922193 43.420555555555566 521.59041666666701 37.437865549327206
decision_type=2 2 2 2 2
left_child=1 -1 4 -4 -2
right_child=2 -3 3 -5 -6
leaf_value=0.012786833645455018 -0.036829025549170412 -0.0069465560355415025 0.0027366342921555068 -0.022305708019988039 -0.022460946913582289
leaf_weight=12.999999999999998 11.999999999999998 19 119 14.999999999999998 46
leaf_count=13 12 19 119 15 46
internal_value=9.33325e-05 0.0040303 -0.000580312 0.000414814 -0.00284746
internal_weight=224 32 192 134 58
internal_count=224 32 192 134 58
is_linear=0
shrinkage=0.035


Tree=9
num_leaves=5
num_cat=0
split_feature=8 7 3 3
split_gain=0.33224 0.807763 0.5093 0.057618
threshold=321.82908412611454 314.25658730158733 0.68301270189221941 -0.93301270189221908
decision_type=2 2 2 2
left_child=1 2 -1 -2
right_child=3 -3 -4 -5
leaf_value=-0.0044201409272735621 -0.021370664636472171 0.010762024880784765 0.021548422914525245 -0.013450019828159226
leaf_weight=150 11.999999999999998 13.999999999999998 13.999999999999998 34
leaf_count=150 12 14 14 34
internal_value=-6.22231e-05 0.000625697 -8.48493e-05 -0.00268085
internal_weight=224 178 164 46
internal_count=224 178 164 46
is_linear=0
shrinkage=0.035


Tree=10
num_leaves=5
num_cat=0
split_feature=8 7 3 3
split_gain=0.33224 0.807763 0.5093 0.057618
threshold=321.82908412611454 314.25658730158733 0.68301270189221941 -0.93301270189221908
decision_type=2 2 2 2
left_child=1 2 -1 -2
right_child=3 -3 -4 -5
leaf_value=-0.0042654359948189743 -0.020622691374195645 0.010385354009957284 0.020794228112516876 -0.012979269134173651
leaf_weight=150 11.999999999999998 13.999999999999998 13.999999999999998 34
leaf_count=150 12 14 14 34
internal_value=-6.22231e-05 0.000625697 -8.48493e-05 -0.00268085
internal_weight=224 178 164 46
internal_count=224 178 164 46
is_linear=0
shrinkage=0.035


Tree=11
num_leaves=6
num_cat=0
split_feature=0 6 3 0 8
split_gain=0.320264 0.301776 0.283639 0.203571 0.0627812
threshold=-0.8783796973249266 43.420555555555566 -0.6830127018922193 0.6078576107927941 37.437865549327206
decision_type=2 2 2 2 2
left_child=2 4 -1 -3 -2
right_child=1 3 -4 -5 -6
leaf_value=0.012643289660137348 -0.035236014462676178 -0.0029377440842341912 -0.0061114374209682654 0.010080590324343924 -0.020787933696021561
leaf_weight=12.999999999999998 11.999999999999998 82 19 52 46
leaf_count=13 12 82 19 52 46
internal_value=-0.000217779 -0.000761659 0.0029697 0.000155555 -0.00284746
internal_weight=224 192 32 134 58
internal_count=224 192 32 134 58
is_linear=0
shrinkage=0.035


Tree=12
num_leaves=6
num_cat=0
split_feature=0 6 3 0 8
split_gain=0.320264 0.301776 0.283639 0.203571 0.0627812
threshold=-0.8783796973249266 43.420555555555566 -0.6830127018922193 0.6078576107927941 37.437865549327206
decision_type=2 2 2 2 2
left_child=2 4 -1 -3 -2
right_child=1 3 -4 -5 -6
leaf_value=0.01220077452203254 -0.034002753956482522 -0.0028349230412859864 -0.0058975371112343668 0.0097277696629919017 -0.020060356016660816
leaf_weight=12.999999999999998 11.999999999999998 82 19 52 46
leaf_count=13 12 82 19 52 46
internal_value=-0.000217779 -0.000761659 0.0029697 0.000155555 -0.00284746
internal_weight=224 192 32 134 58
internal_count=224 192 32 134 58
is_linear=0
shrinkage=0.035


Tree=13
num_leaves=5
num_cat=0
split_feature=8 7 3 3
split_gain=0.33224 0.807763 0.5093 0.057618
threshold=321.82908412611454 314.25658730158733 0.68301270189221941 -0.93301270189221908
decision_type=2 2 2 2
left_child=1 2 -1 -2
right_child=3 -3 -4 -5
leaf_value=-0.0028531235754535697 -0.018593972037173181 0.010055223421951528 0.019999872415782872 -0.011801867002297253
leaf_weight=150 11.999999999999998 13.999999999999998 13.999999999999998 34
leaf_count=150 12 14 14 34
internal_value=-6.22231e-05 0.000625697 -8.48493e-05 -0.00268085
internal_weight=224 178 164 46
internal_count=224 178 164 46
is_linear=0
shrinkage=0.035


Tree=14
num_leaves=6
num_cat=0
split_feature=0 6 3 0 8
split_gain=0.320264 0.301776 0.283639 0.203571 0.0627812
threshold=-0.8783796973249266 43.420555555555566 -0.6830127018922193 0.6078576107927941 37.437865549327206
decision_type=2 2 2 2 2
left_child=2 4 -1 -3 -2
right_child=1 3 -4 -5 -6
leaf_value=0.011873606738902295 -0.032712798242864764 -0.0026275574862121352 -0.0054310572719288878 0.0094871570499280734 -0.018982919973940155
leaf_weight=12.999999999999998 11.999999999999998 82 19 52 46
leaf_count=13 12 82 19 52 46
internal_value=-0.000217779 -0.000761659 0.0029697 0.000155555 -0.00284746
internal_weight=224 192 32 134 58
internal_count=224 192 32 134 58
is_linear=0
shrinkage=0.035


Tree=15
num_leaves=6
num_cat=0
split_feature=8 3 5 3 3
split_gain=0.361948 0.780774 0.420957 0.382641 0.0616971
threshold=288.38775835798691 1.0000000180025095e-35 144.62888888888889 -0.6830127018922193 -0.93301270189221908
decision_type=2 2 2 2 2
left_child=1 3 -3 -1 -2
right_child=4 2 -4 -5 -6
leaf_value=0.0029588824199482861 -0.017336024735619016 0.022533244000808719 0.0079950191857468145 -0.015812919604690487 -0.0045715584789207163
leaf_weight=67 11.999999999999998 12.000000000000002 19 71 43
leaf_count=67 12 12 19 71 43
internal_value=-0.000373334 0.000432352 0.00535937 -0.000705037 -0.0028125
internal_weight=224 169 31 138 55
internal_count=224 169 31 138 55
is_linear=0
shrinkage=0.035


Tree=16
num_leaves=5
num_cat=0
split_feature=8 7 3 3
split_gain=0.33224 0.807763 0.5093 0.057618
threshold=321.82908412611454 314.25658730158733 0.68301270189221941 -0.93301270189221908
decision_type=2 2 2 2
left_child=1 2 -1 -2
right_child=3 -3 -4 -5
leaf_value=-0.0022350962639115022 -0.016729263869872345 0.00912854591577952 0.018832159569426861 -0.010896415174383658
leaf_weight=150 11.999999999999998 13.999999999999998 13.999999999999998 34
leaf_count=150 12 14 14 34
internal_value=-6.22231e-05 0.000625697 -8.48493e-05 -0.00268085
internal_weight=224 178 164 46
internal_count=224 178 164 46
is_linear=0
shrinkage=0.035


Tree=17
num_leaves=6
num_cat=0
split_feature=8 3 5 0 3
split_gain=0.409425 0.717092 0.420957 0.323941 0.0616971
threshold=288.38775835798691 1.0000000180025095e-35 144.62888888888889 -0.8783796973249266 -0.93301270189221908
decision_type=2 2 2 2 2
left_child=1 3 -3 -1 -2
right_child=4 2 -4 -5 -6
leaf_value=0.0046461625369936194 -0.016143739634426814 0.021783035978080199 0.0070560679293157512 -0.01323637831973062 -0.0041703548305116701
leaf_weight=19 11.999999999999998 12.000000000000002 19 119 43
leaf_count=19 12 12 19 119 43
internal_value=-0.000217779 0.000638234 0.00535937 -0.000453238 -0.0028125
internal_weight=224 169 31 138 55
internal_count=224 169 31 138 55
is_linear=0
shrinkage=0.035


Tree=18
num_leaves=6
num_cat=0
split_feature=8 3 5 0 3
split_gain=0.409425 0.717092 0.420957 0.323941 0.0616971
threshold=288.38775835798691 1.0000000180025095e-35 144.62888888888889 -0.8783796973249266 -0.93301270189221908
decision_type=2 2 2 2 2
left_child=1 3 -3 -1 -2
right_child=4 2 -4 -5 -6
leaf_value=0.0044835468481988364 -0.015578708747221866 0.02102062971884739 0.006809105551789694 -0.012773105078540061 -0.0040243924114437548
leaf_weight=19 11.999999999999998 12.000000000000002 19 119 43
leaf_count=19 12 12 19 119 43
internal_value=-0.000217779 0.000638234 0.00535937 -0.000453238 -0.0028125
internal_weight=224 169 31 138 55
internal_count=224 169 31 138 55
is_linear=0
shrinkage=0.035


Tree=19
num_leaves=5
num_cat=0
split_feature=8 7 3 3
split_gain=0.294073 0.424597 0.5093 0.057618
threshold=321.82908412611454 314.25658730158733 0.68301270189221941 -0.93301270189221908
decision_type=2 2 2 2
left_child=1 2 -1 -2
right_child=3 -3 -4 -5
leaf_value=-0.0018474946621810911 -0.015033453941069115 0.007965973822900237 0.017383898430466012 -0.010228224489811777
leaf_weight=150 11.999999999999998 13.999999999999998 13.999999999999998 34
leaf_count=150 12 14 14 34
internal_value=-0.000217779 0.000430167 -8.48493e-05 -0.00268085
internal_weight=224 178 164 46
internal_count=224 178 164 46
is_linear=0
shrinkage=0.035


Tree=20
num_leaves=6
num_cat=0
split_feature=8 3 5 3 3
split_gain=0.361948 0.780774 0.420957 0.201922 0.0616971
threshold=288.38775835798691 1.0000000180025095e-35 144.62888888888889 -0.6830127018922193 -0.93301270189221908
decision_type=2 2 2 2 2
left_child=1 3 -3 -1 -2
right_child=4 2 -4 -5 -6
leaf_value=0.0031706191528698487 -0.014507283053131682 0.020315222762087318 0.0059623504124107427 -0.014206244817173632 -0.0035633497169869567
leaf_weight=67 11.999999999999998 12.000000000000002 19 71 43
leaf_count=67 12 12 19 71 43
internal_value=-0.000373334 0.000432352 0.00535937 -0.000705037 -0.0028125
internal_weight=224 169 31 138 55
internal_count=224 169 31 138 55
is_linear=0
shrinkage=0.035


Tree=21
num_leaves=6
num_cat=0
split_feature=8 3 5 3 3
split_gain=0.361948 0.780774 0.420957 0.201922 0.0616971
threshold=288.38775835798691 1.0000000180025095e-35 144.62888888888889 -0.6830127018922193 -0.93301270189221908
decision_type=2 2 2 2 2
left_child=1 3 -3 -1 -2
right_child=4 2 -4 -5 -6
leaf_value=0.0030596474825193916 -0.013999528146272059 0.01960418996541427 0.0057536681479763768 -0.013709026248572564 -0.0034386324768924227
leaf_weight=67 11.999999999999998 12.000000000000002 19 71 43
leaf_count=67 12 12 19 71 43
internal_value=-0.000373334 0.000432352 0.00535937 -0.000705037 -0.0028125
internal_weight=224 169 31 138 55
internal_count=224 169 31 138 55
is_linear=0
shrinkage=0.035


Tree=22
num_leaves=5
num_cat=0
split_feature=8 7 3 3
split_gain=0.294073 0.424597 0.5093 0.057618
threshold=321.82908412611454 314.25658730158733 0.68301270189221941 -0.93301270189221908
decision_type=2 2 2 2
left_child=1 2 -1 -2
right_child=3 -3 -4 -5
leaf_value=-0.0017623286101547545 -0.013509544661152549 0.0070022502093390112 0.016069265391079769 -0.0096251672558825864
leaf_weight=150 11.999999999999998 13.999999999999998 13.999999999999998 34
leaf_count=150 12 14 14 34
internal_value=-0.000217779 0.000430167 -8.48493e-05 -0.00268085
internal_weight=224 178 164 46
internal_count=224 178 164 46
is_linear=0
shrinkage=0.035


Tree=23
num_leaves=6
num_cat=0
split_feature=8 3 5 3 3
split_gain=0.361948 0.780774 0.420957 0.201922 0.0616971
threshold=288.38775835798691 1.0000000180025095e-35 144.62888888888889 -0.6830127018922193 -0.93301270189221908
decision_type=2 2 2 2 2
left_child=1 3 -3 -1 -2
right_child=4 2 -4 -5 -6
leaf_value=0.0030142413219866144 -0.013036710598012209 0.018949048711660869 0.0049898654741094145 -0.013167528828517116 -0.0029813994862453001
leaf_weight=67 11.999999999999998 12.000000000000002 19 71 43
leaf_count=67 12 12 19 71 43
internal_value=-0.000373334 0.000432352 0.00535937 -0.000705037 -0.0028125
internal_weight=224 169 31 138 55
internal_count=224 169 31 138 55
is_linear=0
shrinkage=0.035


Tree=24
num_leaves=6
num_cat=0
split_feature=8 3 5 3 3
split_gain=0.361948 0.780774 0.420957 0.201922 0.0616971
threshold=288.38775835798691 1.0000000180025095e-35 144.62888888888889 -0.6830127018922193 -0.93301270189221908
decision_type=2 2 2 2 2
left_child=1 3 -3 -1 -2
right_child=4 2 -4 -5 -6
leaf_value=0.0029087428757170806 -0.012580425727081786 0.01828583200675275 0.0048152201825155854 -0.012706665319519016 -0.0028770505042267215
leaf_weight=67 11.999999999999998 12.000000000000002 19 71 43
leaf_count=67 12 12 19 71 43
internal_value=-0.000373334 0.000432352 0.00535937 -0.000705037 -0.0028125
internal_weight=224 169 31 138 55
internal_count=224 169 31 138 55
is_linear=0
shrinkage=0.035


Tree=25
num_leaves=6
num_cat=0
split_feature=8 3 5 3 3
split_gain=0.361948 0.780774 0.420957 0.201922 0.0616971
threshold=288.38775835798691 1.0000000180025095e-35 144.62888888888889 -0.6830127018922193 -0.93301270189221908
decision_type=2 2 2 2 2
left_child=1 3 -3 -1 -2
right_child=4 2 -4 -5 -6
leaf_value=0.0028069368750669827 -0.012140110826633922 0.017645827886516394 0.0046466874761275402 -0.012261932033335846 -0.0027763537365787985
leaf_weight=67 11.999999999999998 12.000000000000002 19 71 43
leaf_count=67 12 12 19 71 43
internal_value=-0.000373334 0.000432352 0.00535937 -0.000705037 -0.0028125
internal_weight=224 169 31 138 55
internal_count=224 169 31 138 55
is_linear=0
shrinkage=0.035


Tree=26
num_leaves=5
num_cat=0
split_feature=8 7 3 3
split_gain=0.294073 0.424597 0.5093 0.057618
threshold=321.82908412611454 314.25658730158733 0.68301270189221941 -0.93301270189221908
decision_type=2 2 2 2
left_child=1 2 -1 -2
right_child=3 -3 -4 -5
leaf_value=-0.0016193620487626346 -0.011715206947701744 0.0058130244251465889 0.014576524781712848 -0.0089860682714799408
leaf_weight=150 11.999999999999998 13.999999999999998 13.999999999999998 34
leaf_count=150 12 14 14 34
internal_value=-0.000217779 0.000430167 -8.48493e-05 -0.00268085
internal_weight=224 178 164 46
internal_count=224 178 164 46
is_linear=0
shrinkage=0.035


Tree=27
num_leaves=6
num_cat=0
split_feature=8 3 5 3 3
split_gain=0.361948 0.780774 0.420957 0.201922 0.0616971
threshold=288.38775835798691 1.0000000180025095e-35 144.62888888888889 -0.6830127018922193 -0.93301270189221908
decision_type=2 2 2 2 2
left_child=1 3 -3 -1 -2
right_child=4 2 -4 -5 -6
leaf_value=0.0027653717561463217 -0.011305174704532196 0.017058888161313585 0.0039738750471031105 -0.011776086740462424 -0.0023646689662967413
leaf_weight=67 11.999999999999998 12.000000000000002 19 71 43
leaf_count=67 12 12 19 71 43
internal_value=-0.000373334 0.000432352 0.00535937 -0.000705037 -0.0028125
internal_weight=224 169 31 138 55
internal_count=224 169 31 138 55
is_linear=0
shrinkage=0.035


Tree=28
num_leaves=6
num_cat=0
split_feature=8 3 5 3 3
split_gain=0.361948 0.780774 0.420957 0.201922 0.0616971
threshold=288.38775835798691 1.0000000180025095e-35 144.62888888888889 -0.6830127018922193 -0.93301270189221908
decision_type=2 2 2 2 2
left_child=1 3 -3 -1 -2
right_child=4 2 -4 -5 -6
leaf_value=0.0026685837446812116 -0.010909493589873582 0.016461827075667599 0.0038347894204544901 -0.011363923704546247 -0.0022819055524763601
leaf_weight=67 11.999999999999998 12.000000000000002 19 71 43
leaf_count=67 12 12 19 71 43
internal_value=-0.000373334 0.000432352 0.00535937 -0.000705037 -0.0028125
internal_weight=224 169 31 138 55
internal_count=224 169 31 138 55
is_linear=0
shrinkage=0.035


Tree=29
num_leaves=5
num_cat=0
split_feature=8 7 3 3
split_gain=0.294073 0.424597 0.5093 0.057618
threshold=321.82908412611454 314.25658730158733 0.68301270189221941 -0.93301270189221908
decision_type=2 2 2 2
left_child=1 2 -1 -2
right_child=3 -3 -4 -5
leaf_value=-0.0016855054585600783 -0.010527661314228002 0.0050312817712911233 0.013523066345983914 -0.0085089257738210737
leaf_weight=150 11.999999999999998 13.999999999999998 13.999999999999998 34
leaf_count=150 12 14 14 34
internal_value=-0.000217779 0.000430167 -8.48493e-05 -0.00268085
internal_weight=224 178 164 46
internal_count=224 178 164 46
is_linear=0
shrinkage=0.035


Tree=30
num_leaves=6
num_cat=0
split_feature=8 3 5 3 3
split_gain=0.361948 0.780774 0.420957 0.201922 0.0616971
threshold=288.38775835798691 1.0000000180025095e-35 144.62888888888889 -0.6830127018922193 -0.93301270189221908
decision_type=2 2 2 2 2
left_child=1 3 -3 -1 -2
right_child=4 2 -4 -5 -6
leaf_value=0.0026341760046669966 -0.010159193168230022 0.015921147002110191 0.0032272644686291365 -0.01090719368383752 -0.0019042264560559421
leaf_weight=67 11.999999999999998 12.000000000000002 19 71 43
leaf_count=67 12 12 19 71 43
internal_value=-0.000373334 0.000432352 0.00535937 -0.000705037 -0.0028125
internal_weight=224 169 31 138 55
internal_count=224 169 31 138 55
is_linear=0
shrinkage=0.035


Tree=31
num_leaves=6
num_cat=0
split_feature=8 3 5 3 3
split_gain=0.361948 0.780774 0.420957 0.201922 0.0616971
threshold=288.38775835798691 1.0000000180025095e-35 144.62888888888889 -0.6830127018922193 -0.93301270189221908
decision_type=2 2 2 2 2
left_child=1 3 -3 -1 -2
right_child=4 2 -4 -5 -6
leaf_value=0.0025419798445036408 -0.0098036214073419833 0.01536390685703632 0.0031143102122271186 -0.010525441904903211 -0.0018375785300939731
leaf_weight=67 11.999999999999998 12.000000000000002 19 71 43
leaf_count=67 12 12 19 71 43
internal_value=-0.000373334 0.000432352 0.00535937 -0.000705037 -0.0028125
internal_weight=224 169 31 138 55
internal_count=224 169 31 138 55
is_linear=0
shrinkage=0.035


Tree=32
num_leaves=6
num_cat=0
split_feature=8 3 7 8 3
split_gain=0.369437 0.582563 0.534024 0.199262 0.0604906
threshold=303.63454144275312 1.0000000180025095e-35 247.31573412698415 176.51953935970349 -0.93301270189221908
decision_type=2 2 2 2 2
left_child=1 3 -3 -1 -2
right_child=4 2 -4 -5 -6
leaf_value=-0.00081950597538510363 -0.0094604946580850047 0.0061173098389837631 0.014532727539737616 -0.01812716252552906 -0.0068367925570831109
leaf_weight=115 11.999999999999998 22 11.999999999999998 23 40
leaf_count=115 12 22 12 23 40
internal_value=-0.000217779 0.000566473 0.0046 -0.000453238 -0.00277359
internal_weight=224 172 34 138 52
internal_count=224 172 34 138 52
is_linear=0
shrinkage=0.035


Tree=33
num_leaves=5
num_cat=0
split_feature=8 7 1 3
split_gain=0.294073 0.424597 0.257799 0.057618
threshold=321.82908412611454 314.25658730158733 0.81174490092936691 -0.93301270189221908
decision_type=2 2 2 2
left_child=1 2 -1 -2
right_child=3 -3 -4 -5
leaf_value=0.0017005552384744646 -0.0091293773450520314 0.0039662994898721797 -0.018025576738534922 -0.0078408624577241681
leaf_weight=140 11.999999999999998 13.999999999999998 24 34
leaf_count=140 12 14 24 34
internal_value=-0.000217779 0.000430167 -8.48493e-05 -0.00268085
internal_weight=224 178 164 46
internal_count=224 178 164 46
is_linear=0
shrinkage=0.035


Tree=34
num_leaves=5
num_cat=0
split_feature=8 7 1 3
split_gain=0.294073 0.424597 0.257799 0.057618
threshold=321.82908412611454 314.25658730158733 0.81174490092936691 -0.93301270189221908
decision_type=2 2 2 2
left_child=1 2 -1 -2
right_child=3 -3 -4 -5
leaf_value=0.0016410358051278627 -0.0088098491379752179 0.0038274790077266539 -0.017394681552686204 -0.0075664322717038379
leaf_weight=140 11.999999999999998 13.999999999999998 24 34
leaf_count=140 12 14 24 34
internal_value=-0.000217779 0.000430167 -8.48493e-05 -0.00268085
internal_weight=224 178 164 46
internal_count=224 178 164 46
is_linear=0
shrinkage=0.035


Tree=35
num_leaves=5
num_cat=0
split_feature=6 3 5 3
split_gain=0.283102 0.370286 1.27934 0.339326
threshold=382.14305555555558 -1.0000000180025095e-35 70.233750000000015 -0.6830127018922193
decision_type=2 2 2 2
left_child=1 3 -3 -1
right_child=-2 2 -4 -5
leaf_value=0.0015836032766831133 -0.011547693730726035 0.0080655352307073529 0.00033702483889999201 -0.024899521501578654
leaf_weight=80 29 12.999999999999998 60 42
leaf_count=80 29 13 60 42
internal_value=-0.000217779 0.000267856 0.00222297 -0.00091057
internal_weight=224 195 73 122
internal_count=224 195 73 122
is_linear=0
shrinkage=0.035


Tree=36
num_leaves=5
num_cat=0
split_feature=8 7 1 3
split_gain=0.258189 0.454501 0.225613 0.057618
threshold=321.82908412611454 314.25658730158733 0.81174490092936691 -0.93301270189221908
decision_type=2 2 2 2
left_child=1 2 -1 -2
right_child=3 -3 -4 -5
leaf_value=0.0015281734372644803 -0.0085569305328299823 0.0035800520278603852 -0.016563220494571776 -0.0070353168417976565
leaf_weight=140 11.999999999999998 13.999999999999998 24 34
leaf_count=140 12 14 24 34
internal_value=-0.000373334 0.000234636 -0.000296971 -0.00268085
internal_weight=224 178 164 46
internal_count=224 178 164 46
is_linear=0
shrinkage=0.035


Tree=37
num_leaves=5
num_cat=0
split_feature=5 5 6 7
split_gain=0.273576 0.477201 0.325965 0.162737
threshold=10.478611111111112 34.793055555555561 29.774444444444445 132.53569444444449
decision_type=2 2 2 2
left_child=-1 3 -3 -2
right_child=1 2 -4 -5
leaf_value=-0.033641788355302758 0.0093434006250212639 -0.021894891713438579 0.00027782281107090759 0.014040568027271034
leaf_weight=24 18.000000000000004 31 139 11.999999999999998
leaf_count=24 18 31 139 12
internal_value=9.33325e-05 0.000522387 -0.000204679 0.00451613
internal_weight=224 200 170 30
internal_count=224 200 170 30
is_linear=0
shrinkage=0.035


Tree=38
num_leaves=4
num_cat=0
split_feature=5 5 6
split_gain=0.249589 0.366872 0.164422
threshold=10.478611111111112 24.966111111111115 29.774444444444445
decision_type=2 2 2
left_child=-1 -2 -3
right_child=1 2 -4
leaf_value=-0.032464325762867147 0.01420592434278335 -0.020253664791827261 0.00020114653361678374
leaf_weight=24 21 33 146
leaf_count=24 21 33 146
internal_value=-6.22231e-05 0.000348258 -0.000175001
internal_weight=224 200 179
internal_count=224 200 179
is_linear=0
shrinkage=0.035


Tree=39
num_leaves=4
num_cat=0
split_feature=5 5 6
split_gain=0.249589 0.366872 0.164422
threshold=10.478611111111112 24.966111111111115 29.774444444444445
decision_type=2 2 2
left_child=-1 -2 -3
right_child=1 2 -4
leaf_value=-0.031328074361166788 0.013708716990785937 -0.01954478652411331 0.00019410640494019174
leaf_weight=24 21 33 146
leaf_count=24 21 33 146
internal_value=-6.22231e-05 0.000348258 -0.000175001
internal_weight=224 200 179
internal_count=224 200 179
is_linear=0
shrinkage=0.035


Tree=40
num_leaves=4
num_cat=0
split_feature=5 5 6
split_gain=0.249589 0.366872 0.164422
threshold=10.478611111111112 24.966111111111115 29.774444444444445
decision_type=2 2 2
left_child=-1 -2 -3
right_child=1 2 -4
leaf_value=-0.030231591758525966 0.013228911896108423 -0.018860718995769347 0.00018731268076727629
leaf_weight=24 21 33 146
leaf_count=24 21 33 146
internal_value=-6.22231e-05 0.000348258 -0.000175001
internal_weight=224 200 179
internal_count=224 200 179
is_linear=0
shrinkage=0.035


Tree=41
num_leaves=4
num_cat=0
split_feature=5 5 6
split_gain=0.249589 0.366872 0.164422
threshold=10.478611111111112 24.966111111111115 29.774444444444445
decision_type=2 2 2
left_child=-1 -2 -3
right_child=1 2 -4
leaf_value=-0.029173486046977545 0.012765899979744619 -0.018200593830917409 0.00018075673694043152
leaf_weight=24 21 33 146
leaf_count=24 21 33 146
internal_value=-6.22231e-05 0.000348258 -0.000175001
internal_weight=224 200 179
internal_count=224 200 179
is_linear=0
shrinkage=0.035


Tree=42
num_leaves=4
num_cat=0
split_feature=5 5 6
split_gain=0.249589 0.366872 0.164422
threshold=10.478611111111112 24.966111111111115 29.774444444444445
decision_type=2 2 2
left_child=-1 -2 -3
right_child=1 2 -4
leaf_value=-0.02815241403533332 0.01231909348045355 -0.017563573046835309 0.00017443025114752912
leaf_weight=24 21 33 146
leaf_count=24 21 33 146
internal_value=-6.22231e-05 0.000348258 -0.000175001
internal_weight=224 200 179
internal_count=224 200 179
is_linear=0
shrinkage=0.035


Tree=43
num_leaves=4
num_cat=0
split_feature=5 5 6
split_gain=0.249589 0.366872 0.164422
threshold=10.478611111111112 24.966111111111115 29.774444444444445
decision_type=2 2 2
left_child=-1 -2 -3
right_child=1 2 -4
leaf_value=-0.027167079544096646 0.011887925208637682 -0.016948847990196088 0.00016832519235735125
leaf_weight=24 21 33 146
leaf_count=24 21 33 146
internal_value=-6.22231e-05 0.000348258 -0.000175001
internal_weight=224 200 179
internal_count=224 200 179
is_linear=0
shrinkage=0.035


Tree=44
num_leaves=4
num_cat=0
split_feature=5 5 6
split_gain=0.249589 0.366872 0.164422
threshold=10.478611111111112 24.966111111111115 29.774444444444445
decision_type=2 2 2
left_child=-1 -2 -3
right_child=1 2 -4
leaf_value=-0.026216231760053249 0.011471847826335372 -0.016355638310539211 0.00016243381062485665
leaf_weight=24 21 33 146
leaf_count=24 21 33 146
internal_value=-6.22231e-05 0.000348258 -0.000175001
internal_weight=224 200 179
internal_count=224 200 179
is_linear=0
shrinkage=0.035


Tree=45
num_leaves=4
num_cat=0
split_feature=5 5 6
split_gain=0.249589 0.366872 0.164422
threshold=10.478611111111112 24.966111111111115 29.774444444444445
decision_type=2 2 2
left_child=-1 -2 -3
right_child=1 2 -4
leaf_value=-0.025298663648451375 0.011070333152413625 -0.015783190969670333 0.00015674862725297483
leaf_weight=24 21 33 146
leaf_count=24 21 33 146
internal_value=-6.22231e-05 0.000348258 -0.000175001
internal_weight=224 200 179
internal_count=224 200 179
is_linear=0
shrinkage=0.035


Tree=46
num_leaves=4
num_cat=0
split_feature=5 5 6
split_gain=0.249589 0.366872 0.164422
threshold=10.478611111111112 24.966111111111115 29.774444444444445
decision_type=2 2 2
left_child=-1 -2 -3
right_child=1 2 -4
leaf_value=-0.024413210420755584 0.010682871492079159 -0.015230779285731876 0.00015126242529911552
leaf_weight=24 21 33 146
leaf_count=24 21 33 146
internal_value=-6.22231e-05 0.000348258 -0.000175001
internal_weight=224 200 179
internal_count=224 200 179
is_linear=0
shrinkage=0.035


Tree=47
num_leaves=5
num_cat=0
split_feature=5 5 6 8
split_gain=0.23459 0.487165 0.164422 0.133908
threshold=4.9193055555555567 24.966111111111115 29.774444444444445 76.829503093872361
decision_type=2 2 2 2
left_child=-1 3 -3 -2
right_child=1 2 -4 -5
leaf_value=-0.03217035281512548 0.0015764083382584517 -0.014697702010731263 0.00014596824041364844 0.0096521947933895756
leaf_weight=21 12.000000000000002 33 146 11.999999999999998
leaf_count=21 12 33 146 12
internal_value=9.33325e-05 0.000463234 -0.000175001 0.00504
internal_weight=224 203 179 24
internal_count=224 203 179 24
is_linear=0
shrinkage=0.035


Tree=48
num_leaves=5
num_cat=0
split_feature=5 5 6 8
split_gain=0.23459 0.487165 0.164422 0.133908
threshold=4.9193055555555567 24.966111111111115 29.774444444444445 76.829503093872361
decision_type=2 2 2 2
left_child=-1 3 -3 -2
right_child=1 2 -4 -5
leaf_value=-0.03104439046659609 0.0015212340464194098 -0.014183282440355669 0.00014085935199916171 0.0093143679756209456
leaf_weight=21 12.000000000000002 33 146 11.999999999999998
leaf_count=21 12 33 146 12
internal_value=9.33325e-05 0.000463234 -0.000175001 0.00504
internal_weight=224 203 179 24
internal_count=224 203 179 24
is_linear=0
shrinkage=0.035


Tree=49
num_leaves=4
num_cat=0
split_feature=5 5 6
split_gain=0.249589 0.366872 0.164422
threshold=10.478611111111112 24.966111111111115 29.774444444444445
decision_type=2 2 2
left_child=-1 -2 -3
right_child=1 2 -4
leaf_value=-0.021346232041168877 0.009645141557782181 -0.013686867554943222 0.00013592927467918385
leaf_weight=24 21 33 146
leaf_count=24 21 33 146
internal_value=-6.22231e-05 0.000348258 -0.000175001
internal_weight=224 200 179
internal_count=224 200 179
is_linear=0
shrinkage=0.035


Tree=50
num_leaves=5
num_cat=0
split_feature=5 5 6 8
split_gain=0.23459 0.487165 0.164422 0.133908
threshold=4.9193055555555567 24.966111111111115 29.774444444444445 76.829503093872361
decision_type=2 2 2 2
left_child=-1 3 -3 -2
right_child=1 2 -4 -5
leaf_value=-0.029210718678824306 0.0011304109002723641 -0.013207827190520206 0.0001311717500654273 0.0086507851419518177
leaf_weight=21 12.000000000000002 33 146 11.999999999999998
leaf_count=21 12 33 146 12
internal_value=9.33325e-05 0.000463234 -0.000175001 0.00504
internal_weight=224 203 179 24
internal_count=224 203 179 24
is_linear=0
shrinkage=0.035


Tree=51
num_leaves=5
num_cat=0
split_feature=5 5 7 8
split_gain=0.256185 0.451348 0.214969 0.133908
threshold=4.9193055555555567 24.966111111111115 312.34500000000008 76.829503093872361
decision_type=2 2 2 2
left_child=-1 3 -3 -2
right_child=1 2 -4 -5
leaf_value=-0.028188343525065468 0.0010908465187628171 -0.0010872989040666557 0.00039320566863186384 0.0083480076619835072
leaf_weight=21 12.000000000000002 136 43 11.999999999999998
leaf_count=21 12 136 43 12
internal_value=0.000248888 0.000634803 1.94436e-05 0.00504
internal_weight=224 203 179 24
internal_count=224 203 179 24
is_linear=0
shrinkage=0.035


Tree=52
num_leaves=4
num_cat=0
split_feature=5 5 7
split_gain=0.273576 0.337552 0.214969
threshold=10.478611111111112 24.966111111111115 312.34500000000008
decision_type=2 2 2
left_child=-1 -2 -3
right_child=1 2 -4
leaf_value=-0.018590146742591841 0.0087126041017487887 -0.0010492434424243145 0.00037944347022973642
leaf_weight=24 21 136 43
leaf_count=24 21 136 43
internal_value=9.33325e-05 0.000522387 1.94436e-05
internal_weight=224 200 179
internal_count=224 200 179
is_linear=0
shrinkage=0.035


Tree=53
num_leaves=5
num_cat=0
split_feature=5 5 7 8
split_gain=0.256185 0.451348 0.214969 0.133908
threshold=4.9193055555555567 24.966111111111115 312.34500000000008 76.829503093872361
decision_type=2 2 2 2
left_child=-1 3 -3 -2
right_child=1 2 -4 -5
leaf_value=-0.026551096365697462 0.00074772574704488849 -0.0010125199219394563 0.00036616294877168639 0.0077508862502528569
leaf_weight=21 12.000000000000002 136 43 11.999999999999998
leaf_count=21 12 136 43 12
internal_value=0.000248888 0.000634803 1.94436e-05 0.00504
internal_weight=224 203 179 24
internal_count=224 203 179 24
is_linear=0
shrinkage=0.035


Tree=54
num_leaves=5
num_cat=0
split_feature=5 5 7 8
split_gain=0.256185 0.451348 0.214969 0.133908
threshold=4.9193055555555567 24.966111111111115 312.34500000000008 76.829503093872361
decision_type=2 2 2 2
left_child=-1 3 -3 -2
right_child=1 2 -4 -5
leaf_value=-0.025621807992898059 0.0007215553458983072 -0.00097708172467157327 0.00035334724556468551 0.0074796052314940213
leaf_weight=21 12.000000000000002 136 43 11.999999999999998
leaf_count=21 12 136 43 12
internal_value=0.000248888 0.000634803 1.94436e-05 0.00504
internal_weight=224 203 179 24
internal_count=224 203 179 24
is_linear=0
shrinkage=0.035


Tree=55
num_leaves=5
num_cat=0
split_feature=5 5 7 8
split_gain=0.256185 0.451348 0.214969 0.133908
threshold=4.9193055555555567 24.966111111111115 312.34500000000008 76.829503093872361
decision_type=2 2 2 2
left_child=-1 3 -3 -2
right_child=1 2 -4 -5
leaf_value=-0.024725044713146613 0.00069630090879185716 -0.00094288386430807925 0.00034098009196993325 0.0072178190483917215
leaf_weight=21 12.000000000000002 136 43 11.999999999999998
leaf_count=21 12 136 43 12
internal_value=0.000248888 0.000634803 1.94436e-05 0.00504
internal_weight=224 203 179 24
internal_count=224 203 179 24
is_linear=0
shrinkage=0.035


Tree=56
num_leaves=4
num_cat=0
split_feature=5 5 7
split_gain=0.273576 0.337552 0.214969
threshold=10.478611111111112 24.966111111111115 312.34500000000008
decision_type=2 2 2
left_child=-1 -2 -3
right_child=1 2 -4
leaf_value=-0.015248063389090157 0.0076219724281372811 -0.00090988292905729278 0.00032904578875098985
leaf_weight=24 21 136 43
leaf_count=24 21 136 43
internal_value=9.33325e-05 0.000522387 1.94436e-05
internal_weight=224 200 179
internal_count=224 200 179
is_linear=0
shrinkage=0.035


Tree=57
num_leaves=5
num_cat=0
split_feature=5 5 7 8
split_gain=0.256185 0.451348 0.214969 0.133908
threshold=4.9193055555555567 24.966111111111115 312.34500000000008 76.829503093872361
decision_type=2 2 2 2
left_child=-1 3 -3 -2
right_child=1 2 -4 -5
leaf_value=-0.023325985929568339 0.00040516134199933724 -0.00087803702654029678 0.00031752918614469578 0.0066984263467132054
leaf_weight=21 12.000000000000002 136 43 11.999999999999998
leaf_count=21 12 136 43 12
internal_value=0.000248888 0.000634803 1.94436e-05 0.00504
internal_weight=224 203 179 24
internal_count=224 203 179 24
is_linear=0
shrinkage=0.035


Tree=58
num_leaves=5
num_cat=0
split_feature=5 5 7 8
split_gain=0.256185 0.451348 0.214969 0.133908
threshold=4.9193055555555567 24.966111111111115 312.34500000000008 76.829503093872361
decision_type=2 2 2 2
left_child=-1 3 -3 -2
right_child=1 2 -4 -5
leaf_value=-0.02250957642203346 0.00039098069502936937 -0.00084730573061138933 0.00030641566462963538 0.0064639814245782299
leaf_weight=21 12.000000000000002 136 43 11.999999999999998
leaf_count=21 12 136 43 12
internal_value=0.000248888 0.000634803 1.94436e-05 0.00504
internal_weight=224 203 179 24
internal_count=224 203 179 24
is_linear=0
shrinkage=0.035


Tree=59
num_leaves=4
num_cat=0
split_feature=5 5 7
split_gain=0.273576 0.337552 0.214969
threshold=10.478611111111112 24.966111111111115 312.34500000000008
decision_type=2 2 2
left_child=-1 -2 -3
right_child=1 2 -4
leaf_value=-0.013110136488165962 0.0068945193275415859 -0.00081765003003997784 0.00029569111636758652
leaf_weight=24 21 136 43
leaf_count=24 21 136 43
internal_value=9.33325e-05 0.000522387 1.94436e-05
internal_weight=224 200 179
internal_count=224 200 179
is_linear=0
shrinkage=0.035


Tree=60
num_leaves=5
num_cat=0
split_feature=5 5 7 8
split_gain=0.256185 0.451348 0.214969 0.133908
threshold=4.9193055555555567 24.966111111111115 312.34500000000008 76.829503093872361
decision_type=2 2 2 2
left_child=-1 3 -3 -2
right_child=1 2 -4 -5
leaf_value=-0.021262886470176497 0.00013598819423937263 -0.00078903227898857481 0.00028534192729473524 0.0060216035779938823
leaf_weight=21 12.000000000000002 136 43 11.999999999999998
leaf_count=21 12 136 43 12
internal_value=0.000248888 0.000634803 1.94436e-05 0.00504
internal_weight=224 203 179 24
internal_count=224 203 179 24
is_linear=0
shrinkage=0.035


Tree=61
num_leaves=5
num_cat=0
split_feature=5 8 7 8
split_gain=0.23459 0.254827 0.716848 0.0762045
threshold=4.9193055555555567 321.82908412611454 314.25658730158733 397.45550105826754
decision_type=2 2 2 2
left_child=-1 2 -2 -3
right_child=1 3 -4 -5
leaf_value=-0.020518685443720319 0.00050283940025839125 -0.0034865777239611426 0.0032526099049017222 -0.0059806431452472525
leaf_weight=21 145 21 13.999999999999998 23
leaf_count=21 145 21 14 23
internal_value=9.33325e-05 0.000463234 0.00111562 -0.00186667
internal_weight=224 203 159 44
internal_count=224 203 159 44
is_linear=0
shrinkage=0.035


Tree=62
num_leaves=5
num_cat=0
split_feature=6 3 5 5
split_gain=0.31151 0.43482 0.588384 0.253719
threshold=382.14305555555558 1.0000000180025095e-35 144.62888888888889 210.59388888888893
decision_type=2 2 2 2
left_child=1 3 -3 -1
right_child=-2 2 -4 -5
leaf_value=-0.0039016883780204847 -0.010890106152587587 0.0073547177763517383 -5.4843848180732683e-05 0.0019681752166199411
leaf_weight=112 29 17 28 38
leaf_count=112 29 17 28 38
internal_value=-6.22231e-05 0.000446428 0.00342391 -0.000463577
internal_weight=224 195 45 150
internal_count=224 195 45 150
is_linear=0
shrinkage=0.035


Tree=63
num_leaves=5
num_cat=0
split_feature=8 7 5 3
split_gain=0.372692 0.767634 0.221126 0.057618
threshold=321.82908412611454 314.25658730158733 4.9193055555555567 -0.93301270189221908
decision_type=2 2 2 2
left_child=1 2 -1 -2
right_child=3 -3 -4 -5
leaf_value=-0.017203516199676284 -0.0076728953668751057 0.0030133236703378395 0.00049853268433281805 -0.0039496654298047393
leaf_weight=19 11.999999999999998 13.999999999999998 145 34
leaf_count=19 12 14 145 34
internal_value=9.33325e-05 0.000821228 0.000127272 -0.00268085
internal_weight=224 178 164 46
internal_count=224 178 164 46
is_linear=0
shrinkage=0.035


Tree=64
num_leaves=5
num_cat=0
split_feature=5 5 7 7
split_gain=0.256185 0.294495 0.359358 0.354266
threshold=4.9193055555555567 46.212916666666672 153.59113095238098 188.33636904761909
decision_type=2 2 2 2
left_child=-1 2 -2 -3
right_child=1 3 -4 -5
leaf_value=-0.019061849292970726 0.018728276888825685 -0.012072184609540982 -0.01335504987937236 0.0003673099487559099
leaf_weight=21 32 58 15.999999999999998 97
leaf_count=21 32 58 16 97
internal_value=0.000248888 0.000634803 0.003 -0.00011218
internal_weight=224 203 48 155
internal_count=224 203 48 155
is_linear=0
shrinkage=0.035


Tree=65
num_leaves=7
num_cat=0
split_feature=3 8 7 5 1 3
split_gain=0.328084 0.495227 0.458097 0.375127 0.728591 0.317475
threshold=1.0000000180025095e-35 310.39897603860794 263.29210317460326 210.59388888888893 1.0000000180025095e-35 -0.6830127018922193
decision_type=2 2 2 2 2 2
left_child=3 2 -2 5 -5 -1
right_child=1 -3 -4 4 -6 -7
leaf_value=-0.00081838009201382392 0.0033471807991256588 -0.0050288347344500852 0.013925955973990461 -0.010419127011241619 0.0062301360609210996 -0.010926890237151524
leaf_weight=68 25 21 11.999999999999998 23 19 56
leaf_count=68 25 21 12 23 19 56
internal_value=0.000248888 0.00249152 0.00488158 -0.000544911 0.00227907 -0.001512
internal_weight=224 58 37 166 42 124
internal_count=224 58 37 166 42 124
is_linear=0
shrinkage=0.035


Tree=66
num_leaves=7
num_cat=0
split_feature=3 5 3 8 7 5
split_gain=0.374988 0.805275 0.359661 0.570861 0.302854 0.177143
threshold=1.0000000180025095e-35 144.62888888888889 -0.6830127018922193 191.81504205327369 270.15948412698418 237.1552777777778
decision_type=2 2 2 2 2 2
left_child=2 -2 3 -1 -3 -4
right_child=1 4 5 -5 -6 -7
leaf_value=0.0034077085365493303 0.0065002687979609612 0.0070850271814032716 -0.010923061218405366 -0.016386623010813402 -0.0048528267082127863 0.0010885161157339288
leaf_weight=53 21 15.999999999999998 58 38 21 17
leaf_count=53 21 16 58 38 21 17
internal_value=9.33325e-05 0.00249152 -0.000754492 0.000722825 -0.000644738 -0.0025329
internal_weight=224 58 166 91 37 75
internal_count=224 58 166 91 37 75
is_linear=0
shrinkage=0.035


Tree=67
num_leaves=4
num_cat=0
split_feature=6 5 7
split_gain=0.404626 0.276307 0.363733
threshold=382.14305555555558 551.16027777777788 122.27486111111118
decision_type=2 2 2
left_child=1 2 -1
right_child=-2 -3 -4
leaf_value=-0.0031046325336599361 -0.010355598784355283 -0.021661825355005434 0.0028456057222136515
leaf_weight=79 29 15.999999999999998 100
leaf_count=79 29 16 100
internal_value=0.000404444 0.000982142 0.00138055
internal_weight=224 195 179
internal_count=224 195 179
is_linear=0
shrinkage=0.035


Tree=68
num_leaves=5
num_cat=0
split_feature=8 7 5 3
split_gain=0.372692 0.367634 0.280673 0.057618
threshold=321.82908412611454 314.25658730158733 46.212916666666672 -0.93301270189221908
decision_type=2 2 2 2
left_child=1 2 -1 -2
right_child=3 -3 -4 -5
leaf_value=0.0017746745888008219 -0.006914620968919467 0.0024016228127669904 -0.0022002071467550461 -0.0038608152369295169
leaf_weight=61 11.999999999999998 13.999999999999998 103 34
leaf_count=61 12 14 103 34
internal_value=9.33325e-05 0.000821228 0.000339393 -0.00268085
internal_weight=224 178 164 46
internal_count=224 178 164 46
is_linear=0
shrinkage=0.035


Tree=69
num_leaves=6
num_cat=0
split_feature=6 3 6 3 5
split_gain=0.21707 0.292503 1.00044 0.317669 0.0432991
threshold=382.14305555555558 1.0000000180025095e-35 171.88652777777779 -0.6830127018922193 189.87875000000005
decision_type=2 2 2 2 2
left_child=1 3 -3 -1 -2
right_child=4 2 -4 -5 -6
leaf_value=0.0017618629295687606 -0.012508611644757226 -0.0084578344246293829 0.014074427744264949 -0.0052766383589528936 -0.0049604365321673591
leaf_weight=80 17.000000000000004 27 18 70 11.999999999999998
leaf_count=80 17 27 18 70 12
internal_value=0.000559999 0.000982142 0.00342391 0.000231787 -0.00221667
internal_weight=224 195 45 150 29
internal_count=224 195 45 150 29
is_linear=0
shrinkage=0.035


Tree=70
num_leaves=5
num_cat=0
split_feature=8 7 5 3
split_gain=0.372692 0.367634 0.280673 0.057618
threshold=321.82908412611454 314.25658730158733 46.212916666666672 -0.93301270189221908
decision_type=2 2 2 2
left_child=1 2 -1 -2
right_child=3 -3 -4 -5
leaf_value=0.0016508961280608688 -0.0067342744375422092 0.0022990619528784773 -0.0025296158659757336 -0.0035443244889622307
leaf_weight=61 11.999999999999998 13.999999999999998 103 34
leaf_count=61 12 14 103 34
internal_value=9.33325e-05 0.000821228 0.000339393 -0.00268085
internal_weight=224 178 164 46
internal_count=224 178 164 46
is_linear=0
shrinkage=0.035


Tree=71
num_leaves=4
num_cat=0
split_feature=8 5 5
split_gain=0.27019 0.285943 0.48132
threshold=405.99458002933119 4.9193055555555567 46.212916666666672
decision_type=2 2 2
left_child=1 -1 -3
right_child=-2 2 -4
leaf_value=-0.014996030600337907 -0.0059352595432934103 0.0053988007322940757 -8.7988301422712607e-05
leaf_weight=19 22 45 138
leaf_count=19 22 45 138
internal_value=0.000248888 0.000655172 0.00108424
internal_weight=224 202 183
internal_count=224 202 183
is_linear=0
shrinkage=0.035


Tree=72
num_leaves=5
num_cat=0
split_feature=8 3 6 6
split_gain=0.247455 0.250405 0.464342 0.409963
threshold=405.99458002933119 -0.6830127018922193 210.59388888888893 129.22652777777779
decision_type=2 2 2 2
left_child=1 2 -1 -3
right_child=-2 3 -4 -5
leaf_value=0.0051641937252428754 -0.0057275254592781362 -0.0095855388598002269 -0.019869994592253856 0.00089521060010703298
leaf_weight=60 22 53 14.999999999999998 74
leaf_count=60 22 53 15 74
internal_value=9.33325e-05 0.000482758 0.00207237 -0.000464845
internal_weight=224 202 75 127
internal_count=224 202 75 127
is_linear=0
shrinkage=0.035


Tree=73
num_leaves=6
num_cat=0
split_feature=8 7 5 8 7
split_gain=0.264847 0.728454 0.280673 0.0662401 0.16033
threshold=321.82908412611454 314.25658730158733 46.212916666666672 397.45550105826754 312.34500000000008
decision_type=2 2 2 2 2
left_child=1 2 -1 -2 -5
right_child=3 -3 -4 4 -6
leaf_value=0.0012234101808472691 -0.0028813641632996273 0.0021903420040737878 -0.0024992153363528218 -0.016256793628621539 -0.00025674595188354687
leaf_weight=61 21 13.999999999999998 103 13.000000000000002 11.999999999999998
leaf_count=61 21 14 103 13 12
internal_value=0.000404444 0.00101676 0.000339393 -0.00193617 -0.000673078
internal_weight=224 178 164 46 25
internal_count=224 178 164 46 25
is_linear=0
shrinkage=0.035


Tree=74
num_leaves=5
num_cat=0
split_feature=5 5 8 3
split_gain=0.238004 0.349262 0.611378 0.399104
threshold=551.16027777777788 189.87875000000005 174.46838584763628 1.0000000180025095e-35
decision_type=2 2 2 2
left_child=1 3 -3 -1
right_child=-2 2 -4 -5
leaf_value=-0.0033697813517889431 -0.02062459612943195 0.00082071858765523525 0.0035196612326779319 0.0049738284778719916
leaf_weight=121 17 36 21 29
leaf_count=121 17 36 21 29
internal_value=0.000559999 0.000891826 0.00319828 -8.28939e-10
internal_weight=224 207 57 150
internal_count=224 207 57 150
is_linear=0
shrinkage=0.035


Tree=75
num_leaves=5
num_cat=0
split_feature=8 7 5 3
split_gain=0.460449 0.799475 0.297943 0.057618
threshold=321.82908412611454 289.32950396825402 46.212916666666672 -0.93301270189221908
decision_type=2 2 2 2
left_child=1 2 -1 -2
right_child=3 -3 -4 -5
leaf_value=0.0012985331718302301 -0.0059074485877748367 0.0023791745060265691 -0.0035194108955922802 -0.0031107113800158378
leaf_weight=61 11.999999999999998 22 95 34
leaf_count=61 12 22 95 34
internal_value=0.000404444 0.00121229 0.000312101 -0.00268085
internal_weight=224 178 156 46
internal_count=224 178 156 46
is_linear=0
shrinkage=0.035


Tree=76
num_leaves=5
num_cat=0
split_feature=6 3 6 3
split_gain=0.404626 0.292503 1.00044 0.317669
threshold=382.14305555555558 1.0000000180025095e-35 171.88652777777779 -0.6830127018922193
decision_type=2 2 2 2
left_child=1 3 -3 -1
right_child=-2 2 -4 -5
leaf_value=0.0013514457597986306 -0.0089868549566342864 -0.0078423202541482492 0.013652366524559135 -0.0045975065678464169
leaf_weight=80 29 27 18 70
leaf_count=80 29 27 18 70
internal_value=0.000404444 0.000982142 0.00342391 0.000231787
internal_weight=224 195 45 150
internal_count=224 195 45 150
is_linear=0
shrinkage=0.035


Tree=77
num_leaves=5
num_cat=0
split_feature=8 7 5 3
split_gain=0.507754 1.16203 0.397154 0.057618
threshold=321.82908412611454 314.25658730158733 46.212916666666672 -0.93301270189221908
decision_type=2 2 2 2
left_child=1 2 -1 -2
right_child=3 -3 -4 -5
leaf_value=0.0012057842070747752 -0.005747988488795674 0.0019273649411808674 -0.0027959667719907265 -0.0027948354728873745
leaf_weight=61 11.999999999999998 13.999999999999998 103 34
leaf_count=61 12 14 103 34
internal_value=0.000559999 0.00140782 0.000551514 -0.00268085
internal_weight=224 178 164 46
internal_count=224 178 164 46
is_linear=0
shrinkage=0.035


Tree=78
num_leaves=5
num_cat=0
split_feature=8 8 6 5
split_gain=0.318549 0.366529 0.556783 0.355399
threshold=405.99458002933119 174.46838584763628 48.107916666666675 62.262083333333337
decision_type=2 2 2 2
left_child=1 3 -3 -1
right_child=-2 2 -4 -5
leaf_value=0.0025213395908560182 -0.0050526371799722077 0.010020335893066992 0.00021205752982328174 -0.0080271318569143241
leaf_weight=57 22 17 52 76
leaf_count=57 22 17 52 76
internal_value=0.000559999 0.000999999 0.00305 -7.8359e-05
internal_weight=224 202 69 133
internal_count=224 202 69 133
is_linear=0
shrinkage=0.035


Tree=79
num_leaves=5
num_cat=0
split_feature=8 7 1 3
split_gain=0.33224 0.807763 0.257799 0.057618
threshold=321.82908412611454 314.25658730158733 0.81174490092936691 -0.93301270189221908
decision_type=2 2 2 2
left_child=1 2 -1 -2
right_child=3 -3 -4 -5
leaf_value=0.00042893472551693712 -0.005369966590388792 0.0020543452052916985 -0.014762387386927006 -0.0026491588054515665
leaf_weight=140 11.999999999999998 13.999999999999998 24 34
leaf_count=140 12 14 24 34
internal_value=-6.22231e-05 0.000625697 -8.48493e-05 -0.00268085
internal_weight=224 178 164 46
internal_count=224 178 164 46
is_linear=0
shrinkage=0.035


Tree=80
num_leaves=5
num_cat=0
split_feature=8 7 5 3
split_gain=0.372692 0.767634 0.221126 0.057618
threshold=321.82908412611454 314.25658730158733 4.9193055555555567 -0.93301270189221908
decision_type=2 2 2 2
left_child=1 2 -1 -2
right_child=3 -3 -4 -5
leaf_value=-0.014457376888806944 -0.0051820177597251766 0.0019824431231064738 0.00039502795136215295 -0.002556438247260769
leaf_weight=19 11.999999999999998 13.999999999999998 145 34
leaf_count=19 12 14 145 34
internal_value=9.33325e-05 0.000821228 0.000127272 -0.00268085
internal_weight=224 178 164 46
internal_count=224 178 164 46
is_linear=0
shrinkage=0.035


Tree=81
num_leaves=6
num_cat=0
split_feature=8 7 5 8 7
split_gain=0.264847 0.728454 0.280673 0.0662401 0.16033
threshold=321.82908412611454 314.25658730158733 46.212916666666672 397.45550105826754 312.34500000000008
decision_type=2 2 2 2 2
left_child=1 2 -1 -2 -5
right_child=3 -3 -4 4 -6
leaf_value=0.0010464961804564346 -0.0023613237535468402 0.0019130576137977591 -0.0025393471750969196 -0.014740736108428092 -0.00024961724895879319
leaf_weight=61 21 13.999999999999998 103 13.000000000000002 11.999999999999998
leaf_count=61 21 14 103 13 12
internal_value=0.000404444 0.00101676 0.000339393 -0.00193617 -0.000673078
internal_weight=224 178 164 46 25
internal_count=224 178 164 46 25
is_linear=0
shrinkage=0.035


Tree=82
num_leaves=6
num_cat=0
split_feature=8 8 6 8 7
split_gain=0.264847 0.632186 0.283812 0.0662401 0.16033
threshold=321.82908412611454 261.43697595998754 292.67138888888888 397.45550105826754 312.34500000000008
decision_type=2 2 2 2 2
left_child=1 2 -1 -2 -5
right_child=3 -3 -4 4 -6
leaf_value=0.00048399123300612088 -0.0022786774221726903 0.004617889777368489 -0.010766543214033079 -0.014224810344633106 -0.00024088064524523597
leaf_weight=142 21 14.999999999999998 21 13.000000000000002 11.999999999999998
leaf_count=142 21 15 21 13 12
internal_value=0.000404444 0.00101676 0.000362804 -0.00193617 -0.000673078
internal_weight=224 178 163 46 25
internal_count=224 178 163 46 25
is_linear=0
shrinkage=0.035


Tree=83
num_leaves=4
num_cat=0
split_feature=5 6 8
split_gain=0.201534 0.23909 0.278946
threshold=551.16027777777788 551.16027777777788 174.46838584763628
decision_type=2 2 2
left_child=1 2 -1
right_child=-2 -3 -4
leaf_value=-0.0001459224362638354 -0.01911623673252924 -0.0068227910899510621 0.00080016584997981486
leaf_weight=130 17 17 60
leaf_count=130 17 17 60
internal_value=0.000248888 0.000555288 0.00091623
internal_weight=224 207 190
internal_count=224 207 190
is_linear=0
shrinkage=0.035


Tree=84
num_leaves=5
num_cat=0
split_feature=4 8 7 1
split_gain=0.176369 0.195731 0.423933 0.159334
threshold=-0.68301270189221952 321.82908412611454 289.32950396825402 -0.56174490092936669
decision_type=2 2 2 2
left_child=-1 2 -2 -3
right_child=1 3 -4 -5
leaf_value=-0.021232760690100105 0.00027848227538254948 -0.00038534172590120133 0.0024092251391273196 -0.0045823723412208653
leaf_weight=12.999999999999998 143 11.999999999999998 22 34
leaf_count=13 143 12 22 34
internal_value=0.000559999 0.000808961 0.00137048 -0.00119149
internal_weight=224 211 165 46
internal_count=224 211 165 46
is_linear=0
shrinkage=0.035


Tree=85
num_leaves=4
num_cat=0
split_feature=6 4 4
split_gain=0.219405 0.192641 0.180359
threshold=551.16027777777788 -0.68301270189221952 0.6830127018922193
decision_type=2 2 2
left_child=1 -1 -3
right_child=-2 2 -4
leaf_value=-0.020489614065946616 -0.0065117480688181417 0.0013119624000325978 -0.00022162664467690658
leaf_weight=12.999999999999998 17 109 85
leaf_count=13 17 109 85
internal_value=0.000404444 0.000723557 0.00100513
internal_weight=224 207 194
internal_count=224 207 194
is_linear=0
shrinkage=0.035


Tree=86
num_leaves=5
num_cat=0
split_feature=8 3 6 6
split_gain=0.293888 0.288357 0.455336 0.311292
threshold=405.99458002933119 -0.6830127018922193 82.269861111111126 48.107916666666675
decision_type=2 2 2 2
left_child=1 3 -3 -1
right_child=-2 2 -4 -5
leaf_value=0.016891766107194939 -0.0045143943710811802 -0.013235029980849924 0.00029438212643399759 -0.00035924244341892827
leaf_weight=32 22 37 90 43
leaf_count=32 22 37 90 43
internal_value=0.000404444 0.000827585 -0.000191407 0.00253289
internal_weight=224 202 127 75
internal_count=224 202 127 75
is_linear=0
shrinkage=0.035


Tree=87
num_leaves=6
num_cat=0
split_feature=6 5 4 8 5
split_gain=0.262445 0.276894 0.223352 0.208416 0.0389288
threshold=43.420555555555566 38.883888888888897 -0.25000000000000028 321.82908412611454 55.979583333333338
decision_type=2 2 2 2 2
left_child=1 -1 4 -4 -2
right_child=2 -3 3 -5 -6
leaf_value=0.00035115969296917366 -0.015799268498498598 -0.0046299601271058127 0.0025569056712253968 -0.0014899147783526726 -0.016278932946197311
leaf_weight=21 12.000000000000002 42 105 30 13.999999999999998
leaf_count=21 12 42 105 30 14
internal_value=9.33325e-05 -0.00180469 0.000842592 0.00141544 -0.00207407
internal_weight=224 63 161 135 26
internal_count=224 63 161 135 26
is_linear=0
shrinkage=0.035


Tree=88
num_leaves=6
num_cat=0
split_feature=6 5 4 8 5
split_gain=0.262445 0.276894 0.223352 0.208416 0.0389288
threshold=43.420555555555566 38.883888888888897 -0.25000000000000028 321.82908412611454 55.979583333333338
decision_type=2 2 2 2 2
left_child=1 -1 4 -4 -2
right_child=2 -3 3 -5 -6
leaf_value=0.00033886910371524873 -0.015246294101051154 -0.0044679115226571239 0.0024674139727325099 -0.0014377677611103206 -0.015709170293080402
leaf_weight=21 12.000000000000002 42 105 30 13.999999999999998
leaf_count=21 12 42 105 30 14
internal_value=9.33325e-05 -0.00180469 0.000842592 0.00141544 -0.00207407
internal_weight=224 63 161 135 26
internal_count=224 63 161 135 26
is_linear=0
shrinkage=0.035


Tree=89
num_leaves=5
num_cat=0
split_feature=5 8 7 8
split_gain=0.278694 0.334778 0.72501 0.0762045
threshold=4.9193055555555567 321.82908412611454 289.32950396825402 397.45550105826754
decision_type=2 2 2 2
left_child=-1 2 -2 -3
right_child=1 3 -4 -5
leaf_value=-0.013923711498410301 0.00010778950463692003 -0.0014930946400230781 0.0021465046298578608 -0.0021528195501233117
leaf_weight=21 137 21 22 23
leaf_count=21 137 21 22 23
internal_value=0.000404444 0.000806372 0.00155312 -0.00186667
internal_weight=224 203 159 44
internal_count=224 203 159 44
is_linear=0
shrinkage=0.035


Tree=90
num_leaves=4
num_cat=0
split_feature=6 6 0
split_gain=0.341233 0.33365 0.351667
threshold=382.14305555555558 281.87555555555559 0.6078576107927941
decision_type=2 2 2
left_child=1 2 -1
right_child=-2 -3 -4
leaf_value=-0.00048595166928531373 -0.0065860089793371478 0.0078199583377282691 0.0042005226232913941
leaf_weight=129 29 14.999999999999998 51
leaf_count=129 29 15 51
internal_value=9.33325e-05 0.000624999 0.000193369
internal_weight=224 195 180
internal_count=224 195 180
is_linear=0
shrinkage=0.035


Tree=91
num_leaves=5
num_cat=0
split_feature=5 5 6 5
split_gain=0.21391 0.260733 0.164422 0.0280615
threshold=4.9193055555555567 24.966111111111115 29.774444444444445 15.016111111111112
decision_type=2 2 2 2
left_child=-1 3 -3 -2
right_child=1 2 -4 -5
leaf_value=-0.013583399887781128 5.2240890741403564e-05 -0.01172553785351226 9.4099045313023619e-05 0.0036821783038726509
leaf_weight=21 12.000000000000002 33 146 11.999999999999998
leaf_count=21 12 33 146 12
internal_value=-6.22231e-05 0.000291666 -0.000175001 0.00364
internal_weight=224 203 179 24
internal_count=224 203 179 24
is_linear=0
shrinkage=0.035


Tree=92
num_leaves=5
num_cat=0
split_feature=5 5 8 3
split_gain=0.219405 0.402039 0.611378 0.219148
threshold=551.16027777777788 189.87875000000005 174.46838584763628 1.0000000180025095e-35
decision_type=2 2 2 2
left_child=1 3 -3 -1
right_child=-2 2 -4 -5
leaf_value=-0.0026255225334092581 -0.018592861539222145 0.00080297875867208596 0.0032048542322224245 0.004008541729530914
leaf_weight=121 17 36 21 29
leaf_count=121 17 36 21 29
internal_value=0.000404444 0.000723557 0.00319828 -0.000231789
internal_weight=224 207 57 150
internal_count=224 207 57 150
is_linear=0
shrinkage=0.035


Tree=93
num_leaves=5
num_cat=0
split_feature=8 8 6 5
split_gain=0.318549 0.366529 0.556783 0.355399
threshold=405.99458002933119 174.46838584763628 48.107916666666675 62.262083333333337
decision_type=2 2 2 2
left_child=1 3 -3 -1
right_child=-2 2 -4 -5
leaf_value=0.001695684470811752 -0.0037613927000959761 0.010112499893091787 0.00023233331798480037 -0.0078657182720524889
leaf_weight=57 22 17 52 76
leaf_count=57 22 17 52 76
internal_value=0.000559999 0.000999999 0.00305 -7.8359e-05
internal_weight=224 202 69 133
internal_count=224 202 69 133
is_linear=0
shrinkage=0.035


Tree=94
num_leaves=6
num_cat=0
split_feature=8 7 4 8 7
split_gain=0.199436 0.572912 0.274726 0.0662401 0.16033
threshold=321.82908412611454 289.32950396825402 0.6830127018922193 397.45550105826754 312.34500000000008
decision_type=2 2 2 2 2
left_child=1 2 -1 -2 -5
right_child=3 -3 -4 4 -6
leaf_value=0.0026546071533320682 -0.0015474230500405149 0.0023427593205020869 -0.003223449351015855 -0.012393072371209511 -0.00012072114446123005
leaf_weight=91 21 22 65 13.000000000000002 11.999999999999998
leaf_count=91 21 22 65 13 12
internal_value=9.33325e-05 0.000625697 -0.000133759 -0.00193617 -0.000673078
internal_weight=224 178 156 46 25
internal_count=224 178 156 46 25
is_linear=0
shrinkage=0.035


Tree=95
num_leaves=6
num_cat=0
split_feature=8 7 5 8 7
split_gain=0.275076 0.523134 0.365404 0.076765 0.16033
threshold=303.63454144275312 289.32950396825402 46.212916666666672 397.45550105826754 312.34500000000008
decision_type=2 2 2 2 2
left_child=1 2 -1 -2 -5
right_child=3 -3 -4 4 -6
leaf_value=0.00024177295744558577 -0.00045534917783422718 0.0041875065393829694 -0.0025569813912686228 -0.011959314838217168 -0.00011649590440508183
leaf_weight=61 27 17 94 13.000000000000002 11.999999999999998
leaf_count=61 27 17 94 13 12
internal_value=9.33325e-05 0.000768785 0.000112179 -0.00211321 -0.000673078
internal_weight=224 172 155 52 25
internal_count=224 172 155 52 25
is_linear=0
shrinkage=0.035


Tree=96
num_leaves=6
num_cat=0
split_feature=8 7 5 8 7
split_gain=0.230999 0.530298 0.371908 0.0662401 0.16033
threshold=321.82908412611454 289.32950396825402 46.212916666666672 397.45550105826754 312.34500000000008
decision_type=2 2 2 2 2
left_child=1 2 -1 -2 -5
right_child=3 -3 -4 4 -6
leaf_value=0.00023331090393499185 -0.0014773260220649041 0.0021142000154061149 -0.0025360676038054951 -0.011540738818879577 -0.00011241854775091108
leaf_weight=61 21 22 95 13.000000000000002 11.999999999999998
leaf_count=61 21 22 95 13 12
internal_value=0.000248888 0.000821228 8.91711e-05 -0.00193617 -0.000673078
internal_weight=224 178 156 46 25
internal_count=224 178 156 46 25
is_linear=0
shrinkage=0.035


Tree=97
num_leaves=4
num_cat=0
split_feature=6 6 0
split_gain=0.31151 0.358737 0.4095
threshold=382.14305555555558 281.87555555555559 0.6078576107927941
decision_type=2 2 2
left_child=1 2 -1
right_child=-2 -3 -4
leaf_value=-0.00033297785568485872 -0.0051686067911628627 0.0076041806212793937 0.0038211731973294429
leaf_weight=129 29 14.999999999999998 51
leaf_count=129 29 15 51
internal_value=-6.22231e-05 0.000446428 -8.29855e-10
internal_weight=224 195 180
internal_count=224 195 180
is_linear=0
shrinkage=0.035


Tree=98
num_leaves=5
num_cat=0
split_feature=8 7 1 3
split_gain=0.258189 0.454501 0.225613 0.057618
threshold=321.82908412611454 314.25658730158733 0.81174490092936691 -0.93301270189221908
decision_type=2 2 2 2
left_child=1 2 -1 -2
right_child=3 -3 -4 -5
leaf_value=0.00015510470653015864 -0.0039508669419366146 0.0016118879617736874 -0.013825915934802537 -0.0013296730378042259
leaf_weight=140 11.999999999999998 13.999999999999998 24 34
leaf_count=140 12 14 24 34
internal_value=-0.000373334 0.000234636 -0.000296971 -0.00268085
internal_weight=224 178 164 46
internal_count=224 178 164 46
is_linear=0
shrinkage=0.035


Tree=99
num_leaves=5
num_cat=0
split_feature=8 7 4 3
split_gain=0.294073 0.424597 0.237606 0.057618
threshold=321.82908412611454 314.25658730158733 0.6830127018922193 -0.93301270189221908
decision_type=2 2 2 2
left_child=1 2 -1 -2
right_child=3 -3 -4 -5
leaf_value=0.0027461780089779709 -0.0038125865989688339 0.0015554718831116002 -0.0015570438761961425 -0.0012831344814810755
leaf_weight=91 11.999999999999998 13.999999999999998 73 34
leaf_count=91 12 14 73 34
internal_value=-0.000217779 0.000430167 -8.48493e-05 -0.00268085
internal_weight=224 178 164 46
internal_count=224 178 164 46
is_linear=0
shrinkage=0.035


Tree=100
num_leaves=5
num_cat=0
split_feature=8 7 4 3
split_gain=0.369437 0.561285 0.282905 0.0604906
threshold=303.63454144275312 289.32950396825402 0.6830127018922193 -0.93301270189221908
decision_type=2 2 2 2
left_child=1 2 -1 -2
right_child=3 -3 -4 -5
leaf_value=0.0026785211561821654 -0.0036791460680049384 0.0038095853810650288 -0.0029496039703761643 -0.00057426494358201125
leaf_weight=90 11.999999999999998 17 65 40
leaf_count=90 12 17 65 40
internal_value=-0.000217779 0.000566473 -0.00011218 -0.00277359
internal_weight=224 172 155 52
internal_count=224 172 155 52
is_linear=0
shrinkage=0.035


Tree=101
num_leaves=7
num_cat=0
split_feature=1 8 7 0 4 5
split_gain=0.297091 0.292168 0.326898 0.0560932 0.0775779 0.0489403
threshold=-0.56174490092936669 321.82908412611454 289.32950396825402 1.0000000180025095e-35 0.6830127018922193 237.1552777777778
decision_type=2 2 2 2 2 2
left_child=3 2 -2 4 -1 -3
right_child=1 5 -4 -5 -6 -7
leaf_value=0.0024064850084143919 8.3083213581757807e-05 -0.010592850709470421 0.0049281040457022978 -0.00076535179160630985 -0.010064854287382727 -0.00119404326406996
leaf_weight=19 112 22 13.999999999999998 32 12.999999999999998 11.999999999999998
leaf_count=19 112 22 14 32 13 12
internal_value=-0.000373334 0.000434782 0.0012126 -0.00236923 -0.00127273 -0.0024
internal_weight=224 160 126 64 32 34
internal_count=224 160 126 64 32 34
is_linear=0
shrinkage=0.035


Tree=102
num_leaves=6
num_cat=0
split_feature=8 3 5 1 3
split_gain=0.317347 0.279004 0.352854 0.210748 0.0616971
threshold=288.38775835798691 1.0000000180025095e-35 198.87555555555556 -0.56174490092936669 -0.93301270189221908
decision_type=2 2 2 2 2
left_child=1 3 -3 -1 -2
right_child=4 2 -4 -5 -6
leaf_value=-0.0068019699244852494 -0.0034891923064982893 0.0083902934141831271 -0.0041851414365874761 6.9348545459683037e-05 -0.00026271046741043933
leaf_weight=40 11.999999999999998 17.000000000000004 13.999999999999998 98 43
leaf_count=40 12 17 14 98 43
internal_value=-0.00052889 0.00022647 0.00317187 -0.000453238 -0.0028125
internal_weight=224 169 31 138 55
internal_count=224 169 31 138 55
is_linear=0
shrinkage=0.035


Tree=103
num_leaves=5
num_cat=0
split_feature=8 5 5 3
split_gain=0.409425 0.289533 0.622634 0.0616971
threshold=288.38775835798691 4.9193055555555567 46.212916666666672 -0.93301270189221908
decision_type=2 2 2 2
left_child=1 -1 -3 -2
right_child=3 2 -4 -5
leaf_value=-0.011431280381794777 -0.0033670705757708626 0.003529792152187287 -0.00034657306028682065 -0.00025351560105107382
leaf_weight=19 11.999999999999998 42 108 43
leaf_count=19 12 42 108 43
internal_value=-0.000217779 0.000638234 0.00115894 -0.0028125
internal_weight=224 169 150 55
internal_count=224 169 150 55
is_linear=0
shrinkage=0.035


Tree=104
num_leaves=6
num_cat=0
split_feature=8 8 6 5 3
split_gain=0.361948 0.299103 0.427395 0.293068 0.0616971
threshold=288.38775835798691 174.46838584763628 129.22652777777779 102.37708333333335 -0.93301270189221908
decision_type=2 2 2 2 2
left_child=1 2 -1 -3 -2
right_child=4 3 -4 -5 -6
leaf_value=-0.0053050463546299833 -0.0032492231056188807 -0.00021465754513353292 0.0020599657306566202 0.0081087632017967561 -0.00024464255501427244
leaf_weight=75 11.999999999999998 19 58 17 43
leaf_count=75 12 19 58 17 43
internal_value=-0.000373334 0.000432352 -0.000339553 0.00321622 -0.0028125
internal_weight=224 169 133 36 55
internal_count=224 169 133 36 55
is_linear=0
shrinkage=0.035


Tree=105
num_leaves=6
num_cat=0
split_feature=8 0 7 0 3
split_gain=0.361948 0.317868 0.608275 0.314749 0.0616971
threshold=288.38775835798691 0.6078576107927941 122.27486111111118 -1.0000000180025095e-35 -0.93301270189221908
decision_type=2 2 2 2 2
left_child=1 3 -3 -1 -2
right_child=4 2 -4 -5 -6
leaf_value=0.00018812671378934888 -0.0031355002969222262 -0.012006940833922919 0.0037664480982646732 -0.006212274019671421 -0.00023608006558878259
leaf_weight=71 11.999999999999998 21 29 48 43
leaf_count=71 12 21 29 48 43
internal_value=-0.000373334 0.000432352 0.0027451 -0.000554167 -0.0028125
internal_weight=224 169 50 119 55
internal_count=224 169 50 119 55
is_linear=0
shrinkage=0.035


Tree=106
num_leaves=5
num_cat=0
split_feature=8 5 5 3
split_gain=0.409425 0.289533 0.622634 0.0616971
threshold=288.38775835798691 4.9193055555555567 46.212916666666672 -0.93301270189221908
decision_type=2 2 2 2
left_child=1 -1 -3 -2
right_child=3 2 -4 -5
leaf_value=-0.010768406729477166 -0.0030257577865299406 0.0032023249428485036 -0.00026311750712585449 -0.00022781726329316931
leaf_weight=19 11.999999999999998 42 108 43
leaf_count=19 12 42 108 43
internal_value=-0.000217779 0.000638234 0.00115894 -0.0028125
internal_weight=224 169 150 55
internal_count=224 169 150 55
is_linear=0
shrinkage=0.035


Tree=107
num_leaves=6
num_cat=0
split_feature=8 8 5 5 3
split_gain=0.409425 0.256575 0.355399 0.293068 0.0616971
threshold=288.38775835798691 174.46838584763628 62.262083333333337 102.37708333333335 -0.93301270189221908
decision_type=2 2 2 2 2
left_child=1 2 -1 -3 -2
right_child=4 3 -4 -5 -6
leaf_value=0.0012501655266479437 -0.0029198562640014051 -0.00015603118246756113 -0.007171699567805034 0.0077524363706509229 -0.00021984365907790591
leaf_weight=57 11.999999999999998 19 76 17 43
leaf_count=57 12 19 76 17 43
internal_value=-0.000217779 0.000638234 -7.8359e-05 0.00321622 -0.0028125
internal_weight=224 169 133 36 55
internal_count=224 169 133 36 55
is_linear=0
shrinkage=0.035


Tree=108
num_leaves=5
num_cat=0
split_feature=8 3 5 3
split_gain=0.409425 0.465204 0.326019 0.0616971
threshold=288.38775835798691 0.68301270189221941 34.793055555555561 -0.93301270189221908
decision_type=2 2 2 2
left_child=1 2 -1 -2
right_child=3 -3 -4 -5
leaf_value=0.00019647428865494446 -0.0028176612947613572 0.0094896003070819059 -0.00039192413249823524 -0.00021214913101017164
leaf_weight=46 11.999999999999998 12.999999999999998 110 43
leaf_count=46 12 13 110 43
internal_value=-0.000217779 0.000638234 8.91711e-05 -0.0028125
internal_weight=224 169 156 55
internal_count=224 169 156 55
is_linear=0
shrinkage=0.035


Tree=109
num_leaves=6
num_cat=0
split_feature=8 3 5 8 3
split_gain=0.317347 0.279004 0.352854 0.210748 0.0616971
threshold=288.38775835798691 1.0000000180025095e-35 198.87555555555556 65.154056569181137 -0.93301270189221908
decision_type=2 2 2 2 2
left_child=1 3 -3 -1 -2
right_child=4 2 -4 -5 -6
leaf_value=-0.0038762499539936168 -0.0027190431494447057 0.007356477232094049 -0.0038493619383958037 2.910374511656179e-05 -0.00020472391142481859
leaf_weight=40 11.999999999999998 17.000000000000004 13.999999999999998 98 43
leaf_count=40 12 17 14 98 43
internal_value=-0.00052889 0.00022647 0.00317187 -0.000453238 -0.0028125
internal_weight=224 169 31 138 55
internal_count=224 169 31 138 55
is_linear=0
shrinkage=0.035


Tree=110
num_leaves=6
num_cat=0
split_feature=5 8 7 6 6
split_gain=0.425342 0.512112 1.18993 0.20822 0.227309
threshold=46.212916666666672 191.81504205327369 122.27486111111118 45.811805555555566 382.14305555555558
decision_type=2 2 2 2 2
left_child=1 2 -1 -2 -5
right_child=3 -3 -4 4 -6
leaf_value=1.7807580274692128e-05 -0.0015995246859304311 -0.028621909834458271 0.0027496085424985853 0.0021825956662069662 -0.002790554282635757
leaf_weight=41 39 15.999999999999998 11.999999999999998 91 25
leaf_count=41 39 16 12 91 25
internal_value=-0.000217779 0.00205 0.00369444 -0.00123398 -0.000478633
internal_weight=224 69 53 155 116
internal_count=224 69 53 155 116
is_linear=0
shrinkage=0.035


Tree=111
num_leaves=7
num_cat=0
split_feature=0 7 6 7 0 5
split_gain=0.298052 0.442699 0.612971 0.304463 0.520684 0.251658
threshold=0.6078576107927941 128.81337301587311 231.48944444444447 81.203234126984128 -1.0000000180025095e-35 142.74000000000004
decision_type=2 2 2 2 2 2
left_child=3 -2 -3 4 -1 -5
right_child=1 2 -4 5 -6 -7
leaf_value=0.022692678442932629 -0.010164673636599697 0.0039165306900599325 -0.0072852477157112497 -0.0018634978279813005 -0.049208338431984786 -0.00014758696890052823
leaf_weight=18.000000000000004 23 25 15.999999999999998 53 11.999999999999998 77
leaf_count=18 23 25 16 53 12 77
internal_value=-6.22231e-05 0.00193846 0.00408333 -0.000869566 0.00225806 -0.00160305
internal_weight=224 64 41 160 30 130
internal_count=224 64 41 160 30 130
is_linear=0
shrinkage=0.035


Tree=112
num_leaves=6
num_cat=0
split_feature=0 7 6 3 6
split_gain=0.480107 0.511011 0.641634 0.130182 0.121883
threshold=0.6078576107927941 86.417361111111134 231.48944444444447 -0.93301270189221908 133.19069444444446
decision_type=2 2 2 2 2
left_child=3 -2 -3 -1 -5
right_child=1 2 -4 4 -6
leaf_value=0.026152419580847443 -0.012277877569322191 0.0041852040920119888 -0.0074340889833742763 -0.0012666954926194404 -6.8330002630903434e-05
leaf_weight=21 13.999999999999998 33 17 71 68
leaf_count=21 14 33 17 71 68
internal_value=-6.22231e-05 0.00247692 0.00411765 -0.00108696 -0.001475
internal_weight=224 64 50 160 139
internal_count=224 64 50 160 139
is_linear=0
shrinkage=0.035


Tree=113
num_leaves=6
num_cat=0
split_feature=0 7 6 3 6
split_gain=0.345953 0.421478 0.492614 0.130182 0.121883
threshold=0.6078576107927941 86.417361111111134 231.48944444444447 -0.93301270189221908 133.19069444444446
decision_type=2 2 2 2 2
left_child=3 -2 -3 -1 -5
right_child=1 2 -4 4 -6
leaf_value=0.025237084895517795 -0.011848151854395915 0.0040387219487915587 -0.0071738958689561731 -0.0012223611503777662 -6.5938452538812187e-05
leaf_weight=21 13.999999999999998 33 17 71 68
leaf_count=21 14 33 17 71 68
internal_value=-0.000217779 0.00193846 0.00343137 -0.00108696 -0.001475
internal_weight=224 64 50 160 139
internal_count=224 64 50 160 139
is_linear=0
shrinkage=0.035


Tree=114
num_leaves=7
num_cat=0
split_feature=0 7 6 3 6 3
split_gain=0.23368 0.402788 0.521343 0.130182 0.121883 0.0372527
threshold=0.6078576107927941 134.90876984126984 231.48944444444447 -0.93301270189221908 133.19069444444446 -0.6830127018922193
decision_type=2 2 2 2 2 2
left_child=3 5 -3 -1 -5 -2
right_child=1 2 -4 4 -6 -7
leaf_value=0.02435378692417467 -0.001045572945156681 0.0038973671642783532 -0.0065189845758297912 -0.0011795785101145558 -6.3630606699947401e-05 -0.01132551826774768
leaf_weight=21 12.000000000000002 23 15.999999999999998 71 68 12.999999999999998
leaf_count=21 12 23 16 71 68 13
internal_value=-0.000373334 0.0014 0.0035875 -0.00108696 -0.001475 -0.00201923
internal_weight=224 64 39 160 139 25
internal_count=224 64 39 160 139 25
is_linear=0
shrinkage=0.035


Tree=115
num_leaves=6
num_cat=0
split_feature=0 7 6 3 6
split_gain=0.345953 0.421478 0.492614 0.130182 0.121883
threshold=0.6078576107927941 86.417361111111134 231.48944444444447 -0.93301270189221908 133.19069444444446
decision_type=2 2 2 2 2
left_child=3 -2 -3 -1 -5
right_child=1 2 -4 4 -6
leaf_value=0.023501404381828565 -0.011037073400120863 0.0037609588298341172 -0.0066946450533886858 -0.0011382932622605322 -6.1403535465443356e-05
leaf_weight=21 13.999999999999998 33 17 71 68
leaf_count=21 14 33 17 71 68
internal_value=-0.000217779 0.00193846 0.00343137 -0.00108696 -0.001475
internal_weight=224 64 50 160 139
internal_count=224 64 50 160 139
is_linear=0
shrinkage=0.035


Tree=116
num_leaves=6
num_cat=0
split_feature=0 7 6 3 6
split_gain=0.345953 0.421478 0.492614 0.130182 0.121883
threshold=0.6078576107927941 86.417361111111134 231.48944444444447 -0.93301270189221908 133.19069444444446
decision_type=2 2 2 2 2
left_child=3 -2 -3 -1 -5
right_child=1 2 -4 4 -6
leaf_value=0.022678855228464554 -0.010650775831116642 0.0036293252707899288 -0.0064603324765200743 -0.0010984529980814046 -5.9254411724163727e-05
leaf_weight=21 13.999999999999998 33 17 71 68
leaf_count=21 14 33 17 71 68
internal_value=-0.000217779 0.00193846 0.00343137 -0.00108696 -0.001475
internal_weight=224 64 50 160 139
internal_count=224 64 50 160 139
is_linear=0
shrinkage=0.035


Tree=117
num_leaves=7
num_cat=0
split_feature=0 7 6 5 0 8
split_gain=0.298052 0.421478 0.492614 0.164539 0.284417 0.162311
threshold=0.6078576107927941 86.417361111111134 231.48944444444447 189.87875000000005 1.0000000180025095e-35 77.97611638010838
decision_type=2 2 2 2 2 2
left_child=3 -2 -3 5 -5 -1
right_child=1 2 -4 4 -6 -7
leaf_value=-0.00040636858038138384 -0.010277998677027556 0.0035022988863122801 -0.0062342208398418822 0.0016151571627383405 -0.0060663615211463432 -0.0022361600446185611
leaf_weight=40 13.999999999999998 33 17 44 15.999999999999998 60
leaf_count=40 14 33 17 44 16 60
internal_value=-6.22231e-05 0.00193846 0.00343137 -0.000869566 0.00057377 -0.00173267
internal_weight=224 64 50 160 60 100
internal_count=224 64 50 160 60 100
is_linear=0
shrinkage=0.035


Tree=118
num_leaves=7
num_cat=0
split_feature=3 6 6 5 5 3
split_gain=0.275251 0.402865 0.804835 0.377656 0.369443 0.126373
threshold=-1.0000000180025095e-35 382.14305555555558 171.88652777777779 210.59388888888893 339.72000000000008 -0.6830127018922193
decision_type=2 2 2 2 2 2
left_child=3 2 -2 5 -5 -1
right_child=1 -3 -4 4 -6 -7
leaf_value=-0.00051075238830351072 -6.2630011659859318e-05 -0.0078163010944771773 0.003801625558542071 0.0015778217834538141 -0.0048262756610744917 -0.014028602335798546
leaf_weight=68 44 15.999999999999998 29 13.000000000000002 14.999999999999998 39
leaf_count=68 44 16 29 13 15 39
internal_value=9.33325e-05 0.00159444 0.00269595 -0.000900736 0.00265517 -0.00184722
internal_weight=224 89 73 135 28 107
internal_count=224 89 73 135 28 107
is_linear=0
shrinkage=0.035


Tree=119
num_leaves=7
num_cat=0
split_feature=5 5 8 8 3 0
split_gain=0.278049 0.254394 0.521343 0.192627 0.440654 0.16054
threshold=189.87875000000005 339.72000000000008 111.32858357831402 288.38775835798691 1.0000000180025095e-35 -1.0000000180025095e-35
decision_type=2 2 2 2 2 2
left_child=3 2 -2 4 -1 -3
right_child=1 5 -4 -5 -6 -7
leaf_value=-0.00045294608126232567 -0.0037425873062466621 -0.0040759683894103444 0.0086355410435091373 -0.0034508991448387624 0.0027056582325431268 5.8805397313896166e-06
leaf_weight=104 15.999999999999998 13.999999999999998 23 30 15.999999999999998 21
leaf_count=104 16 14 23 30 16 21
internal_value=-6.22231e-05 0.00168 0.0035875 -0.000927153 -0.000289257 -0.000486112
internal_weight=224 74 39 150 120 35
internal_count=224 74 39 150 120 35
is_linear=0
shrinkage=0.035


end of trees

feature_importances:
lag_2d=118
month_sin=117
std_2_8d=103
mean_2_8d=70
lag_7d=61
dow_sin=27
dow_cos=9
month_cos=9

parameters:
[boosting: gbdt]
[objective: quantile]
[metric: quantile]
[tree_learner: serial]
[device_type: cpu]
[data_sample_strategy: bagging]
[data: ]
[valid: ]
[num_iterations: 120]
[learning_rate: 0.035]
[num_leaves: 7]
[num_threads: 1]
[seed: 20260901]
[deterministic: 1]
[force_col_wise: 0]
[force_row_wise: 0]
[histogram_pool_size: -1]
[max_depth: 3]
[min_data_in_leaf: 12]
[min_sum_hessian_in_leaf: 0.001]
[bagging_fraction: 1]
[pos_bagging_fraction: 1]
[neg_bagging_fraction: 1]
[bagging_freq: 0]
[bagging_seed: 12992]
[bagging_by_query: 0]
[feature_fraction: 1]
[feature_fraction_bynode: 1]
[feature_fraction_seed: 30141]
[extra_trees: 0]
[extra_seed: 31421]
[early_stopping_round: 0]
[early_stopping_min_delta: 0]
[first_metric_only: 0]
[max_delta_step: 0]
[lambda_l1: 0]
[lambda_l2: 1]
[linear_lambda: 0]
[min_gain_to_split: 0]
[drop_rate: 0.1]
[max_drop: 50]
[skip_drop: 0.5]
[xgboost_dart_mode: 0]
[uniform_drop: 0]
[drop_seed: 11049]
[top_rate: 0.2]
[other_rate: 0.1]
[min_data_per_group: 100]
[max_cat_threshold: 32]
[cat_l2: 10]
[cat_smooth: 10]
[max_cat_to_onehot: 4]
[top_k: 20]
[monotone_constraints: ]
[monotone_constraints_method: basic]
[monotone_penalty: 0]
[feature_contri: ]
[forcedsplits_filename: ]
[refit_decay_rate: 0.9]
[cegb_tradeoff: 1]
[cegb_penalty_split: 0]
[cegb_penalty_feature_lazy: ]
[cegb_penalty_feature_coupled: ]
[path_smooth: 0]
[interaction_constraints: ]
[verbosity: -1]
[saved_feature_importance_type: 0]
[use_quantized_grad: 0]
[num_grad_quant_bins: 4]
[quant_train_renew_leaf: 0]
[stochastic_rounding: 1]
[linear_tree: 0]
[max_bin: 255]
[max_bin_by_feature: ]
[min_data_in_bin: 3]
[bin_construct_sample_cnt: 200000]
[data_random_seed: 5023]
[is_enable_sparse: 1]
[enable_bundle: 1]
[use_missing: 1]
[zero_as_missing: 0]
[feature_pre_filter: 1]
[pre_partition: 0]
[two_round: 0]
[header: 0]
[label_column: ]
[weight_column: ]
[group_column: ]
[ignore_column: ]
[categorical_feature: ]
[forcedbins_filename: ]
[precise_float_parser: 0]
[parser_config_file: ]
[objective_seed: 6921]
[num_class: 1]
[is_unbalance: 0]
[scale_pos_weight: 1]
[sigmoid: 1]
[boost_from_average: 1]
[reg_sqrt: 0]
[alpha: 0.9]
[fair_c: 1]
[poisson_max_delta_step: 0.7]
[tweedie_variance_power: 1.5]
[lambdarank_truncation_level: 30]
[lambdarank_norm: 1]
[label_gain: ]
[lambdarank_position_bias_regularization: 0]
[eval_at: ]
[multi_error_top_k: 1]
[auc_mu_weights: ]
[num_machines: 1]
[local_listen_port: 12400]
[time_out: 120]
[machine_list_filename: ]
[machines: ]
[gpu_platform_id: -1]
[gpu_device_id: -1]
[gpu_use_dp: 0]
[num_gpu: 1]

end of parameters

pandas_categorical:[]
